sentence_id	token_id	token	surprisal
1	1	那	7.49349
1	2	家	9.21012
1	3	认识	15.5227
1	4	我	5.93377
1	5	的	0.62488
1	6	老板	8.74214
1	7	在	5.64168
1	8	市中心	11.8026
1	9	投资	13.2819
1	10	的	9.30741
1	11	饭店	20.1295
1	12	很	10.381
1	13	受	9.30763
1	14	欢迎	2.91575
1	15	。	3.77214
2	1	那	7.49349
2	2	个	6.91274
2	3	认识	13.653
2	4	我	5.8536
2	5	的	1.02434
2	6	老板	11.0887
2	7	在	5.64449
2	8	市中心	11.5561
2	9	投资	13.2818
2	10	的	9.0692
2	11	饭店	20.9394
2	12	很	10.9403
2	13	受	8.78036
2	14	欢迎	2.7418
2	15	。	4.56417
3	1	那	7.49349
3	2	幅	12.0445
3	3	帮助	12.4873
3	4	过	8.11961
3	5	我	4.04943
3	6	的	0.313225
3	7	朋友	4.55954
3	8	非常	9.76585
3	9	喜欢	5.89607
3	10	的	10.5347
3	11	画	16.7809
3	12	吸引	18.5508
3	13	了	5.60964
3	14	我	3.33165
3	15	。	3.32271
4	1	那	7.49349
4	2	个	6.91274
4	3	帮助	12.78
4	4	过	8.40764
4	5	我	4.61392
4	6	的	0.351646
4	7	朋友	5.37974
4	8	非常	9.47196
4	9	喜欢	6.1018
4	10	的	10.4239
4	11	画	17.9318
4	12	吸引	18.5868
4	13	了	5.42989
4	14	我	3.31154
4	15	。	2.77085
5	1	那	7.49349
5	2	件	8.19546
5	3	教	17.3231
5	4	过	8.13169
5	5	我	3.8563
5	6	的	0.680178
5	7	老师	8.89692
5	8	为	9.86574
5	9	他	4.25348
5	10	的	2.85817
5	11	学生	11.5704
5	12	收藏	17.3924
5	13	的	9.42638
5	14	艺术品	22.5756
5	15	获	18.3099
5	16	了	2.54287
5	17	奖	9.60047
5	18	。	0.832835
6	1	那	7.49349
6	2	个	6.91274
6	3	教	17.2819
6	4	过	8.21611
6	5	我	3.87069
6	6	的	1.31894
6	7	老师	8.59109
6	8	为	9.94807
6	9	他	4.1889
6	10	的	2.88776
6	11	学生	11.517
6	12	收藏	17.2517
6	13	的	9.5812
6	14	艺术品	22.6286
6	15	获	18.2708
6	16	了	2.57147
6	17	奖	9.5632
6	18	。	0.751572
7	1	那	7.49349
7	2	只	6.84145
7	3	认识	13.8005
7	4	我	5.94363
7	5	的	1.72369
7	6	店长	21.9082
7	7	特别	15.392
7	8	喜欢	10.4316
7	9	的	11.1073
7	10	宠物	17.2122
7	11	生病	16.6167
7	12	了	4.68292
7	13	。	0.835089
8	1	那	7.49349
8	2	个	6.91274
8	3	认识	13.653
8	4	我	5.8536
8	5	的	1.02434
8	6	店长	21.3261
8	7	特别	11.8835
8	8	喜欢	9.47924
8	9	的	5.44093
8	10	宠物	16.9477
8	11	生病	17.3298
8	12	了	2.67541
8	13	。	2.26124
9	1	那	7.49349
9	2	首	11.3522
9	3	热爱	15.8832
9	4	艺术	8.16285
9	5	的	0.579361
9	6	明星	9.15491
9	7	在	5.74766
9	8	商场	13.8481
9	9	唱	10.6154
9	10	的	7.30997
9	11	歌	13.2576
9	12	很	9.34055
9	13	好听	9.96664
9	14	。	1.27826
10	1	那	7.49349
10	2	个	6.91274
10	3	热爱	14.7478
10	4	艺术	8.4614
10	5	的	0.414821
10	6	明星	10.4086
10	7	在	6.09356
10	8	商场	14.1048
10	9	唱	10.5476
10	10	的	6.90076
10	11	歌	13.6828
10	12	很	9.25729
10	13	好听	10.0935
10	14	。	1.61876
11	1	那	7.49349
11	2	所	13.5124
11	3	学习	13.1091
11	4	历史	13.0595
11	5	的	2.81665
11	6	老人	13.8041
11	7	在	5.77695
11	8	冬天	11.9656
11	9	去	12.162
11	10	的	10.3756
11	11	学校	12.257
11	12	关闭	16.6558
11	13	了	3.91289
11	14	。	1.41898
12	1	那	7.49349
12	2	个	6.91274
12	3	学习	15.6383
12	4	历史	9.96434
12	5	的	0.978236
12	6	老人	12.247
12	7	在	5.53681
12	8	冬天	11.9849
12	9	去	11.5507
12	10	的	10.2488
12	11	学校	11.8277
12	12	关闭	16.8718
12	13	了	3.92533
12	14	。	1.71699
13	1	那	7.49349
13	2	件	8.19546
13	3	帮助	12.7026
13	4	过	8.01527
13	5	我	4.53987
13	6	的	0.316622
13	7	司机	13.4758
13	8	给	8.56674
13	9	朋友	8.76255
13	10	带	11.0704
13	11	的	7.59848
13	12	行李	18.8151
13	13	丢	17.4587
13	14	了	2.69051
13	15	。	2.49803
14	1	那	7.49349
14	2	个	6.91274
14	3	帮助	12.78
14	4	过	8.40764
14	5	我	4.61392
14	6	的	0.351646
14	7	司机	13.1719
14	8	给	8.78508
14	9	朋友	8.96172
14	10	带	11.0989
14	11	的	7.69085
14	12	行李	18.8295
14	13	丢	17.5763
14	14	了	2.65105
14	15	。	2.547
15	1	那	7.49349
15	2	本	8.84933
15	3	学习	14.2919
15	4	文学	12.8116
15	5	的	6.20114
15	6	作家	9.29433
15	7	为	9.22696
15	8	我	5.17675
15	9	写	7.30453
15	10	的	4.97796
15	11	书	9.26492
15	12	很	9.25009
15	13	受	8.83197
15	14	欢迎	2.6757
15	15	。	1.79387
16	1	那	7.49349
16	2	个	6.91274
16	3	学习	15.6383
16	4	文学	14.268
16	5	的	2.94377
16	6	作家	9.12621
16	7	为	9.50367
16	8	我	4.97066
16	9	写	7.31393
16	10	的	5.29369
16	11	书	10.2416
16	12	很	9.18116
16	13	受	9.11304
16	14	欢迎	2.69777
16	15	。	1.73121
17	1	那	7.49349
17	2	辆	10.7074
17	3	支持	13.6161
17	4	环保	16.6785
17	5	的	1.86284
17	6	朋友	7.68842
17	7	昨天	9.43968
17	8	开	9.77337
17	9	的	7.20219
17	10	车	12.7324
17	11	坏	12.0266
17	12	了	2.55928
17	13	。	2.05174
18	1	那	7.49349
18	2	个	6.91274
18	3	支持	11.7355
18	4	环保	15.3796
18	5	的	2.14766
18	6	朋友	8.59897
18	7	昨天	11.3756
18	8	开	10.6071
18	9	的	7.67852
18	10	车	13.8898
18	11	坏	11.9449
18	12	了	2.53335
18	13	。	2.77487
19	1	那	7.49349
19	2	份	9.56297
19	3	喜欢	15.9925
19	4	书	9.99379
19	5	的	0.293592
19	6	孩子	6.36148
19	7	在	5.16259
19	8	学校	9.06325
19	9	做	8.15888
19	10	的	6.2144
19	11	作业	17.3051
19	12	获	21.3475
19	13	了	3.1686
19	14	奖	10.4406
19	15	。	0.717981
20	1	那	7.49349
20	2	个	6.91274
20	3	喜欢	13.5932
20	4	书	10.4936
20	5	的	0.34331
20	6	孩子	5.37952
20	7	在	5.25852
20	8	学校	8.793
20	9	做	7.92597
20	10	的	6.11683
20	11	作业	17.5892
20	12	获	21.8839
20	13	了	3.2202
20	14	奖	10.6907
20	15	。	0.722804
21	1	那	7.49349
21	2	份	9.56297
21	3	认识	16.3535
21	4	我	6.09548
21	5	的	1.09139
21	6	老板	12.0493
21	7	给	9.19256
21	8	员工	12.2173
21	9	制定	14.7373
21	10	的	8.82572
21	11	合同	17.3217
21	12	到期	20.334
21	13	了	7.30064
21	14	。	2.23674
22	1	那	7.49349
22	2	个	6.91274
22	3	认识	13.653
22	4	我	5.8536
22	5	的	1.02434
22	6	老板	11.0887
22	7	给	9.2161
22	8	员工	12.463
22	9	制定	14.9586
22	10	的	8.83218
22	11	合同	17.4604
22	12	到期	20.817
22	13	了	7.22225
22	14	。	2.26097
23	1	那	7.49349
23	2	间	13.1564
23	3	帮助	13.5045
23	4	过	9.64847
23	5	我	4.85204
23	6	的	0.345314
23	7	朋友	4.83563
23	8	在	5.23603
23	9	公园	11.5133
23	10	旁边	14.7928
23	11	开	8.35252
23	12	的	7.04262
23	13	工厂	17.1194
23	14	倒闭	15.5174
23	15	了	7.23748
23	16	。	1.70527
24	1	那	7.49349
24	2	个	6.91274
24	3	帮助	12.78
24	4	过	8.40764
24	5	我	4.61392
24	6	的	0.351646
24	7	朋友	5.37974
24	8	在	5.27937
24	9	公园	11.8028
24	10	旁边	14.9316
24	11	开	8.4646
24	12	的	7.12594
24	13	工厂	17.3372
24	14	倒闭	15.6768
24	15	了	7.27351
24	16	。	2.5036
25	1	那	7.49349
25	2	张	9.87942
25	3	喜欢	14.7046
25	4	艺术	13.1144
25	5	的	0.717247
25	6	孩子	6.36465
25	7	在	5.20448
25	8	公园	10.8919
25	9	照	16.7753
25	10	的	11.5851
25	11	照片	14.2473
25	12	丢	15.0946
25	13	了	1.67495
25	14	。	4.17883
26	1	那	7.49349
26	2	个	6.91274
26	3	喜欢	13.5932
26	4	艺术	11.1929
26	5	的	0.809444
26	6	孩子	7.41646
26	7	在	5.28783
26	8	公园	10.848
26	9	照	17.135
26	10	的	11.5175
26	11	照片	14.7387
26	12	丢	16.1232
26	13	了	2.05237
26	14	。	5.05666
27	1	那	7.49349
27	2	台	12.7622
27	3	教	15.795
27	4	过	9.7212
27	5	我	5.36117
27	6	的	2.77502
27	7	老师	9.17109
27	8	经常	11.5287
27	9	用	8.05175
27	10	的	7.70818
27	11	手机	14.3234
27	12	很	10.6287
27	13	好用	14.674
27	14	。	1.4913
28	1	那	7.49349
28	2	个	6.91274
28	3	教	17.2819
28	4	过	8.21611
28	5	我	3.87069
28	6	的	1.31894
28	7	老师	8.59109
28	8	经常	11.7439
28	9	用	8.09905
28	10	的	7.59579
28	11	手机	14.111
28	12	很	10.7874
28	13	好用	14.8451
28	14	。	1.97317
29	1	那	7.49349
29	2	朵	19.2969
29	3	关心	17.8298
29	4	他	6.17989
29	5	的	0.72658
29	6	邻居	9.71748
29	7	在	5.16143
29	8	家	7.41851
29	9	种	18.9161
29	10	的	10.6556
29	11	花	10.1505
29	12	很	12.2161
29	13	好看	11.1549
29	14	。	4.29479
30	1	那	7.49349
30	2	个	6.91274
30	3	关心	14.3052
30	4	他	5.46527
30	5	的	0.66659
30	6	邻居	10.746
30	7	在	5.18274
30	8	家	8.01235
30	9	种	18.951
30	10	的	10.5965
30	11	花	10.2402
30	12	很	11.7987
30	13	好看	10.9697
30	14	。	4.62635
