sentence_id	token_id	token	surprisal
1	1	那	7.24113
1	2	家	10.6903
1	3	老板	12.1878
1	4	在	4.3761
1	5	市中心	11.1966
1	6	投资	12.3441
1	7	的	10.4806
1	8	饭店	18.249
1	9	很	11.4088
1	10	受	8.32177
1	11	欢迎	2.40489
1	12	。	2.78904
2	1	那	7.24113
2	2	个	7.96088
2	3	老板	14.0024
2	4	在	4.75278
2	5	市中心	10.5099
2	6	投资	13.3479
2	7	的	9.43241
2	8	饭店	19.0517
2	9	很	10.2951
2	10	受	9.02659
2	11	欢迎	2.70568
2	12	。	5.0681
3	1	那	7.24113
3	2	幅	11.7531
3	3	朋友	15.8811
3	4	非常	7.65612
3	5	喜欢	6.77315
3	6	的	4.09105
3	7	画	17.9821
3	8	吸引	15.2285
3	9	了	1.74472
3	10	我	4.20468
3	11	。	1.71831
4	1	那	7.24113
4	2	个	7.96088
4	3	朋友	9.32279
4	4	非常	8.10932
4	5	喜欢	6.14354
4	6	的	9.98964
4	7	画	17.4615
4	8	吸引	15.4574
4	9	了	8.43389
4	10	我	5.60517
4	11	。	2.41241
5	1	那	7.24113
5	2	件	8.19175
5	3	老师	16.4804
5	4	为	10.594
5	5	他	4.87065
5	6	的	2.89495
5	7	学生	10.9971
5	8	收藏	17.0266
5	9	的	6.34444
5	10	艺术品	18.4479
5	11	获	14.8811
5	12	了	3.37683
5	13	奖	10.8051
5	14	。	2.00772
6	1	那	7.24113
6	2	个	7.96088
6	3	老师	11.4097
6	4	为	9.82623
6	5	他	4.8492
6	6	的	2.08314
6	7	学生	10.905
6	8	收藏	16.8332
6	9	的	10.3843
6	10	艺术品	19.7816
6	11	获	17.7679
6	12	了	4.16322
6	13	奖	12.8909
6	14	。	2.63609
7	1	那	7.24113
7	2	只	6.86429
7	3	店长	23.8351
7	4	特别	11.0495
7	5	喜欢	6.96572
7	6	的	5.56889
7	7	宠物	17.5147
7	8	生病	17.9836
7	9	了	1.07158
7	10	。	1.10604
8	1	那	7.24113
8	2	个	7.96088
8	3	店长	21.3841
8	4	特别	10.6235
8	5	喜欢	6.5613
8	6	的	4.18885
8	7	宠物	16.5017
8	8	生病	18.0485
8	9	了	0.905302
8	10	。	2.35321
9	1	那	7.24113
9	2	首	13.238
9	3	明星	17.633
9	4	在	4.23683
9	5	商场	11.8799
9	6	唱	14.4461
9	7	的	7.22797
9	8	歌	12.6465
9	9	很	10.019
9	10	好听	13.3938
9	11	。	1.96864
10	1	那	7.24113
10	2	个	7.96088
10	3	明星	16.5939
10	4	在	4.67639
10	5	商场	13.9037
10	6	唱	13.4182
10	7	的	6.80748
10	8	歌	12.3877
10	9	很	10.2865
10	10	好听	13.668
10	11	。	1.54734
11	1	那	7.24113
11	2	所	13.2136
11	3	老人	14.9948
11	4	在	4.81141
11	5	冬天	11.4925
11	6	去	7.48264
11	7	的	11.693
11	8	学校	11.3839
11	9	关闭	14.783
11	10	了	5.07301
11	11	。	3.18605
12	1	那	7.24113
12	2	个	7.96088
12	3	老人	14.7295
12	4	在	4.73226
12	5	冬天	11.3341
12	6	去	7.25011
12	7	的	11.7744
12	8	学校	10.8414
12	9	关闭	15.237
12	10	了	4.86105
12	11	。	3.48253
13	1	那	7.24113
13	2	件	8.19175
13	3	司机	21.0962
13	4	给	8.93819
13	5	朋友	9.95864
13	6	带	13.8326
13	7	的	7.97254
13	8	行李	16.9132
13	9	丢	18.0107
13	10	了	2.9661
13	11	。	6.12094
14	1	那	7.24113
14	2	个	7.96088
14	3	司机	16.2896
14	4	给	8.30273
14	5	朋友	9.69342
14	6	带	13.2157
14	7	的	9.09579
14	8	行李	16.7935
14	9	丢	17.4304
14	10	了	2.27794
14	11	。	6.31334
15	1	那	7.24113
15	2	本	10.3391
15	3	作家	13.7726
15	4	为	8.75904
15	5	我	6.21138
15	6	写	8.85883
15	7	的	1.96673
15	8	书	5.35379
15	9	很	7.52498
15	10	受	9.2127
15	11	欢迎	2.54584
15	12	。	3.96734
16	1	那	7.24113
16	2	个	7.96088
16	3	作家	14.0717
16	4	为	8.98905
16	5	我	5.89581
16	6	写	8.37017
16	7	的	2.02495
16	8	书	5.31582
16	9	很	7.12269
16	10	受	9.35569
16	11	欢迎	2.48012
16	12	。	3.57135
17	1	那	7.24113
17	2	辆	11.6138
17	3	朋友	15.2057
17	4	昨天	9.46273
17	5	开	9.44246
17	6	的	8.64915
17	7	车	10.132
17	8	坏	16.2824
17	9	了	3.36619
17	10	。	2.18818
18	1	那	7.24113
18	2	个	7.96088
18	3	朋友	9.32279
18	4	昨天	10.6373
18	5	开	10.3872
18	6	的	9.36646
18	7	车	11.7235
18	8	坏	17.0107
18	9	了	3.53854
18	10	。	3.75199
19	1	那	7.24113
19	2	份	10.0228
19	3	孩子	20.0794
19	4	在	6.796
19	5	学校	8.26046
19	6	做	7.5787
19	7	的	0.369247
19	8	作业	12.998
19	9	获	16.6703
19	10	了	5.25243
19	11	奖	14.4289
19	12	。	1.26225
20	1	那	7.24113
20	2	个	7.96088
20	3	孩子	5.79488
20	4	在	4.58373
20	5	学校	8.56313
20	6	做	8.96497
20	7	的	7.10188
20	8	作业	18.535
20	9	获	21.0541
20	10	了	5.48399
20	11	奖	14.9485
20	12	。	0.876929
21	1	那	7.24113
21	2	份	10.0228
21	3	老板	19.4236
21	4	给	7.65931
21	5	员工	14.5032
21	6	制定	12.6266
21	7	的	0.952107
21	8	合同	13.6727
21	9	到期	21.3757
21	10	了	6.41038
21	11	。	1.50923
22	1	那	7.24113
22	2	个	7.96088
22	3	老板	14.0024
22	4	给	7.70309
22	5	员工	13.5252
22	6	制定	13.079
22	7	的	10.682
22	8	合同	16.7308
22	9	到期	23.1143
22	10	了	6.99005
22	11	。	1.98846
23	1	那	7.24113
23	2	间	14.3974
23	3	朋友	10.6121
23	4	在	4.70597
23	5	公园	11.3034
23	6	旁边	9.48875
23	7	开	9.11734
23	8	的	9.1478
23	9	工厂	13.9991
23	10	倒闭	17.8906
23	11	了	2.76899
23	12	。	0.529804
24	1	那	7.24113
24	2	个	7.96088
24	3	朋友	9.32279
24	4	在	4.84135
24	5	公园	12.0375
24	6	旁边	8.91774
24	7	开	9.21705
24	8	的	10.1819
24	9	工厂	14.3104
24	10	倒闭	18.0927
24	11	了	2.8552
24	12	。	1.82467
25	1	那	7.24113
25	2	张	10.6712
25	3	孩子	10.8049
25	4	在	4.2472
25	5	公园	11.4529
25	6	照	15.8727
25	7	的	11.5204
25	8	照片	11.2963
25	9	丢	17.0854
25	10	了	1.33568
25	11	。	3.20206
26	1	那	7.24113
26	2	个	7.96088
26	3	孩子	5.79488
26	4	在	4.58373
26	5	公园	11.3689
26	6	照	15.9519
26	7	的	11.1814
26	8	照片	13.0216
26	9	丢	18.0252
26	10	了	1.30926
26	11	。	3.4132
27	1	那	7.24113
27	2	台	13.2425
27	3	老师	7.38877
27	4	经常	11.8376
27	5	用	6.60088
27	6	的	10.4329
27	7	手机	15.1632
27	8	很	10.2401
27	9	好用	15.2685
27	10	。	0.826536
28	1	那	7.24113
28	2	个	7.96088
28	3	老师	11.4097
28	4	经常	11.3697
28	5	用	6.67512
28	6	的	10.0554
28	7	手机	14.1067
28	8	很	11.996
28	9	好用	15.5539
28	10	。	2.12866
29	1	那	7.24113
29	2	朵	19.89
29	3	邻居	14.078
29	4	在	5.31149
29	5	家	6.76222
29	6	种	17.8231
29	7	的	11.2315
29	8	花	12.2712
29	9	很	8.78851
29	10	好看	11.4408
29	11	。	2.00233
30	1	那	7.24113
30	2	个	7.96088
30	3	邻居	12.4494
30	4	在	4.92627
30	5	家	7.733
30	6	种	17.7621
30	7	的	12.103
30	8	花	12.9636
30	9	很	9.04634
30	10	好看	11.0894
30	11	。	2.9247
