sentence_id	token_id	token	surprisal
1	1	那	7.24113
1	2	位	8.13966
1	3	教授	12.4233
1	4	写	11.4801
1	5	了	1.83023
1	6	精彩	12.7231
1	7	的	1.21871
1	8	书	5.40458
1	9	的	11.1308
1	10	内容	4.74506
1	11	。	4.20882
2	1	那	7.24113
2	2	位	8.13966
2	3	教授	12.4233
2	4	打	11.5868
2	5	了	2.62331
2	6	精彩	13.3764
2	7	的	1.70606
2	8	书	4.78406
2	9	的	12.7575
2	10	内容	9.85344
2	11	。	2.04756
3	1	弟弟	18.5377
3	2	启动	21.6077
3	3	了	1.27244
3	4	昂贵	16.239
3	5	的	0.342882
3	6	车	11.654
3	7	。	2.6569
4	1	弟弟	18.5377
4	2	认识	13.7283
4	3	了	4.18238
4	4	昂贵	18.1675
4	5	的	0.14356
4	6	车	12.0034
4	7	。	3.9732
5	1	他	6.15281
5	2	拿	12.2599
5	3	了	3.849
5	4	桌子	8.60358
5	5	上	8.11409
5	6	的	1.51444
5	7	好看	16.1936
5	8	的	5.37041
5	9	筷子	18.3052
5	10	。	8.27962
6	1	他	6.15281
6	2	听	11.8891
6	3	了	5.08838
6	4	桌子	13.0313
6	5	上	8.82174
6	6	的	0.960235
6	7	好看	17.4694
6	8	的	3.92272
6	9	筷子	17.8732
6	10	。	7.91283
7	1	她	8.71203
7	2	终于	11.9394
7	3	实现	16.7702
7	4	了	0.578987
7	5	重要	10.8479
7	6	的	1.05688
7	7	理想	10.5601
7	8	。	1.695
8	1	她	8.71203
8	2	终于	11.9394
8	3	购买	13.5624
8	4	了	1.33192
8	5	重要	14.1199
8	6	的	1.05327
8	7	理想	11.3448
8	8	。	1.94783
9	1	我	6.0542
9	2	修理	17.7299
9	3	了	3.28386
9	4	这个	7.98381
9	5	新	8.6691
9	6	的	1.93196
9	7	电脑	10.5414
9	8	。	2.36445
10	1	我	6.0542
10	2	阅读	16.1058
10	3	了	2.25381
10	4	这个	7.69313
10	5	新	9.14942
10	6	的	2.3764
10	7	电脑	10.4669
10	8	。	2.68143
11	1	我	6.0542
11	2	邀请	15.1939
11	3	过	8.20926
11	4	我	2.84836
11	5	的	4.61674
11	6	优秀	15.3721
11	7	的	6.23873
11	8	朋友	5.23562
11	9	。	3.68824
12	1	我	6.0542
12	2	打开	16.1633
12	3	过	8.14668
12	4	我	6.94807
12	5	的	1.31952
12	6	优秀	17.7848
12	7	的	4.13305
12	8	朋友	10.9797
12	9	。	1.54028
13	1	记者	10.2074
13	2	采访	8.35926
13	3	了	4.34739
13	4	有名	19.1031
13	5	的	0.145258
13	6	艺术家	15.2358
13	7	。	1.90413
14	1	记者	10.2074
14	2	制作	13.9469
14	3	了	5.91236
14	4	有名	16.6583
14	5	的	0.0482251
14	6	艺术家	14.3673
14	7	。	2.55452
15	1	他	6.15281
15	2	参与	12.2045
15	3	了	2.72693
15	4	危险	13.9464
15	5	的	0.135107
15	6	战争	10.6167
15	7	。	2.36466
16	1	他	6.15281
16	2	建造	16.2516
16	3	了	2.59132
16	4	危险	14.2436
16	5	的	0.129122
16	6	战争	13.5268
16	7	。	3.26147
17	1	她	8.71203
17	2	批评	11.6933
17	3	了	5.37027
17	4	淘气	19.8312
17	5	的	0.173018
17	6	儿子	7.45165
17	7	。	1.60492
18	1	她	8.71203
18	2	改正	16.6986
18	3	了	0.24805
18	4	淘气	18.6269
18	5	的	0.105627
18	6	儿子	10.3348
18	7	。	2.33171
19	1	我	6.0542
19	2	结束	16.6171
19	3	了	1.26523
19	4	很	10.3191
19	5	长	3.79573
19	6	的	1.48586
19	7	谈话	10.4633
19	8	。	4.50787
20	1	我	6.0542
20	2	表扬	20.6321
20	3	了	0.313306
20	4	很	9.65628
20	5	长	6.50984
20	6	的	1.72179
20	7	谈话	13.9426
20	8	。	3.86116
21	1	他	6.15281
21	2	买	14.9855
21	3	了	2.29715
21	4	这些	10.5506
21	5	红色	14.329
21	6	的	0.724225
21	7	笔	13.4833
21	8	。	2.26778
22	1	他	6.15281
22	2	种	19.3123
22	3	了	2.94426
22	4	这些	7.58532
22	5	红色	15.4381
22	6	的	0.630647
22	7	笔	14.8801
22	8	。	1.78669
23	1	他	6.15281
23	2	提出	10.3681
23	3	了	2.62471
23	4	很多	10.3614
23	5	重要	8.2439
23	6	的	1.54551
23	7	问题	5.37348
23	8	。	0.857004
24	1	他	6.15281
24	2	申请	14.5287
24	3	了	5.41725
24	4	很多	10.0952
24	5	重要	10.8172
24	6	的	2.03656
24	7	问题	9.23658
24	8	。	0.974363
25	1	这	6.33297
25	2	款	14.301
25	3	药	9.86967
25	4	治疗	17.6265
25	5	了	4.7243
25	6	他	9.06434
25	7	的	2.74227
25	8	严重	12.6573
25	9	的	5.64922
25	10	疾病	8.05014
25	11	。	2.49217
26	1	这	6.33297
26	2	款	14.301
26	3	药	9.86967
26	4	缓解	16.8729
26	5	了	1.54767
26	6	他	9.09333
26	7	的	1.64985
26	8	严重	9.8813
26	9	的	6.24089
26	10	疾病	8.74446
26	11	。	2.40024
27	1	我	6.0542
27	2	看	8.4575
27	3	着	4.78514
27	4	奶奶	13.9307
27	5	的	11.667
27	6	亲切	22.2593
27	7	的	2.14448
27	8	面容	17.619
27	9	。	7.33452
28	1	我	6.0542
28	2	听	10.696
28	3	着	6.03396
28	4	奶奶	14.3905
28	5	的	3.09889
28	6	亲切	19.4765
28	7	的	13.5112
28	8	面容	17.7725
28	9	。	3.85181
29	1	学者	16.6627
29	2	发现	10.7383
29	3	了	4.60043
29	4	这个	9.44762
29	5	有趣	13.1643
29	6	的	0.0327024
29	7	规律	14.4206
29	8	。	3.32899
30	1	学者	16.6627
30	2	发明	12.8895
30	3	了	3.23904
30	4	这个	10.4823
30	5	有趣	13.374
30	6	的	0.13527
30	7	规律	12.7845
30	8	。	0.555406
31	1	母亲	13.4871
31	2	准备	13.0702
31	3	了	5.29574
31	4	美味	19.0993
31	5	的	12.0014
31	6	晚饭	18.4474
31	7	。	3.17857
32	1	母亲	13.4871
32	2	责备	21.0067
32	3	了	4.66143
32	4	美味	21.2293
32	5	的	7.85127
32	6	晚饭	18.397
32	7	。	1.10305
33	1	孩子	13.5484
33	2	培养	15.2142
33	3	了	2.26264
33	4	这个	10.1531
33	5	流行	11.6899
33	6	的	2.77658
33	7	特长	13.2155
33	8	。	0.560608
34	1	孩子	13.5484
34	2	改正	17.2369
34	3	了	0.405272
34	4	这个	9.12925
34	5	流行	12.1856
34	6	的	4.03284
34	7	特长	14.1225
34	8	。	0.678057
35	1	政府	10.5356
35	2	设立	11.4466
35	3	了	1.74028
35	4	最新	13.509
35	5	的	4.50755
35	6	项目	9.3781
35	7	。	0.653713
36	1	政府	10.5356
36	2	引发	15.8863
36	3	了	1.56455
36	4	最新	10.7509
36	5	的	2.42325
36	6	项目	17.0534
36	7	。	1.75773
37	1	我	6.0542
37	2	回忆	13.6517
37	3	了	2.83557
37	4	之前	15.3291
37	5	的	4.43939
37	6	可怕	12.8537
37	7	的	5.55928
37	8	经历	9.11785
37	9	。	0.786278
38	1	我	6.0542
38	2	帮助	15.829
38	3	了	5.82537
38	4	之前	17.4016
38	5	的	9.43415
38	6	可怕	14.334
38	7	的	0.167875
38	8	经历	12.7431
38	9	。	2.56856
39	1	花园	19.1234
39	2	长满	16.2799
39	3	了	4.75671
39	4	美丽	13.1469
39	5	的	0.112456
39	6	草	12.8327
39	7	。	3.81086
40	1	花园	19.1234
40	2	吸引	15.0514
40	3	了	3.26663
40	4	美丽	16.0284
40	5	的	0.052834
40	6	草	14.4343
40	7	。	2.8922
41	1	雨水	16.673
41	2	清洗	22.4176
41	3	了	2.69192
41	4	高	10.0044
41	5	的	15.6368
41	6	大楼	14.9777
41	7	。	4.80527
42	1	雨水	16.673
42	2	灌溉	20.6886
42	3	了	10.4999
42	4	高	11.2967
42	5	的	5.07694
42	6	大楼	14.4719
42	7	。	7.02218
43	1	我	6.0542
43	2	听从	19.1735
43	3	了	2.56791
43	4	老师	14.4249
43	5	的	1.6506
43	6	中肯	21.3607
43	7	的	6.21732
43	8	建议	14.0626
43	9	。	0.598486
44	1	我	6.0542
44	2	安装	17.1515
44	3	了	1.28641
44	4	老师	14.3181
44	5	的	2.39724
44	6	中肯	20.3113
44	7	的	7.77418
44	8	建议	16.7423
44	9	。	0.549661
45	1	警官	20.4235
45	2	疏散	16.2599
45	3	了	6.91026
45	4	紧张	12.8744
45	5	的	1.54516
45	6	人群	8.57158
45	7	。	8.20242
46	1	警官	20.4235
46	2	解除	17.3109
46	3	了	1.58605
46	4	紧张	10.316
46	5	的	1.66702
46	6	人群	13.0919
46	7	。	3.99512
47	1	他	6.15281
47	2	卖	14.1675
47	3	过	6.37075
47	4	一些	6.776
47	5	便宜	15.002
47	6	的	0.765374
47	7	化肥	17.1032
47	8	。	1.89219
48	1	他	6.15281
48	2	摘	19.3675
48	3	过	5.98302
48	4	一些	6.17306
48	5	便宜	16.2372
48	6	的	0.617006
48	7	化肥	16.1132
48	8	。	0.96813
49	1	她	8.71203
49	2	戴	13.3892
49	3	过	12.637
49	4	白色	16.4663
49	5	的	8.52188
49	6	耳机	17.9319
49	7	。	10.2068
50	1	她	8.71203
50	2	穿	13.8864
50	3	过	5.59791
50	4	白色	18.1523
50	5	的	16.0391
50	6	耳机	16.514
50	7	。	8.23416
51	1	他	6.15281
51	2	在	4.79368
51	3	学校	10.1278
51	4	里	5.73175
51	5	吃	10.7598
51	6	过	3.97925
51	7	好吃	16.1919
51	8	的	0.155341
51	9	饭	11.5952
51	10	。	0.78274
52	1	他	6.15281
52	2	在	4.79368
52	3	学校	10.1278
52	4	里	5.73175
52	5	讲	10.3006
52	6	过	3.03662
52	7	好吃	17.9202
52	8	的	0.393447
52	9	饭	14.4646
52	10	。	0.759056
53	1	他	6.15281
53	2	见	14.46
53	3	过	1.995
53	4	热心	18.2237
53	5	的	3.17788
53	6	店长	21.9506
53	7	。	2.24841
54	1	他	6.15281
54	2	去	10.0804
54	3	过	6.83971
54	4	热心	20.8556
54	5	的	1.10814
54	6	店长	23.1067
54	7	。	4.53613
55	1	我	6.0542
55	2	听	10.696
55	3	过	1.10412
55	4	这些	8.28818
55	5	熟悉	16.2328
55	6	的	1.67237
55	7	声音	8.89212
55	8	。	3.3012
56	1	我	6.0542
56	2	见	11.3908
56	3	过	1.24278
56	4	这些	7.68078
56	5	熟悉	15.137
56	6	的	1.26557
56	7	声音	8.74093
56	8	。	1.70346
57	1	爷爷	16.1903
57	2	安装	18.5742
57	3	过	6.89147
57	4	复杂	14.2675
57	5	的	0.826455
57	6	机器	10.8191
57	7	。	2.02492
58	1	爷爷	16.1903
58	2	种植	22.2177
58	3	过	9.96829
58	4	复杂	15.5538
58	5	的	0.643567
58	6	机器	10.4717
58	7	。	4.97428
59	1	她	8.71203
59	2	说	2.39142
59	3	过	6.8227
59	4	这	5.25086
59	5	些	16.6318
59	6	真诚	15.7893
59	7	的	0.474624
59	8	话	10.6668
59	9	。	2.94153
60	1	她	8.71203
60	2	吃	13.4006
60	3	过	3.86193
60	4	这	7.42651
60	5	些	12.6107
60	6	真诚	14.4406
60	7	的	0.203768
60	8	话	9.45119
60	9	。	7.46455
61	1	母亲	13.4871
61	2	买	12.8612
61	3	了	2.19716
61	4	彩色	16.5096
61	5	的	6.21498
61	6	纸	15.3068
61	7	。	10.0764
62	1	母亲	13.4871
62	2	喝	12.6283
62	3	了	2.42586
62	4	彩色	16.8148
62	5	的	10.7794
62	6	纸	18.5275
62	7	。	5.62042
