sentence_id	token_id	token	surprisal
1	1	那	7.24113
1	2	家	10.6903
1	3	认识	13.7315
1	4	我	3.97703
1	5	的	0.530444
1	6	老板	12.8107
1	7	在	5.41615
1	8	市中心	10.8304
1	9	投资	12.69
1	10	的	9.55517
1	11	饭店	19.1342
1	12	很	11.246
1	13	受	8.48907
1	14	欢迎	2.45032
1	15	。	3.50694
2	1	那	7.24113
2	2	个	7.96088
2	3	认识	13.7346
2	4	我	5.51901
2	5	的	0.56992
2	6	老板	14.5305
2	7	在	5.73258
2	8	市中心	10.4312
2	9	投资	13.14
2	10	的	9.06746
2	11	饭店	19.6322
2	12	很	10.4637
2	13	受	9.18962
2	14	欢迎	2.67966
2	15	。	5.66774
3	1	那	7.24113
3	2	幅	11.7531
3	3	帮助	12.7151
3	4	过	11.0162
3	5	我	5.38413
3	6	的	0.86959
3	7	朋友	6.32884
3	8	非常	8.2369
3	9	喜欢	5.52108
3	10	的	10.5918
3	11	画	17.4136
3	12	吸引	15.72
3	13	了	8.08264
3	14	我	4.65864
3	15	。	2.28867
4	1	那	7.24113
4	2	个	7.96088
4	3	帮助	13.8194
4	4	过	9.71044
4	5	我	4.98036
4	6	的	0.45379
4	7	朋友	4.77327
4	8	非常	7.97988
4	9	喜欢	5.52042
4	10	的	10.4343
4	11	画	17.5325
4	12	吸引	15.8084
4	13	了	8.19113
4	14	我	4.89852
4	15	。	2.45529
5	1	那	7.24113
5	2	件	8.19175
5	3	教	21.7489
5	4	过	9.62809
5	5	我	3.29048
5	6	的	0.602353
5	7	老师	9.3383
5	8	为	9.90944
5	9	他	4.89249
5	10	的	2.90312
5	11	学生	11.2383
5	12	收藏	16.4779
5	13	的	9.72461
5	14	艺术品	20.5459
5	15	获	19.7897
5	16	了	3.83435
5	17	奖	12.186
5	18	。	5.75785
6	1	那	7.24113
6	2	个	7.96088
6	3	教	19.7887
6	4	过	9.27426
6	5	我	3.45925
6	6	的	0.735701
6	7	老师	8.73095
6	8	为	9.55819
6	9	他	4.93491
6	10	的	2.60421
6	11	学生	11.1767
6	12	收藏	16.3256
6	13	的	9.81438
6	14	艺术品	20.3907
6	15	获	18.2487
6	16	了	4.09632
6	17	奖	13.0603
6	18	。	6.60435
7	1	那	7.24113
7	2	只	6.86429
7	3	认识	15.0933
7	4	我	5.87733
7	5	的	2.56587
7	6	店长	21.9244
7	7	特别	17.0678
7	8	喜欢	9.72925
7	9	的	4.07684
7	10	宠物	17.3479
7	11	生病	20.2176
7	12	了	3.36547
7	13	。	0.658859
8	1	那	7.24113
8	2	个	7.96088
8	3	认识	13.7346
8	4	我	5.51901
8	5	的	0.56992
8	6	店长	24.3395
8	7	特别	12.4895
8	8	喜欢	6.29802
8	9	的	11.8817
8	10	宠物	19.875
8	11	生病	15.7815
8	12	了	3.46892
8	13	。	3.16605
9	1	那	7.24113
9	2	首	13.238
9	3	热爱	17.0529
9	4	艺术	9.89588
9	5	的	1.21848
9	6	明星	12.7234
9	7	在	5.86431
9	8	商场	13.0786
9	9	唱	15.3763
9	10	的	7.44088
9	11	歌	12.6621
9	12	很	10.6313
9	13	好听	13.3701
9	14	。	2.25097
10	1	那	7.24113
10	2	个	7.96088
10	3	热爱	15.8184
10	4	艺术	7.43417
10	5	的	0.759002
10	6	明星	11.9888
10	7	在	6.01176
10	8	商场	14.3365
10	9	唱	14.7223
10	10	的	7.37926
10	11	歌	12.5119
10	12	很	10.8415
10	13	好听	13.5537
10	14	。	1.83027
11	1	那	7.24113
11	2	所	13.2136
11	3	学习	16.9154
11	4	历史	10.6255
11	5	的	1.52878
11	6	老人	13.8551
11	7	在	5.40154
11	8	冬天	12.2521
11	9	去	7.70317
11	10	的	11.0113
11	11	学校	12.45
11	12	关闭	14.9479
11	13	了	5.18513
11	14	。	1.83865
12	1	那	7.24113
12	2	个	7.96088
12	3	学习	18.3551
12	4	历史	9.30032
12	5	的	0.853243
12	6	老人	11.5364
12	7	在	5.28949
12	8	冬天	12.3955
12	9	去	7.27262
12	10	的	10.9118
12	11	学校	12.8767
12	12	关闭	15.3627
12	13	了	5.22538
12	14	。	2.07389
13	1	那	7.24113
13	2	件	8.19175
13	3	帮助	12.5757
13	4	过	11.2126
13	5	我	5.44091
13	6	的	0.592234
13	7	司机	15.7294
13	8	给	9.1116
13	9	朋友	10.237
13	10	带	13.1182
13	11	的	8.9995
13	12	行李	17.1781
13	13	丢	18.1809
13	14	了	2.10287
13	15	。	5.68886
14	1	那	7.24113
14	2	个	7.96088
14	3	帮助	13.8194
14	4	过	9.71044
14	5	我	4.98036
14	6	的	0.45379
14	7	司机	15.1436
14	8	给	8.68493
14	9	朋友	9.93157
14	10	带	12.9286
14	11	的	9.33652
14	12	行李	17.1462
14	13	丢	17.7372
14	14	了	2.06723
14	15	。	6.2223
15	1	那	7.24113
15	2	本	10.3391
15	3	学习	18.3922
15	4	文学	14.3325
15	5	的	2.79937
15	6	作家	8.67833
15	7	为	8.22265
15	8	我	7.05859
15	9	写	9.68041
15	10	的	7.20396
15	11	书	11.2064
15	12	很	10.8882
15	13	受	9.69353
15	14	欢迎	2.65595
15	15	。	1.37305
16	1	那	7.24113
16	2	个	7.96088
16	3	学习	18.3551
16	4	文学	15.1834
16	5	的	2.33365
16	6	作家	11.63
16	7	为	8.28763
16	8	我	7.06226
16	9	写	9.6691
16	10	的	6.96071
16	11	书	11.574
16	12	很	10.8085
16	13	受	9.88123
16	14	欢迎	2.73774
16	15	。	1.09309
17	1	那	7.24113
17	2	辆	11.6138
17	3	支持	15.3637
17	4	环保	17.2069
17	5	的	0.862601
17	6	朋友	7.0871
17	7	昨天	9.86196
17	8	开	9.81317
17	9	的	8.74129
17	10	车	11.267
17	11	坏	17.1152
17	12	了	2.63979
17	13	。	3.99087
18	1	那	7.24113
18	2	个	7.96088
18	3	支持	13.2678
18	4	环保	16.8097
18	5	的	1.50004
18	6	朋友	8.54026
18	7	昨天	11.4524
18	8	开	10.6919
18	9	的	9.29823
18	10	车	12.8603
18	11	坏	15.5292
18	12	了	2.32393
18	13	。	5.42546
19	1	那	7.24113
19	2	份	10.0228
19	3	喜欢	14.711
19	4	书	11.0898
19	5	的	0.495631
19	6	孩子	10.8784
19	7	在	5.17392
19	8	学校	8.67439
19	9	做	9.48978
19	10	的	7.37984
19	11	作业	17.8127
19	12	获	20.0022
19	13	了	6.12851
19	14	奖	13.396
19	15	。	2.61639
20	1	那	7.24113
20	2	个	7.96088
20	3	喜欢	13.6648
20	4	书	10.2709
20	5	的	0.219625
20	6	孩子	5.91114
20	7	在	5.046
20	8	学校	8.37717
20	9	做	9.14892
20	10	的	7.19971
20	11	作业	18.2953
20	12	获	20.48
20	13	了	5.85618
20	14	奖	14.3135
20	15	。	2.83077
21	1	那	7.24113
21	2	份	10.0228
21	3	认识	14.7094
21	4	我	5.61999
21	5	的	0.972685
21	6	老板	16.4811
21	7	给	8.67551
21	8	员工	14.481
21	9	制定	13.1435
21	10	的	10.4522
21	11	合同	17.4327
21	12	到期	23.7993
21	13	了	7.14947
21	14	。	3.14519
22	1	那	7.24113
22	2	个	7.96088
22	3	认识	13.7346
22	4	我	5.51901
22	5	的	0.56992
22	6	老板	14.5305
22	7	给	8.61299
22	8	员工	14.8197
22	9	制定	13.2464
22	10	的	10.0388
22	11	合同	18.1208
22	12	到期	24.2546
22	13	了	6.7438
22	14	。	3.6287
23	1	那	7.24113
23	2	间	14.3974
23	3	帮助	13.3187
23	4	过	9.12488
23	5	我	5.21275
23	6	的	0.505224
23	7	朋友	5.48274
23	8	在	5.41612
23	9	公园	11.0809
23	10	旁边	9.9046
23	11	开	9.20617
23	12	的	9.37299
23	13	工厂	15.0508
23	14	倒闭	18.0204
23	15	了	2.40064
23	16	。	1.10923
24	1	那	7.24113
24	2	个	7.96088
24	3	帮助	13.8194
24	4	过	9.71044
24	5	我	4.98036
24	6	的	0.45379
24	7	朋友	4.77327
24	8	在	5.32678
24	9	公园	11.1248
24	10	旁边	9.66381
24	11	开	9.31742
24	12	的	10.134
24	13	工厂	14.9461
24	14	倒闭	19.3795
24	15	了	2.94104
24	16	。	1.64283
25	1	那	7.24113
25	2	张	10.6712
25	3	喜欢	15.2519
25	4	艺术	16.769
25	5	的	0.42273
25	6	孩子	7.00158
25	7	在	5.15858
25	8	公园	11.7003
25	9	照	16.0408
25	10	的	11.0794
25	11	照片	12.3751
25	12	丢	17.1657
25	13	了	1.91652
25	14	。	6.10096
26	1	那	7.24113
26	2	个	7.96088
26	3	喜欢	13.6648
26	4	艺术	15.2818
26	5	的	0.472886
26	6	孩子	6.34631
26	7	在	5.31394
26	8	公园	11.8637
26	9	照	15.7722
26	10	的	10.9675
26	11	照片	13.3015
26	12	丢	17.1646
26	13	了	1.93681
26	14	。	6.65693
27	1	那	7.24113
27	2	台	13.2425
27	3	教	17.8149
27	4	过	9.54271
27	5	我	3.82666
27	6	的	1.35147
27	7	老师	7.7242
27	8	经常	10.904
27	9	用	6.71246
27	10	的	9.55165
27	11	手机	16.4711
27	12	很	9.41952
27	13	好用	15.2467
27	14	。	1.40999
28	1	那	7.24113
28	2	个	7.96088
28	3	教	19.7887
28	4	过	9.27426
28	5	我	3.45925
28	6	的	0.735701
28	7	老师	8.73095
28	8	经常	11.0097
28	9	用	6.77645
28	10	的	9.44996
28	11	手机	15.6989
28	12	很	10.008
28	13	好用	15.3142
28	14	。	2.17604
29	1	那	7.24113
29	2	朵	19.89
29	3	关心	19.0838
29	4	他	5.83309
29	5	的	0.687214
29	6	邻居	12.1245
29	7	在	5.75626
29	8	家	7.45061
29	9	种	17.8316
29	10	的	12.4072
29	11	花	12.8545
29	12	很	9.53692
29	13	好看	12.6485
29	14	。	2.1683
30	1	那	7.24113
30	2	个	7.96088
30	3	关心	16.1327
30	4	他	5.59454
30	5	的	0.63385
30	6	邻居	12.688
30	7	在	5.33972
30	8	家	8.52517
30	9	种	17.8043
30	10	的	12.855
30	11	花	13.2062
30	12	很	9.5532
30	13	好看	12.4713
30	14	。	1.60929
