sentence_id	token_id	token	surprisal
1	1	那	7.24113
1	2	家	10.6903
1	3	老板	12.1878
1	4	投资	15.2942
1	5	的	9.40363
1	6	饭店	19.2401
1	7	很	9.98504
1	8	受	9.32892
1	9	欢迎	2.26817
1	10	。	3.11138
2	1	那	7.24113
2	2	个	7.96088
2	3	老板	14.0024
2	4	投资	16.3196
2	5	的	8.39235
2	6	饭店	20.8564
2	7	很	8.84416
2	8	受	10.0051
2	9	欢迎	2.53665
2	10	。	5.07808
3	1	那	7.24113
3	2	幅	11.7531
3	3	朋友	15.8811
3	4	喜欢	9.89892
3	5	的	1.5056
3	6	画	16.2491
3	7	吸引	14.6283
3	8	了	2.23008
3	9	我	4.71676
3	10	。	1.98885
4	1	那	7.24113
4	2	个	7.96088
4	3	朋友	9.32279
4	4	喜欢	11.5162
4	5	的	6.2727
4	6	画	15.8329
4	7	吸引	14.1807
4	8	了	2.47956
4	9	我	5.01759
4	10	。	2.25885
5	1	那	7.24113
5	2	件	8.19175
5	3	老师	16.4804
5	4	收藏	18.1588
5	5	的	0.3591
5	6	艺术品	20.2107
5	7	获	16.2394
5	8	了	3.57724
5	9	奖	13.4153
5	10	。	1.06732
6	1	那	7.24113
6	2	个	7.96088
6	3	老师	11.4097
6	4	收藏	18.7161
6	5	的	1.99355
6	6	艺术品	18.6031
6	7	获	15.962
6	8	了	3.60364
6	9	奖	13.8276
6	10	。	1.42385
7	1	那	7.24113
7	2	只	6.86429
7	3	店长	23.8351
7	4	喜欢	9.62465
7	5	的	4.46297
7	6	宠物	16.8036
7	7	生病	17.7392
7	8	了	0.796639
7	9	。	1.26909
8	1	那	7.24113
8	2	个	7.96088
8	3	店长	21.3841
8	4	喜欢	10.7646
8	5	的	1.35232
8	6	宠物	16.2106
8	7	生病	17.678
8	8	了	0.647392
8	9	。	2.37981
9	1	那	7.24113
9	2	首	13.238
9	3	明星	17.633
9	4	唱	15.2538
9	5	的	7.39807
9	6	歌	13.1536
9	7	很	9.10063
9	8	好听	13.4834
9	9	。	2.51513
10	1	那	7.24113
10	2	个	7.96088
10	3	明星	16.5939
10	4	唱	16.1087
10	5	的	6.7201
10	6	歌	12.1936
10	7	很	9.88587
10	8	好听	13.725
10	9	。	2.32124
11	1	那	7.24113
11	2	所	13.2136
11	3	老人	14.9948
11	4	去	8.6777
11	5	的	11.3656
11	6	学校	11.1313
11	7	关闭	13.1556
11	8	了	4.20789
11	9	。	3.04417
12	1	那	7.24113
12	2	个	7.96088
12	3	老人	14.7295
12	4	去	7.9088
12	5	的	11.4005
12	6	学校	10.3899
12	7	关闭	13.7773
12	8	了	4.22824
12	9	。	3.25501
13	1	那	7.24113
13	2	件	8.19175
13	3	司机	21.0962
13	4	带	13.1344
13	5	的	4.46283
13	6	行李	15.3702
13	7	丢	16.502
13	8	了	1.772
13	9	。	4.42669
14	1	那	7.24113
14	2	个	7.96088
14	3	司机	16.2896
14	4	带	12.1282
14	5	的	6.45885
14	6	行李	15.7772
14	7	丢	16.2244
14	8	了	1.74866
14	9	。	4.48156
15	1	那	7.24113
15	2	本	10.3391
15	3	作家	13.7726
15	4	写	10.1454
15	5	的	3.69009
15	6	书	5.07613
15	7	很	7.14437
15	8	受	9.49957
15	9	欢迎	2.582
15	10	。	3.37999
16	1	那	7.24113
16	2	个	7.96088
16	3	作家	14.0717
16	4	写	10.3683
16	5	的	2.86598
16	6	书	4.99182
16	7	很	6.70974
16	8	受	9.37693
16	9	欢迎	2.51317
16	10	。	4.33949
17	1	那	7.24113
17	2	辆	11.6138
17	3	朋友	15.2057
17	4	开	11.2122
17	5	的	6.98792
17	6	车	9.94836
17	7	坏	14.9999
17	8	了	1.83962
17	9	。	1.98557
18	1	那	7.24113
18	2	个	7.96088
18	3	朋友	9.32279
18	4	开	13.0075
18	5	的	7.34577
18	6	车	12.134
18	7	坏	14.9233
18	8	了	1.66157
18	9	。	3.02698
19	1	那	7.24113
19	2	份	10.0228
19	3	孩子	20.0794
19	4	做	9.92201
19	5	的	0.507589
19	6	作业	13.9096
19	7	获	17.3267
19	8	了	6.05878
19	9	奖	14.4057
19	10	。	1.41672
20	1	那	7.24113
20	2	个	7.96088
20	3	孩子	5.79488
20	4	做	11.0884
20	5	的	5.73226
20	6	作业	20.2143
20	7	获	19.7156
20	8	了	6.41547
20	9	奖	15.12
20	10	。	1.35293
21	1	那	7.24113
21	2	份	10.0228
21	3	老板	19.4236
21	4	制定	13.4711
21	5	的	0.719323
21	6	合同	13.6576
21	7	到期	22.4527
21	8	了	6.91274
21	9	。	1.40073
22	1	那	7.24113
22	2	个	7.96088
22	3	老板	14.0024
22	4	制定	16.1423
22	5	的	8.99161
22	6	合同	18.1684
22	7	到期	21.6239
22	8	了	7.67824
22	9	。	2.40476
23	1	那	7.24113
23	2	间	14.3974
23	3	朋友	10.6121
23	4	开	11.9197
23	5	的	8.01592
23	6	工厂	16.1671
23	7	倒闭	16.8457
23	8	了	2.50931
23	9	。	0.990717
24	1	那	7.24113
24	2	个	7.96088
24	3	朋友	9.32279
24	4	开	13.0075
24	5	的	7.34577
24	6	工厂	18.9817
24	7	倒闭	17.501
24	8	了	2.47505
24	9	。	3.29725
25	1	那	7.24113
25	2	张	10.6712
25	3	孩子	10.8049
25	4	照	15.3235
25	5	的	14.3464
25	6	照片	11.1244
25	7	丢	14.1423
25	8	了	1.25933
25	9	。	3.79972
26	1	那	7.24113
26	2	个	7.96088
26	3	孩子	5.79488
26	4	照	15.383
26	5	的	14.9601
26	6	照片	13.9918
26	7	丢	14.2876
26	8	了	1.11564
26	9	。	4.39705
27	1	那	7.24113
27	2	台	13.2425
27	3	老师	7.38877
27	4	用	9.15143
27	5	的	8.40629
27	6	手机	16.2865
27	7	很	9.32954
27	8	好用	15.4405
27	9	。	1.09854
28	1	那	7.24113
28	2	个	7.96088
28	3	老师	11.4097
28	4	用	8.68585
28	5	的	7.67258
28	6	手机	16.5187
28	7	很	8.87675
28	8	好用	15.6063
28	9	。	2.00171
29	1	那	7.24113
29	2	朵	19.89
29	3	邻居	14.078
29	4	种	20.131
29	5	的	8.19101
29	6	花	12.3817
29	7	很	8.40717
29	8	好看	11.644
29	9	。	2.07564
30	1	那	7.24113
30	2	个	7.96088
30	3	邻居	12.4494
30	4	种	19.6748
30	5	的	8.74368
30	6	花	13.334
30	7	很	8.7919
30	8	好看	11.3301
30	9	。	2.34793
31	1	那	7.24113
31	2	台	13.2425
31	3	科学家	14.3907
31	4	做	11.3754
31	5	的	4.59043
31	6	电视	10.4121
31	7	坏	18.2336
31	8	了	1.06524
31	9	。	1.34302
32	1	那	7.24113
32	2	个	7.96088
32	3	科学家	13.2648
32	4	做	11.3756
32	5	的	6.22099
32	6	电视	12.853
32	7	坏	17.2662
32	8	了	6.36022
32	9	。	7.13288
33	1	那	7.24113
33	2	栋	12.9015
33	3	男人	18.1728
33	4	买	10.076
33	5	的	2.03459
33	6	房子	5.50868
33	7	起火	13.6777
33	8	了	3.81436
33	9	。	1.21327
34	1	那	7.24113
34	2	个	7.96088
34	3	男人	6.43441
34	4	买	11.7132
34	5	的	6.82803
34	6	房子	9.02344
34	7	起火	17.4328
34	8	了	6.40187
34	9	。	2.21015
35	1	那	7.24113
35	2	条	10.7701
35	3	朋友	13.6493
35	4	给	8.62556
35	5	的	6.99612
35	6	建议	12.0593
35	7	很	6.82038
35	8	真诚	12.1536
35	9	。	1.76857
36	1	那	7.24113
36	2	个	7.96088
36	3	朋友	9.32279
36	4	给	8.08015
36	5	的	11.0703
36	6	建议	14.7435
36	7	很	9.59764
36	8	真诚	10.97
36	9	。	2.19003
37	1	那	7.24113
37	2	支	14.575
37	3	老师	10.5244
37	4	用	8.05572
37	5	的	6.86912
37	6	笔	18.9396
37	7	坏	14.2452
37	8	了	3.94134
37	9	。	1.74167
38	1	那	7.24113
38	2	个	7.96088
38	3	老师	11.4097
38	4	用	8.68585
38	5	的	7.67258
38	6	笔	17.9335
38	7	坏	15.4759
38	8	了	2.55831
38	9	。	2.01765
39	1	那	7.24113
39	2	只	6.86429
39	3	女人	19.508
39	4	丢	17.2952
39	5	的	5.457
39	6	鞋子	16.8748
39	7	被	8.94978
39	8	找到	12.1836
39	9	了	1.7211
39	10	。	1.423
40	1	那	7.24113
40	2	个	7.96088
40	3	女人	7.38808
40	4	丢	16.7498
40	5	的	6.75714
40	6	鞋子	17.0516
40	7	被	8.91736
40	8	找到	12.1564
40	9	了	1.65726
40	10	。	2.37242
41	1	那	7.24113
41	2	条	10.7701
41	3	邻居	14.8869
41	4	养	15.4324
41	5	的	6.11784
41	6	狗	9.69103
41	7	生病	16.649
41	8	了	0.459896
41	9	。	2.84243
42	1	那	7.24113
42	2	个	7.96088
42	3	邻居	12.4494
42	4	养	15.4464
42	5	的	7.80208
42	6	狗	9.17758
42	7	生病	17.0287
42	8	了	0.473034
42	9	。	1.57368
43	1	那	7.24113
43	2	座	12.7971
43	3	老人	12.6797
43	4	修	15.6366
43	5	的	9.67841
43	6	桥	14.9542
43	7	帮助	13.5348
43	8	了	5.72753
43	9	我	4.82316
43	10	。	1.90835
44	1	那	7.24113
44	2	个	7.96088
44	3	老人	14.7295
44	4	修	15.9657
44	5	的	9.11917
44	6	桥	16.7117
44	7	帮助	13.8374
44	8	了	5.47974
44	9	我	4.34353
44	10	。	2.68693
45	1	那	7.24113
45	2	篇	9.35067
45	3	学生	17.9046
45	4	准备	13.9726
45	5	的	5.25644
45	6	报告	10.1351
45	7	感动	16.4928
45	8	了	1.14178
45	9	我	4.57484
45	10	。	1.75179
46	1	那	7.24113
46	2	个	7.96088
46	3	学生	9.50499
46	4	准备	12.6848
46	5	的	10.9831
46	6	报告	14.2382
46	7	感动	16.7481
46	8	了	3.77545
46	9	我	4.87934
46	10	。	2.40134
47	1	那	7.24113
47	2	封	15.7458
47	3	朋友	15.3011
47	4	写	7.81101
47	5	的	3.36765
47	6	信	6.07812
47	7	很	7.27144
47	8	真诚	11.8176
47	9	。	1.22704
48	1	那	7.24113
48	2	个	7.96088
48	3	朋友	9.32279
48	4	写	10.2097
48	5	的	4.44132
48	6	信	10.2722
48	7	很	6.83793
48	8	真诚	11.7842
48	9	。	2.30873
49	1	那	7.24113
49	2	堂	18.43
49	3	老师	8.37329
49	4	教	14.109
49	5	的	6.92324
49	6	课	9.30324
49	7	获	19.4238
49	8	了	5.86612
49	9	奖	15.8772
49	10	。	0.988448
50	1	那	7.24113
50	2	个	7.96088
50	3	老师	11.4097
50	4	教	15.0066
50	5	的	5.87912
50	6	课	11.1781
50	7	获	20.6445
50	8	了	5.74317
50	9	奖	16.7144
50	10	。	2.34981
51	1	那	7.24113
51	2	块	13.2813
51	3	医生	12.9941
51	4	喜欢	10.838
51	5	的	5.78045
51	6	手表	13.7189
51	7	丢	16.5293
51	8	了	1.54903
51	9	。	3.86495
52	1	那	7.24113
52	2	个	7.96088
52	3	医生	14.2286
52	4	喜欢	10.8605
52	5	的	2.21769
52	6	手表	14.1147
52	7	丢	17.5563
52	8	了	1.09323
52	9	。	4.53794
53	1	那	7.24113
53	2	篇	9.35067
53	3	学生	17.9046
53	4	写	9.32389
53	5	的	2.08024
53	6	论文	12.1415
53	7	感动	18.8835
53	8	了	2.51728
53	9	我	4.72444
53	10	。	1.57995
54	1	那	7.24113
54	2	个	7.96088
54	3	学生	9.50499
54	4	写	11.1973
54	5	的	5.2097
54	6	论文	16.0409
54	7	感动	17.4546
54	8	了	3.52858
54	9	我	5.86786
54	10	。	1.50055
55	1	那	7.24113
55	2	场	9.78628
55	3	演员	16.945
55	4	准备	13.3331
55	5	的	3.7924
55	6	表演	9.74289
55	7	很	8.19187
55	8	受	9.4614
55	9	欢迎	3.32943
55	10	。	4.97704
56	1	那	7.24113
56	2	个	7.96088
56	3	演员	11.1674
56	4	准备	13.5685
56	5	的	9.85058
56	6	表演	16.0618
56	7	很	10.5298
56	8	受	11.0803
56	9	欢迎	3.12922
56	10	。	5.36237
57	1	那	7.24113
57	2	间	14.3974
57	3	警察	12.3495
57	4	工作	11.0048
57	5	的	5.21449
57	6	办公室	10.678
57	7	起火	14.2415
57	8	了	2.62715
57	9	。	2.27758
58	1	那	7.24113
58	2	个	7.96088
58	3	警察	15.2602
58	4	工作	11.201
58	5	的	3.66746
58	6	办公室	10.5458
58	7	起火	15.3972
58	8	了	3.12217
58	9	。	3.27596
59	1	那	7.24113
59	2	首	13.238
59	3	孩子	14.0556
59	4	写	10.0412
59	5	的	4.32439
59	6	诗	9.26195
59	7	很	7.54356
59	8	有趣	5.85615
59	9	。	1.55612
60	1	那	7.24113
60	2	个	7.96088
60	3	孩子	5.79488
60	4	写	10.8182
60	5	的	4.77771
60	6	诗	15.2399
60	7	很	9.13956
60	8	有趣	7.4382
60	9	。	1.91156
61	1	那	7.24113
61	2	家	10.6903
61	3	朋友	8.70335
61	4	去	7.05933
61	5	的	12.1013
61	6	银行	14.6788
61	7	帮助	12.0692
61	8	了	5.70604
61	9	我	4.52554
61	10	。	2.03673
62	1	那	7.24113
62	2	个	7.96088
62	3	朋友	9.32279
62	4	去	8.16594
62	5	的	10.7552
62	6	银行	14.8761
62	7	帮助	12.0067
62	8	了	5.63695
62	9	我	4.74774
62	10	。	2.35155
