sentence_id	token_id	token	surprisal
1	1	那	7.24113
1	2	家	10.6903
1	3	认识	13.7315
1	4	我	3.97703
1	5	的	0.530444
1	6	老板	12.8107
1	7	投资	16.9529
1	8	的	8.89957
1	9	饭店	19.8945
1	10	很	8.87005
1	11	受	10.1002
1	12	欢迎	2.52776
1	13	。	4.47948
2	1	那	7.24113
2	2	个	7.96088
2	3	认识	13.7346
2	4	我	5.51901
2	5	的	0.56992
2	6	老板	14.5305
2	7	投资	17.7053
2	8	的	8.27308
2	9	饭店	20.7416
2	10	很	8.65983
2	11	受	10.6756
2	12	欢迎	2.754
2	13	。	5.61425
3	1	那	7.24113
3	2	幅	11.7531
3	3	帮助	12.7151
3	4	过	11.0162
3	5	我	5.38413
3	6	的	0.86959
3	7	朋友	6.32884
3	8	喜欢	10.4628
3	9	的	12.0104
3	10	画	16.0996
3	11	吸引	15.4714
3	12	了	7.81127
3	13	我	4.60302
3	14	。	1.94737
4	1	那	7.24113
4	2	个	7.96088
4	3	帮助	13.8194
4	4	过	9.71044
4	5	我	4.98036
4	6	的	0.45379
4	7	朋友	4.77327
4	8	喜欢	10.507
4	9	的	11.8854
4	10	画	16.1369
4	11	吸引	15.385
4	12	了	7.92037
4	13	我	4.89849
4	14	。	2.11023
5	1	那	7.24113
5	2	件	8.19175
5	3	教	21.7489
5	4	过	9.62809
5	5	我	3.29048
5	6	的	0.602353
5	7	老师	9.3383
5	8	收藏	19.9146
5	9	的	8.01696
5	10	艺术品	21.7274
5	11	获	16.7855
5	12	了	4.62988
5	13	奖	14.1305
5	14	。	1.3753
6	1	那	7.24113
6	2	个	7.96088
6	3	教	19.7887
6	4	过	9.27426
6	5	我	3.45925
6	6	的	0.735701
6	7	老师	8.73095
6	8	收藏	18.9307
6	9	的	7.95679
6	10	艺术品	21.7357
6	11	获	17.0935
6	12	了	4.72991
6	13	奖	14.2805
6	14	。	2.10055
7	1	那	7.24113
7	2	只	6.86429
7	3	认识	15.0933
7	4	我	5.87733
7	5	的	2.56587
7	6	店长	21.9244
7	7	喜欢	17.6889
7	8	的	4.94165
7	9	宠物	16.9612
7	10	生病	20.7679
7	11	了	2.31219
7	12	。	0.628702
8	1	那	7.24113
8	2	个	7.96088
8	3	认识	13.7346
8	4	我	5.51901
8	5	的	0.56992
8	6	店长	24.3395
8	7	喜欢	11.2655
8	8	的	9.62315
8	9	宠物	17.4277
8	10	生病	17.881
8	11	了	0.541041
8	12	。	1.30682
9	1	那	7.24113
9	2	首	13.238
9	3	热爱	17.0529
9	4	艺术	9.89588
9	5	的	1.21848
9	6	明星	12.7234
9	7	唱	17.4805
9	8	的	7.72754
9	9	歌	12.7256
9	10	很	9.80994
9	11	好听	13.3114
9	12	。	2.25167
10	1	那	7.24113
10	2	个	7.96088
10	3	热爱	15.8184
10	4	艺术	7.43417
10	5	的	0.759002
10	6	明星	11.9888
10	7	唱	17.7468
10	8	的	7.91148
10	9	歌	12.4365
10	10	很	10.0404
10	11	好听	13.478
10	12	。	2.24435
11	1	那	7.24113
11	2	所	13.2136
11	3	学习	16.9154
11	4	历史	10.6255
11	5	的	1.52878
11	6	老人	13.8551
11	7	去	11.2539
11	8	的	10.2667
11	9	学校	12.7571
11	10	关闭	14.2713
11	11	了	4.68941
11	12	。	1.78235
12	1	那	7.24113
12	2	个	7.96088
12	3	学习	18.3551
12	4	历史	9.30032
12	5	的	0.853243
12	6	老人	11.5364
12	7	去	10.5852
12	8	的	10.2211
12	9	学校	12.9223
12	10	关闭	14.6632
12	11	了	4.91321
12	12	。	2.06598
13	1	那	7.24113
13	2	件	8.19175
13	3	帮助	12.5757
13	4	过	11.2126
13	5	我	5.44091
13	6	的	0.592234
13	7	司机	15.7294
13	8	带	11.9409
13	9	的	10.5033
13	10	行李	17.4508
13	11	丢	16.2068
13	12	了	1.61646
13	13	。	4.11282
14	1	那	7.24113
14	2	个	7.96088
14	3	帮助	13.8194
14	4	过	9.71044
14	5	我	4.98036
14	6	的	0.45379
14	7	司机	15.1436
14	8	带	11.6113
14	9	的	10.2898
14	10	行李	17.5289
14	11	丢	15.5061
14	12	了	1.69944
14	13	。	4.6111
15	1	那	7.24113
15	2	本	10.3391
15	3	学习	18.3922
15	4	文学	14.3325
15	5	的	2.79937
15	6	作家	8.67833
15	7	写	11.1203
15	8	的	5.74936
15	9	书	13.7717
15	10	很	7.84331
15	11	受	9.41393
15	12	欢迎	2.60468
15	13	。	1.18443
16	1	那	7.24113
16	2	个	7.96088
16	3	学习	18.3551
16	4	文学	15.1834
16	5	的	2.33365
16	6	作家	11.63
16	7	写	11.4559
16	8	的	5.69885
16	9	书	14.4779
16	10	很	7.71928
16	11	受	9.53051
16	12	欢迎	2.65256
16	13	。	1.54016
17	1	那	7.24113
17	2	辆	11.6138
17	3	支持	15.3637
17	4	环保	17.2069
17	5	的	0.862601
17	6	朋友	7.0871
17	7	开	11.8778
17	8	的	7.37062
17	9	车	11.0769
17	10	坏	16.2791
17	11	了	2.99272
17	12	。	3.06115
18	1	那	7.24113
18	2	个	7.96088
18	3	支持	13.2678
18	4	环保	16.8097
18	5	的	1.50004
18	6	朋友	8.54026
18	7	开	13.4306
18	8	的	7.39268
18	9	车	13.2379
18	10	坏	15.6001
18	11	了	2.5683
18	12	。	4.61832
19	1	那	7.24113
19	2	份	10.0228
19	3	喜欢	14.711
19	4	书	11.0898
19	5	的	0.495631
19	6	孩子	10.8784
19	7	做	11.5681
19	8	的	6.06837
19	9	作业	18.7404
19	10	获	18.883
19	11	了	6.78644
19	12	奖	13.6682
19	13	。	1.71089
20	1	那	7.24113
20	2	个	7.96088
20	3	喜欢	13.6648
20	4	书	10.2709
20	5	的	0.219625
20	6	孩子	5.91114
20	7	做	11.305
20	8	的	5.92171
20	9	作业	19.5985
20	10	获	19.2401
20	11	了	6.44205
20	12	奖	14.6273
20	13	。	2.08786
21	1	那	7.24113
21	2	份	10.0228
21	3	认识	14.7094
21	4	我	5.61999
21	5	的	0.972685
21	6	老板	16.4811
21	7	制定	17.3579
21	8	的	9.32145
21	9	合同	18.2291
21	10	到期	21.7721
21	11	了	7.32371
21	12	。	2.68425
22	1	那	7.24113
22	2	个	7.96088
22	3	认识	13.7346
22	4	我	5.51901
22	5	的	0.56992
22	6	老板	14.5305
22	7	制定	17.6714
22	8	的	8.87427
22	9	合同	19.2351
22	10	到期	21.9945
22	11	了	6.95882
22	12	。	3.97976
23	1	那	7.24113
23	2	间	14.3974
23	3	帮助	13.3187
23	4	过	9.12488
23	5	我	5.21275
23	6	的	0.505224
23	7	朋友	5.48274
23	8	开	11.7588
23	9	的	7.20903
23	10	工厂	18.4645
23	11	倒闭	19.1645
23	12	了	1.88954
23	13	。	1.6329
24	1	那	7.24113
24	2	个	7.96088
24	3	帮助	13.8194
24	4	过	9.71044
24	5	我	4.98036
24	6	的	0.45379
24	7	朋友	4.77327
24	8	开	11.9766
24	9	的	6.99536
24	10	工厂	19.4758
24	11	倒闭	18.3662
24	12	了	2.27152
24	13	。	3.15703
25	1	那	7.24113
25	2	张	10.6712
25	3	喜欢	15.2519
25	4	艺术	16.769
25	5	的	0.42273
25	6	孩子	7.00158
25	7	照	14.9455
25	8	的	14.5932
25	9	照片	13.0534
25	10	丢	14.898
25	11	了	1.54139
25	12	。	3.91202
26	1	那	7.24113
26	2	个	7.96088
26	3	喜欢	13.6648
26	4	艺术	15.2818
26	5	的	0.472886
26	6	孩子	6.34631
26	7	照	15.0444
26	8	的	14.6813
26	9	照片	14.2755
26	10	丢	14.8526
26	11	了	1.68538
26	12	。	4.532
27	1	那	7.24113
27	2	台	13.2425
27	3	教	17.8149
27	4	过	9.54271
27	5	我	3.82666
27	6	的	1.35147
27	7	老师	7.7242
27	8	用	8.54713
27	9	的	7.59486
27	10	手机	17.0009
27	11	很	8.24099
27	12	好用	15.632
27	13	。	1.60354
28	1	那	7.24113
28	2	个	7.96088
28	3	教	19.7887
28	4	过	9.27426
28	5	我	3.45925
28	6	的	0.735701
28	7	老师	8.73095
28	8	用	8.50654
28	9	的	7.4729
28	10	手机	16.9216
28	11	很	8.31565
28	12	好用	15.6883
28	13	。	2.25572
29	1	那	7.24113
29	2	朵	19.89
29	3	关心	19.0838
29	4	他	5.83309
29	5	的	0.687214
29	6	邻居	12.1245
29	7	种	20.6347
29	8	的	8.51415
29	9	花	13.4265
29	10	很	8.4145
29	11	好看	11.1294
29	12	。	2.51221
30	1	那	7.24113
30	2	个	7.96088
30	3	关心	16.1327
30	4	他	5.59454
30	5	的	0.63385
30	6	邻居	12.688
30	7	种	20.8413
30	8	的	8.61366
30	9	花	14.0816
30	10	很	8.95464
30	11	好看	11.5856
30	12	。	2.71714
31	1	那	7.24113
31	2	台	13.2425
31	3	鼓励	15.2922
31	4	她	9.71509
31	5	的	5.78808
31	6	科学家	10.5012
31	7	做	12.0442
31	8	的	7.20795
31	9	电视	12.8529
31	10	坏	16.8344
31	11	了	6.80346
31	12	。	4.47233
32	1	那	7.24113
32	2	个	7.96088
32	3	鼓励	17.4079
32	4	她	12.1775
32	5	的	3.12625
32	6	科学家	10.6877
32	7	做	11.3478
32	8	的	4.70203
32	9	电视	14.2455
32	10	坏	17.7122
32	11	了	2.11604
32	12	。	1.80642
33	1	那	7.24113
33	2	栋	12.9015
33	3	认识	17.3461
33	4	父亲	6.30544
33	5	的	0.287926
33	6	男人	7.48626
33	7	买	12.0774
33	8	的	7.42745
33	9	房子	8.10911
33	10	起火	16.3778
33	11	了	6.04711
33	12	。	0.968677
34	1	那	7.24113
34	2	个	7.96088
34	3	认识	13.7346
34	4	父亲	12.9171
34	5	的	0.41652
34	6	男人	7.98511
34	7	买	12.7633
34	8	的	6.82976
34	9	房子	8.78328
34	10	起火	17.6893
34	11	了	6.2054
34	12	。	2.62429
35	1	那	7.24113
35	2	条	10.7701
35	3	关心	15.0687
35	4	我	5.81349
35	5	的	0.933068
35	6	朋友	6.22687
35	7	给	8.797
35	8	的	12.7099
35	9	建议	15.0844
35	10	很	9.79861
35	11	真诚	10.1368
35	12	。	1.56473
36	1	那	7.24113
36	2	个	7.96088
36	3	关心	16.1327
36	4	我	6.0198
36	5	的	0.847813
36	6	朋友	4.86139
36	7	给	8.85809
36	8	的	13.0644
36	9	建议	14.7848
36	10	很	9.31382
36	11	真诚	10.0754
36	12	。	2.31913
37	1	那	7.24113
37	2	支	14.575
37	3	教	18.2934
37	4	数学	17.293
37	5	的	1.36553
37	6	老师	7.58941
37	7	用	8.40163
37	8	的	8.01526
37	9	笔	16.8814
37	10	坏	15.4634
37	11	了	2.08682
37	12	。	2.20973
38	1	那	7.24113
38	2	个	7.96088
38	3	教	19.7887
38	4	数学	18.4492
38	5	的	1.20784
38	6	老师	8.99077
38	7	用	9.05746
38	8	的	7.91597
38	9	笔	16.4551
38	10	坏	15.0435
38	11	了	2.185
38	12	。	2.83865
39	1	那	7.24113
39	2	只	6.86429
39	3	撞	22.0355
39	4	了	1.18154
39	5	我	6.27727
39	6	的	1.72733
39	7	女人	12.6142
39	8	丢	18.9275
39	9	的	6.44254
39	10	鞋子	18.0258
39	11	被	11.09
39	12	找到	12.2006
39	13	了	1.91374
39	14	。	1.25322
40	1	那	7.24113
40	2	个	7.96088
40	3	撞	23.1148
40	4	了	2.74564
40	5	我	7.12511
40	6	的	0.971495
40	7	女人	7.79673
40	8	丢	16.2052
40	9	的	6.32304
40	10	鞋子	17.0127
40	11	被	9.10062
40	12	找到	11.8711
40	13	了	1.4973
40	14	。	2.1565
41	1	那	7.24113
41	2	条	10.7701
41	3	打扰	20.3372
41	4	了	8.85886
41	5	我	6.73031
41	6	的	1.73506
41	7	邻居	11.1518
41	8	养	15.5304
41	9	的	8.74395
41	10	狗	10.4983
41	11	生病	17.1724
41	12	了	0.416455
41	13	。	1.70273
42	1	那	7.24113
42	2	个	7.96088
42	3	打扰	20.2483
42	4	了	7.48406
42	5	我	7.246
42	6	的	1.30255
42	7	邻居	10.9647
42	8	养	15.7851
42	9	的	7.56609
42	10	狗	9.97641
42	11	生病	17.1198
42	12	了	0.414492
42	13	。	2.57449
43	1	那	7.24113
43	2	座	12.7971
43	3	写	12.9574
43	4	过	4.80905
43	5	书	7.18117
43	6	的	0.853765
43	7	老人	9.50243
43	8	修	16.5972
43	9	的	9.41217
43	10	桥	15.7826
43	11	帮助	14.2281
43	12	了	5.42071
43	13	我	4.77022
43	14	。	2.59036
44	1	那	7.24113
44	2	个	7.96088
44	3	写	14.9848
44	4	过	5.77478
44	5	书	7.24223
44	6	的	1.63174
44	7	老人	11.9911
44	8	修	16.7527
44	9	的	9.06112
44	10	桥	16.5951
44	11	帮助	14.2966
44	12	了	5.3629
44	13	我	4.22402
44	14	。	3.27236
45	1	那	7.24113
45	2	篇	9.35067
45	3	获	22.2151
45	4	奖	15.1341
45	5	的	0.521453
45	6	学生	11.5415
45	7	准备	13.3001
45	8	的	12.3285
45	9	报告	11.9138
45	10	感动	16.4235
45	11	了	4.90537
45	12	我	5.70166
45	13	。	1.88619
46	1	那	7.24113
46	2	个	7.96088
46	3	获	18.3128
46	4	奖	15.6785
46	5	的	0.640868
46	6	学生	10.5382
46	7	准备	13.0013
46	8	的	12.2404
46	9	报告	12.4317
46	10	感动	17.3336
46	11	了	4.36573
46	12	我	5.8637
46	13	。	1.44843
47	1	那	7.24113
47	2	封	15.7458
47	3	依赖	21.3493
47	4	我	6.24869
47	5	的	0.933204
47	6	朋友	7.19208
47	7	写	9.12078
47	8	的	4.47457
47	9	信	12.8028
47	10	很	7.54384
47	11	真诚	10.5298
47	12	。	1.34955
48	1	那	7.24113
48	2	个	7.96088
48	3	依赖	19.7212
48	4	我	6.08083
48	5	的	0.60794
48	6	朋友	4.9939
48	7	写	9.44933
48	8	的	4.56366
48	9	信	13.1839
48	10	很	6.92517
48	11	真诚	10.601
48	12	。	2.59465
49	1	那	7.24113
49	2	堂	18.43
49	3	教	16.6601
49	4	过	9.16039
49	5	我	4.40382
49	6	的	1.29849
49	7	老师	7.55532
49	8	教	13.5237
49	9	的	11.7781
49	10	课	15.9729
49	11	获	20.3809
49	12	了	6.93647
49	13	奖	16.3984
49	14	。	2.74093
50	1	那	7.24113
50	2	个	7.96088
50	3	教	19.7887
50	4	过	9.27426
50	5	我	3.45925
50	6	的	0.735701
50	7	老师	8.73095
50	8	教	14.0549
50	9	的	11.3629
50	10	课	17.2518
50	11	获	21.0726
50	12	了	6.47794
50	13	奖	16.9094
50	14	。	7.17384
51	1	那	7.24113
51	2	块	13.2813
51	3	喜欢	18.1147
51	4	音乐	13.5409
51	5	的	0.401408
51	6	医生	13.0044
51	7	喜欢	10.378
51	8	的	12.6351
51	9	手表	20.5213
51	10	丢	17.0386
51	11	了	1.71829
51	12	。	2.10995
52	1	那	7.24113
52	2	个	7.96088
52	3	喜欢	13.6648
52	4	音乐	14.5112
52	5	的	0.541855
52	6	医生	10.1127
52	7	喜欢	10.7927
52	8	的	12.3164
52	9	手表	20.6958
52	10	丢	17.1155
52	11	了	1.47506
52	12	。	2.66611
53	1	那	7.24113
53	2	篇	9.35067
53	3	获	22.2151
53	4	奖	15.1341
53	5	的	0.521453
53	6	学生	11.5415
53	7	写	11.2014
53	8	的	5.27706
53	9	论文	15.6989
53	10	感动	15.8911
53	11	了	4.75262
53	12	我	6.20534
53	13	。	1.3333
54	1	那	7.24113
54	2	个	7.96088
54	3	获	18.3128
54	4	奖	15.6785
54	5	的	0.640868
54	6	学生	10.5382
54	7	写	11.8917
54	8	的	5.52159
54	9	论文	16.8426
54	10	感动	17.2849
54	11	了	4.40643
54	12	我	6.34062
54	13	。	1.71301
55	1	那	7.24113
55	2	场	9.78628
55	3	参加	13.1992
55	4	过	5.23214
55	5	比赛	9.3049
55	6	的	0.274782
55	7	演员	12.9819
55	8	准备	12.9647
55	9	的	10.9277
55	10	表演	13.8522
55	11	很	11.8226
55	12	受	9.44326
55	13	欢迎	3.19337
55	14	。	4.54475
56	1	那	7.24113
56	2	个	7.96088
56	3	参加	14.3597
56	4	过	5.05101
56	5	比赛	12.4082
56	6	的	0.242648
56	7	演员	11.6277
56	8	准备	13.5933
56	9	的	10.8116
56	10	表演	15.109
56	11	很	11.3044
56	12	受	10.0422
56	13	欢迎	3.23776
56	14	。	5.19386
57	1	那	7.24113
57	2	间	14.3974
57	3	救	16.7795
57	4	过	11.0226
57	5	我	4.41224
57	6	的	2.77876
57	7	警察	14.9992
57	8	工作	10.4676
57	9	的	7.36395
57	10	办公室	14.454
57	11	起火	18.387
57	12	了	7.17476
57	13	。	3.50383
58	1	那	7.24113
58	2	个	7.96088
58	3	救	20.7752
58	4	过	10.5683
58	5	我	4.05573
58	6	的	2.14196
58	7	警察	14.7914
58	8	工作	11.1826
58	9	的	6.74056
58	10	办公室	14.484
58	11	起火	18.8071
58	12	了	7.77753
58	13	。	5.79263
59	1	那	7.24113
59	2	首	13.238
59	3	打	12.9345
59	4	游戏	10.8111
59	5	的	0.587857
59	6	孩子	7.44431
59	7	写	10.0955
59	8	的	4.43464
59	9	诗	13.9577
59	10	很	8.8147
59	11	有趣	7.77159
59	12	。	1.26044
60	1	那	7.24113
60	2	个	7.96088
60	3	打	13.9071
60	4	游戏	9.63512
60	5	的	0.427706
60	6	孩子	7.98057
60	7	写	10.4326
60	8	的	4.35268
60	9	诗	15.5384
60	10	很	8.88239
60	11	有趣	7.22874
60	12	。	1.88144
61	1	那	7.24113
61	2	家	10.6903
61	3	依赖	18.1966
61	4	我	5.57753
61	5	的	1.09772
61	6	朋友	3.19345
61	7	去	8.63268
61	8	的	11.7671
61	9	银行	14.4306
61	10	帮助	11.2967
61	11	了	5.5072
61	12	我	4.14946
61	13	。	2.14088
62	1	那	7.24113
62	2	个	7.96088
62	3	依赖	19.7212
62	4	我	6.08083
62	5	的	0.60794
62	6	朋友	4.9939
62	7	去	8.94615
62	8	的	11.1895
62	9	银行	14.9175
62	10	帮助	11.4189
62	11	了	5.48514
62	12	我	4.19048
62	13	。	2.51199
