sentence_id	token_id	token	surprisal
1	1	我	6.0542
1	2	很	6.60809
1	3	喜欢	3.012
1	4	一	6.34873
1	5	位	4.26029
1	6	让	10.3951
1	7	人	4.39168
1	8	开心	9.38916
1	9	的	0.222856
1	10	明星	14.2467
1	11	。	0.921841
2	1	我	6.0542
2	2	很	6.60809
2	3	喜欢	3.012
2	4	一	6.34873
2	5	首	10.2168
2	6	让	11.2599
2	7	人	4.8186
2	8	开心	9.90315
2	9	的	0.222007
2	10	明星	14.3029
2	11	。	0.795966
3	1	我	6.0542
3	2	很	6.60809
3	3	喜欢	3.012
3	4	一	6.34873
3	5	首	10.2168
3	6	让	11.2599
3	7	人	4.8186
3	8	开心	9.90315
3	9	的	0.222007
3	10	歌曲	10.0664
3	11	。	0.865678
4	1	我	6.0542
4	2	很	6.60809
4	3	喜欢	3.012
4	4	一	6.34873
4	5	位	4.26029
4	6	让	10.3951
4	7	人	4.39168
4	8	开心	9.38916
4	9	的	0.222856
4	10	歌曲	11.1047
4	11	。	0.938955
5	1	她	8.71203
5	2	开车	13.5328
5	3	去	6.2328
5	4	了	3.81994
5	5	一	3.43019
5	6	家	4.38997
5	7	受	10.1485
5	8	大家	9.40279
5	9	欢迎	9.37678
5	10	的	0.223046
5	11	店	15.8724
5	12	。	0.415148
6	1	她	8.71203
6	2	开车	13.5328
6	3	去	6.2328
6	4	了	3.81994
6	5	一	3.43019
6	6	座	5.52531
6	7	受	9.87498
6	8	大家	10.7075
6	9	欢迎	10.9778
6	10	的	0.367504
6	11	店	16.0132
6	12	。	0.504115
7	1	她	8.71203
7	2	开车	13.5328
7	3	去	6.2328
7	4	了	3.81994
7	5	一	3.43019
7	6	座	5.52531
7	7	受	9.87498
7	8	大家	10.7075
7	9	欢迎	10.9778
7	10	的	0.367504
7	11	山	16.0183
7	12	。	0.810222
8	1	她	8.71203
8	2	开车	13.5328
8	3	去	6.2328
8	4	了	3.81994
8	5	一	3.43019
8	6	家	4.38997
8	7	受	10.1485
8	8	大家	9.40279
8	9	欢迎	9.37678
8	10	的	0.223046
8	11	山	16.0867
8	12	。	0.825577
9	1	他	6.15281
9	2	有	7.45602
9	3	一	2.98356
9	4	双	11.6097
9	5	被	10.3845
9	6	我	7.80944
9	7	丢	10.9592
9	8	了	3.08227
9	9	的	0.448715
9	10	手套	13.2675
9	11	。	2.39931
10	1	他	6.15281
10	2	有	7.45602
10	3	一	2.98356
10	4	枚	10.6304
10	5	被	7.92497
10	6	我	9.75084
10	7	丢	10.569
10	8	了	3.07517
10	9	的	0.882426
10	10	手套	13.7907
10	11	。	3.02492
11	1	他	6.15281
11	2	有	7.45602
11	3	一	2.98356
11	4	枚	10.6304
11	5	被	7.92497
11	6	我	9.75084
11	7	丢	10.569
11	8	了	3.07517
11	9	的	0.882426
11	10	纽扣	17.0856
11	11	。	5.6687
12	1	他	6.15281
12	2	有	7.45602
12	3	一	2.98356
12	4	双	11.6097
12	5	被	10.3845
12	6	我	7.80944
12	7	丢	10.9592
12	8	了	3.08227
12	9	的	0.448715
12	10	纽扣	17.4855
12	11	。	4.79348
13	1	店长	19.3738
13	2	拿	16.2578
13	3	着	1.6856
13	4	一	4.29977
13	5	只	7.28335
13	6	已经	9.99432
13	7	成熟	11.7505
13	8	了	6.80296
13	9	的	0.17505
13	10	兔子	16.2283
13	11	。	2.78547
14	1	店长	19.3738
14	2	拿	16.2578
14	3	着	1.6856
14	4	一	4.29977
14	5	根	7.75858
14	6	已经	12.8542
14	7	成熟	10.4506
14	8	了	8.73023
14	9	的	0.13853
14	10	兔子	16.2617
14	11	。	3.07362
15	1	店长	19.3738
15	2	拿	16.2578
15	3	着	1.6856
15	4	一	4.29977
15	5	根	7.75858
15	6	已经	12.8542
15	7	成熟	10.4506
15	8	了	8.73023
15	9	的	0.13853
15	10	萝卜	18.1566
15	11	。	3.17748
16	1	店长	19.3738
16	2	拿	16.2578
16	3	着	1.6856
16	4	一	4.29977
16	5	只	7.28335
16	6	已经	9.99432
16	7	成熟	11.7505
16	8	了	6.80296
16	9	的	0.17505
16	10	萝卜	18.6228
16	11	。	2.90422
17	1	他	6.15281
17	2	认识	11.9949
17	3	了	3.50532
17	4	一	3.6251
17	5	名	5.3371
17	6	会	10.753
17	7	讲	10.8397
17	8	故事	8.69115
17	9	的	0.335628
17	10	男孩	10.7202
17	11	。	2.05312
18	1	他	6.15281
18	2	认识	11.9949
18	3	了	3.50532
18	4	一	3.6251
18	5	本	9.19306
18	6	会	10.5193
18	7	讲	9.20681
18	8	故事	8.38494
18	9	的	0.307732
18	10	男孩	12.2564
18	11	。	2.54321
19	1	他	6.15281
19	2	认识	11.9949
19	3	了	3.50532
19	4	一	3.6251
19	5	本	9.19306
19	6	会	10.5193
19	7	讲	9.20681
19	8	故事	8.38494
19	9	的	0.307732
19	10	小说	12.7234
19	11	。	2.71174
20	1	他	6.15281
20	2	认识	11.9949
20	3	了	3.50532
20	4	一	3.6251
20	5	名	5.3371
20	6	会	10.753
20	7	讲	10.8397
20	8	故事	8.69115
20	9	的	0.335628
20	10	小说	12.8835
20	11	。	2.459
21	1	男人	16.7445
21	2	在	5.0411
21	3	扫描	19.515
21	4	一	5.91667
21	5	篇	9.97346
21	6	登报	21.7965
21	7	了	10.1427
21	8	的	1.44237
21	9	文章	5.42751
21	10	。	1.02442
22	1	男人	16.7445
22	2	在	5.0411
22	3	扫描	19.515
22	4	一	5.91667
22	5	张	6.41412
22	6	登报	21.4596
22	7	了	11.5754
22	8	的	0.927531
22	9	文章	9.71983
22	10	。	1.44337
23	1	男人	16.7445
23	2	在	5.0411
23	3	扫描	19.515
23	4	一	5.91667
23	5	张	6.41412
23	6	登报	21.4596
23	7	了	11.5754
23	8	的	0.927531
23	9	图片	8.4355
23	10	。	2.28882
24	1	男人	16.7445
24	2	在	5.0411
24	3	扫描	19.515
24	4	一	5.91667
24	5	篇	9.97346
24	6	登报	21.7965
24	7	了	10.1427
24	8	的	1.44237
24	9	图片	6.92955
24	10	。	2.1738
25	1	演员	16.6743
25	2	在	5.10175
25	3	看	11.9504
25	4	一	5.6522
25	5	张	6.96558
25	6	唤起	22.0098
25	7	她	8.6177
25	8	回忆	15.9026
25	9	的	1.29955
25	10	旧	11.6691
25	11	照片	10.0725
25	12	。	14.5064
26	1	演员	16.6743
26	2	在	5.10175
26	3	看	11.9504
26	4	一	5.6522
26	5	位	3.16398
26	6	唤起	20.9543
26	7	她	8.99714
26	8	回忆	17.2311
26	9	的	0.184757
26	10	旧	13.1507
26	11	照片	12.0924
26	12	。	14.9024
27	1	演员	16.6743
27	2	在	5.10175
27	3	看	11.9504
27	4	一	5.6522
27	5	位	3.16398
27	6	唤起	20.9543
27	7	她	8.99714
27	8	回忆	17.2311
27	9	的	0.184757
27	10	老师	8.33577
27	11	。	14.8032
28	1	演员	16.6743
28	2	在	5.10175
28	3	看	11.9504
28	4	一	5.6522
28	5	张	6.96558
28	6	唤起	22.0098
28	7	她	8.6177
28	8	回忆	15.9026
28	9	的	1.29955
28	10	老师	8.47735
28	11	。	14.4208
29	1	他	6.15281
29	2	在	4.79368
29	3	修理	15.1885
29	4	一	5.21715
29	5	辆	5.7532
29	6	无法	18.1644
29	7	启动	17.7519
29	8	的	0.2302
29	9	汽车	7.9345
29	10	。	1.73566
30	1	他	6.15281
30	2	在	4.79368
30	3	修理	15.1885
30	4	一	5.21715
30	5	套	5.73401
30	6	无法	12.7621
30	7	启动	16.8414
30	8	的	0.242813
30	9	汽车	9.50324
30	10	。	2.10782
31	1	他	6.15281
31	2	在	4.79368
31	3	修理	15.1885
31	4	一	5.21715
31	5	套	5.73401
31	6	无法	12.7621
31	7	启动	16.8414
31	8	的	0.242813
31	9	系统	12.2563
31	10	。	1.40084
32	1	他	6.15281
32	2	在	4.79368
32	3	修理	15.1885
32	4	一	5.21715
32	5	辆	5.7532
32	6	无法	18.1644
32	7	启动	17.7519
32	8	的	0.2302
32	9	系统	13.1325
32	10	。	1.149
33	1	学生	13.1673
33	2	们	20.5842
33	3	在	6.89175
33	4	写	14.3958
33	5	一	5.14421
33	6	部	4.13437
33	7	长	13.974
33	8	一	9.79838
33	9	个	4.71592
33	10	小时	4.87543
33	11	的	0.0243728
33	12	电影	7.17364
33	13	。	15.0201
34	1	学生	13.1673
34	2	们	20.5842
34	3	在	6.89175
34	4	写	14.3958
34	5	一	5.14421
34	6	首	4.98309
34	7	长	12.5284
34	8	一	10.213
34	9	个	4.03227
34	10	小时	4.90104
34	11	的	0.417442
34	12	电影	7.5169
34	13	。	14.9641
35	1	学生	13.1673
35	2	们	20.5842
35	3	在	6.89175
35	4	写	14.3958
35	5	一	5.14421
35	6	首	4.98309
35	7	长	12.5284
35	8	一	10.213
35	9	个	4.03227
35	10	小时	4.90104
35	11	的	0.417442
35	12	戏曲	19.0048
35	13	。	16.8631
36	1	学生	13.1673
36	2	们	20.5842
36	3	在	6.89175
36	4	写	14.3958
36	5	一	5.14421
36	6	部	4.13437
36	7	长	13.974
36	8	一	9.79838
36	9	个	4.71592
36	10	小时	4.87543
36	11	的	0.0243728
36	12	戏曲	18.9283
36	13	。	16.9227
37	1	我们	6.95907
37	2	在	5.24034
37	3	看	6.49912
37	4	一	4.74181
37	5	场	6.51043
37	6	吸引	13.2546
37	7	了	8.19504
37	8	很多	7.98777
37	9	观众	5.92209
37	10	的	0.702164
37	11	表演	10.909
37	12	。	1.99537
38	1	我们	6.95907
38	2	在	5.24034
38	3	看	6.49912
38	4	一	4.74181
38	5	块	10.175
38	6	吸引	13.527
38	7	了	10.0623
38	8	很多	8.2045
38	9	观众	7.67749
38	10	的	0.734436
38	11	表演	11.1391
38	12	。	1.95588
39	1	我们	6.95907
39	2	在	5.24034
39	3	看	6.49912
39	4	一	4.74181
39	5	块	10.175
39	6	吸引	13.527
39	7	了	10.0623
39	8	很多	8.2045
39	9	观众	7.67749
39	10	的	0.734436
39	11	场地	17.1493
39	12	。	2.18037
40	1	我们	6.95907
40	2	在	5.24034
40	3	看	6.49912
40	4	一	4.74181
40	5	场	6.51043
40	6	吸引	13.2546
40	7	了	8.19504
40	8	很多	7.98777
40	9	观众	5.92209
40	10	的	0.702164
40	11	场地	18.5327
40	12	。	1.91398
41	1	他	6.15281
41	2	最	10.039
41	3	喜欢	4.65434
41	4	一	7.27135
41	5	道	10.8794
41	6	让	9.9287
41	7	人	3.10283
41	8	想念	13.1713
41	9	的	4.37556
41	10	菜	13.1
41	11	。	1.23659
42	1	他	6.15281
42	2	最	10.039
42	3	喜欢	4.65434
42	4	一	7.27135
42	5	瓶	12.1398
42	6	让	11.9923
42	7	人	2.61923
42	8	想念	13.8569
42	9	的	3.9883
42	10	菜	11.8449
42	11	。	1.04886
43	1	他	6.15281
43	2	最	10.039
43	3	喜欢	4.65434
43	4	一	7.27135
43	5	瓶	12.1398
43	6	让	11.9923
43	7	人	2.61923
43	8	想念	13.8569
43	9	的	3.9883
43	10	醋	21.9691
43	11	。	3.00465
44	1	他	6.15281
44	2	最	10.039
44	3	喜欢	4.65434
44	4	一	7.27135
44	5	道	10.8794
44	6	让	9.9287
44	7	人	3.10283
44	8	想念	13.1713
44	9	的	4.37556
44	10	醋	23.9389
44	11	。	3.07976
45	1	她	8.71203
45	2	拿	11.6184
45	3	了	4.08125
45	4	一	2.33238
45	5	份	8.01793
45	6	被	10.5539
45	7	提供	14.1476
45	8	给	5.8717
45	9	客人	13.5037
45	10	的	0.440259
45	11	饭	13.4937
45	12	。	5.29878
46	1	她	8.71203
46	2	拿	11.6184
46	3	了	4.08125
46	4	一	2.33238
46	5	卷	15.4745
46	6	被	8.29623
46	7	提供	17.8836
46	8	给	5.90345
46	9	客人	11.2197
46	10	的	3.37794
46	11	饭	14.1013
46	12	。	2.21485
47	1	她	8.71203
47	2	拿	11.6184
47	3	了	4.08125
47	4	一	2.33238
47	5	卷	15.4745
47	6	被	8.29623
47	7	提供	17.8836
47	8	给	5.90345
47	9	客人	11.2197
47	10	的	3.37794
47	11	纸	15.6379
47	12	。	5.04891
48	1	她	8.71203
48	2	拿	11.6184
48	3	了	4.08125
48	4	一	2.33238
48	5	份	8.01793
48	6	被	10.5539
48	7	提供	14.1476
48	8	给	5.8717
48	9	客人	13.5037
48	10	的	0.440259
48	11	纸	16.8125
48	12	。	8.79594
49	1	学生	13.1673
49	2	们	20.5842
49	3	在	6.89175
49	4	写	14.3958
49	5	一	5.14421
49	6	部	4.13437
49	7	令	10.6337
49	8	人	0.306054
49	9	感动	5.99559
49	10	的	0.199897
49	11	戏剧	10.6542
49	12	。	15.8579
50	1	学生	13.1673
50	2	们	20.5842
50	3	在	6.89175
50	4	写	14.3958
50	5	一	5.14421
50	6	篇	3.45206
50	7	令	12.6977
50	8	人	0.367908
50	9	感动	5.86011
50	10	的	0.192579
50	11	戏剧	11.4981
50	12	。	14.8187
51	1	学生	13.1673
51	2	们	20.5842
51	3	在	6.89175
51	4	写	14.3958
51	5	一	5.14421
51	6	篇	3.45206
51	7	令	12.6977
51	8	人	0.367908
51	9	感动	5.86011
51	10	的	0.192579
51	11	文章	4.7156
51	12	。	12.3289
52	1	学生	13.1673
52	2	们	20.5842
52	3	在	6.89175
52	4	写	14.3958
52	5	一	5.14421
52	6	部	4.13437
52	7	令	10.6337
52	8	人	0.306054
52	9	感动	5.99559
52	10	的	0.199897
52	11	文章	5.93624
52	12	。	13.3802
53	1	这	6.33297
53	2	是	1.78418
53	3	一	2.88535
53	4	辆	10.5249
53	5	有	8.59093
53	6	历史	11.3856
53	7	的	1.61658
53	8	火车	15.0659
53	9	。	3.99852
54	1	这	6.33297
54	2	是	1.78418
54	3	一	2.88535
54	4	扇	13.1471
54	5	有	8.72939
54	6	历史	10.8675
54	7	的	1.94445
54	8	火车	17.0335
54	9	。	4.59691
55	1	这	6.33297
55	2	是	1.78418
55	3	一	2.88535
55	4	扇	13.1471
55	5	有	8.72939
55	6	历史	10.8675
55	7	的	1.94445
55	8	窗户	14.1266
55	9	。	2.09294
56	1	这	6.33297
56	2	是	1.78418
56	3	一	2.88535
56	4	辆	10.5249
56	5	有	8.59093
56	6	历史	11.3856
56	7	的	1.61658
56	8	窗户	13.0998
56	9	。	1.8416
57	1	老师	15.0866
57	2	在	5.60026
57	3	责备	13.4539
57	4	三	15.2361
57	5	名	6.89385
57	6	不	10.3264
57	7	睡觉	15.459
57	8	的	0.238093
57	9	学生	5.99929
57	10	。	2.00714
58	1	老师	15.0866
58	2	在	5.60026
58	3	责备	13.4539
58	4	三	15.2361
58	5	只	5.83008
58	6	不	6.30556
58	7	睡觉	16.2387
58	8	的	0.164342
58	9	学生	8.51268
58	10	。	2.47969
59	1	老师	15.0866
59	2	在	5.60026
59	3	责备	13.4539
59	4	三	15.2361
59	5	只	5.83008
59	6	不	6.30556
59	7	睡觉	16.2387
59	8	的	0.164342
59	9	宠物	16.0113
59	10	。	4.24499
60	1	老师	15.0866
60	2	在	5.60026
60	3	责备	13.4539
60	4	三	15.2361
60	5	名	6.89385
60	6	不	10.3264
60	7	睡觉	15.459
60	8	的	0.238093
60	9	宠物	16.9494
60	10	。	4.15343
61	1	她	8.71203
61	2	买	14.0178
61	3	过	4.01019
61	4	两	7.94203
61	5	杯	8.33996
61	6	正在	13.6173
61	7	打折	14.5736
61	8	的	0.0406337
61	9	咖啡	7.22602
61	10	。	3.41086
62	1	她	8.71203
62	2	买	14.0178
62	3	过	4.01019
62	4	两	7.94203
62	5	个	1.81802
62	6	正在	11.2246
62	7	打折	14.1755
62	8	的	0.033931
62	9	咖啡	8.29259
62	10	。	3.00346
63	1	她	8.71203
63	2	买	14.0178
63	3	过	4.01019
63	4	两	7.94203
63	5	个	1.81802
63	6	正在	11.2246
63	7	打折	14.1755
63	8	的	0.033931
63	9	杯子	11.3163
63	10	。	5.12807
64	1	她	8.71203
64	2	买	14.0178
64	3	过	4.01019
64	4	两	7.94203
64	5	杯	8.33996
64	6	正在	13.6173
64	7	打折	14.5736
64	8	的	0.0406337
64	9	杯子	12.1289
64	10	。	6.24581
65	1	孩子	13.5484
65	2	在	5.03681
65	3	卖	10.9828
65	4	五	11.1376
65	5	台	5.67531
65	6	有	12.2522
65	7	花纹	16.6443
65	8	的	1.24155
65	9	桌子	11.2384
65	10	。	1.51684
66	1	孩子	13.5484
66	2	在	5.03681
66	3	卖	10.9828
66	4	五	11.1376
66	5	块	6.60635
66	6	有	13.6363
66	7	花纹	17.1378
66	8	的	2.2469
66	9	桌子	11.3558
66	10	。	2.97929
67	1	孩子	13.5484
67	2	在	5.03681
67	3	卖	10.9828
67	4	五	11.1376
67	5	块	6.60635
67	6	有	13.6363
67	7	花纹	17.1378
67	8	的	2.2469
67	9	蛋糕	11.2274
67	10	。	1.01989
68	1	孩子	13.5484
68	2	在	5.03681
68	3	卖	10.9828
68	4	五	11.1376
68	5	台	5.67531
68	6	有	12.2522
68	7	花纹	16.6443
68	8	的	1.24155
68	9	蛋糕	10.3432
68	10	。	0.772711
69	1	妈妈	14.0137
69	2	在	6.22785
69	3	做	11.1237
69	4	一	4.30548
69	5	张	4.07531
69	6	代表	14.3885
69	7	幸运	16.6262
69	8	的	0.379946
69	9	地图	11.2537
69	10	。	3.5618
70	1	妈妈	14.0137
70	2	在	6.22785
70	3	做	11.1237
70	4	一	4.30548
70	5	面	9.57749
70	6	代表	13.4168
70	7	幸运	16.7025
70	8	的	0.405294
70	9	地图	11.9328
70	10	。	3.59284
71	1	妈妈	14.0137
71	2	在	6.22785
71	3	做	11.1237
71	4	一	4.30548
71	5	面	9.57749
71	6	代表	13.4168
71	7	幸运	16.7025
71	8	的	0.405294
71	9	镜子	17.2232
71	10	。	1.01531
72	1	妈妈	14.0137
72	2	在	6.22785
72	3	做	11.1237
72	4	一	4.30548
72	5	张	4.07531
72	6	代表	14.3885
72	7	幸运	16.6262
72	8	的	0.379946
72	9	镜子	18.0454
72	10	。	1.18066
73	1	爸爸	12.2864
73	2	买	11.2186
73	3	了	1.83183
73	4	一	2.83471
73	5	栋	9.09616
73	6	令	14.9053
73	7	人	0.487204
73	8	满意	9.65352
73	9	的	0.0536283
73	10	房子	5.15491
73	11	。	0.722054
74	1	爸爸	12.2864
74	2	买	11.2186
74	3	了	1.83183
74	4	一	2.83471
74	5	条	5.75095
74	6	令	10.8615
74	7	人	0.357138
74	8	满意	8.84298
74	9	的	0.0830204
74	10	房子	6.12706
74	11	。	0.762865
75	1	爸爸	12.2864
75	2	买	11.2186
75	3	了	1.83183
75	4	一	2.83471
75	5	条	5.75095
75	6	令	10.8615
75	7	人	0.357138
75	8	满意	8.84298
75	9	的	0.0830204
75	10	沙发	14.4411
75	11	。	0.680797
76	1	爸爸	12.2864
76	2	买	11.2186
76	3	了	1.83183
76	4	一	2.83471
76	5	栋	9.09616
76	6	令	14.9053
76	7	人	0.487204
76	8	满意	9.65352
76	9	的	0.0536283
76	10	沙发	14.4324
76	11	。	0.571729
77	1	我	6.0542
77	2	想	4.2166
77	3	种	16.6727
77	4	一	5.6138
77	5	朵	14.8315
77	6	能	11.9184
77	7	开花	16.9344
77	8	的	1.47586
77	9	玫瑰	20.4566
77	10	。	1.19429
78	1	我	6.0542
78	2	想	4.2166
78	3	种	16.6727
78	4	一	5.6138
78	5	颗	8.7433
78	6	能	12.4946
78	7	开花	16.5803
78	8	的	1.51241
78	9	玫瑰	19.8903
78	10	。	1.07889
79	1	我	6.0542
79	2	想	4.2166
79	3	种	16.6727
79	4	一	5.6138
79	5	颗	8.7433
79	6	能	12.4946
79	7	开花	16.5803
79	8	的	1.51241
79	9	种子	13.9119
79	10	。	0.74464
80	1	我	6.0542
80	2	想	4.2166
80	3	种	16.6727
80	4	一	5.6138
80	5	朵	14.8315
80	6	能	11.9184
80	7	开花	16.9344
80	8	的	1.47586
80	9	种子	14.444
80	10	。	0.927483
81	1	我	6.0542
81	2	经常	9.21412
81	3	去	6.3396
81	4	一	7.24895
81	5	家	5.36389
81	6	有	8.32963
81	7	雕塑	15.2284
81	8	的	0.160355
81	9	医院	9.20992
81	10	。	2.13303
82	1	我	6.0542
82	2	经常	9.21412
82	3	去	6.3396
82	4	一	7.24895
82	5	座	8.07715
82	6	有	8.56452
82	7	雕塑	15.0351
82	8	的	0.160444
82	9	医院	7.92664
82	10	。	2.3229
83	1	我	6.0542
83	2	经常	9.21412
83	3	去	6.3396
83	4	一	7.24895
83	5	座	8.07715
83	6	有	8.56452
83	7	雕塑	15.0351
83	8	的	0.160444
83	9	城市	9.05726
83	10	。	2.18409
84	1	我	6.0542
84	2	经常	9.21412
84	3	去	6.3396
84	4	一	7.24895
84	5	家	5.36389
84	6	有	8.32963
84	7	雕塑	15.2284
84	8	的	0.160355
84	9	城市	9.12797
84	10	。	1.9405
85	1	我	6.0542
85	2	拜访	13.7329
85	3	了	4.88852
85	4	这	5.3823
85	5	一	2.65544
85	6	所	12.5854
85	7	培养	21.113
85	8	了	8.13626
85	9	我	6.9293
85	10	的	2.1624
85	11	高中	13.3611
85	12	。	2.14323
86	1	我	6.0542
86	2	拜访	13.7329
86	3	了	4.88852
86	4	这	5.3823
86	5	一	2.65544
86	6	位	5.62863
86	7	培养	19.9126
86	8	了	5.5819
86	9	我	6.23211
86	10	的	2.1237
86	11	高中	12.6803
86	12	。	2.6372
87	1	我	6.0542
87	2	拜访	13.7329
87	3	了	4.88852
87	4	这	5.3823
87	5	一	2.65544
87	6	位	5.62863
87	7	培养	19.9126
87	8	了	5.5819
87	9	我	6.23211
87	10	的	2.1237
87	11	老师	10.7222
87	12	。	2.33354
88	1	我	6.0542
88	2	拜访	13.7329
88	3	了	4.88852
88	4	这	5.3823
88	5	一	2.65544
88	6	所	12.5854
88	7	培养	21.113
88	8	了	8.13626
88	9	我	6.9293
88	10	的	2.1624
88	11	老师	11.9839
88	12	。	1.74081
89	1	他	6.15281
89	2	在	4.79368
89	3	读	10.8053
89	4	一	5.85836
89	5	条	5.37885
89	6	让	13.1194
89	7	他	3.9736
89	8	流泪	14.6025
89	9	的	0.399736
89	10	评论	10.2189
89	11	。	4.9043
90	1	他	6.15281
90	2	在	4.79368
90	3	读	10.8053
90	4	一	5.85836
90	5	首	5.98812
90	6	让	13.9487
90	7	他	3.50488
90	8	流泪	14.5978
90	9	的	0.36988
90	10	评论	10.9632
90	11	。	5.69321
91	1	他	6.15281
91	2	在	4.79368
91	3	读	10.8053
91	4	一	5.85836
91	5	首	5.98812
91	6	让	13.9487
91	7	他	3.50488
91	8	流泪	14.5978
91	9	的	0.36988
91	10	诗歌	19.3287
91	11	。	3.88175
92	1	他	6.15281
92	2	在	4.79368
92	3	读	10.8053
92	4	一	5.85836
92	5	条	5.37885
92	6	让	13.1194
92	7	他	3.9736
92	8	流泪	14.6025
92	9	的	0.399736
92	10	诗歌	19.202
92	11	。	2.97861
93	1	她	8.71203
93	2	从来	10.3141
93	3	没	3.29842
93	4	见	7.53683
93	5	过	1.20713
93	6	一	3.57174
93	7	头	7.34377
93	8	受伤	13.364
93	9	了	8.82384
93	10	的	0.178556
93	11	老虎	23.1575
93	12	。	3.42707
94	1	她	8.71203
94	2	从来	10.3141
94	3	没	3.29842
94	4	见	7.53683
94	5	过	1.20713
94	6	一	3.57174
94	7	双	9.89416
94	8	受伤	12.359
94	9	了	8.41099
94	10	的	0.298178
94	11	老虎	23.7342
94	12	。	3.15685
95	1	她	8.71203
95	2	从来	10.3141
95	3	没	3.29842
95	4	见	7.53683
95	5	过	1.20713
95	6	一	3.57174
95	7	双	9.89416
95	8	受伤	12.359
95	9	了	8.41099
95	10	的	0.298178
95	11	眼睛	8.93898
95	12	。	1.2449
96	1	她	8.71203
96	2	从来	10.3141
96	3	没	3.29842
96	4	见	7.53683
96	5	过	1.20713
96	6	一	3.57174
96	7	头	7.34377
96	8	受伤	13.364
96	9	了	8.82384
96	10	的	0.178556
96	11	眼睛	10.409
96	12	。	2.98454
97	1	我	6.0542
97	2	还	8.46452
97	3	没有	5.12948
97	4	检查	13.1123
97	5	一	5.52675
97	6	份	5.67367
97	7	要	13.2595
97	8	被	10.317
97	9	上交	18.2883
97	10	的	0.477654
97	11	作业	14.1417
97	12	。	3.07415
98	1	我	6.0542
98	2	还	8.46452
98	3	没有	5.12948
98	4	检查	13.1123
98	5	一	5.52675
98	6	行	10.2132
98	7	要	13.2502
98	8	被	9.28099
98	9	上交	18.3329
98	10	的	0.48608
98	11	作业	15.1732
98	12	。	2.4731
99	1	我	6.0542
99	2	还	8.46452
99	3	没有	5.12948
99	4	检查	13.1123
99	5	一	5.52675
99	6	行	10.2132
99	7	要	13.2502
99	8	被	9.28099
99	9	上交	18.3329
99	10	的	0.48608
99	11	公式	15.9987
99	12	。	1.3306
100	1	我	6.0542
100	2	还	8.46452
100	3	没有	5.12948
100	4	检查	13.1123
100	5	一	5.52675
100	6	份	5.67367
100	7	要	13.2595
100	8	被	10.317
100	9	上交	18.2883
100	10	的	0.477654
100	11	公式	16.5621
100	12	。	1.88412
101	1	孩子	13.5484
101	2	听到	11.4915
101	3	了	2.41523
101	4	一	3.38952
101	5	首	8.35717
101	6	令	9.88977
101	7	他	6.06712
101	8	熟悉	8.70845
101	9	的	0.148743
101	10	歌曲	7.99556
101	11	。	0.536057
102	1	孩子	13.5484
102	2	听到	11.4915
102	3	了	2.41523
102	4	一	3.38952
102	5	张	5.25258
102	6	令	10.2616
102	7	他	6.87521
102	8	熟悉	8.50449
102	9	的	0.114394
102	10	歌曲	8.89257
102	11	。	0.569962
103	1	孩子	13.5484
103	2	听到	11.4915
103	3	了	2.41523
103	4	一	3.38952
103	5	张	5.25258
103	6	令	10.2616
103	7	他	6.87521
103	8	熟悉	8.50449
103	9	的	0.114394
103	10	专辑	15.0703
103	11	。	0.46602
104	1	孩子	13.5484
104	2	听到	11.4915
104	3	了	2.41523
104	4	一	3.38952
104	5	首	8.35717
104	6	令	9.88977
104	7	他	6.06712
104	8	熟悉	8.70845
104	9	的	0.148743
104	10	专辑	14.0345
104	11	。	0.467682
105	1	护士	17.957
105	2	做	13.7994
105	3	了	1.86188
105	4	一	4.20452
105	5	次	4.88698
105	6	需要	14.8012
105	7	仪器	16.803
105	8	的	0.332976
105	9	检查	8.89313
105	10	。	3.60901
106	1	护士	17.957
106	2	做	13.7994
106	3	了	1.86188
106	4	一	4.20452
106	5	篇	3.55124
106	6	需要	21.0518
106	7	仪器	18.8774
106	8	的	0.525466
106	9	检查	9.91808
106	10	。	3.49896
107	1	护士	17.957
107	2	做	13.7994
107	3	了	1.86188
107	4	一	4.20452
107	5	篇	3.55124
107	6	需要	21.0518
107	7	仪器	18.8774
107	8	的	0.525466
107	9	报告	13.3634
107	10	。	2.70636
108	1	护士	17.957
108	2	做	13.7994
108	3	了	1.86188
108	4	一	4.20452
108	5	次	4.88698
108	6	需要	14.8012
108	7	仪器	16.803
108	8	的	0.332976
108	9	报告	12.7887
108	10	。	2.83527
109	1	这里	11.1996
109	2	是	1.93772
109	3	两	10.0108
109	4	台	9.05563
109	5	出现	13.5632
109	6	问题	10.0165
109	7	的	0.0861898
109	8	电视	13.9098
109	9	。	5.91474
110	1	这里	11.1996
110	2	是	1.93772
110	3	两	10.0108
110	4	份	11.1363
110	5	出现	13.7903
110	6	问题	8.5014
110	7	的	0.282913
110	8	电视	15.4042
110	9	。	6.38049
111	1	这里	11.1996
111	2	是	1.93772
111	3	两	10.0108
111	4	份	11.1363
111	5	出现	13.7903
111	6	问题	8.5014
111	7	的	0.282913
111	8	订单	20.653
111	9	。	2.14643
112	1	这里	11.1996
112	2	是	1.93772
112	3	两	10.0108
112	4	台	9.05563
112	5	出现	13.5632
112	6	问题	10.0165
112	7	的	0.0861898
112	8	订单	17.3035
112	9	。	1.66916
113	1	他	6.15281
113	2	很	7.86112
113	3	欣赏	9.20617
113	4	一	6.05897
113	5	处	9.5814
113	6	有	7.08273
113	7	名气	13.9961
113	8	的	0.772591
113	9	景点	18.7036
113	10	。	3.13494
114	1	他	6.15281
114	2	很	7.86112
114	3	欣赏	9.20617
114	4	一	6.05897
114	5	位	3.94481
114	6	有	7.543
114	7	名气	14.2605
114	8	的	1.02289
114	9	景点	18.9609
114	10	。	4.04856
115	1	他	6.15281
115	2	很	7.86112
115	3	欣赏	9.20617
115	4	一	6.05897
115	5	位	3.94481
115	6	有	7.543
115	7	名气	14.2605
115	8	的	1.02289
115	9	领导	16.625
115	10	。	4.48039
116	1	他	6.15281
116	2	很	7.86112
116	3	欣赏	9.20617
116	4	一	6.05897
116	5	处	9.5814
116	6	有	7.08273
116	7	名气	13.9961
116	8	的	0.772591
116	9	领导	16.6544
116	10	。	3.69008
117	1	那里	13.7026
117	2	有	4.38066
117	3	一	2.22673
117	4	支	8.11803
117	5	完成	14.2809
117	6	任务	11.7711
117	7	了	10.5105
117	8	的	2.08696
117	9	舰队	15.8535
117	10	。	3.92614
118	1	那里	13.7026
118	2	有	4.38066
118	3	一	2.22673
118	4	艘	7.73154
118	5	完成	15.0479
118	6	任务	11.3095
118	7	了	11.0492
118	8	的	3.34233
118	9	舰队	14.0387
118	10	。	3.99584
119	1	那里	13.7026
119	2	有	4.38066
119	3	一	2.22673
119	4	艘	7.73154
119	5	完成	15.0479
119	6	任务	11.3095
119	7	了	11.0492
119	8	的	3.34233
119	9	渔船	12.5446
119	10	。	5.12168
120	1	那里	13.7026
120	2	有	4.38066
120	3	一	2.22673
120	4	支	8.11803
120	5	完成	14.2809
120	6	任务	11.7711
120	7	了	10.5105
120	8	的	2.08696
120	9	渔船	14.3638
120	10	。	4.03673
