sentence_id	token_id	token	surprisal
1	1	随着	10.0795
1	2	政府	7.32516
1	3	发展	7.16826
1	4	，	3.33908
1	5	经济	7.0985
1	6	变	13.2166
1	7	好	6.8742
1	8	了	11.3221
1	9	。	1.62182
2	1	随着	10.0795
2	2	政府	7.32516
2	3	发展	7.16826
2	4	。	13.8325
3	1	随着	10.0795
3	2	互联网	10.4709
3	3	的	0.735215
3	4	出现	13.0185
3	5	，	0.593478
3	6	生活	11.0094
3	7	质量	7.83114
3	8	提高	10.4547
3	9	了	1.10795
3	10	。	8.96574
4	1	随着	10.0795
4	2	互联网	10.4709
4	3	的	0.735215
4	4	出现	13.0185
4	5	。	9.86138
5	1	随着	10.0795
5	2	一阵	20.4196
5	3	铃声	20.7116
5	4	，	3.45445
5	5	火车	15.3618
5	6	开	13.2165
5	7	了	1.2465
5	8	。	9.99193
6	1	随着	10.0795
6	2	一阵	20.4196
6	3	铃声	20.7116
6	4	。	13.1676
7	1	随着	10.0795
7	2	他	9.81892
7	3	的	1.10925
7	4	年龄	17.0734
7	5	增长	10.8003
7	6	，	0.489528
7	7	他	7.56991
7	8	更	8.04483
7	9	有	6.24549
7	10	自信	11.7161
7	11	了	12.0705
7	12	。	0.1046
8	1	随着	10.0795
8	2	他	9.81892
8	3	的	1.10925
8	4	年龄	17.0734
8	5	增长	10.8003
8	6	。	9.59234
9	1	随着	10.0795
9	2	冬天	15.9658
9	3	的	1.44176
9	4	到来	5.83741
9	5	，	0.0982477
9	6	树木	21.184
9	7	凋零	22.8382
9	8	了	1.20199
9	9	。	5.12367
10	1	随着	10.0795
10	2	冬天	15.9658
10	3	的	1.44176
10	4	到来	5.83741
10	5	。	10.218
11	1	随着	10.0795
11	2	科技	10.2243
11	3	发展	4.77709
11	4	，	2.03371
11	5	电脑	12.5093
11	6	功能	11.3385
11	7	变得	10.7145
11	8	更	5.23221
11	9	多	3.41008
11	10	了	6.01919
11	11	。	1.20969
12	1	随着	10.0795
12	2	科技	10.2243
12	3	发展	4.77709
12	4	。	12.6601
13	1	自从	11.5384
13	2	见	16.9288
13	3	了	3.62063
13	4	他	6.7065
13	5	，	8.68549
13	6	她	8.79471
13	7	一直	10.7926
13	8	在	3.42879
13	9	写信	16.1576
13	10	。	12.4664
14	1	自从	11.5384
14	2	见	16.9288
14	3	了	3.62063
14	4	他	6.7065
14	5	。	17.6728
15	1	自从	11.5384
15	2	修	20.2315
15	3	了	5.85489
15	4	公路	13.2751
15	5	，	3.49637
15	6	农村	15.3845
15	7	经济	8.42751
15	8	变	11.8809
15	9	好	7.25028
15	10	了	11.8289
15	11	。	12.2284
16	1	自从	11.5384
16	2	修	20.2315
16	3	了	5.85489
16	4	公路	13.2751
16	5	。	12.4358
17	1	自从	11.5384
17	2	离开	14.3873
17	3	家乡	10.3558
17	4	，	5.15118
17	5	她	6.26822
17	6	一直	8.11598
17	7	想念	13.445
17	8	父母	8.51393
17	9	。	3.10393
18	1	自从	11.5384
18	2	离开	14.3873
18	3	家乡	10.3558
18	4	。	14.4687
19	1	自从	11.5384
19	2	他	5.89731
19	3	开始	5.80782
19	4	读书	10.5609
19	5	，	5.43526
19	6	他	5.24902
19	7	的	4.76458
19	8	成绩	12.0986
19	9	提高	15.5071
19	10	了	0.71568
19	11	。	7.21763
20	1	自从	11.5384
20	2	他	5.89731
20	3	开始	5.80782
20	4	读书	10.5609
20	5	。	14.0752
21	1	自从	11.5384
21	2	他	5.89731
21	3	获得	8.02572
21	4	大奖	13.392
21	5	，	6.45847
21	6	他	4.64807
21	7	不	6.80749
21	8	学习	13.8247
21	9	了	6.48386
21	10	。	4.11033
22	1	自从	11.5384
22	2	他	5.89731
22	3	获得	8.02572
22	4	大奖	13.392
22	5	。	15.5348
23	1	自从	11.5384
23	2	她	6.89547
23	3	认识	11.1179
23	4	了	5.09397
23	5	老师	12.2506
23	6	，	4.31652
23	7	她	6.13847
23	8	努力	11.1436
23	9	训练	14.3893
23	10	。	6.88655
24	1	自从	11.5384
24	2	她	6.89547
24	3	认识	11.1179
24	4	了	5.09397
24	5	老师	12.2506
24	6	。	11.6355
25	1	自从	11.5384
25	2	她	6.89547
25	3	参与	11.8234
25	4	了	5.66009
25	5	活动	13.4137
25	6	，	4.44194
25	7	她	7.55975
25	8	认识	12.076
25	9	了	2.93991
25	10	很多	8.33604
25	11	人	1.85966
25	12	。	3.84716
26	1	自从	11.5384
26	2	她	6.89547
26	3	参与	11.8234
26	4	了	5.66009
26	5	活动	13.4137
26	6	。	12.2383
27	1	自从	11.5384
27	2	她	6.89547
27	3	学习	12.1113
27	4	了	5.27062
27	5	外语	16.0079
27	6	，	5.97854
27	7	她	11.5988
27	8	看	12.5886
27	9	了	5.10404
27	10	很多	9.9621
27	11	电影	7.49517
27	12	。	9.4536
28	1	自从	11.5384
28	2	她	6.89547
28	3	学习	12.1113
28	4	了	5.27062
28	5	外语	16.0079
28	6	。	15.8772
29	1	因为	8.51941
29	2	喝	15.9527
29	3	了	3.75205
29	4	酒	7.80634
29	5	，	1.11826
29	6	他	7.59154
29	7	摔	11.2911
29	8	了	1.54004
29	9	。	3.46705
30	1	因为	8.51941
30	2	喝	15.9527
30	3	了	3.75205
30	4	酒	7.80634
30	5	。	3.46359
31	1	因为	8.51941
31	2	他	5.60047
31	3	要	6.55563
31	4	迟到	20.0131
31	5	了	5.9069
31	6	，	2.56816
31	7	他	5.42271
31	8	结束	13.4679
31	9	了	1.86204
31	10	谈话	12.4203
31	11	。	3.43584
32	1	因为	8.51941
32	2	他	5.60047
32	3	要	6.55563
32	4	迟到	20.0131
32	5	了	5.9069
32	6	。	2.02288
33	1	因为	8.51941
33	2	他	5.60047
33	3	没有	6.84751
33	4	练习	15.7738
33	5	题目	17.0841
33	6	，	1.73016
33	7	他	5.42175
33	8	没有	7.19208
33	9	成功	10.9142
33	10	。	1.02488
34	1	因为	8.51941
34	2	他	5.60047
34	3	没有	6.84751
34	4	练习	15.7738
34	5	题目	17.0841
34	6	。	2.02624
35	1	因为	8.51941
35	2	疾病	16.8795
35	3	，	5.33608
35	4	她	9.0717
35	5	拒绝	11.7825
35	6	了	4.65345
35	7	演出	16.1712
35	8	。	3.58377
36	1	因为	8.51941
36	2	疾病	16.8795
36	3	。	10.6938
37	1	因为	8.51941
37	2	听	13.9707
37	3	着	4.15799
37	4	音乐	15.0503
37	5	，	2.41494
37	6	她	8.1474
37	7	错过	14.5876
37	8	了	1.07125
37	9	广播	13.9339
37	10	。	5.19065
38	1	因为	8.51941
38	2	听	13.9707
38	3	着	4.15799
38	4	音乐	15.0503
38	5	。	4.4877
39	1	尽管	10.3539
39	2	领导	12.4888
39	3	已经	7.67128
39	4	离去	13.76
39	5	，	0.214861
39	6	工人	15.4151
39	7	还	7.04563
39	8	在	5.16534
39	9	工作	9.14581
39	10	。	2.43259
40	1	尽管	10.3539
40	2	领导	12.4888
40	3	已经	7.67128
40	4	离去	13.76
40	5	。	7.01342
41	1	尽管	10.3539
41	2	他	5.882
41	3	年纪	18.4938
41	4	小	10.8402
41	5	，	1.35489
41	6	他	5.29424
41	7	有	6.5744
41	8	能力	7.89059
41	9	。	4.80198
42	1	尽管	10.3539
42	2	他	5.882
42	3	年纪	18.4938
42	4	小	10.8402
42	5	。	8.54076
43	1	尽管	10.3539
43	2	她	8.6082
43	3	会	6.80414
43	4	开车	11.818
43	5	，	3.13091
43	6	她	8.76393
43	7	今天	10.3468
43	8	没有	7.30308
43	9	开车	9.93925
43	10	。	1.31539
44	1	尽管	10.3539
44	2	她	8.6082
44	3	会	6.80414
44	4	开车	11.818
44	5	。	10.3316
45	1	尽管	10.3539
45	2	作家	14.782
45	3	很	12.4092
45	4	年轻	11.8051
45	5	，	0.164928
45	6	他	5.53086
45	7	写	12.4187
45	8	了	1.72121
45	9	很多	9.05596
45	10	作品	5.28848
45	11	。	2.0234
46	1	尽管	10.3539
46	2	作家	14.782
46	3	很	12.4092
46	4	年轻	11.8051
46	5	。	6.6853
47	1	尽管	10.3539
47	2	父亲	12.7804
47	3	不	5.47753
47	4	同意	8.70231
47	5	他	6.66039
47	6	唱歌	14.8588
47	7	，	0.235251
47	8	他	5.42531
47	9	还是	6.99186
47	10	买	11.8405
47	11	了	2.20507
47	12	吉他	17.0071
47	13	。	1.57576
48	1	尽管	10.3539
48	2	父亲	12.7804
48	3	不	5.47753
48	4	同意	8.70231
48	5	他	6.66039
48	6	唱歌	14.8588
48	7	。	6.82002
49	1	尽管	10.3539
49	2	经济	10.3443
49	3	不	5.73595
49	4	好	4.68403
49	5	，	0.212375
49	6	他	8.61678
49	7	还是	6.35236
49	8	关心	11.7168
49	9	慈善	16.5394
49	10	。	3.71453
50	1	尽管	10.3539
50	2	经济	10.3443
50	3	不	5.73595
50	4	好	4.68403
50	5	。	7.19603
51	1	如果	7.57943
51	2	她	8.62574
51	3	做	7.94969
51	4	完	18.2328
51	5	作业	18.8856
51	6	，	0.831124
51	7	她	5.3648
51	8	去	8.66342
51	9	健身房	9.60121
51	10	。	6.71012
52	1	如果	7.57943
52	2	她	8.62574
52	3	做	7.94969
52	4	完	18.2328
52	5	作业	18.8856
52	6	。	8.01737
53	1	如果	7.57943
53	2	她们	12.1324
53	3	照	16.4767
53	4	了	6.69829
53	5	相	17.9728
53	6	，	2.50091
53	7	她们	12.7657
53	8	就	8.17098
53	9	留下	14.5964
53	10	了	0.443545
53	11	回忆	15.898
53	12	。	1.10362
54	1	如果	7.57943
54	2	她们	12.1324
54	3	照	16.4767
54	4	了	6.69829
54	5	相	17.9728
54	6	。	9.27667
55	1	如果	7.57943
55	2	培养	15.2507
55	3	了	4.46194
55	4	信心	14.2955
55	5	，	1.30656
55	6	她	11.526
55	7	可以	6.09339
55	8	实现	9.77836
55	9	梦想	15.1654
55	10	。	1.31241
56	1	如果	7.57943
56	2	培养	15.2507
56	3	了	4.46194
56	4	信心	14.2955
56	5	。	8.58083
57	1	如果	7.57943
57	2	他	6.01764
57	3	不	4.66296
57	4	尝试	9.96537
57	5	，	2.79988
57	6	他	5.98803
57	7	将	6.70082
57	8	失去	9.59381
57	9	机会	9.13801
57	10	。	1.72754
58	1	如果	7.57943
58	2	他	6.01764
58	3	不	4.66296
58	4	尝试	9.96537
58	5	。	10.2096
59	1	如果	7.57943
59	2	她	8.62574
59	3	来	9.08048
59	4	，	2.81629
59	5	母亲	10.1943
59	6	会	4.46128
59	7	准备	13.03
59	8	水果	20.7565
59	9	。	5.52191
60	1	如果	7.57943
60	2	她	8.62574
60	3	来	9.08048
60	4	。	11.1608
