sentence_id	token_id	token	surprisal
1	1	那	7.24113
1	2	位	8.13966
1	3	教授	12.4233
1	4	写	11.4801
1	5	了	1.83023
1	6	书	11.3855
1	7	。	5.85381
2	1	那	7.24113
2	2	位	8.13966
2	3	教授	12.4233
2	4	写	11.4801
2	5	了	1.83023
2	6	笔	17.857
2	7	。	3.72924
3	1	弟弟	18.5377
3	2	开	11.8469
3	3	了	1.7357
3	4	父亲	11.2263
3	5	的	1.34911
3	6	车	7.11455
3	7	。	8.24862
4	1	弟弟	18.5377
4	2	开	11.8469
4	3	了	1.7357
4	4	父亲	11.2263
4	5	的	1.34911
4	6	钱	9.4087
4	7	。	8.12464
5	1	他	6.15281
5	2	读	12.9178
5	3	了	1.9538
5	4	桌子	10.6105
5	5	上	9.592
5	6	的	11.1426
5	7	报纸	15.5847
5	8	。	4.09689
6	1	他	6.15281
6	2	读	12.9178
6	3	了	1.9538
6	4	桌子	10.6105
6	5	上	9.592
6	6	的	11.1426
6	7	筷子	17.3514
6	8	。	3.89932
7	1	她	8.71203
7	2	终于	11.9394
7	3	实现	16.7702
7	4	了	0.578987
7	5	她	9.39583
7	6	的	1.30666
7	7	理想	13.4305
7	8	。	1.72145
8	1	她	8.71203
8	2	终于	11.9394
8	3	实现	16.7702
8	4	了	0.578987
8	5	她	9.39583
8	6	的	1.30666
8	7	手机	11.2306
8	8	。	2.46847
9	1	我	6.0542
9	2	修理	17.7299
9	3	了	3.28386
9	4	这个	7.98381
9	5	电脑	11.5824
9	6	。	2.34541
10	1	我	6.0542
10	2	修理	17.7299
10	3	了	3.28386
10	4	这个	7.98381
10	5	想法	10.5242
10	6	。	0.805439
11	1	他	6.15281
11	2	承担	16.9142
11	3	了	2.68663
11	4	我	8.25132
11	5	的	1.74084
11	6	责任	6.89162
11	7	。	1.63604
12	1	他	6.15281
12	2	承担	16.9142
12	3	了	2.68663
12	4	我	8.25132
12	5	的	1.74084
12	6	学校	13.6734
12	7	。	2.1506
13	1	我	6.0542
13	2	邀请	15.1939
13	3	过	8.20926
13	4	我	2.84836
13	5	的	4.61674
13	6	朋友	5.38891
13	7	。	4.57889
14	1	我	6.0542
14	2	邀请	15.1939
14	3	过	8.20926
14	4	我	2.84836
14	5	的	4.61674
14	6	音响	21.7646
14	7	。	5.14604
15	1	老师	15.0866
15	2	拿出	14.1965
15	3	了	4.78335
15	4	他	6.90996
15	5	的	0.618862
15	6	手机	11.1321
15	7	。	5.26703
16	1	老师	15.0866
16	2	拿出	14.1965
16	3	了	4.78335
16	4	他	6.90996
16	5	的	0.618862
16	6	梦想	11.0898
16	7	。	4.04022
17	1	记者	10.2074
17	2	采访	8.35926
17	3	了	4.34739
17	4	艺术家	18.4807
17	5	。	2.35015
18	1	记者	10.2074
18	2	采访	8.35926
18	3	了	4.34739
18	4	健身房	18.7345
18	5	。	2.04456
19	1	他	6.15281
19	2	参与	12.2045
19	3	了	2.72693
19	4	战争	12.3877
19	5	。	3.34706
20	1	他	6.15281
20	2	参与	12.2045
20	3	了	2.72693
20	4	城市	11.2123
20	5	。	4.28329
21	1	她	8.71203
21	2	增大	20.5787
21	3	了	1.69662
21	4	学习	14.6204
21	5	力度	8.62223
21	6	。	0.619813
22	1	她	8.71203
22	2	增大	20.5787
22	3	了	1.69662
22	4	学习	14.6204
22	5	效率	10.2303
22	6	。	1.05503
23	1	我	6.0542
23	2	结束	16.6171
23	3	了	1.26523
23	4	谈话	12.2086
23	5	。	3.68682
24	1	我	6.0542
24	2	结束	16.6171
24	3	了	1.26523
24	4	对方	15.4413
24	5	。	7.45052
25	1	他	6.15281
25	2	种	19.3123
25	3	了	2.94426
25	4	很多	7.87977
25	5	花	14.3601
25	6	。	4.5668
26	1	他	6.15281
26	2	种	19.3123
26	3	了	2.94426
26	4	很多	7.87977
26	5	水	13.277
26	6	。	3.53267
27	1	他	6.15281
27	2	申请	14.5287
27	3	了	5.41725
27	4	很多	10.0952
27	5	工作	6.99291
27	6	。	1.44522
28	1	他	6.15281
28	2	申请	14.5287
28	3	了	5.41725
28	4	很多	10.0952
28	5	问题	10.463
28	6	。	1.39846
29	1	这	6.33297
29	2	款	14.301
29	3	药	9.86967
29	4	缓解	16.8729
29	5	了	1.54767
29	6	他	9.09333
29	7	的	1.64985
29	8	症状	9.99808
29	9	。	1.01972
30	1	这	6.33297
30	2	款	14.301
30	3	药	9.86967
30	4	缓解	16.8729
30	5	了	1.54767
30	6	他	9.09333
30	7	的	1.64985
30	8	疾病	11.2819
30	9	。	4.90769
31	1	我	6.0542
31	2	听	10.696
31	3	着	6.03396
31	4	奶奶	14.3905
31	5	的	3.09889
31	6	磁带	22.5909
31	7	。	5.14446
32	1	我	6.0542
32	2	听	10.696
32	3	着	6.03396
32	4	奶奶	14.3905
32	5	的	3.09889
32	6	面容	22.006
32	7	。	4.209
33	1	科学家	15.9309
33	2	发明	12.8374
33	3	了	3.61283
33	4	这个	10.3432
33	5	机器	13.7844
33	6	。	2.23872
34	1	科学家	15.9309
34	2	发明	12.8374
34	3	了	3.61283
34	4	这个	10.3432
34	5	规律	11.3231
34	6	。	0.619265
35	1	母亲	13.4871
35	2	责备	21.0067
35	3	了	4.66143
35	4	孩子	4.62899
35	5	。	3.25735
36	1	母亲	13.4871
36	2	责备	21.0067
36	3	了	4.66143
36	4	晚饭	17.6757
36	5	。	4.08271
37	1	孩子	13.5484
37	2	改正	17.2369
37	3	了	0.405272
37	4	这个	9.12925
37	5	习惯	11.8521
37	6	。	4.67539
38	1	孩子	13.5484
38	2	改正	17.2369
38	3	了	0.405272
38	4	这个	9.12925
38	5	玩具	14.7388
38	6	。	3.58397
39	1	政府	10.5356
39	2	建造	14.9723
39	3	了	3.88913
39	4	公园	13.499
39	5	。	1.74385
40	1	政府	10.5356
40	2	建造	14.9723
40	3	了	3.88913
40	4	大海	17.5
40	5	。	2.51095
41	1	我	6.0542
41	2	吸取	18.5198
41	3	了	1.04477
41	4	之前	15.7195
41	5	的	1.53145
41	6	教训	8.26205
41	7	。	2.72192
42	1	我	6.0542
42	2	吸取	18.5198
42	3	了	1.04477
42	4	之前	15.7195
42	5	的	1.53145
42	6	经历	9.45852
42	7	。	2.66378
43	1	花园	19.1234
43	2	长满	16.2799
43	3	了	4.75671
43	4	草	12.2886
43	5	。	4.82794
44	1	花园	19.1234
44	2	长满	16.2799
44	3	了	4.75671
44	4	水	7.94256
44	5	。	7.20912
45	1	雨水	16.673
45	2	灌溉	20.6886
45	3	了	10.4999
45	4	田地	16.8873
45	5	。	9.03764
46	1	雨水	16.673
46	2	灌溉	20.6886
46	3	了	10.4999
46	4	天空	15.4596
46	5	。	8.28556
47	1	我	6.0542
47	2	听从	19.1735
47	3	了	2.56791
47	4	老师	14.4249
47	5	的	1.6506
47	6	建议	9.33675
47	7	。	0.862161
48	1	我	6.0542
48	2	听从	19.1735
48	3	了	2.56791
48	4	老师	14.4249
48	5	的	1.6506
48	6	回忆	9.74355
48	7	。	1.2455
49	1	警官	20.4235
49	2	解除	17.3109
49	3	了	1.58605
49	4	警报	17.2304
49	5	。	4.63696
50	1	警官	20.4235
50	2	解除	17.3109
50	3	了	1.58605
50	4	出口	15.0943
50	5	。	7.48148
51	1	他	6.15281
51	2	摘	19.3675
51	3	过	5.98302
51	4	一些	6.17306
51	5	水果	15.2338
51	6	。	3.19563
52	1	他	6.15281
52	2	摘	19.3675
52	3	过	5.98302
52	4	一些	6.17306
52	5	窗户	14.5897
52	6	。	1.77612
53	1	她	8.71203
53	2	佩戴	18.1265
53	3	过	7.79007
53	4	耳机	14.3189
53	5	。	1.71484
54	1	她	8.71203
54	2	佩戴	18.1265
54	3	过	7.79007
54	4	衣服	10.5368
54	5	。	4.01601
55	1	他	6.15281
55	2	在	4.79368
55	3	学校	10.1278
55	4	里	5.73175
55	5	讲	10.3006
55	6	过	3.03662
55	7	课	15.9702
55	8	。	1.34275
56	1	他	6.15281
56	2	在	4.79368
56	3	学校	10.1278
56	4	里	5.73175
56	5	讲	10.3006
56	6	过	3.03662
56	7	饭	10.187
56	8	。	1.93619
57	1	他	6.15281
57	2	去	10.0804
57	3	过	6.83971
57	4	商店	16.7595
57	5	。	7.05614
58	1	他	6.15281
58	2	去	10.0804
58	3	过	6.83971
58	4	店长	24.9298
58	5	。	10.6445
59	1	我	6.0542
59	2	看	8.4575
59	3	过	2.21313
59	4	这些	7.06381
59	5	画面	9.21972
59	6	。	4.14142
60	1	我	6.0542
60	2	看	8.4575
60	3	过	2.21313
60	4	这些	7.06381
60	5	声音	7.25443
60	6	。	3.35805
61	1	爷爷	16.1903
61	2	安装	18.5742
61	3	过	6.89147
61	4	机器	14.1963
61	5	。	2.96921
62	1	爷爷	16.1903
62	2	安装	18.5742
62	3	过	6.89147
62	4	蔬菜	15.9192
62	5	。	4.29008
63	1	她	8.71203
63	2	吃	13.4006
63	3	过	3.86193
63	4	这	7.42651
63	5	些	12.6107
63	6	鱼	12.8089
63	7	。	6.23015
64	1	她	8.71203
64	2	吃	13.4006
64	3	过	3.86193
64	4	这	7.42651
64	5	些	12.6107
64	6	话	9.50285
64	7	。	7.53112
65	1	母亲	13.4871
65	2	喝	12.6283
65	3	过	8.00344
65	4	茶	11.21
65	5	。	12.318
66	1	母亲	13.4871
66	2	喝	12.6283
66	3	过	8.00344
66	4	纸	15.6313
66	5	。	14.3156
