sentence_id	token_id	token	surprisal
1	1	我	7.89858
1	2	很	6.71925
1	3	喜欢	4.56314
1	4	一	7.17359
1	5	位	4.05965
1	6	国内	11.5547
1	7	的	2.8521
1	8	明星	10.3036
1	9	。	1.72121
2	1	我	7.89858
2	2	很	6.71925
2	3	喜欢	4.56314
2	4	一	7.17359
2	5	首	11.2377
2	6	国内	13.7627
2	7	的	3.0606
2	8	明星	11.0639
2	9	。	1.59005
3	1	我	7.89858
3	2	很	6.71925
3	3	喜欢	4.56314
3	4	一	7.17359
3	5	首	11.2377
3	6	国内	13.7627
3	7	的	3.0606
3	8	歌曲	10.6038
3	9	。	1.31454
4	1	我	7.89858
4	2	很	6.71925
4	3	喜欢	4.56314
4	4	一	7.17359
4	5	位	4.05965
4	6	国内	11.5547
4	7	的	2.8521
4	8	歌曲	12.7301
4	9	。	1.38202
5	1	她	7.06943
5	2	开车	17.7577
5	3	去	8.15075
5	4	了	3.52726
5	5	一	5.00672
5	6	家	6.20244
5	7	郊外	17.3633
5	8	的	0.960778
5	9	店	9.45862
5	10	。	1.53146
6	1	她	7.06943
6	2	开车	17.7577
6	3	去	8.15075
6	4	了	3.52726
6	5	一	5.00672
6	6	座	6.37839
6	7	郊外	17.1297
6	8	的	0.401271
6	9	店	11.3889
6	10	。	1.4775
7	1	她	7.06943
7	2	开车	17.7577
7	3	去	8.15075
7	4	了	3.52726
7	5	一	5.00672
7	6	座	6.37839
7	7	郊外	17.1297
7	8	的	0.401271
7	9	山	11.1142
7	10	。	1.95437
8	1	她	7.06943
8	2	开车	17.7577
8	3	去	8.15075
8	4	了	3.52726
8	5	一	5.00672
8	6	家	6.20244
8	7	郊外	17.3633
8	8	的	0.960778
8	9	山	11.9083
8	10	。	2.15566
9	1	他	4.12783
9	2	有	11.0161
9	3	一	3.62733
9	4	双	11.3196
9	5	蓝色	11.5497
9	6	的	0.215776
9	7	手套	13.586
9	8	。	5.03582
10	1	他	4.12783
10	2	有	11.0161
10	3	一	3.62733
10	4	枚	7.17807
10	5	蓝色	11.6757
10	6	的	0.355625
10	7	手套	15.3863
10	8	。	4.70775
11	1	他	4.12783
11	2	有	11.0161
11	3	一	3.62733
11	4	枚	7.17807
11	5	蓝色	11.6757
11	6	的	0.355625
11	7	纽扣	19.7467
11	8	。	5.43661
12	1	他	4.12783
12	2	有	11.0161
12	3	一	3.62733
12	4	双	11.3196
12	5	蓝色	11.5497
12	6	的	0.215776
12	7	纽扣	19.8426
12	8	。	5.02264
13	1	店长	20.4876
13	2	拿	13.5364
13	3	着	1.87983
13	4	一	3.26574
13	5	只	5.86279
13	6	便宜	12.7286
13	7	的	0.906085
13	8	兔子	15.8199
13	9	。	10.3336
14	1	店长	20.4876
14	2	拿	13.5364
14	3	着	1.87983
14	4	一	3.26574
14	5	根	8.03476
14	6	便宜	12.2318
14	7	的	0.415078
14	8	兔子	14.8847
14	9	。	6.11123
15	1	店长	20.4876
15	2	拿	13.5364
15	3	着	1.87983
15	4	一	3.26574
15	5	根	8.03476
15	6	便宜	12.2318
15	7	的	0.415078
15	8	萝卜	12.503
15	9	。	6.6422
16	1	店长	20.4876
16	2	拿	13.5364
16	3	着	1.87983
16	4	一	3.26574
16	5	只	5.86279
16	6	便宜	12.7286
16	7	的	0.906085
16	8	萝卜	13.1637
16	9	。	10.4187
17	1	他	4.12783
17	2	认识	17.0641
17	3	了	3.09048
17	4	一	7.82264
17	5	名	5.76199
17	6	幸运	13.1636
17	7	的	0.0659794
17	8	男孩	12.8064
17	9	。	1.92715
18	1	他	4.12783
18	2	认识	17.0641
18	3	了	3.09048
18	4	一	7.82264
18	5	本	8.55306
18	6	幸运	14.3993
18	7	的	0.0717872
18	8	男孩	13.8987
18	9	。	2.11223
19	1	他	4.12783
19	2	认识	17.0641
19	3	了	3.09048
19	4	一	7.82264
19	5	本	8.55306
19	6	幸运	14.3993
19	7	的	0.0717872
19	8	小说	12.7012
19	9	。	2.01467
20	1	他	4.12783
20	2	认识	17.0641
20	3	了	3.09048
20	4	一	7.82264
20	5	名	5.76199
20	6	幸运	13.1636
20	7	的	0.0659794
20	8	小说	14.7467
20	9	。	1.88088
21	1	男人	16.9956
21	2	在	4.78656
21	3	扫描	19.5956
21	4	一	6.30443
21	5	篇	7.29155
21	6	很	9.07971
21	7	短	6.55584
21	8	的	0.0960583
21	9	文章	10.0191
21	10	。	17.1632
22	1	男人	16.9956
22	2	在	4.78656
22	3	扫描	19.5956
22	4	一	6.30443
22	5	张	5.91935
22	6	很	9.4668
22	7	短	8.08944
22	8	的	0.203407
22	9	文章	11.9051
22	10	。	17.7238
23	1	男人	16.9956
23	2	在	4.78656
23	3	扫描	19.5956
23	4	一	6.30443
23	5	张	5.91935
23	6	很	9.4668
23	7	短	8.08944
23	8	的	0.203407
23	9	图片	10.1291
23	10	。	18.3135
24	1	男人	16.9956
24	2	在	4.78656
24	3	扫描	19.5956
24	4	一	6.30443
24	5	篇	7.29155
24	6	很	9.07971
24	7	短	6.55584
24	8	的	0.0960583
24	9	图片	8.11101
24	10	。	17.5233
25	1	演员	16.2404
25	2	在	3.74753
25	3	看	12.4367
25	4	一	6.01807
25	5	张	6.00853
25	6	干净	14.1803
25	7	的	1.06603
25	8	旧	13.3244
25	9	照片	6.77412
25	10	。	19.1424
26	1	演员	16.2404
26	2	在	3.74753
26	3	看	12.4367
26	4	一	6.01807
26	5	位	4.5417
26	6	干净	14.562
26	7	的	0.971189
26	8	旧	14.1846
26	9	照片	10.8437
26	10	。	19.4145
27	1	演员	16.2404
27	2	在	3.74753
27	3	看	12.4367
27	4	一	6.01807
27	5	位	4.5417
27	6	干净	14.562
27	7	的	0.971189
27	8	老师	8.50816
27	9	。	17.2583
28	1	演员	16.2404
28	2	在	3.74753
28	3	看	12.4367
28	4	一	6.01807
28	5	张	6.00853
28	6	干净	14.1803
28	7	的	1.06603
28	8	老师	11.0714
28	9	。	16.8411
29	1	他	4.12783
29	2	在	5.54315
29	3	修理	19.8897
29	4	一	5.95015
29	5	辆	5.56173
29	6	倒霉	16.4751
29	7	的	0.0941248
29	8	汽车	6.20695
29	9	。	17.0364
30	1	他	4.12783
30	2	在	5.54315
30	3	修理	19.8897
30	4	一	5.95015
30	5	套	5.51109
30	6	倒霉	16.6783
30	7	的	0.168893
30	8	汽车	9.61614
30	9	。	15.8996
31	1	他	4.12783
31	2	在	5.54315
31	3	修理	19.8897
31	4	一	5.95015
31	5	套	5.51109
31	6	倒霉	16.6783
31	7	的	0.168893
31	8	系统	14.2231
31	9	。	18.1176
32	1	他	4.12783
32	2	在	5.54315
32	3	修理	19.8897
32	4	一	5.95015
32	5	辆	5.56173
32	6	倒霉	16.4751
32	7	的	0.0941248
32	8	系统	16.1828
32	9	。	18.5573
33	1	学生	14.6157
33	2	们	18.4319
33	3	在	4.61056
33	4	写	12.8776
33	5	一	4.97974
33	6	部	4.51951
33	7	精彩	10.5393
33	8	的	0.731087
33	9	电影	7.48953
33	10	。	17.9857
34	1	学生	14.6157
34	2	们	18.4319
34	3	在	4.61056
34	4	写	12.8776
34	5	一	4.97974
34	6	首	9.11742
34	7	精彩	11.1386
34	8	的	1.04941
34	9	电影	7.46623
34	10	。	17.9732
35	1	学生	14.6157
35	2	们	18.4319
35	3	在	4.61056
35	4	写	12.8776
35	5	一	4.97974
35	6	首	9.11742
35	7	精彩	11.1386
35	8	的	1.04941
35	9	戏曲	12.1129
35	10	。	19.0533
36	1	学生	14.6157
36	2	们	18.4319
36	3	在	4.61056
36	4	写	12.8776
36	5	一	4.97974
36	6	部	4.51951
36	7	精彩	10.5393
36	8	的	0.731087
36	9	戏曲	12.0435
36	10	。	19.084
37	1	我们	8.17582
37	2	在	5.05948
37	3	看	11.0396
37	4	一	6.4237
37	5	场	3.13691
37	6	神奇	12.7353
37	7	的	0.209377
37	8	他	14.4338
37	9	的	2.03321
37	10	表演	7.23385
37	11	。	2.21898
38	1	我们	8.17582
38	2	在	5.05948
38	3	看	11.0396
38	4	一	6.4237
38	5	块	9.65488
38	6	神奇	12.2706
38	7	的	0.207942
38	8	他	13.3413
38	9	的	2.37933
38	10	表演	9.69865
38	11	。	2.56996
39	1	我们	8.17582
39	2	在	5.05948
39	3	看	11.0396
39	4	一	6.4237
39	5	块	9.65488
39	6	神奇	12.2706
39	7	的	0.207942
39	8	他	13.3413
39	9	的	2.37933
39	10	场地	15.5828
39	11	。	2.45015
40	1	我们	8.17582
40	2	在	5.05948
40	3	看	11.0396
40	4	一	6.4237
40	5	场	3.13691
40	6	神奇	12.7353
40	7	的	0.209377
40	8	他	14.4338
40	9	的	2.03321
40	10	场地	14.4952
40	11	。	2.49608
41	1	他	4.12783
41	2	最	12.9329
41	3	喜欢	6.29789
41	4	一	8.79289
41	5	道	9.41075
41	6	美味	14.3692
41	7	的	0.933491
41	8	菜	13.7505
41	9	。	3.62762
42	1	他	4.12783
42	2	最	12.9329
42	3	喜欢	6.29789
42	4	一	8.79289
42	5	瓶	11.5838
42	6	美味	14.9777
42	7	的	0.819196
42	8	菜	12.7749
42	9	。	4.07104
43	1	他	4.12783
43	2	最	12.9329
43	3	喜欢	6.29789
43	4	一	8.79289
43	5	瓶	11.5838
43	6	美味	14.9777
43	7	的	0.819196
43	8	醋	16.5465
43	9	。	5.37593
44	1	他	4.12783
44	2	最	12.9329
44	3	喜欢	6.29789
44	4	一	8.79289
44	5	道	9.41075
44	6	美味	14.3692
44	7	的	0.933491
44	8	醋	16.6684
44	9	。	5.14029
45	1	她	7.06943
45	2	拿	13.9705
45	3	了	2.18369
45	4	一	2.47137
45	5	份	4.29881
45	6	今天	10.3081
45	7	的	0.830663
45	8	饭	12.4512
45	9	。	4.28036
46	1	她	7.06943
46	2	拿	13.9705
46	3	了	2.18369
46	4	一	2.47137
46	5	卷	15.1344
46	6	今天	11.629
46	7	的	1.72148
46	8	饭	11.1975
46	9	。	11.1819
47	1	她	7.06943
47	2	拿	13.9705
47	3	了	2.18369
47	4	一	2.47137
47	5	卷	15.1344
47	6	今天	11.629
47	7	的	1.72148
47	8	纸	14.2663
47	9	。	11.8089
48	1	她	7.06943
48	2	拿	13.9705
48	3	了	2.18369
48	4	一	2.47137
48	5	份	4.29881
48	6	今天	10.3081
48	7	的	0.830663
48	8	纸	14.6324
48	9	。	5.75908
49	1	学生	14.6157
49	2	们	18.4319
49	3	在	4.61056
49	4	写	12.8776
49	5	一	4.97974
49	6	部	4.51951
49	7	复杂	13.4102
49	8	的	0.441001
49	9	戏剧	9.41204
49	10	。	17.2711
50	1	学生	14.6157
50	2	们	18.4319
50	3	在	4.61056
50	4	写	12.8776
50	5	一	4.97974
50	6	篇	3.23609
50	7	复杂	12.6738
50	8	的	0.317212
50	9	戏剧	10.5279
50	10	。	17.4235
51	1	学生	14.6157
51	2	们	18.4319
51	3	在	4.61056
51	4	写	12.8776
51	5	一	4.97974
51	6	篇	3.23609
51	7	复杂	12.6738
51	8	的	0.317212
51	9	文章	6.81216
51	10	。	17.6351
52	1	学生	14.6157
52	2	们	18.4319
52	3	在	4.61056
52	4	写	12.8776
52	5	一	4.97974
52	6	部	4.51951
52	7	复杂	13.4102
52	8	的	0.441001
52	9	文章	8.99638
52	10	。	17.4338
53	1	这	6.25631
53	2	是	4.68234
53	3	一	4.51041
53	4	架	11.0182
53	5	红色	11.0841
53	6	的	0.892304
53	7	火车	11.8941
53	8	。	1.12721
54	1	这	6.25631
54	2	是	4.68234
54	3	一	4.51041
54	4	扇	11.9488
54	5	红色	10.8904
54	6	的	0.483309
54	7	火车	14.1103
54	8	。	1.1836
55	1	这	6.25631
55	2	是	4.68234
55	3	一	4.51041
55	4	扇	11.9488
55	5	红色	10.8904
55	6	的	0.483309
55	7	窗户	12.5037
55	8	。	1.31943
56	1	这	6.25631
56	2	是	4.68234
56	3	一	4.51041
56	4	架	11.0182
56	5	红色	11.0841
56	6	的	0.892304
56	7	窗户	14.4512
56	8	。	1.17662
57	1	老师	15.7666
57	2	在	5.12648
57	3	责备	18.1283
57	4	三	10.8154
57	5	名	2.12408
57	6	淘气	19.2564
57	7	的	1.31131
57	8	学生	5.82221
57	9	。	0.92337
58	1	老师	15.7666
58	2	在	5.12648
58	3	责备	18.1283
58	4	三	10.8154
58	5	只	6.51273
58	6	淘气	18.75
58	7	的	0.680674
58	8	学生	6.99659
58	9	。	1.21596
59	1	老师	15.7666
59	2	在	5.12648
59	3	责备	18.1283
59	4	三	10.8154
59	5	只	6.51273
59	6	淘气	18.75
59	7	的	0.680674
59	8	宠物	13.9065
59	9	。	2.54374
60	1	老师	15.7666
60	2	在	5.12648
60	3	责备	18.1283
60	4	三	10.8154
60	5	名	2.12408
60	6	淘气	19.2564
60	7	的	1.31131
60	8	宠物	14.8389
60	9	。	2.75935
61	1	她	7.06943
61	2	买	15.0487
61	3	过	5.33696
61	4	两	5.39848
61	5	杯	14.5371
61	6	热	12.3043
61	7	的	3.83186
61	8	咖啡	10.2231
61	9	。	1.27822
62	1	她	7.06943
62	2	买	15.0487
62	3	过	5.33696
62	4	两	5.39848
62	5	个	2.30192
62	6	热	13.0758
62	7	的	2.36328
62	8	咖啡	10.2265
62	9	。	1.72475
63	1	她	7.06943
63	2	买	15.0487
63	3	过	5.33696
63	4	两	5.39848
63	5	个	2.30192
63	6	热	13.0758
63	7	的	2.36328
63	8	杯子	16.2641
63	9	。	1.50372
64	1	她	7.06943
64	2	买	15.0487
64	3	过	5.33696
64	4	两	5.39848
64	5	杯	14.5371
64	6	热	12.3043
64	7	的	3.83186
64	8	杯子	16.2378
64	9	。	0.861359
65	1	孩子	15.5898
65	2	在	4.90827
65	3	卖	13.0491
65	4	五	9.98711
65	5	台	9.08905
65	6	贵	14.0241
65	7	的	4.17868
65	8	桌子	9.64047
65	9	。	12.5077
66	1	孩子	15.5898
66	2	在	4.90827
66	3	卖	13.0491
66	4	五	9.98711
66	5	块	8.031
66	6	贵	12.8562
66	7	的	4.81134
66	8	桌子	9.66739
66	9	。	10.9567
67	1	孩子	15.5898
67	2	在	4.90827
67	3	卖	13.0491
67	4	五	9.98711
67	5	块	8.031
67	6	贵	12.8562
67	7	的	4.81134
67	8	蛋糕	12.2493
67	9	。	11.0781
68	1	孩子	15.5898
68	2	在	4.90827
68	3	卖	13.0491
68	4	五	9.98711
68	5	台	9.08905
68	6	贵	14.0241
68	7	的	4.17868
68	8	蛋糕	11.8071
68	9	。	12.8987
69	1	妈妈	16.1808
69	2	在	5.15782
69	3	做	11.1711
69	4	一	3.64795
69	5	张	8.08704
69	6	好看	15.0085
69	7	的	0.39785
69	8	地图	11.5409
69	9	。	3.36095
70	1	妈妈	16.1808
70	2	在	5.15782
70	3	做	11.1711
70	4	一	3.64795
70	5	面	10.7139
70	6	好看	14.3965
70	7	的	0.423292
70	8	地图	12.166
70	9	。	4.17893
71	1	妈妈	16.1808
71	2	在	5.15782
71	3	做	11.1711
71	4	一	3.64795
71	5	面	10.7139
71	6	好看	14.3965
71	7	的	0.423292
71	8	镜子	15.1825
71	9	。	4.55593
72	1	妈妈	16.1808
72	2	在	5.15782
72	3	做	11.1711
72	4	一	3.64795
72	5	张	8.08704
72	6	好看	15.0085
72	7	的	0.39785
72	8	镜子	15.9851
72	9	。	3.89856
73	1	爸爸	14.7685
73	2	买	9.24332
73	3	了	1.54646
73	4	一	1.82554
73	5	栋	6.82818
73	6	很	8.86752
73	7	大	5.20042
73	8	的	0.0372561
73	9	房子	5.62528
73	10	。	2.11674
74	1	爸爸	14.7685
74	2	买	9.24332
74	3	了	1.54646
74	4	一	1.82554
74	5	条	6.07803
74	6	很	8.07834
74	7	大	4.47576
74	8	的	0.0330254
74	9	房子	5.54298
74	10	。	2.04818
75	1	爸爸	14.7685
75	2	买	9.24332
75	3	了	1.54646
75	4	一	1.82554
75	5	条	6.07803
75	6	很	8.07834
75	7	大	4.47576
75	8	的	0.0330254
75	9	沙发	14.4706
75	10	。	2.44704
76	1	爸爸	14.7685
76	2	买	9.24332
76	3	了	1.54646
76	4	一	1.82554
76	5	栋	6.82818
76	6	很	8.86752
76	7	大	5.20042
76	8	的	0.0372561
76	9	沙发	14.6443
76	10	。	2.61434
77	1	我	7.89858
77	2	想	4.87439
77	3	种	13.3462
77	4	一	6.43097
77	5	朵	13.3276
77	6	红色	8.21905
77	7	的	0.605452
77	8	玫瑰	12.3935
77	9	。	3.09534
78	1	我	7.89858
78	2	想	4.87439
78	3	种	13.3462
78	4	一	6.43097
78	5	颗	9.47763
78	6	红色	9.30537
78	7	的	0.625507
78	8	玫瑰	13.7392
78	9	。	3.45691
79	1	我	7.89858
79	2	想	4.87439
79	3	种	13.3462
79	4	一	6.43097
79	5	颗	9.47763
79	6	红色	9.30537
79	7	的	0.625507
79	8	种子	10.2642
79	9	。	2.01626
80	1	我	7.89858
80	2	想	4.87439
80	3	种	13.3462
80	4	一	6.43097
80	5	朵	13.3276
80	6	红色	8.21905
80	7	的	0.605452
80	8	种子	10.7267
80	9	。	1.98668
81	1	我	7.89858
81	2	经常	10.9518
81	3	去	6.09704
81	4	一	8.0845
81	5	家	6.70391
81	6	有名	12.1293
81	7	的	0.083885
81	8	医院	9.91012
81	9	。	4.74103
82	1	我	7.89858
82	2	经常	10.9518
82	3	去	6.09704
82	4	一	8.0845
82	5	座	8.9391
82	6	有名	12.0491
82	7	的	0.0713677
82	8	医院	10.6281
82	9	。	4.41513
83	1	我	7.89858
83	2	经常	10.9518
83	3	去	6.09704
83	4	一	8.0845
83	5	座	8.9391
83	6	有名	12.0491
83	7	的	0.0713677
83	8	城市	8.78326
83	9	。	3.84148
84	1	我	7.89858
84	2	经常	10.9518
84	3	去	6.09704
84	4	一	8.0845
84	5	家	6.70391
84	6	有名	12.1293
84	7	的	0.083885
84	8	城市	9.58518
84	9	。	4.37812
85	1	我	7.89858
85	2	拜访	16.2876
85	3	了	1.33694
85	4	这	5.74081
85	5	一	1.86366
85	6	所	9.70073
85	7	重要	8.36382
85	8	的	1.84892
85	9	美丽	14.9479
85	10	的	1.91327
85	11	高中	17.6571
85	12	。	1.63005
86	1	我	7.89858
86	2	拜访	16.2876
86	3	了	1.33694
86	4	这	5.74081
86	5	一	1.86366
86	6	位	5.29649
86	7	重要	8.80807
86	8	的	0.877085
86	9	美丽	14.671
86	10	的	1.84134
86	11	高中	16.8535
86	12	。	1.46831
87	1	我	7.89858
87	2	拜访	16.2876
87	3	了	1.33694
87	4	这	5.74081
87	5	一	1.86366
87	6	位	5.29649
87	7	重要	8.80807
87	8	的	0.877085
87	9	美丽	14.671
87	10	的	1.84134
87	11	老师	12.1669
87	12	。	1.32259
88	1	我	7.89858
88	2	拜访	16.2876
88	3	了	1.33694
88	4	这	5.74081
88	5	一	1.86366
88	6	所	9.70073
88	7	重要	8.36382
88	8	的	1.84892
88	9	美丽	14.9479
88	10	的	1.91327
88	11	老师	13.4387
88	12	。	1.43503
89	1	他	4.12783
89	2	在	5.54315
89	3	读	14.546
89	4	一	5.82462
89	5	条	5.00962
89	6	很	9.53593
89	7	长	6.57422
89	8	的	0.136407
89	9	评论	13.789
89	10	。	15.4396
90	1	他	4.12783
90	2	在	5.54315
90	3	读	14.546
90	4	一	5.82462
90	5	首	9.59874
90	6	很	11.907
90	7	长	5.89431
90	8	的	0.110872
90	9	评论	12.3288
90	10	。	16.3151
91	1	他	4.12783
91	2	在	5.54315
91	3	读	14.546
91	4	一	5.82462
91	5	首	9.59874
91	6	很	11.907
91	7	长	5.89431
91	8	的	0.110872
91	9	诗歌	12.1052
91	10	。	18.1357
92	1	他	4.12783
92	2	在	5.54315
92	3	读	14.546
92	4	一	5.82462
92	5	条	5.00962
92	6	很	9.53593
92	7	长	6.57422
92	8	的	0.136407
92	9	诗歌	14.1672
92	10	。	17.5631
93	1	她	7.06943
93	2	从来	13.7095
93	3	没	5.73093
93	4	见	4.68522
93	5	过	3.43753
93	6	一	3.99162
93	7	头	11.3074
93	8	黄色	12.5366
93	9	的	0.749442
93	10	老虎	12.0222
93	11	。	2.74361
94	1	她	7.06943
94	2	从来	13.7095
94	3	没	5.73093
94	4	见	4.68522
94	5	过	3.43753
94	6	一	3.99162
94	7	双	9.84701
94	8	黄色	11.0084
94	9	的	0.838691
94	10	老虎	12.158
94	11	。	2.78659
95	1	她	7.06943
95	2	从来	13.7095
95	3	没	5.73093
95	4	见	4.68522
95	5	过	3.43753
95	6	一	3.99162
95	7	双	9.84701
95	8	黄色	11.0084
95	9	的	0.838691
95	10	眼睛	7.9954
95	11	。	2.74001
96	1	她	7.06943
96	2	从来	13.7095
96	3	没	5.73093
96	4	见	4.68522
96	5	过	3.43753
96	6	一	3.99162
96	7	头	11.3074
96	8	黄色	12.5366
96	9	的	0.749442
96	10	眼睛	9.13739
96	11	。	2.76834
97	1	我	7.89858
97	2	还	6.59693
97	3	没有	5.11098
97	4	检查	14.9173
97	5	一	6.64761
97	6	份	5.45434
97	7	很	8.55791
97	8	难	7.97092
97	9	的	1.28332
97	10	作业	13.7489
97	11	。	2.01113
98	1	我	7.89858
98	2	还	6.59693
98	3	没有	5.11098
98	4	检查	14.9173
98	5	一	6.64761
98	6	行	12.1622
98	7	很	9.15371
98	8	难	6.69721
98	9	的	1.46466
98	10	作业	13.8064
98	11	。	2.27736
99	1	我	7.89858
99	2	还	6.59693
99	3	没有	5.11098
99	4	检查	14.9173
99	5	一	6.64761
99	6	行	12.1622
99	7	很	9.15371
99	8	难	6.69721
99	9	的	1.46466
99	10	公式	17.9677
99	11	。	1.70984
100	1	我	7.89858
100	2	还	6.59693
100	3	没有	5.11098
100	4	检查	14.9173
100	5	一	6.64761
100	6	份	5.45434
100	7	很	8.55791
100	8	难	7.97092
100	9	的	1.28332
100	10	公式	18.5435
100	11	。	1.30594
101	1	孩子	15.5898
101	2	听到	11.0673
101	3	了	2.59168
101	4	一	4.20244
101	5	首	8.78817
101	6	熟悉	11.9951
101	7	的	2.55494
101	8	歌曲	9.88255
101	9	。	2.35779
102	1	孩子	15.5898
102	2	听到	11.0673
102	3	了	2.59168
102	4	一	4.20244
102	5	张	5.39163
102	6	熟悉	12.2711
102	7	的	2.40437
102	8	歌曲	10.5353
102	9	。	2.18833
103	1	孩子	15.5898
103	2	听到	11.0673
103	3	了	2.59168
103	4	一	4.20244
103	5	张	5.39163
103	6	熟悉	12.2711
103	7	的	2.40437
103	8	专辑	9.04801
103	9	。	2.26413
104	1	孩子	15.5898
104	2	听到	11.0673
104	3	了	2.59168
104	4	一	4.20244
104	5	首	8.78817
104	6	熟悉	11.9951
104	7	的	2.55494
104	8	专辑	8.83245
104	9	。	2.4292
105	1	护士	20.2235
105	2	做	11.1327
105	3	了	2.1761
105	4	一	2.51456
105	5	次	2.39158
105	6	必需	16.8152
105	7	的	0.391725
105	8	检查	8.33237
105	9	。	3.86616
106	1	护士	20.2235
106	2	做	11.1327
106	3	了	2.1761
106	4	一	2.51456
106	5	篇	4.3714
106	6	必需	14.8737
106	7	的	0.269272
106	8	检查	9.78838
106	9	。	3.31242
107	1	护士	20.2235
107	2	做	11.1327
107	3	了	2.1761
107	4	一	2.51456
107	5	篇	4.3714
107	6	必需	14.8737
107	7	的	0.269272
107	8	报告	10.7529
107	9	。	2.42297
108	1	护士	20.2235
108	2	做	11.1327
108	3	了	2.1761
108	4	一	2.51456
108	5	次	2.39158
108	6	必需	16.8152
108	7	的	0.391725
108	8	报告	10.641
108	9	。	3.15692
109	1	这里	9.93091
109	2	是	3.48406
109	3	两	9.73755
109	4	台	9.83367
109	5	最新	13.0717
109	6	的	0.425094
109	7	电视	10.4097
109	8	。	6.228
110	1	这里	9.93091
110	2	是	3.48406
110	3	两	9.73755
110	4	份	13.4827
110	5	最新	9.79867
110	6	的	0.771857
110	7	电视	11.1532
110	8	。	5.39307
111	1	这里	9.93091
111	2	是	3.48406
111	3	两	9.73755
111	4	份	13.4827
111	5	最新	9.79867
111	6	的	0.771857
111	7	订单	16.0842
111	8	。	2.04205
112	1	这里	9.93091
112	2	是	3.48406
112	3	两	9.73755
112	4	台	9.83367
112	5	最新	13.0717
112	6	的	0.425094
112	7	订单	14.5243
112	8	。	2.39548
113	1	他	4.12783
113	2	很	10.89
113	3	欣赏	9.42702
113	4	一	7.24212
113	5	处	9.34956
113	6	环保	14.5843
113	7	的	4.34332
113	8	景点	13.7433
113	9	。	2.03901
114	1	他	4.12783
114	2	很	10.89
114	3	欣赏	9.42702
114	4	一	7.24212
114	5	位	3.40144
114	6	环保	14.7899
114	7	的	5.31233
114	8	景点	16.587
114	9	。	1.97752
115	1	他	4.12783
115	2	很	10.89
115	3	欣赏	9.42702
115	4	一	7.24212
115	5	位	3.40144
115	6	环保	14.7899
115	7	的	5.31233
115	8	领导	11.7468
115	9	。	2.24411
116	1	他	4.12783
116	2	很	10.89
116	3	欣赏	9.42702
116	4	一	7.24212
116	5	处	9.34956
116	6	环保	14.5843
116	7	的	4.34332
116	8	领导	13.5601
116	9	。	2.02954
117	1	那里	14.3945
117	2	有	4.17736
117	3	一	3.79224
117	4	支	6.29754
117	5	海上	14.9236
117	6	的	4.97815
117	7	舰队	13.5214
117	8	。	11.2551
118	1	那里	14.3945
118	2	有	4.17736
118	3	一	3.79224
118	4	艘	7.47616
118	5	海上	13.5466
118	6	的	4.27155
118	7	舰队	13.0356
118	8	。	11.2391
119	1	那里	14.3945
119	2	有	4.17736
119	3	一	3.79224
119	4	艘	7.47616
119	5	海上	13.5466
119	6	的	4.27155
119	7	渔船	7.3379
119	8	。	11.1337
120	1	那里	14.3945
120	2	有	4.17736
120	3	一	3.79224
120	4	支	6.29754
120	5	海上	14.9236
120	6	的	4.97815
120	7	渔船	9.03159
120	8	。	11.2325
