sentence_id	token_id	token	surprisal
1	1	那	9.78565934382
1	2	位	7.18805212865
1	3	教授	9.41735851105
1	4	写	14.0757602166
1	5	了	2.9718427819
1	6	精彩	12.627575085
1	7	的	0.488550987624
1	8	书	13.280325967
1	9	的	4.37737245945
1	10	内容	10.5211293022
1	11	。	2.29677027889
2	1	那	9.78565934382
2	2	位	7.18805212865
2	3	教授	9.41735851105
2	4	打	12.8967619051
2	5	了	3.42860502965
2	6	精彩	13.0350254535
2	7	的	0.488550987624
2	8	书	13.280325967
2	9	的	4.37737245945
2	10	内容	10.5211293022
2	11	。	2.29677027889
3	1	弟弟	18.9157056624
3	2	启动	14.0877020244
3	3	了	4.51117176588
3	4	昂贵	16.1017139367
3	5	的	1.63386279834
3	6	车	13.4059260857
3	7	。	4.22302753929
4	1	弟弟	18.9157056624
4	2	认识	13.8042735125
4	3	了	4.91453357282
4	4	昂贵	16.0944901948
4	5	的	1.63386279834
4	6	车	13.4059260857
4	7	。	4.22302753929
5	1	他	4.39275853651
5	2	拿	15.9718466284
5	3	了	3.42371865866
5	4	桌子	17.3870799683
5	5	上	3.70517556944
5	6	的	3.88535685698
5	7	好看	17.6235359874
5	8	的	2.05539039371
5	9	筷子	18.6853003497
5	10	。	6.62750107976
6	1	他	4.39275853651
6	2	听	13.9668081535
6	3	了	3.86924579537
6	4	桌子	17.3921536328
6	5	上	3.70517556944
6	6	的	3.88535685698
6	7	好看	17.6235359874
6	8	的	2.05539039371
6	9	筷子	18.6853003497
6	10	。	6.62750107976
7	1	她	7.33709256502
7	2	终于	13.2784555129
7	3	实现	5.51714824827
7	4	了	0.252896913405
7	5	重要	10.6741835554
7	6	的	1.91004091123
7	7	理想	12.5822492968
7	8	。	3.98314475542
8	1	她	7.33709256502
8	2	终于	13.2784555129
8	3	购买	13.1938169205
8	4	了	3.80352449138
8	5	重要	10.1711047541
8	6	的	1.91004091123
8	7	理想	12.5822492968
8	8	。	3.98314475542
9	1	我	7.71951332837
9	2	修理	14.489597811
9	3	了	7.84123512983
9	4	这个	8.35368896952
9	5	新	7.75174591923
9	6	的	2.08297191196
9	7	电脑	12.6365068091
9	8	。	5.34182614551
10	1	我	7.71951332837
10	2	阅读	14.489597811
10	3	了	6.01499209366
10	4	这个	8.35368896952
10	5	新	7.75174591923
10	6	的	2.08297191196
10	7	电脑	12.6365068091
10	8	。	5.34182614551
11	1	我	7.71951332837
11	2	邀请	14.4579774282
11	3	过	12.0163847192
11	4	我	9.02641250426
11	5	的	2.92731737407
11	6	优秀	11.2966696898
11	7	的	3.64042629529
11	8	朋友	11.496636407
11	9	。	2.98225706853
12	1	我	7.71951332837
12	2	打开	14.489597811
12	3	过	11.7711686775
12	4	我	9.02641250426
12	5	的	2.92731737407
12	6	优秀	11.2966696898
12	7	的	3.64042629529
12	8	朋友	11.496636407
12	9	。	2.98225706853
13	1	记者	8.05482180747
13	2	采访	9.32938935365
13	3	了	5.11993498466
13	4	有名	17.3804746556
13	5	的	0.340748369213
13	6	艺术家	13.5073365942
13	7	。	2.45707517057
14	1	记者	8.05482180747
14	2	制作	16.5356859157
14	3	了	4.39896700009
14	4	有名	17.3237714602
14	5	的	0.340748369213
14	6	艺术家	13.5073365942
14	7	。	2.45707517057
15	1	他	4.39275853651
15	2	参与	15.1474535802
15	3	了	4.69194132667
15	4	危险	17.4528056144
15	5	的	2.51621383133
15	6	战争	12.0329575086
15	7	。	3.36302025398
16	1	他	4.39275853651
16	2	建造	15.9718466284
16	3	了	4.55686153659
16	4	危险	17.2010196881
16	5	的	2.51621383133
16	6	战争	12.0329575086
16	7	。	3.36302025398
17	1	她	7.33709256502
17	2	批评	16.6853534117
17	3	了	4.36171474063
17	4	淘气	22.6715467686
17	5	的	3.44891893589
17	6	儿子	12.0234624143
17	7	。	5.80799273423
18	1	她	7.33709256502
18	2	改正	20.5694180867
18	3	了	5.44891877835
18	4	淘气	22.4171758024
18	5	的	3.44891893589
18	6	儿子	12.0234624143
18	7	。	5.80799273423
19	1	我	7.71951332837
19	2	结束	13.3155895648
19	3	了	3.3275952972
19	4	很	9.81810507345
19	5	长	3.83432567603
19	6	的	2.733963106
19	7	谈话	12.780888064
19	8	。	2.15502308775
20	1	我	7.71951332837
20	2	表扬	19.7100898693
20	3	了	1.63836592413
20	4	很	9.09801984319
20	5	长	3.83432567603
20	6	的	2.733963106
20	7	谈话	12.780888064
20	8	。	2.15502308775
21	1	他	4.39275853651
21	2	买	13.9431429093
21	3	了	2.92731737407
21	4	这些	10.2018664322
21	5	红色	15.8169816584
21	6	的	3.06893363305
21	7	笔	16.4247432384
21	8	。	5.55976062157
22	1	他	4.39275853651
22	2	种	17.62816772
22	3	了	8.51651662908
22	4	这些	9.79687144832
22	5	红色	15.8169816584
22	6	的	3.06893363305
22	7	笔	16.4247432384
22	8	。	5.55976062157
23	1	他	4.39275853651
23	2	提出	8.94903838514
23	3	了	4.72887307758
23	4	很多	8.77655748108
23	5	重要	11.2985933593
23	6	的	2.98296521249
23	7	问题	7.44114911187
23	8	。	4.0327145057
24	1	他	4.39275853651
24	2	申请	16.934624185
24	3	了	6.65229026423
24	4	很多	9.62251633239
24	5	重要	11.2985933593
24	6	的	2.98296521249
24	7	问题	7.44114911187
24	8	。	4.0327145057
25	1	这	6.10133563055
25	2	款	15.5524155056
25	3	药	16.21278502
25	4	治疗	13.48001867
25	5	了	8.04502528067
25	6	他	7.95739671976
25	7	的	2.04903357809
25	8	严重	11.5175396184
25	9	的	3.30863307233
25	10	疾病	13.2343396435
25	11	。	3.77715528636
26	1	这	6.10133563055
26	2	款	15.5524155056
26	3	药	16.21278502
26	4	缓解	14.6093970402
26	5	了	4.33023273223
26	6	他	8.09178018295
26	7	的	2.04903357809
26	8	严重	11.5175396184
26	9	的	3.30863307233
26	10	疾病	13.2343396435
26	11	。	3.77715528636
27	1	我	7.71951332837
27	2	看	8.11242771532
27	3	着	5.59602677868
27	4	奶奶	17.3684568207
27	5	的	6.56439547062
27	6	亲切	12.3217788933
27	7	的	5.61310696293
27	8	面容	18.5978580426
27	9	。	5.03388049135
28	1	我	7.71951332837
28	2	听	10.6415640111
28	3	着	5.43289946166
28	4	奶奶	17.3911635599
28	5	的	6.56439547062
28	6	亲切	12.3217788933
28	7	的	5.61310696293
28	8	面容	18.5978580426
28	9	。	5.03388049135
29	1	学者	16.6759554463
29	2	发现	11.379656557
29	3	了	3.36476426434
29	4	这个	8.8594225635
29	5	有趣	16.752886431
29	6	的	1.36462449649
29	7	规律	14.3983360324
29	8	。	5.04279678639
30	1	学者	16.6759554463
30	2	发明	15.3274752969
30	3	了	4.40219231249
30	4	这个	8.35368896952
30	5	有趣	16.752886431
30	6	的	1.36462449649
30	7	规律	14.3983360324
30	8	。	5.04279678639
31	1	母亲	15.8364416485
31	2	准备	12.4807128164
31	3	了	4.74429150955
31	4	美味	19.6071853664
31	5	的	3.20763703833
31	6	晚饭	19.6297842848
31	7	。	6.94844723196
32	1	母亲	15.8364416485
32	2	责备	19.5481413009
32	3	了	9.04461305629
32	4	美味	19.3621581694
32	5	的	3.20763703833
32	6	晚饭	19.6297842848
32	7	。	6.94844723196
33	1	孩子	15.3092056886
33	2	培养	10.925000963
33	3	了	4.25190869395
33	4	这个	8.86600164286
33	5	流行	14.4477273235
33	6	的	2.6909784535
33	7	特长	13.4186489509
33	8	。	2.56810622946
34	1	孩子	15.3092056886
34	2	改正	18.5415855285
34	3	了	5.44891877835
34	4	这个	8.35368896952
34	5	流行	14.4477273235
34	6	的	2.6909784535
34	7	特长	13.4186489509
34	8	。	2.56810622946
35	1	政府	10.7640601011
35	2	设立	10.6658682059
35	3	了	2.17240272043
35	4	最新	13.9326534781
35	5	的	3.51228119173
35	6	项目	9.85445244211
35	7	。	3.24586982293
36	1	政府	10.7640601011
36	2	引发	16.0019441917
36	3	了	2.63758330328
36	4	最新	13.6910510175
36	5	的	3.51228119173
36	6	项目	9.85445244211
36	7	。	3.24586982293
37	1	我	7.71951332837
37	2	回忆	14.489597811
37	3	了	3.64834399313
37	4	之前	17.7909067079
37	5	的	4.62327007289
37	6	可怕	15.6604140964
37	7	的	1.62795903721
37	8	经历	12.2445813897
37	9	。	2.37242005508
38	1	我	7.71951332837
38	2	帮助	14.489597811
38	3	了	7.38491883866
38	4	之前	17.2010196881
38	5	的	4.62327007289
38	6	可怕	15.6604140964
38	7	的	1.62795903721
38	8	经历	12.2445813897
38	9	。	2.37242005508
39	1	花园	19.8809986132
39	2	长满	19.28558845
39	3	了	3.20763703833
39	4	美丽	17.2010196881
39	5	的	1.0761087595
39	6	草	19.7930214365
39	7	。	5.67131203992
40	1	花园	19.8809986132
40	2	吸引	13.3488349499
40	3	了	2.78127288393
40	4	美丽	18.0627909471
40	5	的	1.0761087595
40	6	草	19.7930214365
40	7	。	5.67131203992
41	1	雨水	19.8809986132
41	2	清洗	17.5403925636
41	3	了	9.04957900706
41	4	高	10.5539517551
41	5	的	5.12336705707
41	6	大楼	14.1826227623
41	7	。	4.81360492269
42	1	雨水	19.8809986132
42	2	灌溉	14.9209131371
42	3	了	9.78243752068
42	4	高	10.5539517551
42	5	的	5.12336705707
42	6	大楼	14.1826227623
42	7	。	4.81360492269
43	1	我	7.71951332837
43	2	听从	19.7100898693
43	3	了	8.98724962487
43	4	老师	17.2010196881
43	5	的	3.98301152193
43	6	中肯	19.0340005246
43	7	的	1.65891281651
43	8	建议	2.34235560498
43	9	。	1.91464877213
44	1	我	7.71951332837
44	2	安装	15.4764353655
44	3	了	3.12377846904
44	4	老师	17.290013061
44	5	的	3.98301152193
44	6	中肯	19.0340005246
44	7	的	1.65891281651
44	8	建议	2.34235560498
44	9	。	1.91464877213
45	1	警官	20.2252599359
45	2	疏散	16.1533715598
45	3	了	7.14935701558
45	4	紧张	12.4237580754
45	5	的	1.39818103789
45	6	人群	13.5118715968
45	7	。	3.30029202476
46	1	警官	20.2252599359
46	2	解除	13.8482126409
46	3	了	3.02339997963
46	4	紧张	12.7215090092
46	5	的	1.39818103789
46	6	人群	13.5118715968
46	7	。	3.30029202476
47	1	他	4.39275853651
47	2	卖	17.6678427373
47	3	过	11.8553462022
47	4	一些	7.55930666222
47	5	便宜	15.3521669401
47	6	的	2.66225922662
47	7	化肥	13.553772055
47	8	。	6.53873062506
48	1	他	4.39275853651
48	2	摘	21.7291826955
48	3	过	11.407303079
48	4	一些	7.55930666222
48	5	便宜	15.3521669401
48	6	的	2.66225922662
48	7	化肥	13.553772055
48	8	。	6.53873062506
49	1	她	7.33709256502
49	2	戴	13.2784555129
49	3	过	11.9170894117
49	4	白色	16.4324931755
49	5	的	2.65607238944
49	6	耳机	21.1664425879
49	7	。	6.63843033077
50	1	她	7.33709256502
50	2	穿	16.9134473694
50	3	过	6.54311800222
50	4	白色	16.4324931755
50	5	的	2.65607238944
50	6	耳机	21.1664425879
50	7	。	6.63843033077
51	1	他	4.39275853651
51	2	在	5.20848789099
51	3	学校	11.6911354515
51	4	里	4.61297527465
51	5	吃	12.8599013479
51	6	过	5.48879544488
51	7	好吃	19.1899117529
51	8	的	2.55317125291
51	9	饭	17.9734679363
51	10	。	7.01148391783
52	1	他	4.39275853651
52	2	在	5.20848789099
52	3	学校	11.6911354515
52	4	里	4.61297527465
52	5	讲	13.7462857598
52	6	过	5.66034265429
52	7	好吃	19.1218907184
52	8	的	2.55317125291
52	9	饭	17.9734679363
52	10	。	7.01148391783
53	1	他	4.39275853651
53	2	见	15.9718466284
53	3	过	1.34235523917
53	4	热心	16.4015115647
53	5	的	3.74128166249
53	6	店长	23.4085007971
53	7	。	6.6751025956
54	1	他	4.39275853651
54	2	去	12.2364614066
54	3	过	6.71930383644
54	4	热心	16.2661098506
54	5	的	3.74128166249
54	6	店长	23.4085007971
54	7	。	6.6751025956
55	1	我	7.71951332837
55	2	听	10.6415640111
55	3	过	4.03976896807
55	4	这些	9.36336161224
55	5	熟悉	14.9557490257
55	6	的	2.44018674267
55	7	声音	11.7571936122
55	8	。	2.99199050278
56	1	我	7.71951332837
56	2	见	12.008884274
56	3	过	3.68523749757
56	4	这些	9.65867406185
56	5	熟悉	14.9557490257
56	6	的	2.44018674267
56	7	声音	11.7571936122
56	8	。	2.99199050278
57	1	爷爷	19.8809986132
57	2	安装	14.0207327929
57	3	过	11.9352803902
57	4	复杂	14.521883014
57	5	的	1.8345616321
57	6	机器	13.8182383333
57	7	。	4.66428260242
58	1	爷爷	19.8809986132
58	2	种植	13.3796504065
58	3	过	12.1139126981
58	4	复杂	14.521883014
58	5	的	1.8345616321
58	6	机器	13.8182383333
58	7	。	4.66428260242
59	1	她	7.33709256502
59	2	说	1.36710197618
59	3	过	10.2166880621
59	4	这	7.75161128664
59	5	些	16.6621348463
59	6	真诚	15.6493689864
59	7	的	2.46036808732
59	8	话	12.3860565185
59	9	。	4.34093298598
60	1	她	7.33709256502
60	2	吃	15.3852969944
60	3	过	5.48879544488
60	4	这	7.09353843258
60	5	些	16.6621348463
60	6	真诚	15.6493689864
60	7	的	2.46036808732
60	8	话	12.3860565185
60	9	。	4.34093298598
61	1	母亲	15.8364416485
61	2	买	13.4699949918
61	3	了	3.16024417735
61	4	彩色	15.125305356
61	5	的	5.10967005068
61	6	纸	16.4247432384
61	7	。	7.20170718426
62	1	母亲	15.8364416485
62	2	喝	15.0068035626
62	3	了	4.62675489207
62	4	彩色	14.7203098456
62	5	的	5.10967005068
62	6	纸	16.4247432384
62	7	。	7.20170718426
