sentence_id	token_id	token	surprisal
1	1	随着	8.38126427827
1	2	支持	13.0339009659
1	3	国际	7.49791402025
1	4	贸易	6.74524691858
1	5	的	3.92924952144
1	6	政府	11.0371654889
1	7	发展	11.3445126747
1	8	，	4.87038852785
1	9	经济	8.93798689782
1	10	变	16.5138983011
1	11	好	9.20380719427
1	12	了	5.04477600799
1	13	。	2.83152637426
2	1	随着	8.38126427827
2	2	支持	13.0339009659
2	3	国际	7.49791402025
2	4	贸易	6.74524691858
2	5	的	3.92924952144
2	6	政府	11.0371654889
2	7	发展	11.3445126747
2	8	。	5.07571023093
3	1	随着	8.38126427827
3	2	缩短	15.4054966268
3	3	人们	13.6395228927
3	4	距离	10.3675080832
3	5	的	4.98756256587
3	6	互联网	19.6297842848
3	7	的	3.20425432714
3	8	出现	11.9261253508
3	9	，	0.978011510263
3	10	生活	11.8800398506
3	11	质量	5.44228505584
3	12	提高	6.88973542191
3	13	了	5.31589410744
3	14	。	5.88159412981
4	1	随着	8.38126427827
4	2	缩短	15.4054966268
4	3	人们	13.6395228927
4	4	距离	10.3675080832
4	5	的	4.98756256587
4	6	互联网	19.6297842848
4	7	的	3.20425432714
4	8	出现	11.9261253508
4	9	。	4.8177958863
5	1	随着	8.38126427827
5	2	一阵	12.4998378126
5	3	提醒	15.0603463793
5	4	乘客	15.4996107133
5	5	的	3.56888380271
5	6	铃声	19.6297842848
5	7	，	5.77084703078
5	8	火车	15.8853735172
5	9	开	13.6142198154
5	10	了	2.56482545965
5	11	。	6.20394055384
6	1	随着	8.38126427827
6	2	一阵	12.4998378126
6	3	提醒	15.0603463793
6	4	乘客	15.4996107133
6	5	的	3.56888380271
6	6	铃声	19.6297842848
6	7	。	5.77084703078
7	1	随着	8.38126427827
7	2	不	12.4998378126
7	3	敢	7.18182942602
7	4	说话	16.2852111845
7	5	的	3.07352077531
7	6	他	12.4354370191
7	7	的	4.50246558162
7	8	年龄	12.9685673291
7	9	增长	10.5405716449
7	10	，	5.28702444568
7	11	他	7.98804094119
7	12	更	9.8171182503
7	13	有	5.40534628086
7	14	自信	16.3059614125
7	15	了	7.67131174584
7	16	。	5.65840603608
8	1	随着	8.38126427827
8	2	不	12.4998378126
8	3	敢	7.18182942602
8	4	说话	16.2852111845
8	5	的	3.07352077531
8	6	他	12.4354370191
8	7	的	4.50246558162
8	8	年龄	12.9685673291
8	9	增长	10.5405716449
8	10	。	5.64514509203
9	1	随着	8.38126427827
9	2	下	12.4998378126
9	3	很多	13.7085623603
9	4	雪	16.8745708458
9	5	的	5.59995319493
9	6	冬天	15.0579910829
9	7	的	4.25290929106
9	8	到来	11.7316714956
9	9	，	1.67222987004
9	10	树木	17.4758912646
9	11	凋零	22.6422883943
9	12	了	9.13608245137
9	13	。	5.65840603608
10	1	随着	8.38126427827
10	2	下	12.4998378126
10	3	很多	13.7085623603
10	4	雪	16.8745708458
10	5	的	5.59995319493
10	6	冬天	15.0579910829
10	7	的	4.25290929106
10	8	到来	11.7316714956
10	9	。	1.39706049682
11	1	随着	8.38126427827
11	2	提高	12.575073462
11	3	人们	8.64475613503
11	4	生活	7.18061836338
11	5	质量	3.6869746855
11	6	的	2.15824452914
11	7	科技	10.2824336695
11	8	发展	5.94461373932
11	9	，	5.30835978526
11	10	电脑	13.4905190657
11	11	功能	14.0453928007
11	12	变得	15.2334640218
11	13	更	3.77855713496
11	14	多	2.83426682165
11	15	了	8.60583981338
11	16	。	2.57328224308
12	1	随着	8.38126427827
12	2	提高	12.575073462
12	3	人们	8.64475613503
12	4	生活	7.18061836338
12	5	质量	3.6869746855
12	6	的	2.15824452914
12	7	科技	10.2824336695
12	8	发展	5.94461373932
12	9	。	7.00284553686
13	1	自从	12.1214134162
13	2	见	14.3882013711
13	3	了	5.40590340007
13	4	学习	12.7356117736
13	5	文学	14.6116493826
13	6	的	4.21000899676
13	7	他	12.5243483999
13	8	，	1.82224902807
13	9	她	9.20915377783
13	10	一直	8.11645029899
13	11	在	3.75399408698
13	12	写	17.8903480198
13	13	信	8.52052001693
13	14	。	5.61206508309
14	1	自从	12.1214134162
14	2	见	14.3882013711
14	3	了	5.40590340007
14	4	学习	12.7356117736
14	5	文学	14.6116493826
14	6	的	4.21000899676
14	7	他	12.5243483999
14	8	。	7.73639663051
15	1	自从	12.1214134162
15	2	修	15.4745614028
15	3	了	4.55397470451
15	4	通往	13.1564627028
15	5	城市	11.7791975229
15	6	的	4.31670921896
15	7	公路	9.14001656382
15	8	，	3.63385697786
15	9	农村	11.0478964386
15	10	经济	3.36385753765
15	11	变	16.4908196382
15	12	好	9.20380719427
15	13	了	5.04477600799
15	14	。	2.83152637426
16	1	自从	12.1214134162
16	2	修	15.4745614028
16	3	了	4.55397470451
16	4	通往	13.1564627028
16	5	城市	11.7791975229
16	6	的	4.31670921896
16	7	公路	9.14001656382
16	8	。	7.37577661465
17	1	自从	12.1214134162
17	2	离开	13.3407183779
17	3	培养	13.4898600182
17	4	了	4.25190869395
17	5	她	10.2190467275
17	6	的	2.5572813035
17	7	家乡	13.1906895672
17	8	，	3.42792743383
17	9	她	8.96128648793
17	10	一直	8.11645029899
17	11	想念	20.1315842522
17	12	父母	14.5586088123
17	13	。	7.94910505433
18	1	自从	12.1214134162
18	2	离开	13.3407183779
18	3	培养	13.4898600182
18	4	了	4.25190869395
18	5	她	10.2190467275
18	6	的	2.5572813035
18	7	家乡	13.1906895672
18	8	。	8.01964784001
19	1	自从	12.1214134162
19	2	打	12.3175500595
19	3	游戏	11.4731357069
19	4	的	5.06830568883
19	5	他	12.3217788933
19	6	开始	10.8238362441
19	7	读书	13.8625510978
19	8	，	2.42637263626
19	9	他	4.86591725009
19	10	的	3.96977705313
19	11	成绩	5.71342388438
19	12	提高	11.5274088132
19	13	了	4.57736775103
19	14	。	5.88159412981
20	1	自从	12.1214134162
20	2	打	12.3175500595
20	3	游戏	11.4731357069
20	4	的	5.06830568883
20	5	他	12.3217788933
20	6	开始	10.8238362441
20	7	读书	13.8625510978
20	8	。	3.62112069174
21	1	自从	12.1214134162
21	2	认识	13.7264902724
21	3	科学家	14.7053394346
21	4	的	4.35025086735
21	5	他	12.4147591499
21	6	获得	10.2965963818
21	7	大奖	12.1733300281
21	8	，	3.09951671254
21	9	他	7.59578800276
21	10	不	6.81054409973
21	11	学习	13.7287745501
21	12	了	6.3596547928
21	13	。	5.65840603608
22	1	自从	12.1214134162
22	2	认识	13.7264902724
22	3	科学家	14.7053394346
22	4	的	4.35025086735
22	5	他	12.4147591499
22	6	获得	10.2965963818
22	7	大奖	12.1733300281
22	8	。	2.04890044686
23	1	自从	12.1214134162
23	2	热爱	15.2968881842
23	3	艺术	13.1602692708
23	4	的	4.017583177
23	5	她	13.0086940216
23	6	认识	13.0892182259
23	7	了	4.91453357282
23	8	老师	17.2682073255
23	9	，	3.78416447652
23	10	她	9.00816382527
23	11	努力	13.489568606
23	12	训练	13.4280105695
23	13	。	3.16079242184
24	1	自从	12.1214134162
24	2	热爱	15.2968881842
24	3	艺术	13.1602692708
24	4	的	4.017583177
24	5	她	13.0086940216
24	6	认识	13.0892182259
24	7	了	4.91453357282
24	8	老师	17.2682073255
24	9	。	5.03362765513
25	1	自从	12.1214134162
25	2	设立	12.3668344966
25	3	了	2.79064096632
25	4	目标	13.0458819563
25	5	的	3.92935018612
25	6	她	13.2140648688
25	7	参与	13.0892182259
25	8	了	4.69194132667
25	9	活动	14.9720960702
25	10	，	2.95873234215
25	11	她	10.4284919952
25	12	认识	13.489568606
25	13	了	4.91453357282
25	14	很多	9.50862184164
25	15	人	5.80799273423
25	16	。	7.23717259093
26	1	自从	12.1214134162
26	2	设立	12.3668344966
26	3	了	2.79064096632
26	4	目标	13.0458819563
26	5	的	3.92935018612
26	6	她	13.2140648688
26	7	参与	13.0892182259
26	8	了	4.69194132667
26	9	活动	14.9720960702
26	10	。	3.09217284153
27	1	自从	12.1214134162
27	2	申请	13.3468865197
27	3	留学	14.7781519217
27	4	的	3.85213753756
27	5	她	12.953576634
27	6	学习	13.0892182259
27	7	了	6.3596547928
27	8	外语	15.5446996955
27	9	，	4.38925700723
27	10	她	8.96128648793
27	11	看	13.489568606
27	12	了	4.55195836885
27	13	很多	9.69936952004
27	14	电影	13.5441333027
27	15	。	5.98540978112
28	1	自从	12.1214134162
28	2	申请	13.3468865197
28	3	留学	14.7781519217
28	4	的	3.85213753756
28	5	她	12.953576634
28	6	学习	13.0892182259
28	7	了	6.3596547928
28	8	外语	15.5446996955
28	9	。	5.22876765606
29	1	因为	9.701741547
29	2	喝	15.3812484231
29	3	了	4.62675489207
29	4	让	14.7203098456
29	5	他	5.54356406911
29	6	开心	16.9930332213
29	7	的	2.24635781381
29	8	酒	15.733779434
29	9	，	3.14971070995
29	10	他	7.66423760767
29	11	摔	18.0125504355
29	12	了	2.93382123603
29	13	。	5.65840603608
30	1	因为	9.701741547
30	2	喝	15.3812484231
30	3	了	4.62675489207
30	4	让	14.7203098456
30	5	他	5.54356406911
30	6	开心	16.9930332213
30	7	的	2.24635781381
30	8	酒	15.733779434
30	9	。	4.59026623607
31	1	因为	9.701741547
31	2	需要	12.511573009
31	3	工作	10.7882274505
31	4	的	3.48998455609
31	5	他	13.0785572537
31	6	要	8.79237729613
31	7	迟到	20.8869995884
31	8	了	2.79259987225
31	9	，	5.81050053868
31	10	他	5.82091153973
31	11	结束	12.8068310119
31	12	了	3.3275952972
31	13	谈话	16.2647858501
31	14	。	2.34235560498
32	1	因为	9.701741547
32	2	需要	12.511573009
32	3	工作	10.7882274505
32	4	的	3.48998455609
32	5	他	13.0785572537
32	6	要	8.79237729613
32	7	迟到	20.8869995884
32	8	了	2.79259987225
32	9	。	5.65840603608
33	1	因为	9.701741547
33	2	不	9.13427019444
33	3	读书	15.1979376483
33	4	的	3.18649698207
33	5	他	12.3217788933
33	6	没有	9.75144060425
33	7	练习	13.8995603226
33	8	题目	17.7717304855
33	9	，	3.77556412585
33	10	他	7.59578800276
33	11	没有	8.11592830133
33	12	成功	8.78261159249
33	13	。	0.98830915254
34	1	因为	9.701741547
34	2	不	9.13427019444
34	3	读书	15.1979376483
34	4	的	3.18649698207
34	5	他	12.3217788933
34	6	没有	9.75144060425
34	7	练习	13.8995603226
34	8	题目	17.7717304855
34	9	。	6.25627417304
35	1	因为	9.701741547
35	2	困扰	15.8746131441
35	3	着	3.5215861898
35	4	她	8.15432722902
35	5	的	1.53579723405
35	6	疾病	13.0895225126
35	7	，	2.41715269352
35	8	她	9.17032236283
35	9	拒绝	11.8332521876
35	10	了	3.51476609467
35	11	演出	13.2104133149
35	12	。	3.34235487335
36	1	因为	9.701741547
36	2	困扰	15.8746131441
36	3	着	3.5215861898
36	4	她	8.15432722902
36	5	的	1.53579723405
36	6	疾病	13.0895225126
36	7	。	3.77715528636
37	1	因为	9.701741547
37	2	听	12.819291717
37	3	着	5.35837643739
37	4	吸引	12.8677205259
37	5	她	13.3782089876
37	6	的	3.74920447931
37	7	音乐	11.7347545107
37	8	，	3.07616837793
37	9	她	8.98943238119
37	10	错过	18.0679246331
37	11	了	2.27883141044
37	12	广播	15.7479454936
37	13	。	10.1023622847
38	1	因为	9.701741547
38	2	听	12.819291717
38	3	着	5.35837643739
38	4	吸引	12.8677205259
38	5	她	13.3782089876
38	6	的	3.74920447931
38	7	音乐	11.7347545107
38	8	。	5.84078045823
39	1	尽管	9.38210827955
39	2	负责	13.0119174304
39	3	工程	8.45333083316
39	4	的	2.34235560498
39	5	领导	11.2351486759
39	6	已经	12.3013742636
39	7	离去	17.6626168387
39	8	，	1.55073171043
39	9	工人	14.5382254803
39	10	还	6.859697825
39	11	在	2.66428351696
39	12	工作	11.0528576328
39	13	。	4.15913387892
40	1	尽管	9.38210827955
40	2	负责	13.0119174304
40	3	工程	8.45333083316
40	4	的	2.34235560498
40	5	领导	11.2351486759
40	6	已经	12.3013742636
40	7	离去	17.6626168387
40	8	。	1.55073171043
41	1	尽管	9.38210827955
41	2	努力	13.4251957634
41	3	工作	6.10878664714
41	4	的	4.53151402323
41	5	他	13.0785572537
41	6	年纪	17.3742320066
41	7	小	6.95142042124
41	8	，	4.75148692589
41	9	他	7.73913056785
41	10	有	7.78287591685
41	11	能力	8.70096744862
41	12	。	3.47063343281
42	1	尽管	9.38210827955
42	2	努力	13.4251957634
42	3	工作	6.10878664714
42	4	的	4.53151402323
42	5	他	13.0785572537
42	6	年纪	17.3742320066
42	7	小	6.95142042124
42	8	。	6.2817993202
43	1	尽管	9.38210827955
43	2	支持	12.6850626208
43	3	环保	14.0449160031
43	4	活动	10.6809387723
43	5	的	3.38211808663
43	6	她	13.3284058898
43	7	会	11.4329016305
43	8	开车	13.7876556225
43	9	，	4.05123100237
43	10	她	8.96128648793
43	11	今天	8.59331297953
43	12	没有	9.36253040334
43	13	开车	16.317820057
43	14	。	5.59995319493
44	1	尽管	9.38210827955
44	2	支持	12.6850626208
44	3	环保	14.0449160031
44	4	活动	10.6809387723
44	5	的	3.38211808663
44	6	她	13.3284058898
44	7	会	11.4329016305
44	8	开车	13.7876556225
44	9	。	5.59995319493
45	1	尽管	9.38210827955
45	2	买	13.7541045801
45	3	了	3.16024417735
45	4	房子	15.949695828
45	5	的	6.62192595702
45	6	作家	13.0360890154
45	7	很	11.949980168
45	8	年轻	9.59203474722
45	9	，	0.969798697184
45	10	他	8.05304743918
45	11	写	11.0111549701
45	12	了	3.51228119173
45	13	很多	9.82506975008
45	14	作品	11.2985933593
45	15	。	3.72235340055
46	1	尽管	9.38210827955
46	2	买	13.7541045801
46	3	了	3.16024417735
46	4	房子	15.949695828
46	5	的	6.62192595702
46	6	作家	13.0360890154
46	7	很	11.949980168
46	8	年轻	9.59203474722
46	9	。	9.48387676993
47	1	尽管	9.38210827955
47	2	热爱	15.6854447925
47	3	文学	14.4741154547
47	4	的	4.21000899676
47	5	父亲	12.7003608314
47	6	不	9.85359660814
47	7	同意	8.72199457799
47	8	他	8.85159519196
47	9	唱歌	17.9714338922
47	10	，	3.47071068273
47	11	他	7.59578800276
47	12	还是	8.72908044364
47	13	买	13.5733743565
47	14	了	3.16024417735
47	15	吉他	18.1571255841
47	16	。	5.77084703078
48	1	尽管	9.38210827955
48	2	热爱	15.6854447925
48	3	文学	14.4741154547
48	4	的	4.21000899676
48	5	父亲	12.7003608314
48	6	不	9.85359660814
48	7	同意	8.72199457799
48	8	他	8.85159519196
48	9	唱歌	17.9714338922
48	10	。	7.28590180677
49	1	尽管	9.38210827955
49	2	影响	11.7017292927
49	3	他	8.77265409191
49	4	收入	12.9862101852
49	5	的	4.41272304255
49	6	经济	8.65283803366
49	7	不	9.36174048636
49	8	好	7.59226051375
49	9	，	1.41997032183
49	10	他	7.49262419203
49	11	还是	8.80532549716
49	12	关心	13.8946608805
49	13	慈善	15.6190188334
49	14	。	7.51334936332
50	1	尽管	9.38210827955
50	2	影响	11.7017292927
50	3	他	8.77265409191
50	4	收入	12.9862101852
50	5	的	4.41272304255
50	6	经济	8.65283803366
50	7	不	9.36174048636
50	8	好	7.59226051375
50	9	。	3.40355453179
51	1	如果	8.82590162112
51	2	准备	12.5949959572
51	3	比赛	12.096943935
51	4	的	3.72765186778
51	5	她	13.6047109215
51	6	做	9.40419615267
51	7	完	9.96012416814
51	8	作业	14.4573217178
51	9	，	2.57547687078
51	10	她	8.98710466439
51	11	去	9.4450150767
51	12	健身房	18.0659462403
51	13	。	6.44891940853
52	1	如果	8.82590162112
52	2	准备	12.5949959572
52	3	比赛	12.096943935
52	4	的	3.72765186778
52	5	她	13.6047109215
52	6	做	9.40419615267
52	7	完	9.96012416814
52	8	作业	14.4573217178
52	9	。	3.01380025071
53	1	如果	8.82590162112
53	2	即将	13.3679096409
53	3	离开	11.3027475946
53	4	的	8.29013724223
53	5	她们	14.0400801173
53	6	照	16.8281844026
53	7	了	9.01374898065
53	8	相	17.2010196881
53	9	，	8.39726617328
53	10	她们	10.7573304524
53	11	就	8.03518999386
53	12	留下	14.4506055379
53	13	了	1.76194005057
53	14	回忆	17.958963031
53	15	。	4.56086754197
54	1	如果	8.82590162112
54	2	即将	13.3679096409
54	3	离开	11.3027475946
54	4	的	8.29013724223
54	5	她们	14.0400801173
54	6	照	16.8281844026
54	7	了	9.01374898065
54	8	相	17.2010196881
54	9	。	10.8779755096
55	1	如果	8.82590162112
55	2	培养	13.6690521615
55	3	了	4.25190869395
55	4	支撑	17.7133323504
55	5	她	12.724533744
55	6	努力	12.8849356389
55	7	的	4.68988812249
55	8	信心	11.7613315186
55	9	，	2.78642849966
55	10	她	9.27752065733
55	11	可以	10.2845261019
55	12	实现	7.89241920606
55	13	梦想	17.7305824982
55	14	。	2.88938018154
56	1	如果	8.82590162112
56	2	培养	13.6690521615
56	3	了	4.25190869395
56	4	支撑	17.7133323504
56	5	她	12.724533744
56	6	努力	12.8849356389
56	7	的	4.68988812249
56	8	信心	11.7613315186
56	9	。	1.34027852891
57	1	如果	8.82590162112
57	2	没有	6.09834540542
57	3	工作	13.9915395159
57	4	的	3.48998455609
57	5	他	13.0785572537
57	6	不	7.93690823881
57	7	尝试	13.7337894577
57	8	，	3.23672917484
57	9	他	7.78744474516
57	10	将	5.03799636891
57	11	失去	11.8962311378
57	12	机会	8.15015106718
57	13	。	2.75936474107
58	1	如果	8.82590162112
58	2	没有	6.09834540542
58	3	工作	13.9915395159
58	4	的	3.48998455609
58	5	他	13.0785572537
58	6	不	7.93690823881
58	7	尝试	13.7337894577
58	8	。	3.33957763335
59	1	如果	8.82590162112
59	2	喜欢	15.1180649152
59	3	水果	14.8173864744
59	4	的	3.88367272192
59	5	她	12.881553439
59	6	来	8.51742510644
59	7	，	4.99309622524
59	8	母亲	13.1910619014
59	9	会	11.8670812287
59	10	准备	13.7876556225
59	11	水果	15.2433876511
59	12	。	4.8235428204
60	1	如果	8.82590162112
60	2	喜欢	15.1180649152
60	3	水果	14.8173864744
60	4	的	3.88367272192
60	5	她	12.881553439
60	6	来	8.51742510644
60	7	。	5.98806017108
