sentence_id	token_id	token	surprisal
1	1	记者	8.05482180747
1	2	采访	9.32938935365
1	3	了	5.11993498466
1	4	研发	17.3804746556
1	5	帮助	13.0094504235
1	6	老人	10.3003955161
1	7	的	3.53126613969
1	8	产品	10.1559686582
1	9	。	3.7117229989
2	1	记者	8.05482180747
2	2	采访	9.32938935365
2	3	了	5.11993498466
2	4	研发	17.3804746556
2	5	帮助	13.0094504235
2	6	老人	10.3003955161
2	7	的	3.53126613969
2	8	产品	10.1559686582
2	9	的	6.02261590577
2	10	科学家	12.906008167
2	11	。	5.51479610705
3	1	他	4.39275853651
3	2	认识	15.9718466284
3	3	了	4.91453357282
3	4	写	15.6118877787
3	5	介绍	12.4926594766
3	6	名人	17.765787162
3	7	的	4.96269481751
3	8	书	12.3896294338
3	9	。	3.1991877979
4	1	他	4.39275853651
4	2	认识	15.9718466284
4	3	了	4.91453357282
4	4	写	15.6118877787
4	5	介绍	12.4926594766
4	6	名人	17.765787162
4	7	的	4.96269481751
4	8	书	12.3896294338
4	9	的	4.37737245945
4	10	老师	13.6536650689
4	11	。	5.4102024639
5	1	他	4.39275853651
5	2	拍	17.62816772
5	3	下	8.52216755557
5	4	了	5.69196407361
5	5	获得	15.9333495932
5	6	代表	13.4818829038
5	7	实力	13.8614725334
5	8	的	4.66924575092
5	9	大奖	18.1791085458
5	10	。	2.04890044686
6	1	他	4.39275853651
6	2	拍	17.62816772
6	3	下	8.52216755557
6	4	了	5.69196407361
6	5	获得	15.9333495932
6	6	代表	13.4818829038
6	7	实力	13.8614725334
6	8	的	4.66924575092
6	9	大奖	18.1791085458
6	10	的	3.09951671254
6	11	艺术品	14.368927131
6	12	。	2.64787065881
7	1	我们	7.88578536368
7	2	参加	11.5742228673
7	3	了	3.38608126642
7	4	吸引	14.3956369352
7	5	学习	13.7307323312
7	6	历史	12.3456505996
7	7	的	3.66288732088
7	8	学生	11.0052141562
7	9	。	3.72037019787
8	1	我们	7.88578536368
8	2	参加	11.5742228673
8	3	了	3.38608126642
8	4	吸引	14.3956369352
8	5	学习	13.7307323312
8	6	历史	12.3456505996
8	7	的	3.66288732088
8	8	学生	11.0052141562
8	9	的	7.04452734974
8	10	活动	10.0212518873
8	11	。	2.19028395907
9	1	他	4.39275853651
9	2	想起	15.9718466284
9	3	了	2.70175367374
9	4	写	15.5446996955
9	5	过	5.23868994144
9	6	宣传	13.9119075704
9	7	环保	14.1492001089
9	8	的	5.56399000886
9	9	歌	14.2380793816
9	10	。	6.12567660689
10	1	他	4.39275853651
10	2	想起	15.9718466284
10	3	了	2.70175367374
10	4	写	15.5446996955
10	5	过	5.23868994144
10	6	宣传	13.9119075704
10	7	环保	14.1492001089
10	8	的	5.56399000886
10	9	歌	14.2380793816
10	10	的	5.30128608446
10	11	同学	13.633793515
10	12	。	5.70435200931
11	1	司机	17.2210146948
11	2	启动	14.0952389204
11	3	了	4.51117176588
11	4	装有	16.2799955924
11	5	支持	12.3209666802
11	6	互联网	16.9972087063
11	7	功能	13.4852364014
11	8	的	3.44164379845
11	9	音响	16.0703426749
11	10	。	8.05336741563
12	1	司机	17.2210146948
12	2	启动	14.0952389204
12	3	了	4.51117176588
12	4	装有	16.2799955924
12	5	支持	12.3209666802
12	6	互联网	16.9972087063
12	7	功能	13.4852364014
12	8	的	3.44164379845
12	9	音响	16.0703426749
12	10	的	5.57265849218
12	11	车	13.4059260857
12	12	。	4.22302753929
13	1	爸爸	14.0597377317
13	2	买	8.26998907843
13	3	了	3.16024417735
13	4	带	14.4009733969
13	5	配备	16.2880702123
13	6	保险	13.4418501563
13	7	的	5.17134190416
13	8	家具	15.7170668159
13	9	。	5.61464857416
14	1	爸爸	14.0597377317
14	2	买	8.26998907843
14	3	了	3.16024417735
14	4	带	14.4009733969
14	5	配备	16.2880702123
14	6	保险	13.4418501563
14	7	的	5.17134190416
14	8	家具	15.7170668159
14	9	的	4.89031540388
14	10	房子	12.4608275484
14	11	。	3.84343417924
15	1	他	4.39275853651
15	2	损失	17.7095402683
15	3	了	6.00756057021
15	4	买	15.5446996955
15	5	治疗	14.2999764847
15	6	疾病	8.86941514443
15	7	的	1.34235523917
15	8	药	18.2032631571
15	9	。	7.88632390686
16	1	他	4.39275853651
16	2	损失	17.7095402683
16	3	了	6.00756057021
16	4	买	15.5446996955
16	5	治疗	14.2999764847
16	6	疾病	8.86941514443
16	7	的	1.34235523917
16	8	药	18.2032631571
16	9	的	4.68128125595
16	10	现金	13.3373254902
16	11	。	3.4027573698
17	1	我	7.71951332837
17	2	拜访	14.489597811
17	3	了	3.17893442798
17	4	去	13.1564627028
17	5	过	6.71930383644
17	6	支持	12.9161345599
17	7	贸易	12.6774573824
17	8	的	4.747882406
17	9	中国	8.41296655303
17	10	。	8.55468566553
18	1	我	7.71951332837
18	2	拜访	14.489597811
18	3	了	3.17893442798
18	4	去	13.1564627028
18	5	过	6.71930383644
18	6	支持	12.9161345599
18	7	贸易	12.6774573824
18	8	的	4.747882406
18	9	中国	8.41296655303
18	10	的	10.1065140765
18	11	邻居	14.7017534169
18	12	。	6.14698484057
19	1	爷爷	19.8809986132
19	2	中止	15.8805036603
19	3	了	3.60076090557
19	4	引发	14.7736424488
19	5	伤害	15.7800807002
19	6	亲情	17.5795510703
19	7	的	3.90680677746
19	8	争吵	15.585230009
19	9	。	5.37782829391
20	1	爷爷	19.8809986132
20	2	中止	15.8805036603
20	3	了	3.60076090557
20	4	引发	14.7736424488
20	5	伤害	15.7800807002
20	6	亲情	17.5795510703
20	7	的	3.90680677746
20	8	争吵	15.585230009
20	9	的	5.37782829391
20	10	谈话	12.4977903644
20	11	。	2.15502308775
21	1	她	7.33709256502
21	2	提到	17.1296484044
21	3	了	2.87540505727
21	4	看	13.2268445883
21	5	着	5.44851363144
21	6	带来	13.859316534
21	7	欢乐	17.0822197698
21	8	的	2.25214963721
21	9	电视	12.3694062971
21	10	。	6.56357510875
22	1	她	7.33709256502
22	2	提到	17.1296484044
22	3	了	2.87540505727
22	4	看	13.2268445883
22	5	着	5.44851363144
22	6	带来	13.859316534
22	7	欢乐	17.0822197698
22	8	的	2.25214963721
22	9	电视	12.3694062971
22	10	的	5.52466604013
22	11	女儿	12.6147259101
22	12	。	5.31924371856
23	1	医生	14.7640464528
23	2	表扬	18.7029831911
23	3	了	1.63836592413
23	4	帮助	12.629226668
23	5	种	12.2492811146
23	6	菜	9.42904005143
23	7	的	3.36072070794
23	8	老人	12.0506663623
23	9	。	2.99275167252
24	1	医生	14.7640464528
24	2	表扬	18.7029831911
24	3	了	1.63836592413
24	4	帮助	12.629226668
24	5	种	12.2492811146
24	6	菜	9.42904005143
24	7	的	3.36072070794
24	8	老人	12.0506663623
24	9	的	3.90447790334
24	10	孩子	11.4347511343
24	11	。	3.38922042649
25	1	她	7.33709256502
25	2	介绍	7.58482576279
25	3	了	2.69895933507
25	4	生产	10.8509663297
25	5	装有	17.3403880071
25	6	音响	16.2649039948
25	7	的	5.38324754982
25	8	电视	11.6255957691
25	9	。	6.56357510875
26	1	她	7.33709256502
26	2	介绍	7.58482576279
26	3	了	2.69895933507
26	4	生产	10.8509663297
26	5	装有	17.3403880071
26	6	音响	16.2649039948
26	7	的	5.38324754982
26	8	电视	11.6255957691
26	9	的	5.52466604013
26	10	工厂	12.1949609883
26	11	。	3.04275636414
27	1	我	7.71951332837
27	2	洗	17.9902079307
27	3	了	7.0734080258
27	4	陪伴	17.4986030172
27	5	过	11.3554281673
27	6	卖	14.5624102704
27	7	衣服	9.5434339352
27	8	的	3.06397490196
27	9	母亲	12.106663911
27	10	。	4.08000543911
28	1	我	7.71951332837
28	2	洗	17.9902079307
28	3	了	7.0734080258
28	4	陪伴	17.4986030172
28	5	过	11.3554281673
28	6	卖	14.5624102704
28	7	衣服	9.5434339352
28	8	的	3.06397490196
28	9	母亲	12.106663911
28	10	的	4.00281819901
28	11	衣服	13.9312248431
28	12	。	2.73533338703
29	1	学生	14.2585891691
29	2	们	21.0187994619
29	3	写	13.3801097685
29	4	着	4.26556847907
29	5	困扰	16.1560249191
29	6	努力	13.4777186686
29	7	学习	5.93405298101
29	8	的	4.46558039857
29	9	他们	15.3752415502
29	10	。	7.57227582495
30	1	学生	14.2585891691
30	2	们	21.0187994619
30	3	写	13.3801097685
30	4	着	4.26556847907
30	5	困扰	16.1560249191
30	6	努力	13.4777186686
30	7	学习	5.93405298101
30	8	的	4.46558039857
30	9	他们	15.3752415502
30	10	的	4.01239797238
30	11	作业	14.5658935271
30	12	。	4.14970942959
31	1	店长	24.7037797905
31	2	拿	13.6422855462
31	3	着	3.26345088544
31	4	开	13.7270066192
31	5	通往	15.3981198439
31	6	仓库	16.2530458924
31	7	的	5.63117310633
31	8	大门	12.2569779816
31	9	。	1.59428379314
32	1	店长	24.7037797905
32	2	拿	13.6422855462
32	3	着	3.26345088544
32	4	开	13.7270066192
32	5	通往	15.3981198439
32	6	仓库	16.2530458924
32	7	的	5.63117310633
32	8	大门	12.2569779816
32	9	的	5.11235145818
32	10	钥匙	14.368927131
32	11	。	0.872831891088
33	1	有人	13.4604020861
33	2	听	14.7772794442
33	3	着	5.35837643739
33	4	打扰	19.9709567785
33	5	了	8.93082768773
33	6	写	15.5446996955
33	7	书	10.861103298
33	8	的	3.83106657974
33	9	邻居	14.3379721782
33	10	。	6.14698484057
34	1	有人	13.4604020861
34	2	听	14.7772794442
34	3	着	5.35837643739
34	4	打扰	19.9709567785
34	5	了	8.93082768773
34	6	写	15.5446996955
34	7	书	10.861103298
34	8	的	3.83106657974
34	9	邻居	14.3379721782
34	10	的	5.32259188729
34	11	音乐	11.5267850581
34	12	。	5.84078045823
35	1	我	7.71951332837
35	2	观察	12.8332774563
35	3	着	9.671312334
35	4	经营	12.1313358275
35	5	卖	14.81745937
35	6	食品	13.5788803025
35	7	的	4.66872753081
35	8	商店	13.3249874678
35	9	。	4.17240154984
36	1	我	7.71951332837
36	2	观察	12.8332774563
36	3	着	9.671312334
36	4	经营	12.1313358275
36	5	卖	14.81745937
36	6	食品	13.5788803025
36	7	的	4.66872753081
36	8	商店	13.3249874678
36	9	的	4.2044974154
36	10	男人	13.553772055
36	11	。	3.6869746855
37	1	学生	14.2585891691
37	2	们	21.0187994619
37	3	读	14.7324168663
37	4	着	11.6827624185
37	5	描述	15.6408780346
37	6	启发	17.3197465325
37	7	读者	15.2433971647
37	8	的	3.17185589763
37	9	故事	11.5172338506
37	10	。	2.37139025388
38	1	学生	14.2585891691
38	2	们	21.0187994619
38	3	读	14.7324168663
38	4	着	11.6827624185
38	5	描述	15.6408780346
38	6	启发	17.3197465325
38	7	读者	15.2433971647
38	8	的	3.17185589763
38	9	故事	11.5172338506
38	10	的	6.92731632052
38	11	书	12.5671458419
38	12	。	3.1991877979
39	1	教练	13.4604020861
39	2	创办	13.9897335809
39	3	过	12.196411309
39	4	教	15.6425796118
39	5	治疗	13.6510561158
39	6	失眠	20.4310271425
39	7	的	2.79259987225
39	8	动作	11.8461683463
39	9	。	2.80966883977
40	1	教练	13.4604020861
40	2	创办	13.9897335809
40	3	过	12.196411309
40	4	教	15.6425796118
40	5	治疗	13.6510561158
40	6	失眠	20.4310271425
40	7	的	2.79259987225
40	8	动作	11.8461683463
40	9	的	4.12631063073
40	10	健身房	18.408525073
40	11	。	6.44891940853
41	1	我	7.71951332837
41	2	喜欢	8.47021549129
41	3	过	8.24517572303
41	4	给	11.8326421874
41	5	我	5.68144043028
41	6	克服	15.5471077083
41	7	困难	3.50904235519
41	8	的	3.99828709556
41	9	信心	11.8263703243
41	10	。	1.34027852891
42	1	我	7.71951332837
42	2	喜欢	8.47021549129
42	3	过	8.24517572303
42	4	给	11.8326421874
42	5	我	5.68144043028
42	6	克服	15.5471077083
42	7	困难	3.50904235519
42	8	的	3.99828709556
42	9	信心	11.8263703243
42	10	的	5.66915141513
42	11	音乐	11.7930243854
42	12	。	5.84078045823
43	1	她	7.33709256502
43	2	开	14.9347717498
43	3	过	7.9146266018
43	4	容纳	17.2756791507
43	5	很多	13.107239853
43	6	学习	12.9074284402
43	7	舞蹈	11.6205128233
43	8	的	4.99126001978
43	9	人	8.21213525314
43	10	。	4.29611344063
44	1	她	7.33709256502
44	2	开	14.9347717498
44	3	过	7.9146266018
44	4	容纳	17.2756791507
44	5	很多	13.107239853
44	6	学习	12.9074284402
44	7	舞蹈	11.6205128233
44	8	的	4.99126001978
44	9	人	8.21213525314
44	10	的	6.06863100437
44	11	车	13.616206129
44	12	。	4.22302753929
45	1	他	4.39275853651
45	2	修理	19.4646929957
45	3	过	11.6220722066
45	4	丢失	16.3592609457
45	5	了	2.49183830878
45	6	处理	12.5163524349
45	7	程序	12.2787078253
45	8	的	4.37597256885
45	9	芯片	15.1779458497
45	10	。	4.37024332797
46	1	他	4.39275853651
46	2	修理	19.4646929957
46	3	过	11.6220722066
46	4	丢失	16.3592609457
46	5	了	2.49183830878
46	6	处理	12.5163524349
46	7	程序	12.2787078253
46	8	的	4.37597256885
46	9	芯片	15.1779458497
46	10	的	3.48347146598
46	11	电脑	11.9705443663
46	12	。	5.34182614551
47	1	他	4.39275853651
47	2	讲	13.9431429093
47	3	过	5.70817845119
47	4	介绍	13.1773464633
47	5	写	15.5851016414
47	6	诗	17.2257761847
47	7	的	4.24387604614
47	8	画家	15.0579910829
47	9	。	5.30277048689
48	1	他	4.39275853651
48	2	讲	13.9431429093
48	3	过	5.70817845119
48	4	介绍	13.1773464633
48	5	写	15.5851016414
48	6	诗	17.2257761847
48	7	的	4.24387604614
48	8	画家	15.0579910829
48	9	的	3.73055180021
48	10	课	15.2976578966
48	11	。	3.14971070995
49	1	我	7.71951332837
49	2	邀请	14.4579774282
49	3	过	12.0163847192
49	4	喜欢	15.0605938544
49	5	唱	9.88076353077
49	6	歌	16.6551176121
49	7	的	5.29013712933
49	8	明星	13.9045277859
49	9	。	4.42981782434
50	1	我	7.71951332837
50	2	邀请	14.4579774282
50	3	过	12.0163847192
50	4	喜欢	15.0605938544
50	5	唱	9.88076353077
50	6	歌	16.6551176121
50	7	的	5.29013712933
50	8	明星	13.9045277859
50	9	的	4.61518096096
50	10	朋友	11.2339267842
50	11	。	2.98225706853
51	1	她	7.33709256502
51	2	申请	15.5922330413
51	3	过	11.7061933701
51	4	减轻	15.0176968588
51	5	困扰	15.8361074047
51	6	父母	14.9077011331
51	7	的	3.06715145909
51	8	负担	12.9573742726
51	9	。	1.71774620047
52	1	她	7.33709256502
52	2	申请	15.5922330413
52	3	过	11.7061933701
52	4	减轻	15.0176968588
52	5	困扰	15.8361074047
52	6	父母	14.9077011331
52	7	的	3.06715145909
52	8	负担	12.9573742726
52	9	的	4.62941983675
52	10	奖金	12.7800597963
52	11	。	2.20349460797
53	1	她	7.33709256502
53	2	去	10.8902185215
53	3	卖	14.312385657
53	4	陪伴	18.0137053112
53	5	孩子	13.5972010593
53	6	的	3.22781231095
53	7	礼物	13.4792424791
53	8	。	2.39818103789
54	1	她	7.33709256502
54	2	去	10.8902185215
54	3	卖	14.312385657
54	4	陪伴	18.0137053112
54	5	孩子	13.5972010593
54	6	的	3.22781231095
54	7	礼物	13.4792424791
54	8	的	5.76562758966
54	9	商店	13.2091913498
54	10	。	4.17240154984
55	1	弟弟	18.9157056624
55	2	需要	12.1104655567
55	3	用于	13.4538188822
55	4	锻炼	15.3107135846
55	5	记忆力	21.308090473
55	6	的	6.3646119396
55	7	游戏	14.1181216091
55	8	。	4.24924437151
56	1	弟弟	18.9157056624
56	2	需要	12.1104655567
56	3	用于	13.4538188822
56	4	锻炼	15.3107135846
56	5	记忆力	21.308090473
56	6	的	6.3646119396
56	7	游戏	14.1181216091
56	8	的	5.62925880146
56	9	钱	11.7098229295
56	10	。	5.95000842243
57	1	他	4.39275853651
57	2	很	11.4376711005
57	3	欣赏	13.4130003847
57	4	写	13.6890931527
57	5	吸引	13.629952391
57	6	读者	11.3110389734
57	7	的	3.17185589763
57	8	小说	13.5786840117
57	9	。	5.37310420754
58	1	他	4.39275853651
58	2	很	11.4376711005
58	3	欣赏	13.4130003847
58	4	写	13.6890931527
58	5	吸引	13.629952391
58	6	读者	11.3110389734
58	7	的	3.17185589763
58	8	小说	13.5786840117
58	9	的	4.46058089434
58	10	作家	13.0360890154
58	11	。	2.43365281771
59	1	我	7.71951332837
59	2	经常	10.6415640111
59	3	去	8.01624150789
59	4	提供	11.0171039043
59	5	帮助	6.52223995684
59	6	残疾人	10.7350630765
59	7	的	4.19888042346
59	8	停车位	18.0893310811
59	9	。	6.82280596991
60	1	我	7.71951332837
60	2	经常	10.6415640111
60	3	去	8.01624150789
60	4	提供	11.0171039043
60	5	帮助	6.52223995684
60	6	残疾人	10.7350630765
60	7	的	4.19888042346
60	8	停车位	18.0893310811
60	9	的	6.4595657378
60	10	医院	14.368927131
60	11	。	4.29356206582
