sentence_id	token_id	token	surprisal
1	1	那	9.78565934382
1	2	家	9.8242913282
1	3	我	13.2597034412
1	4	采访	13.5739034407
1	5	过	5.97891285276
1	6	的	2.36504770547
1	7	老板	13.5419695795
1	8	投资	11.1508290201
1	9	的	4.36365793524
1	10	饭店	14.5278468377
1	11	很	10.2665062927
1	12	受	7.28106180478
1	13	欢迎	2.17061802216
1	14	。	1.48604281632
2	1	那	9.78565934382
2	2	个	8.58075974437
2	3	我	14.5716798846
2	4	采访	13.8779938632
2	5	过	5.97891285276
2	6	的	2.36504770547
2	7	老板	13.5419695795
2	8	投资	11.1508290201
2	9	的	4.36365793524
2	10	饭店	14.5278468377
2	11	很	10.2665062927
2	12	受	7.28106180478
2	13	欢迎	2.17061802216
2	14	。	1.48604281632
3	1	那	9.78565934382
3	2	幅	15.3086352909
3	3	我	12.1378287185
3	4	介绍	13.5739034407
3	5	的	6.61268263784
3	6	朋友	11.3802605886
3	7	喜欢	15.3585413059
3	8	的	4.61990503359
3	9	画	16.092076523
3	10	吸引	13.0356879677
3	11	了	2.78127288393
3	12	我	10.1000996451
3	13	。	5.07413568477
4	1	那	9.78565934382
4	2	个	8.58075974437
4	3	我	14.5716798846
4	4	介绍	13.8779938632
4	5	的	6.61268263784
4	6	朋友	11.3802605886
4	7	喜欢	15.3585413059
4	8	的	4.61990503359
4	9	画	16.092076523
4	10	吸引	13.0356879677
4	11	了	2.78127288393
4	12	我	10.1000996451
4	13	。	5.07413568477
5	1	那	9.78565934382
5	2	件	6.79333773357
5	3	我	13.5020998947
5	4	喜欢	8.3130422001
5	5	的	4.59028361228
5	6	老师	13.7010857765
5	7	收藏	15.1791972899
5	8	的	2.26547080786
5	9	艺术品	14.4770935717
5	10	获	13.742281465
5	11	了	9.34324838676
5	12	奖	14.7203098456
5	13	。	1.92731792279
6	1	那	9.78565934382
6	2	个	8.58075974437
6	3	我	14.5716798846
6	4	喜欢	8.61713317063
6	5	的	4.59028361228
6	6	老师	13.7010857765
6	7	收藏	15.1791972899
6	8	的	2.26547080786
6	9	艺术品	14.4770935717
6	10	获	13.742281465
6	11	了	9.34324838676
6	12	奖	14.7203098456
6	13	。	1.92731792279
7	1	那	9.78565934382
7	2	只	8.2604463961
7	3	我	12.5155513845
7	4	认识	9.88887909369
7	5	的	1.68697570745
7	6	店长	23.5620366459
7	7	喜欢	14.4533046996
7	8	的	4.61990503359
7	9	宠物	16.5720558324
7	10	生病	17.0571306008
7	11	了	3.2438757728
7	12	。	7.09929009005
8	1	那	9.78565934382
8	2	个	8.58075974437
8	3	我	14.5716798846
8	4	认识	10.192969766
8	5	的	1.68697570745
8	6	店长	23.5620366459
8	7	喜欢	14.4533046996
8	8	的	4.61990503359
8	9	宠物	16.5720558324
8	10	生病	17.0571306008
8	11	了	3.2438757728
8	12	。	7.09929009005
9	1	那	9.78565934382
9	2	首	9.09995809054
9	3	我	12.9795181177
9	4	见	11.0931896842
9	5	过	3.68523749757
9	6	的	3.23948300669
9	7	明星	14.1746613727
9	8	唱	15.4176489952
9	9	的	3.52963810662
9	10	歌	3.80178709558
9	11	很	11.8171047155
9	12	好听	22.1570958117
9	13	。	6.9880436883
10	1	那	9.78565934382
10	2	个	8.58075974437
10	3	我	14.5716798846
10	4	见	11.397280863
10	5	过	3.68523749757
10	6	的	3.23948300669
10	7	明星	14.1746613727
10	8	唱	15.4176489952
10	9	的	3.52963810662
10	10	歌	3.80178709558
10	11	很	11.8171047155
10	12	好听	22.1570958117
10	13	。	6.9880436883
11	1	那	9.78565934382
11	2	所	12.3050009392
11	3	我	12.710098415
11	4	认识	9.88887909369
11	5	的	1.68697570745
11	6	老人	12.2042021616
11	7	去	12.3201807456
11	8	的	6.43044544641
11	9	学校	11.8910569123
11	10	关闭	15.1189568838
11	11	了	3.35356612323
11	12	。	5.70380147573
12	1	那	9.78565934382
12	2	个	8.58075974437
12	3	我	14.5716798846
12	4	认识	10.192969766
12	5	的	1.68697570745
12	6	老人	12.2042021616
12	7	去	12.3201807456
12	8	的	6.43044544641
12	9	学校	11.8910569123
12	10	关闭	15.1189568838
12	11	了	3.35356612323
12	12	。	5.70380147573
13	1	那	9.78565934382
13	2	件	6.79333773357
13	3	我	13.5020998947
13	4	采访	13.5739034407
13	5	过	5.97891285276
13	6	的	2.36504770547
13	7	司机	14.7829707804
13	8	带	13.2315978033
13	9	的	4.70083056831
13	10	行李	14.8525263154
13	11	丢	16.0754652941
13	12	了	2.24695348216
13	13	。	5.84857216026
14	1	那	9.78565934382
14	2	个	8.58075974437
14	3	我	14.5716798846
14	4	采访	13.8779938632
14	5	过	5.97891285276
14	6	的	2.36504770547
14	7	司机	14.7829707804
14	8	带	13.2315978033
14	9	的	4.70083056831
14	10	行李	14.8525263154
14	11	丢	16.0754652941
14	12	了	2.24695348216
14	13	。	5.84857216026
15	1	那	9.78565934382
15	2	本	8.2604463961
15	3	我	13.6540674662
15	4	喜欢	8.3130422001
15	5	的	4.59028361228
15	6	作家	13.1834025608
15	7	写	10.440480705
15	8	的	3.33407318498
15	9	书	5.92731649611
15	10	很	12.120732197
15	11	受	7.28106180478
15	12	欢迎	2.17061802216
15	13	。	1.48604281632
16	1	那	9.78565934382
16	2	个	8.58075974437
16	3	我	14.5716798846
16	4	喜欢	8.61713317063
16	5	的	4.59028361228
16	6	作家	13.1834025608
16	7	写	10.440480705
16	8	的	3.33407318498
16	9	书	5.92731649611
16	10	很	12.120732197
16	11	受	7.28106180478
16	12	欢迎	2.17061802216
16	13	。	1.48604281632
17	1	那	9.78565934382
17	2	辆	7.97287412875
17	3	我	13.5504139652
17	4	介绍	13.5739034407
17	5	的	6.61268263784
17	6	朋友	11.3802605886
17	7	开	14.2768022387
17	8	的	4.88367272192
17	9	车	4.73467449103
17	10	坏	16.0050680911
17	11	了	3.19521949269
17	12	。	5.76479115371
18	1	那	9.78565934382
18	2	个	8.58075974437
18	3	我	14.5716798846
18	4	介绍	13.8779938632
18	5	的	6.61268263784
18	6	朋友	11.3802605886
18	7	开	14.2768022387
18	8	的	4.88367272192
18	9	车	4.73467449103
18	10	坏	16.0050680911
18	11	了	3.19521949269
18	12	。	5.76479115371
19	1	那	9.78565934382
19	2	份	7.5277387354
19	3	他	11.3774532756
19	4	教	12.6542039795
19	5	的	8.37175080229
19	6	孩子	11.3474136778
19	7	做	9.50878683992
19	8	的	4.16057206701
19	9	作业	14.9642772826
19	10	获	13.3725745657
19	11	了	9.34324838676
19	12	奖	14.7203098456
19	13	。	1.92731792279
20	1	那	9.78565934382
20	2	个	8.58075974437
20	3	他	16.2280015948
20	4	教	12.6542039795
20	5	的	8.37175080229
20	6	孩子	11.3474136778
20	7	做	9.50878683992
20	8	的	4.16057206701
20	9	作业	14.9642772826
20	10	获	13.3725745657
20	11	了	9.34324838676
20	12	奖	14.7203098456
20	13	。	1.92731792279
21	1	那	9.78565934382
21	2	份	7.5277387354
21	3	我	12.0284640004
21	4	采访	13.5739034407
21	5	过	5.97891285276
21	6	的	2.36504770547
21	7	老板	13.5419695795
21	8	制定	12.6911206633
21	9	的	3.16387808399
21	10	合同	12.195961777
21	11	到期	12.3549013227
21	12	了	9.72071948672
21	13	。	5.65840603608
22	1	那	9.78565934382
22	2	个	8.58075974437
22	3	我	14.5716798846
22	4	采访	13.8779938632
22	5	过	5.97891285276
22	6	的	2.36504770547
22	7	老板	13.5419695795
22	8	制定	12.6911206633
22	9	的	3.16387808399
22	10	合同	12.195961777
22	11	到期	12.3549013227
22	12	了	9.72071948672
22	13	。	5.65840603608
23	1	那	9.78565934382
23	2	间	13.4831122534
23	3	我	11.7917348447
23	4	尊敬	17.405178944
23	5	的	1.44744586162
23	6	朋友	11.3811430598
23	7	开	14.2768022387
23	8	的	4.88367272192
23	9	工厂	12.3516455075
23	10	倒闭	9.00970532271
23	11	了	5.16183453159
23	12	。	1.34235523917
24	1	那	9.78565934382
24	2	个	8.58075974437
24	3	我	14.5716798846
24	4	尊敬	17.7092709568
24	5	的	1.44744586162
24	6	朋友	11.3811430598
24	7	开	14.2768022387
24	8	的	4.88367272192
24	9	工厂	12.3516455075
24	10	倒闭	9.00970532271
24	11	了	5.16183453159
24	12	。	1.34235523917
25	1	那	9.78565934382
25	2	张	7.97287412875
25	3	我	12.3867022509
25	4	教	15.630596321
25	5	的	8.37175080229
25	6	孩子	11.3474136778
25	7	照	17.250993732
25	8	的	6.37986150915
25	9	照片	11.9967613643
25	10	丢	17.0046963945
25	11	了	2.24695348216
25	12	。	5.84857216026
26	1	那	9.78565934382
26	2	个	8.58075974437
26	3	我	14.5716798846
26	4	教	15.934688161
26	5	的	8.37175080229
26	6	孩子	11.3474136778
26	7	照	17.250993732
26	8	的	6.37986150915
26	9	照片	11.9967613643
26	10	丢	17.0046963945
26	11	了	2.24695348216
26	12	。	5.84857216026
27	1	那	9.78565934382
27	2	台	12.3050009392
27	3	我们	12.1594704571
27	4	欣赏	15.3437529566
27	5	的	5.22333013154
27	6	老师	13.553772055
27	7	用	8.32568028385
27	8	的	5.30995907785
27	9	手机	14.6590212664
27	10	很	11.2375349549
27	11	好用	20.8832263481
27	12	。	7.0206459457
28	1	那	9.78565934382
28	2	个	8.58075974437
28	3	我们	14.5716798846
28	4	欣赏	15.3437529566
28	5	的	5.22333013154
28	6	老师	13.553772055
28	7	用	8.32568028385
28	8	的	5.30995907785
28	9	手机	14.6590212664
28	10	很	11.2375349549
28	11	好用	20.8832263481
28	12	。	7.0206459457
29	1	那	9.78565934382
29	2	朵	18.8760119393
29	3	我	11.8201762109
29	4	关心	13.5739034407
29	5	的	2.85673198171
29	6	邻居	15.0607013368
29	7	种	11.9343416581
29	8	的	8.08189254865
29	9	花	14.512836869
29	10	很	11.900107204
29	11	好看	10.7963464193
29	12	。	2.05539039371
30	1	那	9.78565934382
30	2	个	8.58075974437
30	3	我	14.5716798846
30	4	关心	13.8779938632
30	5	的	2.85673198171
30	6	邻居	15.0607013368
30	7	种	11.9343416581
30	8	的	8.08189254865
30	9	花	14.512836869
30	10	很	11.900107204
30	11	好看	10.7963464193
30	12	。	2.05539039371
31	1	那	9.78565934382
31	2	台	12.3050009392
31	3	我	12.1237126554
31	4	尊敬	17.405178944
31	5	的	1.44744586162
31	6	科学家	12.2538806356
31	7	做	12.5208526597
31	8	的	4.16057206701
31	9	电视	12.2209453248
31	10	坏	16.4684588363
31	11	了	3.19521949269
31	12	。	5.76479115371
32	1	那	9.78565934382
32	2	个	8.58075974437
32	3	我	14.5716798846
32	4	尊敬	17.7092709568
32	5	的	1.44744586162
32	6	科学家	12.2538806356
32	7	做	12.5208526597
32	8	的	4.16057206701
32	9	电视	12.2209453248
32	10	坏	16.4684588363
32	11	了	3.19521949269
32	12	。	5.76479115371
33	1	那	9.78565934382
33	2	栋	9.09995809054
33	3	他	9.23030543219
33	4	认识	12.6542039795
33	5	的	4.604939658
33	6	男人	13.7073079088
33	7	买	13.5788818913
33	8	的	5.05273213063
33	9	房子	4.42981782434
33	10	起火	16.6944298295
33	11	了	7.2215097159
33	12	。	5.65840603608
34	1	那	9.78565934382
34	2	个	8.58075974437
34	3	他	16.2280015948
34	4	认识	12.6542039795
34	5	的	4.604939658
34	6	男人	13.7073079088
34	7	买	13.5788818913
34	8	的	5.05273213063
34	9	房子	4.42981782434
34	10	起火	16.6944298295
34	11	了	7.2215097159
34	12	。	5.65840603608
35	1	那	9.78565934382
35	2	条	8.2604463961
35	3	我	12.6874283514
35	4	欣赏	15.525873626
35	5	的	5.22333013154
35	6	朋友	11.2339267842
35	7	给	7.80952359459
35	8	的	8.1573337427
35	9	建议	10.4296008513
35	10	很	12.9645913806
35	11	真诚	13.2770556942
35	12	。	7.6173204068
36	1	那	9.78565934382
36	2	个	8.58075974437
36	3	我	14.5716798846
36	4	欣赏	15.8299638723
36	5	的	5.22333013154
36	6	朋友	11.2339267842
36	7	给	7.80952359459
36	8	的	8.1573337427
36	9	建议	10.4296008513
36	10	很	12.9645913806
36	11	真诚	13.2770556942
36	12	。	7.6173204068
37	1	那	9.78565934382
37	2	支	10.6486840143
37	3	我	11.8604977719
37	4	关心	13.5739034407
37	5	的	2.85673198171
37	6	老师	14.3763926295
37	7	用	8.32568028385
37	8	的	5.30995907785
37	9	笔	16.7148366775
37	10	坏	15.9841118663
37	11	了	3.19521949269
37	12	。	5.76479115371
38	1	那	9.78565934382
38	2	个	8.58075974437
38	3	我	14.5716798846
38	4	关心	13.8779938632
38	5	的	2.85673198171
38	6	老师	14.3763926295
38	7	用	8.32568028385
38	8	的	5.30995907785
38	9	笔	16.7148366775
38	10	坏	15.9841118663
38	11	了	3.19521949269
38	12	。	5.76479115371
39	1	那	9.78565934382
39	2	只	8.2604463961
39	3	我	12.5155513845
39	4	帮助	13.5739034407
39	5	过	11.7735284984
39	6	的	4.34241428322
39	7	女人	14.1746613727
39	8	丢	16.5463901985
39	9	的	7.0045951266
39	10	鞋子	17.9734679363
39	11	被	10.0744416288
39	12	找到	12.0198715953
39	13	了	2.39586185832
39	14	。	7.35358302319
40	1	那	9.78565934382
40	2	个	8.58075974437
40	3	我	14.5716798846
40	4	帮助	13.8779938632
40	5	过	11.7735284984
40	6	的	4.34241428322
40	7	女人	14.1746613727
40	8	丢	16.5463901985
40	9	的	7.0045951266
40	10	鞋子	17.9734679363
40	11	被	10.0744416288
40	12	找到	12.0198715953
40	13	了	2.39586185832
40	14	。	7.35358302319
41	1	那	9.78565934382
41	2	条	8.2604463961
41	3	我	12.6874283514
41	4	关心	13.5739034407
41	5	的	2.85673198171
41	6	邻居	15.0607013368
41	7	养	15.2637740648
41	8	的	5.858981216
41	9	狗	15.585230009
41	10	生病	17.2088050743
41	11	了	3.2438757728
41	12	。	7.09929009005
42	1	那	9.78565934382
42	2	个	8.58075974437
42	3	我	14.5716798846
42	4	关心	13.8779938632
42	5	的	2.85673198171
42	6	邻居	15.0607013368
42	7	养	15.2637740648
42	8	的	5.858981216
42	9	狗	15.585230009
42	10	生病	17.2088050743
42	11	了	3.2438757728
42	12	。	7.09929009005
43	1	那	9.78565934382
43	2	座	8.2604463961
43	3	我	12.094791052
43	4	采访	13.5739034407
43	5	过	5.97891285276
43	6	的	2.36504770547
43	7	老人	12.320800602
43	8	修	16.0040589083
43	9	的	8.23899621837
43	10	桥	17.1490748711
43	11	帮助	13.0018959077
43	12	了	7.38491883866
43	13	我	9.23832818042
43	14	。	5.07413568477
44	1	那	9.78565934382
44	2	个	8.58075974437
44	3	我	14.5716798846
44	4	采访	13.8779938632
44	5	过	5.97891285276
44	6	的	2.36504770547
44	7	老人	12.320800602
44	8	修	16.0040589083
44	9	的	8.23899621837
44	10	桥	17.1490748711
44	11	帮助	13.0018959077
44	12	了	7.38491883866
44	13	我	9.23832818042
44	14	。	5.07413568477
45	1	那	9.78565934382
45	2	篇	7.97287412875
45	3	我	13.4391604628
45	4	培养	13.5995993558
45	5	的	4.72869825518
45	6	学生	10.9567100534
45	7	准备	12.8693540145
45	8	的	4.84981552491
45	9	报告	11.0348265769
45	10	感动	17.4435724275
45	11	了	4.54155718133
45	12	我	9.23832818042
45	13	。	5.07413568477
46	1	那	9.78565934382
46	2	个	8.58075974437
46	3	我	14.5716798846
46	4	培养	13.9036897686
46	5	的	4.72869825518
46	6	学生	10.9567100534
46	7	准备	12.8693540145
46	8	的	4.84981552491
46	9	报告	11.0348265769
46	10	感动	17.4435724275
46	11	了	4.54155718133
46	12	我	9.23832818042
46	13	。	5.07413568477
47	1	那	9.78565934382
47	2	封	9.8242913282
47	3	我	11.8264358161
47	4	依赖	15.7435213984
47	5	的	5.75828651075
47	6	朋友	11.2339267842
47	7	写	8.53385757536
47	8	的	3.33407318498
47	9	信	14.496505764
47	10	很	12.0574503313
47	11	真诚	13.2770556942
47	12	。	7.6173204068
48	1	那	9.78565934382
48	2	个	8.58075974437
48	3	我	14.5716798846
48	4	依赖	16.0476135088
48	5	的	5.75828651075
48	6	朋友	11.2339267842
48	7	写	8.53385757536
48	8	的	3.33407318498
48	9	信	14.496505764
48	10	很	12.0574503313
48	11	真诚	13.2770556942
48	12	。	7.6173204068
49	1	那	9.78565934382
49	2	堂	20.4860401707
49	3	我	11.6920970124
49	4	认识	9.88887909369
49	5	的	1.68697570745
49	6	老师	13.7073079088
49	7	教	9.98199993296
49	8	的	8.37175080229
49	9	课	15.2976578966
49	10	获	13.1576790266
49	11	了	9.34324838676
49	12	奖	14.7203098456
49	13	。	1.92731792279
50	1	那	9.78565934382
50	2	个	8.58075974437
50	3	我	14.5716798846
50	4	认识	10.192969766
50	5	的	1.68697570745
50	6	老师	13.7073079088
50	7	教	9.98199993296
50	8	的	8.37175080229
50	9	课	15.2976578966
50	10	获	13.1576790266
50	11	了	9.34324838676
50	12	奖	14.7203098456
50	13	。	1.92731792279
51	1	那	9.78565934382
51	2	块	8.61997917519
51	3	我	10.3233867619
51	4	信任	15.6747111324
51	5	的	3.20061423617
51	6	医生	13.8256688583
51	7	喜欢	14.8389513713
51	8	的	4.61990503359
51	9	手表	17.2963885848
51	10	丢	16.5134946894
51	11	了	2.24695348216
51	12	。	5.84857216026
52	1	那	9.78565934382
52	2	个	8.58075974437
52	3	我	14.5716798846
52	4	信任	15.9788035637
52	5	的	3.20061423617
52	6	医生	13.8256688583
52	7	喜欢	14.8389513713
52	8	的	4.61990503359
52	9	手表	17.2963885848
52	10	丢	16.5134946894
52	11	了	2.24695348216
52	12	。	5.84857216026
53	1	那	9.78565934382
53	2	篇	7.97287412875
53	3	她	13.8917969414
53	4	教	15.3557836882
53	5	的	8.37175080229
53	6	学生	10.7939013684
53	7	写	12.2726073657
53	8	的	3.33407318498
53	9	论文	12.7336874556
53	10	感动	16.2813416751
53	11	了	4.54155718133
53	12	我	9.23832818042
53	13	。	5.07413568477
54	1	那	9.78565934382
54	2	个	8.58075974437
54	3	她	13.1252303325
54	4	教	15.3557836882
54	5	的	8.37175080229
54	6	学生	10.7939013684
54	7	写	12.2726073657
54	8	的	3.33407318498
54	9	论文	12.7336874556
54	10	感动	16.2813416751
54	11	了	4.54155718133
54	12	我	9.23832818042
54	13	。	5.07413568477
55	1	那	9.78565934382
55	2	场	7.97287412875
55	3	我	11.8790999619
55	4	听说	11.9175827018
55	5	过	3.11632913988
55	6	的	3.17240337076
55	7	演员	13.8239058051
55	8	准备	12.7021988746
55	9	的	4.84981552491
55	10	表演	12.017582962
55	11	很	12.2469033927
55	12	受	7.28106180478
55	13	欢迎	2.17061802216
55	14	。	1.48604281632
56	1	那	9.78565934382
56	2	个	8.58075974437
56	3	我	14.5716798846
56	4	听说	12.2216741796
56	5	过	3.11632913988
56	6	的	3.17240337076
56	7	演员	13.8239058051
56	8	准备	12.7021988746
56	9	的	4.84981552491
56	10	表演	12.017582962
56	11	很	12.2469033927
56	12	受	7.28106180478
56	13	欢迎	2.17061802216
56	14	。	1.48604281632
57	1	那	9.78565934382
57	2	间	13.4831122534
57	3	我	11.7917348447
57	4	采访	13.5739034407
57	5	过	5.97891285276
57	6	的	2.36504770547
57	7	警察	13.0121116838
57	8	工作	10.5222493454
57	9	的	3.48998455609
57	10	办公室	13.7928685558
57	11	起火	17.5050958131
57	12	了	7.2215097159
57	13	。	5.65840603608
58	1	那	9.78565934382
58	2	个	8.58075974437
58	3	我	14.5716798846
58	4	采访	13.8779938632
58	5	过	5.97891285276
58	6	的	2.36504770547
58	7	警察	13.0121116838
58	8	工作	10.5222493454
58	9	的	3.48998455609
58	10	办公室	13.7928685558
58	11	起火	17.5050958131
58	12	了	7.2215097159
58	13	。	5.65840603608
59	1	那	9.78565934382
59	2	首	9.09995809054
59	3	他	12.3285068031
59	4	培养	14.3105244983
59	5	的	4.72869825518
59	6	孩子	11.5102223853
59	7	写	13.9541693422
59	8	的	3.33407318498
59	9	诗	16.8031268476
59	10	很	11.6244729771
59	11	有趣	9.23249850081
59	12	。	1.95001020619
60	1	那	9.78565934382
60	2	个	8.58075974437
60	3	他	16.2280015948
60	4	培养	14.3105244983
60	5	的	4.72869825518
60	6	孩子	11.5102223853
60	7	写	13.9541693422
60	8	的	3.33407318498
60	9	诗	16.8031268476
60	10	很	11.6244729771
60	11	有趣	9.23249850081
60	12	。	1.95001020619
61	1	那	9.78565934382
61	2	家	9.8242913282
61	3	我	13.2597034412
61	4	依赖	15.7435213984
61	5	的	5.75828651075
61	6	朋友	11.2339267842
61	7	去	11.0145671325
61	8	的	6.43044544641
61	9	银行	12.0333414696
61	10	帮助	13.6614758652
61	11	了	7.38491883866
61	12	我	9.23832818042
61	13	。	5.07413568477
62	1	那	9.78565934382
62	2	个	8.58075974437
62	3	我	14.5716798846
62	4	依赖	16.0476135088
62	5	的	5.75828651075
62	6	朋友	11.2339267842
62	7	去	11.0145671325
62	8	的	6.43044544641
62	9	银行	12.0333414696
62	10	帮助	13.6614758652
62	11	了	7.38491883866
62	12	我	9.23832818042
62	13	。	5.07413568477
