sentence_id	token_id	token	surprisal
1	1	我	7.71951332837
1	2	很	6.3400988171
1	3	喜欢	6.3860936345
1	4	一	9.54156302748
1	5	位	5.20490283091
1	6	明星	11.975073342
1	7	。	3.94029851712
2	1	我	7.71951332837
2	2	很	6.3400988171
2	3	喜欢	6.3860936345
2	4	一	9.54156302748
2	5	首	9.09461483971
2	6	明星	16.1165383527
2	7	。	3.94029851712
3	1	我	7.71951332837
3	2	很	6.3400988171
3	3	喜欢	6.3860936345
3	4	一	9.54156302748
3	5	首	9.09461483971
3	6	歌曲	5.96049659075
3	7	。	4.04279631083
4	1	我	7.71951332837
4	2	很	6.3400988171
4	3	喜欢	6.3860936345
4	4	一	9.54156302748
4	5	位	5.20490283091
4	6	歌曲	15.7765099299
4	7	。	3.6474902229
5	1	她	7.33709256502
5	2	开车	18.2335906344
5	3	去	5.59995319493
5	4	了	5.06723247422
5	5	一	6.09724270475
5	6	家	6.54357685436
5	7	店	10.8319233077
5	8	。	5.5539750434
6	1	她	7.33709256502
6	2	开车	18.2335906344
6	3	去	5.59995319493
6	4	了	5.06723247422
6	5	一	6.09724270475
6	6	座	5.51811120359
6	7	店	15.0162188135
6	8	。	5.5539750434
7	1	她	7.33709256502
7	2	开车	18.2335906344
7	3	去	5.59995319493
7	4	了	5.06723247422
7	5	一	6.09724270475
7	6	座	5.51811120359
7	7	山	10.6571149343
7	8	。	7.1205943455
8	1	她	7.33709256502
8	2	开车	18.2335906344
8	3	去	5.59995319493
8	4	了	5.06723247422
8	5	一	6.09724270475
8	6	家	6.54357685436
8	7	山	16.4669251315
8	8	。	7.1205943455
9	1	他	4.39275853651
9	2	有	12.9894998435
9	3	一	4.88860923416
9	4	双	9.54937038975
9	5	手套	18.5189279338
9	6	。	6.89859493127
10	1	他	4.39275853651
10	2	有	12.9894998435
10	3	一	4.88860923416
10	4	枚	7.85488522538
10	5	手套	19.2346791385
10	6	。	6.89859493127
11	1	他	4.39275853651
11	2	有	12.9894998435
11	3	一	4.88860923416
11	4	枚	7.85488522538
11	5	纽扣	23.5919460643
11	6	。	6.66640304335
12	1	他	4.39275853651
12	2	有	12.9894998435
12	3	一	4.88860923416
12	4	双	9.54937038975
12	5	纽扣	22.876194082
12	6	。	6.66640304335
13	1	店长	24.7037797905
13	2	拿	13.6422855462
13	3	着	3.26345088544
13	4	一	3.45640972831
13	5	只	4.8466397959
13	6	兔子	13.0046025368
13	7	。	6.62426955323
14	1	店长	24.7037797905
14	2	拿	13.6422855462
14	3	着	3.26345088544
14	4	一	3.45640972831
14	5	根	7.37577661465
14	6	兔子	18.7962484453
14	7	。	6.62426955323
15	1	店长	24.7037797905
15	2	拿	13.6422855462
15	3	着	3.26345088544
15	4	一	3.45640972831
15	5	根	7.37577661465
15	6	萝卜	18.5515684091
15	7	。	5.44891877835
16	1	店长	24.7037797905
16	2	拿	13.6422855462
16	3	着	3.26345088544
16	4	一	3.45640972831
16	5	只	4.8466397959
16	6	萝卜	19.4832278943
16	7	。	5.44891877835
17	1	他	4.39275853651
17	2	认识	15.9718466284
17	3	了	4.91453357282
17	4	一	6.09697506138
17	5	名	5.40939411007
17	6	男孩	18.7407445098
17	7	。	6.56439547062
18	1	他	4.39275853651
18	2	认识	15.9718466284
18	3	了	4.91453357282
18	4	一	6.09697506138
18	5	本	6.93758787683
18	6	男孩	19.0309463279
18	7	。	6.56439547062
19	1	他	4.39275853651
19	2	认识	15.9718466284
19	3	了	4.91453357282
19	4	一	6.09697506138
19	5	本	6.93758787683
19	6	小说	10.3099851525
19	7	。	4.93834179378
20	1	他	4.39275853651
20	2	认识	15.9718466284
20	3	了	4.91453357282
20	4	一	6.09697506138
20	5	名	5.40939411007
20	6	小说	15.94354472
20	7	。	4.93834179378
21	1	男人	19.8809986132
21	2	在	6.13813290688
21	3	扫描	17.044900397
21	4	一	9.47347883009
21	5	篇	8.49821316405
21	6	文章	3.71658643024
21	7	。	4.44295232878
22	1	男人	19.8809986132
22	2	在	6.13813290688
22	3	扫描	17.044900397
22	4	一	9.47347883009
22	5	张	7.12447290483
22	6	文章	15.6136950904
22	7	。	3.27979509439
23	1	男人	19.8809986132
23	2	在	6.13813290688
23	3	扫描	17.044900397
23	4	一	9.47347883009
23	5	张	7.12447290483
23	6	图片	8.52967469467
23	7	。	3.9068797033
24	1	男人	19.8809986132
24	2	在	6.13813290688
24	3	扫描	17.044900397
24	4	一	9.47347883009
24	5	篇	8.49821316405
24	6	图片	15.7230052701
24	7	。	3.9068797033
25	1	演员	15.8364416485
25	2	在	5.75636367248
25	3	看	13.3595334052
25	4	一	6.30601724429
25	5	张	7.93258755069
25	6	照片	5.94249078041
25	7	。	2.45522580692
26	1	演员	15.8364416485
26	2	在	5.75636367248
26	3	看	13.3595334052
26	4	一	6.30601724429
26	5	位	6.01301834737
26	6	照片	15.7065867745
26	7	。	3.2985691136
27	1	演员	15.8364416485
27	2	在	5.75636367248
27	3	看	13.3595334052
27	4	一	6.30601724429
27	5	位	6.01301834737
27	6	老师	10.4097895213
27	7	。	5.09738494135
28	1	演员	15.8364416485
28	2	在	5.75636367248
28	3	看	13.3595334052
28	4	一	6.30601724429
28	5	张	7.93258755069
28	6	老师	11.0103845799
28	7	。	5.03362765513
29	1	他	4.39275853651
29	2	在	5.20848789099
29	3	修理	18.2848275673
29	4	一	9.62379626099
29	5	辆	7.34833110129
29	6	汽车	4.56399376262
29	7	。	4.74023401637
30	1	他	4.39275853651
30	2	在	5.20848789099
30	3	修理	18.2848275673
30	4	一	9.62379626099
30	5	套	6.8045541052
30	6	汽车	7.35726171742
30	7	。	6.37852972053
31	1	他	4.39275853651
31	2	在	5.20848789099
31	3	修理	18.2848275673
31	4	一	9.62379626099
31	5	套	6.8045541052
31	6	系统	8.56157380058
31	7	。	4.16420835264
32	1	他	4.39275853651
32	2	在	5.20848789099
32	3	修理	18.2848275673
32	4	一	9.62379626099
32	5	辆	7.34833110129
32	6	系统	12.5353431341
32	7	。	4.22078876676
33	1	学生	14.2585891691
33	2	们	21.0187994619
33	3	在	7.98189649342
33	4	写	17.684058131
33	5	一	5.0598875673
33	6	部	2.23283338558
33	7	电影	7.24156426648
33	8	。	4.59028361228
34	1	学生	14.2585891691
34	2	们	21.0187994619
34	3	在	7.98189649342
34	4	写	17.684058131
34	5	一	5.0598875673
34	6	首	9.87623596579
34	7	电影	14.424179209
34	8	。	5.98540978112
35	1	学生	14.2585891691
35	2	们	21.0187994619
35	3	在	7.98189649342
35	4	写	17.684058131
35	5	一	5.0598875673
35	6	首	9.87623596579
35	7	歌曲	5.96049659075
35	8	。	4.04279631083
36	1	学生	14.2585891691
36	2	们	21.0187994619
36	3	在	7.98189649342
36	4	写	17.684058131
36	5	一	5.0598875673
36	6	部	2.23283338558
36	7	歌曲	15.5439868283
36	8	。	3.6474902229
37	1	我们	7.88578536368
37	2	在	5.3490119783
37	3	看	13.368934457
37	4	一	6.30601724429
37	5	场	1.98314372874
37	6	表演	8.70417103206
37	7	。	2.66428351696
38	1	我们	7.88578536368
38	2	在	5.3490119783
38	3	看	13.368934457
38	4	一	6.30601724429
38	5	块	9.9027300972
38	6	表演	13.8225308971
38	7	。	3.18433932349
39	1	我们	7.88578536368
39	2	在	5.3490119783
39	3	看	13.368934457
39	4	一	6.30601724429
39	5	块	9.9027300972
39	6	地面	14.6960509605
39	7	。	6.42210776634
40	1	我们	7.88578536368
40	2	在	5.3490119783
40	3	看	13.368934457
40	4	一	6.30601724429
40	5	场	1.98314372874
40	6	地面	14.6558198721
40	7	。	6.42210776634
41	1	他	4.39275853651
41	2	最	12.9894998435
41	3	喜欢	9.13976263613
41	4	一	10.6507219553
41	5	道	9.9855860908
41	6	菜	6.33744111297
41	7	。	5.40442576279
42	1	他	4.39275853651
42	2	最	12.9894998435
42	3	喜欢	9.13976263613
42	4	一	10.6507219553
42	5	瓶	10.9143177931
42	6	菜	15.23753809
42	7	。	4.86379433123
43	1	他	4.39275853651
43	2	最	12.9894998435
43	3	喜欢	9.13976263613
43	4	一	10.6507219553
43	5	瓶	10.9143177931
43	6	油	15.8748393916
43	7	。	5.44933412476
44	1	他	4.39275853651
44	2	最	12.9894998435
44	3	喜欢	9.13976263613
44	4	一	10.6507219553
44	5	道	9.9855860908
44	6	油	16.0311470735
44	7	。	5.44933412476
45	1	她	7.33709256502
45	2	拿	14.9347717498
45	3	了	3.42371865866
45	4	一	4.22302753929
45	5	份	5.00161117783
45	6	饭	11.1166404107
45	7	。	6.72193807623
46	1	她	7.33709256502
46	2	拿	14.9347717498
46	3	了	3.42371865866
46	4	一	4.22302753929
46	5	卷	14.0287306606
46	6	饭	17.2904579577
46	7	。	6.72193807623
47	1	她	7.33709256502
47	2	拿	14.9347717498
47	3	了	3.42371865866
47	4	一	4.22302753929
47	5	卷	14.0287306606
47	6	纸	17.2904579577
47	7	。	6.95142042124
48	1	她	7.33709256502
48	2	拿	14.9347717498
48	3	了	3.42371865866
48	4	一	4.22302753929
48	5	份	5.00161117783
48	6	纸	17.1107748689
48	7	。	6.95142042124
49	1	学生	14.2585891691
49	2	们	21.0187994619
49	3	在	7.98189649342
49	4	写	17.684058131
49	5	一	5.0598875673
49	6	部	2.23283338558
49	7	戏剧	15.3229958534
49	8	。	6.36052583627
50	1	学生	14.2585891691
50	2	们	21.0187994619
50	3	在	7.98189649342
50	4	写	17.684058131
50	5	一	5.0598875673
50	6	篇	9.27983337489
50	7	戏剧	15.7832005938
50	8	。	6.36052583627
51	1	学生	14.2585891691
51	2	们	21.0187994619
51	3	在	7.98189649342
51	4	写	17.684058131
51	5	一	5.0598875673
51	6	篇	9.27983337489
51	7	文章	3.71658643024
51	8	。	4.44295232878
52	1	学生	14.2585891691
52	2	们	21.0187994619
52	3	在	7.98189649342
52	4	写	17.684058131
52	5	一	5.0598875673
52	6	部	2.23283338558
52	7	文章	15.3645671553
52	8	。	3.27979509439
53	1	这	6.10133563055
53	2	是	4.33465438566
53	3	一	3.16626433859
53	4	辆	11.3091334247
53	5	火车	11.1831335015
53	6	。	5.82619036827
54	1	这	6.10133563055
54	2	是	4.33465438566
54	3	一	3.16626433859
54	4	扇	14.3792422246
54	5	火车	15.6595954125
54	6	。	5.82619036827
55	1	这	6.10133563055
55	2	是	4.33465438566
55	3	一	3.16626433859
55	4	扇	14.3792422246
55	5	窗户	3.34235487335
55	6	。	6.75498149969
56	1	这	6.10133563055
56	2	是	4.33465438566
56	3	一	3.16626433859
56	4	辆	11.3091334247
56	5	窗户	17.382093578
56	6	。	6.75498149969
57	1	老师	15.5488688114
57	2	在	7.94910505433
57	3	责备	19.6952204573
57	4	三	10.8372021096
57	5	名	5.40653783613
57	6	学生	6.85690124773
57	7	。	4.63385124695
58	1	老师	15.5488688114
58	2	在	7.94910505433
58	3	责备	19.6952204573
58	4	三	10.8372021096
58	5	只	8.64199631254
58	6	学生	13.5885175561
58	7	。	5.31262335124
59	1	老师	15.5488688114
59	2	在	7.94910505433
59	3	责备	19.6952204573
59	4	三	10.8372021096
59	5	只	8.64199631254
59	6	宠物	19.3402864987
59	7	。	6.76547721514
60	1	老师	15.5488688114
60	2	在	7.94910505433
60	3	责备	19.6952204573
60	4	三	10.8372021096
60	5	名	5.40653783613
60	6	宠物	19.4351778066
60	7	。	6.76547721514
61	1	她	7.33709256502
61	2	买	15.6108947215
61	3	过	12.1036676334
61	4	两	6.42390150825
61	5	杯	15.1480171004
61	6	咖啡	6.61702780786
61	7	。	4.6131083752
62	1	她	7.33709256502
62	2	买	15.6108947215
62	3	过	12.1036676334
62	4	两	6.42390150825
62	5	个	4.45250958051
62	6	咖啡	16.5976582943
62	7	。	4.6131083752
63	1	她	7.33709256502
63	2	买	15.6108947215
63	3	过	12.1036676334
63	4	两	6.42390150825
63	5	个	4.45250958051
63	6	杯子	21.3650358947
63	7	。	6.74413251664
64	1	她	7.33709256502
64	2	买	15.6108947215
64	3	过	12.1036676334
64	4	两	6.42390150825
64	5	杯	15.1480171004
64	6	杯子	21.0404433956
64	7	。	6.74413251664
65	1	孩子	15.3092056886
65	2	在	7.23997639279
65	3	卖	17.684058131
65	4	五	12.0841503596
65	5	台	14.4924807244
65	6	桌子	18.1834122237
65	7	。	4.52956546642
66	1	孩子	15.3092056886
66	2	在	7.23997639279
66	3	卖	17.684058131
66	4	五	12.0841503596
66	5	块	9.99242590241
66	6	桌子	18.3422513803
66	7	。	4.52956546642
67	1	孩子	15.3092056886
67	2	在	7.23997639279
67	3	卖	17.684058131
67	4	五	12.0841503596
67	5	块	9.99242590241
67	6	蛋糕	18.8326572369
67	7	。	5.56439547062
68	1	孩子	15.3092056886
68	2	在	7.23997639279
68	3	卖	17.684058131
68	4	五	12.0841503596
68	5	台	14.4924807244
68	6	蛋糕	18.6738180806
68	7	。	5.56439547062
69	1	妈妈	15.3092056886
69	2	在	6.53337400749
69	3	做	11.1457895087
69	4	一	5.6035970712
69	5	张	8.03957948651
69	6	地图	9.35406798599
69	7	。	3.89207392826
70	1	妈妈	15.3092056886
70	2	在	6.53337400749
70	3	做	11.1457895087
70	4	一	5.6035970712
70	5	面	10.4362941342
70	6	地图	15.5090704709
70	7	。	3.89207392826
71	1	妈妈	15.3092056886
71	2	在	6.53337400749
71	3	做	11.1457895087
71	4	一	5.6035970712
71	5	面	10.4362941342
71	6	镜子	8.80739167085
71	7	。	4.86395732792
72	1	妈妈	15.3092056886
72	2	在	6.53337400749
72	3	做	11.1457895087
72	4	一	5.6035970712
72	5	张	8.03957948651
72	6	镜子	19.5689483171
72	7	。	4.86395732792
73	1	爸爸	14.0597377317
73	2	买	8.26998907843
73	3	了	3.16024417735
73	4	一	2.20285616839
73	5	栋	10.0561945671
73	6	房子	7.44276714293
73	7	。	3.78713417188
74	1	爸爸	14.0597377317
74	2	买	8.26998907843
74	3	了	3.16024417735
74	4	一	2.20285616839
74	5	条	4.8212104649
74	6	房子	16.1143290583
74	7	。	3.78713417188
75	1	爸爸	14.0597377317
75	2	买	8.26998907843
75	3	了	3.16024417735
75	4	一	2.20285616839
75	5	条	4.8212104649
75	6	香烟	16.5348952939
75	7	。	7.10233143832
76	1	爸爸	14.0597377317
76	2	买	8.26998907843
76	3	了	3.16024417735
76	4	一	2.20285616839
76	5	栋	10.0561945671
76	6	香烟	16.1405891068
76	7	。	7.10233143832
77	1	我	7.71951332837
77	2	想	4.45238986934
77	3	采	19.2504305909
77	4	一	9.47636671686
77	5	朵	10.9143177931
77	6	鲜花	3.85769311963
77	7	。	4.84471001631
78	1	我	7.71951332837
78	2	想	4.45238986934
78	3	采	19.2504305909
78	4	一	9.47636671686
78	5	颗	7.69505382756
78	6	鲜花	15.0645696222
78	7	。	4.84471001631
79	1	我	7.71951332837
79	2	想	4.45238986934
79	3	采	19.2504305909
79	4	一	9.47636671686
79	5	颗	7.69505382756
79	6	苹果	15.5917328153
79	7	。	6.83699318692
80	1	我	7.71951332837
80	2	想	4.45238986934
80	3	采	19.2504305909
80	4	一	9.47636671686
80	5	朵	10.9143177931
80	6	苹果	15.6465266993
80	7	。	6.83699318692
81	1	我	7.71951332837
81	2	经常	10.6415640111
81	3	去	8.01624150789
81	4	一	8.29715998739
81	5	家	7.2296136902
81	6	医院	8.25814332306
81	7	。	4.283564401
82	1	我	7.71951332837
82	2	经常	10.6415640111
82	3	去	8.01624150789
82	4	一	8.29715998739
82	5	座	6.60465601755
82	6	医院	12.2457972776
82	7	。	4.29356206582
83	1	我	7.71951332837
83	2	经常	10.6415640111
83	3	去	8.01624150789
83	4	一	8.29715998739
83	5	座	6.60465601755
83	6	城市	9.23717324391
83	7	。	4.00542155014
84	1	我	7.71951332837
84	2	经常	10.6415640111
84	3	去	8.01624150789
84	4	一	8.29715998739
84	5	家	7.2296136902
84	6	城市	12.3270827973
84	7	。	5.35716071223
85	1	我	7.71951332837
85	2	拜访	14.489597811
85	3	了	3.17893442798
85	4	这	7.28975885055
85	5	一	1.67969556181
85	6	所	8.29518547542
85	7	高中	12.571464198
85	8	。	6.36052583627
86	1	我	7.71951332837
86	2	拜访	14.489597811
86	3	了	3.17893442798
86	4	这	7.28975885055
86	5	一	1.67969556181
86	6	位	6.03726140885
86	7	高中	13.6313937655
86	8	。	6.36052583627
87	1	我	7.71951332837
87	2	拜访	14.489597811
87	3	了	3.17893442798
87	4	这	7.28975885055
87	5	一	1.67969556181
87	6	位	6.03726140885
87	7	老师	10.4097895213
87	8	。	5.09738494135
88	1	我	7.71951332837
88	2	拜访	14.489597811
88	3	了	3.17893442798
88	4	这	7.28975885055
88	5	一	1.67969556181
88	6	所	8.29518547542
88	7	老师	15.7562595503
88	8	。	5.03362765513
89	1	他	4.39275853651
89	2	在	5.20848789099
89	3	读	16.6285108838
89	4	一	6.36052583627
89	5	条	6.07741703769
89	6	评论	15.1852482777
89	7	。	3.80316919187
90	1	他	4.39275853651
90	2	在	5.20848789099
90	3	读	16.6285108838
90	4	一	6.36052583627
90	5	首	9.53459994952
90	6	评论	15.976379468
90	7	。	3.80316919187
91	1	他	4.39275853651
91	2	在	5.20848789099
91	3	读	16.6285108838
91	4	一	6.36052583627
91	5	首	9.53459994952
91	6	歌曲	5.96049659075
91	7	。	4.04279631083
92	1	他	4.39275853651
92	2	在	5.20848789099
92	3	读	16.6285108838
92	4	一	6.36052583627
92	5	条	6.07741703769
92	6	歌曲	15.7016584602
92	7	。	3.6474902229
93	1	她	7.33709256502
93	2	从来	13.2784555129
93	3	没	3.81461650546
93	4	见	3.92731627662
93	5	过	1.57328224308
93	6	一	5.56255065287
93	7	头	10.3748571416
93	8	大象	10.8980800423
93	9	。	6.25627417304
94	1	她	7.33709256502
94	2	从来	13.2784555129
94	3	没	3.81461650546
94	4	见	3.92731627662
94	5	过	1.57328224308
94	6	一	5.56255065287
94	7	双	10.1888458388
94	8	大象	17.4692225048
94	9	。	6.25627417304
95	1	她	7.33709256502
95	2	从来	13.2784555129
95	3	没	3.81461650546
95	4	见	3.92731627662
95	5	过	1.57328224308
95	6	一	5.56255065287
95	7	双	10.1888458388
95	8	眼睛	7.14747115415
95	9	。	6.02710422883
96	1	她	7.33709256502
96	2	从来	13.2784555129
96	3	没	3.81461650546
96	4	见	3.92731627662
96	5	过	1.57328224308
96	6	一	5.56255065287
96	7	头	10.3748571416
96	8	眼睛	16.5212817432
96	9	。	6.02710422883
97	1	我	7.71951332837
97	2	还	7.0432712856
97	3	没有	2.87549610515
97	4	检查	13.7309935957
97	5	一	9.57395938585
97	6	份	6.73095742877
97	7	作业	14.5025659646
97	8	。	3.01380025071
98	1	我	7.71951332837
98	2	还	7.0432712856
98	3	没有	2.87549610515
98	4	检查	13.7309935957
98	5	一	9.57395938585
98	6	行	12.0414015901
98	7	作业	14.5319719091
98	8	。	3.01380025071
99	1	我	7.71951332837
99	2	还	7.0432712856
99	3	没有	2.87549610515
99	4	检查	13.7309935957
99	5	一	9.57395938585
99	6	行	12.0414015901
99	7	文字	14.8556834365
99	8	。	4.70129251635
100	1	我	7.71951332837
100	2	还	7.0432712856
100	3	没有	2.87549610515
100	4	检查	13.7309935957
100	5	一	9.57395938585
100	6	份	6.73095742877
100	7	文字	14.8262776978
100	8	。	4.70129251635
101	1	孩子	15.3092056886
101	2	听到	15.0839834908
101	3	了	3.89771780433
101	4	一	6.02978810491
101	5	首	7.27649742623
101	6	歌曲	6.07172031424
101	7	。	4.04279631083
102	1	孩子	15.3092056886
102	2	听到	15.0839834908
102	3	了	3.89771780433
102	4	一	6.02978810491
102	5	张	6.43299731026
102	6	歌曲	15.8125685445
102	7	。	3.6474902229
103	1	孩子	15.3092056886
103	2	听到	15.0839834908
103	3	了	3.89771780433
103	4	一	6.02978810491
103	5	张	6.43299731026
103	6	专辑	7.34481766274
103	7	。	5.22830518246
104	1	孩子	15.3092056886
104	2	听到	15.0839834908
104	3	了	3.89771780433
104	4	一	6.02978810491
104	5	首	7.27649742623
104	6	专辑	18.7754612974
104	7	。	5.16183453159
105	1	护士	19.5888158651
105	2	做	11.7622032217
105	3	了	2.96116829036
105	4	一	5.01084959648
105	5	次	4.0327145057
105	6	检查	10.1134115942
105	7	。	2.36504770547
106	1	护士	19.5888158651
106	2	做	11.7622032217
106	3	了	2.96116829036
106	4	一	5.01084959648
106	5	篇	7.85838197003
106	6	检查	13.7726913194
106	7	。	3.76541529616
107	1	护士	19.5888158651
107	2	做	11.7622032217
107	3	了	2.96116829036
107	4	一	5.01084959648
107	5	篇	7.85838197003
107	6	报告	13.5372429051
107	7	。	3.70209292592
108	1	护士	19.5888158651
108	2	做	11.7622032217
108	3	了	2.96116829036
108	4	一	5.01084959648
108	5	次	4.0327145057
108	6	报告	13.2424176002
108	7	。	3.70209292592
109	1	这里	9.701741547
109	2	是	3.38869207438
109	3	两	5.57328138444
109	4	台	8.39316232769
109	5	电视	12.2668638805
109	6	。	6.32683466721
110	1	这里	9.701741547
110	2	是	3.38869207438
110	3	两	5.57328138444
110	4	份	10.0565612565
110	5	电视	13.319025277
110	6	。	6.32683466721
111	1	这里	9.701741547
111	2	是	3.38869207438
111	3	两	5.57328138444
111	4	份	10.0565612565
111	5	合同	9.35851505369
111	6	。	3.66643869011
112	1	这里	9.701741547
112	2	是	3.38869207438
112	3	两	5.57328138444
112	4	台	8.39316232769
112	5	合同	13.7626899011
112	6	。	3.66643869011
113	1	他	4.39275853651
113	2	很	11.4376711005
113	3	欣赏	13.4130003847
113	4	一	9.61604762318
113	5	件	7.37051456787
113	6	作品	6.33911737199
113	7	。	2.8244792312
114	1	他	4.39275853651
114	2	很	11.4376711005
114	3	欣赏	13.4130003847
114	4	一	9.61604762318
114	5	位	5.20490283091
114	6	作品	14.0179069694
114	7	。	3.72235340055
115	1	他	4.39275853651
115	2	很	11.4376711005
115	3	欣赏	13.4130003847
115	4	一	9.61604762318
115	5	位	5.20490283091
115	6	领导	11.1506833838
115	7	。	7.13245555543
116	1	他	4.39275853651
116	2	很	11.4376711005
116	3	欣赏	13.4130003847
116	4	一	9.61604762318
116	5	件	7.37051456787
116	6	领导	12.672140709
116	7	。	7.13245555543
117	1	那里	14.7640464528
117	2	有	5.954637554
117	3	一	3.66428278533
117	4	支	5.80744806546
117	5	舰队	17.4102732987
117	6	。	5.96252567338
118	1	那里	14.7640464528
118	2	有	5.954637554
118	3	一	3.66428278533
118	4	艘	7.85488522538
118	5	舰队	10.0565429736
118	6	。	5.96252567338
119	1	那里	14.7640464528
119	2	有	5.954637554
119	3	一	3.66428278533
119	4	艘	7.85488522538
119	5	渔船	6.37152119722
119	6	。	4.62187835663
120	1	那里	14.7640464528
120	2	有	5.954637554
120	3	一	3.66428278533
120	4	支	5.80744806546
120	5	渔船	16.1954897838
120	6	。	4.62187835663
