sentence_id	token_id	token	surprisal
1	1	他	4.39275853651
1	2	喜欢	13.9668081535
1	3	那	10.0517038532
1	4	家	9.25206823704
1	5	认识	15.2122268464
1	6	我	10.4261968365
1	7	的	4.40130215556
1	8	老板	13.5513184367
1	9	投资	11.1508290201
1	10	的	4.36365793524
1	11	饭店	14.5278468377
1	12	。	6.22194944732
2	1	他	4.39275853651
2	2	喜欢	13.9668081535
2	3	那	10.0517038532
2	4	个	5.25214455128
2	5	认识	13.1893372919
2	6	我	10.4261968365
2	7	的	4.40130215556
2	8	老板	13.5513184367
2	9	投资	11.1508290201
2	10	的	4.36365793524
2	11	饭店	14.5278468377
2	12	。	6.22194944732
3	1	她	7.33709256502
3	2	在	4.73748505789
3	3	看	13.343408035
3	4	那	9.55056754166
3	5	幅	14.7364115579
3	6	帮助	13.1411340511
3	7	过	11.7735284984
3	8	我	9.02641250426
3	9	的	2.92731737407
3	10	朋友	6.31023781985
3	11	喜欢	15.1545134533
3	12	的	4.61990503359
3	13	画	16.092076523
3	14	。	5.13464783059
4	1	她	7.33709256502
4	2	在	4.73748505789
4	3	看	13.343408035
4	4	那	9.55056754166
4	5	个	5.25214455128
4	6	帮助	15.6700467804
4	7	过	11.7735284984
4	8	我	9.02641250426
4	9	的	2.92731737407
4	10	朋友	6.31023781985
4	11	喜欢	15.1545134533
4	12	的	4.61990503359
4	13	画	16.092076523
4	14	。	5.13464783059
5	1	我	7.71951332837
5	2	欣赏	16.4415684417
5	3	那	13.0644776702
5	4	件	6.22111402913
5	5	教	17.6260261065
5	6	过	6.71543007415
5	7	我	9.02641250426
5	8	的	2.92731737407
5	9	老师	13.8332547145
5	10	收藏	15.1791972899
5	11	的	2.26547080786
5	12	艺术品	14.4770935717
5	13	。	2.64787065881
6	1	我	7.71951332837
6	2	欣赏	16.4415684417
6	3	那	13.0644776702
6	4	个	5.25214455128
6	5	教	15.5009474204
6	6	过	6.71543007415
6	7	我	9.02641250426
6	8	的	2.92731737407
6	9	老师	13.8332547145
6	10	收藏	15.1791972899
6	11	的	2.26547080786
6	12	艺术品	14.4770935717
6	13	。	2.64787065881
7	1	他	4.39275853651
7	2	打	13.0563696815
7	3	了	3.66428278533
7	4	那	12.3696956445
7	5	只	7.7525931802
7	6	认识	12.7961701694
7	7	我	10.4261968365
7	8	的	4.40130215556
7	9	店长	23.687983518
7	10	喜欢	14.4533046996
7	11	的	4.61990503359
7	12	宠物	16.5720558324
7	13	。	6.76547721514
8	1	他	4.39275853651
8	2	打	13.0563696815
8	3	了	3.66428278533
8	4	那	12.3696956445
8	5	个	5.316514884
8	6	认识	13.1893372919
8	7	我	10.4261968365
8	8	的	4.40130215556
8	9	店长	23.687983518
8	10	喜欢	14.4533046996
8	11	的	4.61990503359
8	12	宠物	16.5720558324
8	13	。	6.76547721514
9	1	我	7.71951332837
9	2	在	5.74137427458
9	3	思念	19.0912987149
9	4	那	12.6924168793
9	5	首	8.52773527447
9	6	热爱	16.5024400573
9	7	艺术	13.1602692708
9	8	的	4.017583177
9	9	明星	14.0316688722
9	10	唱	15.4176489952
9	11	的	3.52963810662
9	12	歌	3.80178709558
9	13	。	6.19465616143
10	1	我	7.71951332837
10	2	在	5.74137427458
10	3	思念	19.0912987149
10	4	那	12.6924168793
10	5	个	5.25214455128
10	6	热爱	15.6700467804
10	7	艺术	13.1602692708
10	8	的	4.017583177
10	9	明星	14.0316688722
10	10	唱	15.4176489952
10	11	的	3.52963810662
10	12	歌	3.80178709558
10	13	。	6.19465616143
11	1	她	7.33709256502
11	2	拜访	18.9728632118
11	3	了	3.17893442798
11	4	那	11.5786101447
11	5	所	11.7971473833
11	6	学习	13.8476597684
11	7	历史	12.3456505996
11	8	的	3.66288732088
11	9	老人	12.2619797783
11	10	去	12.3201807456
11	11	的	6.43044544641
11	12	学校	11.8910569123
11	13	。	4.30507267919
12	1	她	7.33709256502
12	2	拜访	18.9728632118
12	3	了	3.17893442798
12	4	那	11.5786101447
12	5	个	5.316514884
12	6	学习	12.9197978893
12	7	历史	12.3456505996
12	8	的	3.66288732088
12	9	老人	12.2619797783
12	10	去	12.3201807456
12	11	的	6.43044544641
12	12	学校	11.8910569123
12	13	。	4.30507267919
13	1	他	4.39275853651
13	2	检查	16.6906820081
13	3	了	5.5050194451
13	4	那	11.5786101447
13	5	件	6.28548468567
13	6	帮助	15.2430250644
13	7	过	11.7735284984
13	8	我	9.02641250426
13	9	的	2.92731737407
13	10	司机	14.7923180656
13	11	带	13.2315978033
13	12	的	4.70083056831
13	13	行李	14.8525263154
13	14	。	3.92731627662
14	1	他	4.39275853651
14	2	检查	16.6906820081
14	3	了	5.5050194451
14	4	那	11.5786101447
14	5	个	5.316514884
14	6	帮助	15.6700467804
14	7	过	11.7735284984
14	8	我	9.02641250426
14	9	的	2.92731737407
14	10	司机	14.7923180656
14	11	带	13.2315978033
14	12	的	4.70083056831
14	13	行李	14.8525263154
14	14	。	3.92731627662
15	1	我	7.71951332837
15	2	听说	9.66425633702
15	3	过	3.11632913988
15	4	那	11.6906651644
15	5	本	7.68822348427
15	6	学习	14.4592273493
15	7	文学	14.5346425781
15	8	的	4.21000899676
15	9	作家	13.2386588053
15	10	写	10.440480705
15	11	的	3.33407318498
15	12	书	5.92731649611
15	13	。	3.1991877979
16	1	我	7.71951332837
16	2	听说	9.66425633702
16	3	过	3.11632913988
16	4	那	11.6906651644
16	5	个	5.25214455128
16	6	学习	12.9197978893
16	7	文学	14.5346425781
16	8	的	4.21000899676
16	9	作家	13.2386588053
16	10	写	10.440480705
16	11	的	3.33407318498
16	12	书	5.92731649611
16	13	。	3.1991877979
17	1	她	7.33709256502
17	2	撞	20.2247118311
17	3	了	3.08368540511
17	4	那	11.5786101447
17	5	辆	4.34235458069
17	6	支持	14.0729531766
17	7	环保	14.0449160031
17	8	的	5.56399000886
17	9	朋友	11.2339267842
17	10	开	14.2768022387
17	11	的	4.88367272192
17	12	车	4.73467449103
17	13	。	4.22302753929
18	1	她	7.33709256502
18	2	撞	20.2247118311
18	3	了	3.08368540511
18	4	那	11.5786101447
18	5	个	5.316514884
18	6	支持	13.1893372919
18	7	环保	14.0449160031
18	8	的	5.56399000886
18	9	朋友	11.2339267842
18	10	开	14.2768022387
18	11	的	4.88367272192
18	12	车	4.73467449103
18	13	。	4.22302753929
19	1	我们	7.88578536368
19	2	认可	14.7792654716
19	3	了	5.68702782758
19	4	那	11.5786101447
19	5	份	7.01988559991
19	6	喜欢	14.8327864799
19	7	书	14.4685935874
19	8	的	3.83106657974
19	9	孩子	11.4473059482
19	10	做	9.50878683992
19	11	的	4.16057206701
19	12	作业	14.9642772826
19	13	。	4.14970942959
20	1	我们	7.88578536368
20	2	认可	14.7792654716
20	3	了	5.68702782758
20	4	那	11.5786101447
20	5	个	5.316514884
20	6	喜欢	14.9189619071
20	7	书	14.4685935874
20	8	的	3.83106657974
20	9	孩子	11.4473059482
20	10	做	9.50878683992
20	11	的	4.16057206701
20	12	作业	14.9642772826
20	13	。	4.14970942959
21	1	他们	7.37541149555
21	2	接受	13.1198047138
21	3	了	3.50493656914
21	4	那	11.8752191511
21	5	份	7.01988559991
21	6	认识	13.9809867784
21	7	我	10.4261968365
21	8	的	4.40130215556
21	9	老板	13.5513184367
21	10	制定	12.6911206633
21	11	的	3.16387808399
21	12	合同	12.195961777
21	13	。	1.88829345064
22	1	他们	7.37541149555
22	2	接受	13.1198047138
22	3	了	3.50493656914
22	4	那	11.8752191511
22	5	个	5.316514884
22	6	认识	13.1893372919
22	7	我	10.4261968365
22	8	的	4.40130215556
22	9	老板	13.5513184367
22	10	制定	12.6911206633
22	11	的	3.16387808399
22	12	合同	12.195961777
22	13	。	1.88829345064
23	1	他	4.39275853651
23	2	离开	13.0563696815
23	3	了	2.68697617197
23	4	那	5.47163752448
23	5	间	12.9752586309
23	6	帮助	13.1630150148
23	7	过	11.7735284984
23	8	我	9.02641250426
23	9	的	2.92731737407
23	10	朋友	6.31023781985
23	11	开	14.0727741733
23	12	的	4.88367272192
23	13	工厂	12.3516455075
23	14	。	3.04275636414
24	1	他	4.39275853651
24	2	离开	13.0563696815
24	3	了	2.68697617197
24	4	那	5.47163752448
24	5	个	5.316514884
24	6	帮助	15.6700467804
24	7	过	11.7735284984
24	8	我	9.02641250426
24	9	的	2.92731737407
24	10	朋友	6.31023781985
24	11	开	14.0727741733
24	12	的	4.88367272192
24	13	工厂	12.3516455075
24	14	。	3.04275636414
25	1	她	7.33709256502
25	2	找	16.2166395136
25	3	了	4.68364290967
25	4	那	12.1191082088
25	5	张	7.46502097588
25	6	喜欢	15.1910252033
25	7	艺术	12.7755067353
25	8	的	4.017583177
25	9	孩子	11.4745542593
25	10	照	17.250993732
25	11	的	6.37986150915
25	12	照片	11.9967613643
25	13	。	2.46981816255
26	1	她	7.33709256502
26	2	找	16.2166395136
26	3	了	4.68364290967
26	4	那	12.1191082088
26	5	个	5.316514884
26	6	喜欢	14.9189619071
26	7	艺术	12.7755067353
26	8	的	4.017583177
26	9	孩子	11.4745542593
26	10	照	17.250993732
26	11	的	6.37986150915
26	12	照片	11.9967613643
26	13	。	2.46981816255
27	1	我	7.71951332837
27	2	需要	8.94707890325
27	3	那	13.4540660852
27	4	台	11.7327778136
27	5	教	15.5100207423
27	6	过	6.71543007415
27	7	我	9.02641250426
27	8	的	2.92731737407
27	9	老师	13.8332547145
27	10	用	8.32568028385
27	11	的	5.30995907785
27	12	手机	14.6590212664
27	13	。	5.28623155961
28	1	我	7.71951332837
28	2	需要	8.94707890325
28	3	那	13.4540660852
28	4	个	5.25214455128
28	5	教	15.5009474204
28	6	过	6.71543007415
28	7	我	9.02641250426
28	8	的	2.92731737407
28	9	老师	13.8332547145
28	10	用	8.32568028385
28	11	的	5.30995907785
28	12	手机	14.6590212664
28	13	。	5.28623155961
29	1	他	4.39275853651
29	2	在	5.20848789099
29	3	画	18.2848275673
29	4	那	13.0664848894
29	5	朵	18.303788058
29	6	关心	13.7330465207
29	7	他	10.5918779841
29	8	的	3.94459685698
29	9	邻居	14.5507393988
29	10	种	11.9343416581
29	11	的	8.08189254865
29	12	花	14.512836869
29	13	。	7.38334028152
30	1	他	4.39275853651
30	2	在	5.20848789099
30	3	画	18.2848275673
30	4	那	13.0664848894
30	5	个	5.25214455128
30	6	关心	14.0275093944
30	7	他	10.5918779841
30	8	的	3.94459685698
30	9	邻居	14.5507393988
30	10	种	11.9343416581
30	11	的	8.08189254865
30	12	花	14.512836869
30	13	。	7.38334028152
31	1	她	7.33709256502
31	2	在	4.73748505789
31	3	介绍	11.3769329076
31	4	那	12.8383337799
31	5	台	11.7327778136
31	6	鼓励	13.97531277
31	7	她	9.74096605424
31	8	的	3.74920447931
31	9	科学家	12.3146338333
31	10	做	12.5208526597
31	11	的	4.16057206701
31	12	电视	12.2209453248
31	13	。	6.56357510875
32	1	她	7.33709256502
32	2	在	4.73748505789
32	3	介绍	11.3769329076
32	4	那	12.8383337799
32	5	个	5.25214455128
32	6	鼓励	13.9662395556
32	7	她	9.74096605424
32	8	的	3.74920447931
32	9	科学家	12.3146338333
32	10	做	12.5208526597
32	11	的	4.16057206701
32	12	电视	12.2209453248
32	13	。	6.56357510875
33	1	我	7.71951332837
33	2	见	12.008884274
33	3	过	3.68523749757
33	4	那	11.6873750608
33	5	栋	8.52773527447
33	6	认识	14.048110994
33	7	父亲	15.4098952704
33	8	的	3.40561411154
33	9	男人	13.6094361672
33	10	买	13.5788818913
33	11	的	5.05273213063
33	12	房子	4.42981782434
33	13	。	3.84343417924
34	1	我	7.71951332837
34	2	见	12.008884274
34	3	过	3.68523749757
34	4	那	11.6873750608
34	5	个	5.25214455128
34	6	认识	13.1893372919
34	7	父亲	15.4098952704
34	8	的	3.40561411154
34	9	男人	13.6094361672
34	10	买	13.5788818913
34	11	的	5.05273213063
34	12	房子	4.42981782434
34	13	。	3.84343417924
35	1	我	7.71951332837
35	2	拒绝	14.489597811
35	3	了	3.51476609467
35	4	那	11.9201299578
35	5	条	7.7525931802
35	6	关心	14.0386593349
35	7	我	10.5918779841
35	8	的	4.40130215556
35	9	朋友	6.31023781985
35	10	给	7.60549727234
35	11	的	8.1573337427
35	12	建议	10.4296008513
35	13	。	1.91464877213
36	1	我	7.71951332837
36	2	拒绝	14.489597811
36	3	了	3.51476609467
36	4	那	11.9201299578
36	5	个	5.316514884
36	6	关心	14.0275093944
36	7	我	10.5918779841
36	8	的	4.40130215556
36	9	朋友	6.31023781985
36	10	给	7.60549727234
36	11	的	8.1573337427
36	12	建议	10.4296008513
36	13	。	1.91464877213
37	1	他	4.39275853651
37	2	在	5.20848789099
37	3	看	10.173093488
37	4	那	9.55056754166
37	5	支	10.0764612108
37	6	我	11.8604977719
37	7	教	15.630596321
37	8	数学	15.6493356198
37	9	的	4.94711806681
37	10	老师	13.6992341825
37	11	用	8.32568028385
37	12	的	5.30995907785
37	13	笔	16.7148366775
37	14	。	5.55976062157
38	1	他	4.39275853651
38	2	在	5.20848789099
38	3	看	10.173093488
38	4	那	9.55056754166
38	5	个	5.25214455128
38	6	我	14.0137251174
38	7	教	15.934688161
38	8	数学	15.6493356198
38	9	的	4.94711806681
38	10	老师	13.6992341825
38	11	用	8.32568028385
38	12	的	5.30995907785
38	13	笔	16.7148366775
38	14	。	5.55976062157
39	1	她	7.33709256502
39	2	在	4.73748505789
39	3	找	16.2588852626
39	4	那	13.3436440725
39	5	只	7.68822348427
39	6	撞	18.7209502885
39	7	了	3.08368540511
39	8	我	9.23832818042
39	9	的	1.75085032792
39	10	女人	14.2543552105
39	11	丢	16.5463901985
39	12	的	7.0045951266
39	13	鞋子	17.9734679363
39	14	。	6.68218145135
40	1	她	7.33709256502
40	2	在	4.73748505789
40	3	找	16.2588852626
40	4	那	13.3436440725
40	5	个	5.25214455128
40	6	撞	18.3200387474
40	7	了	3.08368540511
40	8	我	9.23832818042
40	9	的	1.75085032792
40	10	女人	14.2543552105
40	11	丢	16.5463901985
40	12	的	7.0045951266
40	13	鞋子	17.9734679363
40	14	。	6.68218145135
41	1	我	7.71951332837
41	2	讨厌	12.8332774563
41	3	那	12.893467156
41	4	条	7.68822348427
41	5	打扰	20.2961954806
41	6	了	8.93082768773
41	7	我	9.23832818042
41	8	的	1.75085032792
41	9	邻居	14.5879066987
41	10	养	15.2637740648
41	11	的	5.858981216
41	12	狗	15.585230009
41	13	。	6.32108119299
42	1	我	7.71951332837
42	2	讨厌	12.8332774563
42	3	那	12.893467156
42	4	个	5.25214455128
42	5	打扰	20.2850455139
42	6	了	8.93082768773
42	7	我	9.23832818042
42	8	的	1.75085032792
42	9	邻居	14.5879066987
42	10	养	15.2637740648
42	11	的	5.858981216
42	12	狗	15.585230009
42	13	。	6.32108119299
43	1	他	4.39275853651
43	2	发现	11.4376711005
43	3	了	3.68717277048
43	4	那	12.0843439367
43	5	座	7.7525931802
43	6	写	13.8173733536
43	7	过	4.55442651434
43	8	书	11.5578877359
43	9	的	3.97423976379
43	10	老人	12.1505590797
43	11	修	16.0040589083
43	12	的	8.23899621837
43	13	桥	17.1490748711
43	14	。	5.65003186074
44	1	他	4.39275853651
44	2	发现	11.4376711005
44	3	了	3.68717277048
44	4	那	12.0843439367
44	5	个	5.316514884
44	6	写	15.6700467804
44	7	过	4.55442651434
44	8	书	11.5578877359
44	9	的	3.97423976379
44	10	老人	12.1505590797
44	11	修	16.0040589083
44	12	的	8.23899621837
44	13	桥	17.1490748711
44	14	。	5.65003186074
45	1	她	7.33709256502
45	2	评价	16.3671489376
45	3	了	6.34296284259
45	4	那	11.6003569097
45	5	篇	7.46502097588
45	6	获	14.3303278691
45	7	奖	11.8239581089
45	8	的	4.59477158898
45	9	学生	10.8298974849
45	10	准备	12.8693540145
45	11	的	4.84981552491
45	12	报告	11.0348265769
45	13	。	2.92116722057
46	1	她	7.33709256502
46	2	评价	16.3671489376
46	3	了	6.34296284259
46	4	那	11.6003569097
46	5	个	5.316514884
46	6	获	12.4650042545
46	7	奖	12.3524593385
46	8	的	4.59477158898
46	9	学生	10.8298974849
46	10	准备	12.8693540145
46	11	的	4.84981552491
46	12	报告	11.0348265769
46	13	。	2.92116722057
47	1	我	7.71951332837
47	2	在	5.74137427458
47	3	等	5.21713789621
47	4	那	14.041374346
47	5	封	9.25206823704
47	6	依赖	15.3256695269
47	7	我	11.7081701546
47	8	的	4.40130215556
47	9	朋友	6.31023781985
47	10	写	8.32983120281
47	11	的	3.33407318498
47	12	信	14.496505764
47	13	。	1.69668706766
48	1	我	7.71951332837
48	2	在	5.74137427458
48	3	等	5.21713789621
48	4	那	14.041374346
48	5	个	5.25214455128
48	6	依赖	15.6138723288
48	7	我	11.7081701546
48	8	的	4.40130215556
48	9	朋友	6.31023781985
48	10	写	8.32983120281
48	11	的	3.33407318498
48	12	信	14.496505764
48	13	。	1.69668706766
49	1	他	4.39275853651
49	2	提到	18.4720393753
49	3	了	2.87540505727
49	4	那	11.6489911551
49	5	堂	19.9781862057
49	6	教	15.0784057552
49	7	过	6.71543007415
49	8	我	9.02641250426
49	9	的	2.92731737407
49	10	老师	13.8332547145
49	11	教	9.98199993296
49	12	的	8.37175080229
49	13	课	15.2976578966
49	14	。	3.14971070995
50	1	他	4.39275853651
50	2	提到	18.4720393753
50	3	了	2.87540505727
50	4	那	11.6489911551
50	5	个	5.316514884
50	6	教	15.5009474204
50	7	过	6.71543007415
50	8	我	9.02641250426
50	9	的	2.92731737407
50	10	老师	13.8332547145
50	11	教	9.98199993296
50	12	的	8.37175080229
50	13	课	15.2976578966
50	14	。	3.14971070995
51	1	她	7.33709256502
51	2	推荐	16.9446731155
51	3	了	4.31453019972
51	4	那	11.7249224153
51	5	块	8.11212590438
51	6	喜欢	15.0868741018
51	7	音乐	13.927293262
51	8	的	4.12438951663
51	9	医生	13.7185164675
51	10	喜欢	14.8389513713
51	11	的	4.61990503359
51	12	手表	17.2963885848
51	13	。	6.90835168885
52	1	她	7.33709256502
52	2	推荐	16.9446731155
52	3	了	4.31453019972
52	4	那	11.7249224153
52	5	个	5.316514884
52	6	喜欢	14.9189619071
52	7	音乐	13.927293262
52	8	的	4.12438951663
52	9	医生	13.7185164675
52	10	喜欢	14.8389513713
52	11	的	4.61990503359
52	12	手表	17.2963885848
52	13	。	6.90835168885
53	1	我	7.71951332837
53	2	选择	11.2845512936
53	3	了	1.36504770547
53	4	那	11.7700204438
53	5	篇	7.46502097588
53	6	获	14.3303278691
53	7	奖	11.8239581089
53	8	的	4.59477158898
53	9	学生	10.8298974849
53	10	写	12.2726073657
53	11	的	3.33407318498
53	12	论文	12.7336874556
53	13	。	4.55476181954
54	1	我	7.71951332837
54	2	选择	11.2845512936
54	3	了	1.36504770547
54	4	那	11.7700204438
54	5	个	5.316514884
54	6	获	12.4650042545
54	7	奖	12.3524593385
54	8	的	4.59477158898
54	9	学生	10.8298974849
54	10	写	12.2726073657
54	11	的	3.33407318498
54	12	论文	12.7336874556
54	13	。	4.55476181954
55	1	她	7.33709256502
55	2	喜欢	12.4540620377
55	3	那	9.88076353077
55	4	场	7.40065118536
55	5	参加	11.0990785155
55	6	过	6.38706772749
55	7	比赛	13.3488191461
55	8	的	3.72765186778
55	9	演员	14.2769288177
55	10	准备	12.7021988746
55	11	的	4.84981552491
55	12	表演	12.017582962
55	13	。	3.07616837793
56	1	她	7.33709256502
56	2	喜欢	12.4540620377
56	3	那	9.88076353077
56	4	个	5.25214455128
56	5	参加	11.3379201188
56	6	过	6.38706772749
56	7	比赛	13.3488191461
56	8	的	3.72765186778
56	9	演员	14.2769288177
56	10	准备	12.7021988746
56	11	的	4.84981552491
56	12	表演	12.017582962
56	13	。	3.07616837793
57	1	他	4.39275853651
57	2	称赞	9.57544126953
57	3	了	7.515966219
57	4	那	11.5786101447
57	5	间	12.9752586309
57	6	救	15.9437029296
57	7	过	11.8880758694
57	8	我	9.02641250426
57	9	的	2.92731737407
57	10	警察	13.0214607469
57	11	工作	10.5222493454
57	12	的	3.48998455609
57	13	办公室	13.7928685558
57	14	。	4.36504681359
58	1	他	4.39275853651
58	2	称赞	9.57544126953
58	3	了	7.515966219
58	4	那	11.5786101447
58	5	个	5.316514884
58	6	救	15.8986346252
58	7	过	11.8880758694
58	8	我	9.02641250426
58	9	的	2.92731737407
58	10	警察	13.0214607469
58	11	工作	10.5222493454
58	12	的	3.48998455609
58	13	办公室	13.7928685558
58	14	。	4.36504681359
59	1	我	7.71951332837
59	2	听说	9.66425633702
59	3	过	3.11632913988
59	4	那	11.6906651644
59	5	首	8.52773527447
59	6	打	13.5231022726
59	7	游戏	11.4731357069
59	8	的	5.06830568883
59	9	孩子	11.3474136778
59	10	写	13.9541693422
59	11	的	3.33407318498
59	12	诗	16.8031268476
59	13	。	5.03877153897
60	1	我	7.71951332837
60	2	听说	9.66425633702
60	3	过	3.11632913988
60	4	那	11.6906651644
60	5	个	5.25214455128
60	6	打	14.0137251174
60	7	游戏	11.4731357069
60	8	的	5.06830568883
60	9	孩子	11.3474136778
60	10	写	13.9541693422
60	11	的	3.33407318498
60	12	诗	16.8031268476
60	13	。	5.03877153897
61	1	我	7.71951332837
61	2	选择	11.2845512936
61	3	了	1.36504770547
61	4	那	11.7700204438
61	5	家	9.31643830711
61	6	依赖	16.7589373675
61	7	我	11.7081701546
61	8	的	4.40130215556
61	9	朋友	6.31023781985
61	10	去	10.8105407314
61	11	的	6.43044544641
61	12	银行	12.0333414696
61	13	。	3.86661113378
62	1	我	7.71951332837
62	2	选择	11.2845512936
62	3	了	1.36504770547
62	4	那	11.7700204438
62	5	个	5.316514884
62	6	依赖	15.6138723288
62	7	我	11.7081701546
62	8	的	4.40130215556
62	9	朋友	6.31023781985
62	10	去	10.8105407314
62	11	的	6.43044544641
62	12	银行	12.0333414696
62	13	。	3.86661113378
