sentence_id	token_id	token	surprisal
1	1	那	9.785659343818768
1	2	家	9.824291328195091
1	3	认识	15.212226846383986
1	4	我	10.426196836526612
1	5	的	4.401302155555205
1	6	老板	13.55131843669081
1	7	在	6.967068132977183
1	8	市中心	11.460203872575294
1	9	投资	10.971011972608315
1	10	的	4.363657935241369
1	11	饭店	14.527846837665376
1	12	很	10.266506292665209
1	13	受	7.281061804779166
1	14	欢迎	2.1706180221606224
1	15	。	1.4860428163153758
2	1	那	9.785659343818768
2	2	个	8.580759744367315
2	3	认识	13.74729006041956
2	4	我	10.426196836526612
2	5	的	4.401302155555205
2	6	老板	13.55131843669081
2	7	在	6.967068132977183
2	8	市中心	11.460203872575294
2	9	投资	10.971011972608315
2	10	的	4.363657935241369
2	11	饭店	14.527846837665376
2	12	很	10.266506292665209
2	13	受	7.281061804779166
2	14	欢迎	2.1706180221606224
2	15	。	1.4860428163153758
3	1	那	9.785659343818768
3	2	幅	15.308635290860213
3	3	帮助	13.141134051084723
3	4	过	11.773528498359527
3	5	我	9.026412504257962
3	6	的	2.9273173740693457
3	7	朋友	6.310237819848544
3	8	非常	12.74705320142484
3	9	喜欢	7.656296944097744
3	10	的	4.738047443896812
3	11	画	16.092076523017873
3	12	吸引	13.03568796773598
3	13	了	2.781272883929888
3	14	我	10.10009964505007
3	15	。	5.074135684770437
4	1	那	9.785659343818768
4	2	个	8.580759744367315
4	3	帮助	16.228001594791706
4	4	过	11.773528498359527
4	5	我	9.026412504257962
4	6	的	2.9273173740693457
4	7	朋友	6.310237819848544
4	8	非常	12.74705320142484
4	9	喜欢	7.656296944097744
4	10	的	4.738047443896812
4	11	画	16.092076523017873
4	12	吸引	13.03568796773598
4	13	了	2.781272883929888
4	14	我	10.10009964505007
4	15	。	5.074135684770437
5	1	那	9.785659343818768
5	2	件	6.793337733567873
5	3	教	17.626026106503826
5	4	过	6.715430074150511
5	5	我	9.026412504257962
5	6	的	2.9273173740693457
5	7	老师	13.83325471447088
5	8	为	9.981999932963541
5	9	他	7.943069201248012
5	10	的	2.7929967722614992
5	11	学生	9.130830415582736
5	12	收藏	15.115582829948043
5	13	的	2.2654708078602117
5	14	艺术品	14.477093571700895
5	15	获	13.742281465037454
5	16	了	9.343248386760324
5	17	奖	14.720309845618281
5	18	。	1.927317922794617
6	1	那	9.785659343818768
6	2	个	8.580759744367315
6	3	教	16.05890132189232
6	4	过	6.715430074150511
6	5	我	9.026412504257962
6	6	的	2.9273173740693457
6	7	老师	13.83325471447088
6	8	为	9.981999932963541
6	9	他	7.943069201248012
6	10	的	2.7929967722614992
6	11	学生	9.130830415582736
6	12	收藏	15.115582829948043
6	13	的	2.2654708078602117
6	14	艺术品	14.477093571700895
6	15	获	13.742281465037454
6	16	了	9.343248386760324
6	17	奖	14.720309845618281
6	18	。	1.927317922794617
7	1	那	9.785659343818768
7	2	只	8.26044639610076
7	3	认识	12.79617016940526
7	4	我	10.426196836526612
7	5	的	4.401302155555205
7	6	店长	23.687983518042607
7	7	特别	12.229369558911145
7	8	喜欢	7.984679835339644
7	9	的	4.6199050335889815
7	10	宠物	16.57205583244641
7	11	生病	17.05713060084178
7	12	了	3.243875772801394
7	13	。	7.099290090050628
8	1	那	9.785659343818768
8	2	个	8.580759744367315
8	3	认识	13.74729006041956
8	4	我	10.426196836526612
8	5	的	4.401302155555205
8	6	店长	23.687983518042607
8	7	特别	12.229369558911145
8	8	喜欢	7.984679835339644
8	9	的	4.6199050335889815
8	10	宠物	16.57205583244641
8	11	生病	17.05713060084178
8	12	了	3.243875772801394
8	13	。	7.099290090050628
9	1	那	9.785659343818768
9	2	首	9.099958090542323
9	3	热爱	16.50244005729522
9	4	艺术	13.160269270787877
9	5	的	4.017583177001662
9	6	明星	14.031668872191284
9	7	在	8.266089189291295
9	8	商场	15.203348718556681
9	9	唱	15.64003573337215
9	10	的	3.5296381066177225
9	11	歌	3.801787095583297
9	12	很	11.817104715463175
9	13	好听	22.157095811685544
9	14	。	6.988043688303435
10	1	那	9.785659343818768
10	2	个	8.580759744367315
10	3	热爱	16.228001594791706
10	4	艺术	13.160269270787877
10	5	的	4.017583177001662
10	6	明星	14.031668872191284
10	7	在	8.266089189291295
10	8	商场	15.203348718556681
10	9	唱	15.64003573337215
10	10	的	3.5296381066177225
10	11	歌	3.801787095583297
10	12	很	11.817104715463175
10	13	好听	22.157095811685544
10	14	。	6.988043688303435
11	1	那	9.785659343818768
11	2	所	12.305000939195715
11	3	学习	13.84765976840627
11	4	历史	12.3456505996026
11	5	的	3.6628873208774575
11	6	老人	12.261979778294313
11	7	在	6.734674337386016
11	8	冬天	17.752842775386444
11	9	去	11.833838746840017
11	10	的	6.430445446409951
11	11	学校	11.891056912286807
11	12	关闭	15.11895688382447
11	13	了	3.353566123232999
11	14	。	5.703801475726
12	1	那	9.785659343818768
12	2	个	8.580759744367315
12	3	学习	13.47775191375224
12	4	历史	12.3456505996026
12	5	的	3.6628873208774575
12	6	老人	12.261979778294313
12	7	在	6.734674337386016
12	8	冬天	17.752842775386444
12	9	去	11.833838746840017
12	10	的	6.430445446409951
12	11	学校	11.891056912286807
12	12	关闭	15.11895688382447
12	13	了	3.353566123232999
12	14	。	5.703801475726
13	1	那	9.785659343818768
13	2	件	6.793337733567873
13	3	帮助	15.243025064404627
13	4	过	11.773528498359527
13	5	我	9.026412504257962
13	6	的	2.9273173740693457
13	7	司机	14.792318065555385
13	8	给	8.791451377056847
13	9	朋友	10.055519807216049
13	10	带	10.642032852607919
13	11	的	4.700830568312906
13	12	行李	14.852526315396327
13	13	丢	16.07546529414221
13	14	了	2.2469534821615222
13	15	。	5.848572160260962
14	1	那	9.785659343818768
14	2	个	8.580759744367315
14	3	帮助	16.228001594791706
14	4	过	11.773528498359527
14	5	我	9.026412504257962
14	6	的	2.9273173740693457
14	7	司机	14.792318065555385
14	8	给	8.791451377056847
14	9	朋友	10.055519807216049
14	10	带	10.642032852607919
14	11	的	4.700830568312906
14	12	行李	14.852526315396327
14	13	丢	16.07546529414221
14	14	了	2.2469534821615222
14	15	。	5.848572160260962
15	1	那	9.785659343818768
15	2	本	8.26044639610076
15	3	学习	14.459227349327952
15	4	文学	14.534642578099245
15	5	的	4.210008996763923
15	6	作家	13.238658805287594
15	7	为	10.4404807050255
15	8	我	10.146310980331561
15	9	写	10.078097597073402
15	10	的	2.664283516960823
15	11	书	5.927316496109344
15	12	很	12.120732197022859
15	13	受	7.281061804779166
15	14	欢迎	2.1706180221606224
15	15	。	1.4860428163153758
16	1	那	9.785659343818768
16	2	个	8.580759744367315
16	3	学习	13.47775191375224
16	4	文学	14.534642578099245
16	5	的	4.210008996763923
16	6	作家	13.238658805287594
16	7	为	10.4404807050255
16	8	我	10.146310980331561
16	9	写	10.078097597073402
16	10	的	2.664283516960823
16	11	书	5.927316496109344
16	12	很	12.120732197022859
16	13	受	7.281061804779166
16	14	欢迎	2.1706180221606224
16	15	。	1.4860428163153758
17	1	那	9.785659343818768
17	2	辆	7.972874128753923
17	3	支持	14.072953176621688
17	4	环保	14.044916003066524
17	5	的	5.563990008864118
17	6	朋友	11.233926784198527
17	7	昨天	13.847113273190901
17	8	开	13.974549202071863
17	9	的	4.8836727219245
17	10	车	4.734674491029289
17	11	坏	16.005068091090653
17	12	了	3.195219492690394
17	13	。	5.76479115371313
18	1	那	9.785659343818768
18	2	个	8.580759744367315
18	3	支持	13.74729006041956
18	4	环保	14.044916003066524
18	5	的	5.563990008864118
18	6	朋友	11.233926784198527
18	7	昨天	13.847113273190901
18	8	开	13.974549202071863
18	9	的	4.8836727219245
18	10	车	4.734674491029289
18	11	坏	16.005068091090653
18	12	了	3.195219492690394
18	13	。	5.76479115371313
19	1	那	9.785659343818768
19	2	份	7.527738735401796
19	3	喜欢	14.832786479927163
19	4	书	14.46859358737009
19	5	的	3.8310665797390206
19	6	孩子	11.447305948194495
19	7	在	7.492100482030368
19	8	学校	11.090366238016754
19	9	做	12.449771558966816
19	10	的	4.160572067014672
19	11	作业	14.96427728258286
19	12	获	13.372574565665973
19	13	了	9.343248386760324
19	14	奖	14.720309845618281
19	15	。	1.927317922794617
20	1	那	9.785659343818768
20	2	个	8.580759744367315
20	3	喜欢	15.476914928334173
20	4	书	14.46859358737009
20	5	的	3.8310665797390206
20	6	孩子	11.447305948194495
20	7	在	7.492100482030368
20	8	学校	11.090366238016754
20	9	做	12.449771558966816
20	10	的	4.160572067014672
20	11	作业	14.96427728258286
20	12	获	13.372574565665973
20	13	了	9.343248386760324
20	14	奖	14.720309845618281
20	15	。	1.927317922794617
21	1	那	9.785659343818768
21	2	份	7.527738735401796
21	3	认识	13.980986778356511
21	4	我	10.426196836526612
21	5	的	4.401302155555205
21	6	老板	13.55131843669081
21	7	给	11.557164150436698
21	8	员工	13.260562575436786
21	9	制定	12.546918628117394
21	10	的	3.163878083991713
21	11	合同	12.195961776978969
21	12	到期	12.354901322687384
21	13	了	9.720719486718888
21	14	。	5.65840603608215
22	1	那	9.785659343818768
22	2	个	8.580759744367315
22	3	认识	13.74729006041956
22	4	我	10.426196836526612
22	5	的	4.401302155555205
22	6	老板	13.55131843669081
22	7	给	11.557164150436698
22	8	员工	13.260562575436786
22	9	制定	12.546918628117394
22	10	的	3.163878083991713
22	11	合同	12.195961776978969
22	12	到期	12.354901322687384
22	13	了	9.720719486718888
22	14	。	5.65840603608215
23	1	那	9.785659343818768
23	2	间	13.483112253430862
23	3	帮助	13.163015014812332
23	4	过	11.773528498359527
23	5	我	9.026412504257962
23	6	的	2.9273173740693457
23	7	朋友	6.310237819848544
23	8	在	6.006510257065414
23	9	公园	12.119734727092018
23	10	旁边	11.12389133110079
23	11	开	7.671311745839287
23	12	的	4.8836727219245
23	13	工厂	12.35164550747878
23	14	倒闭	9.009705322705052
23	15	了	5.161834531585282
23	16	。	1.3423552391650138
24	1	那	9.785659343818768
24	2	个	8.580759744367315
24	3	帮助	16.228001594791706
24	4	过	11.773528498359527
24	5	我	9.026412504257962
24	6	的	2.9273173740693457
24	7	朋友	6.310237819848544
24	8	在	6.006510257065414
24	9	公园	12.119734727092018
24	10	旁边	11.12389133110079
24	11	开	7.671311745839287
24	12	的	4.8836727219245
24	13	工厂	12.35164550747878
24	14	倒闭	9.009705322705052
24	15	了	5.161834531585282
24	16	。	1.3423552391650138
25	1	那	9.785659343818768
25	2	张	7.972874128753923
25	3	喜欢	15.191025203339265
25	4	艺术	12.775506735327449
25	5	的	4.017583177001662
25	6	孩子	11.474554259341694
25	7	在	7.492100482030368
25	8	公园	12.0616484409407
25	9	照	17.481471681197746
25	10	的	6.37986150914889
25	11	照片	11.99676136425577
25	12	丢	17.004696394479488
25	13	了	2.2469534821615222
25	14	。	5.848572160260962
26	1	那	9.785659343818768
26	2	个	8.580759744367315
26	3	喜欢	15.476914928334173
26	4	艺术	12.775506735327449
26	5	的	4.017583177001662
26	6	孩子	11.474554259341694
26	7	在	7.492100482030368
26	8	公园	12.0616484409407
26	9	照	17.481471681197746
26	10	的	6.37986150914889
26	11	照片	11.99676136425577
26	12	丢	17.004696394479488
26	13	了	2.2469534821615222
26	14	。	5.848572160260962
27	1	那	9.785659343818768
27	2	台	12.305000939195715
27	3	教	15.51002074230373
27	4	过	6.715430074150511
27	5	我	9.026412504257962
27	6	的	2.9273173740693457
27	7	老师	13.83325471447088
27	8	经常	14.067032257591832
27	9	用	8.840633783199506
27	10	的	5.309959077848091
27	11	手机	14.65902126640915
27	12	很	11.237534954893961
27	13	好用	20.883226348087376
27	14	。	7.02064594569641
28	1	那	9.785659343818768
28	2	个	8.580759744367315
28	3	教	16.05890132189232
28	4	过	6.715430074150511
28	5	我	9.026412504257962
28	6	的	2.9273173740693457
28	7	老师	13.83325471447088
28	8	经常	14.067032257591832
28	9	用	8.840633783199506
28	10	的	5.309959077848091
28	11	手机	14.65902126640915
28	12	很	11.237534954893961
28	13	好用	20.883226348087376
28	14	。	7.02064594569641
29	1	那	9.785659343818768
29	2	朵	18.876011939349862
29	3	关心	13.733046520707521
29	4	他	10.59187798414354
29	5	的	3.9445968569766237
29	6	邻居	14.550739398803543
29	7	在	6.146984840567938
29	8	家	11.688067992854233
29	9	种	13.682906038163166
29	10	的	8.081892548649426
29	11	花	14.512836868984648
29	12	很	11.90010720398874
29	13	好看	10.796346419298777
29	14	。	2.0553903937052516
30	1	那	9.785659343818768
30	2	个	8.580759744367315
30	3	关心	14.585462660135645
30	4	他	10.59187798414354
30	5	的	3.9445968569766237
30	6	邻居	14.550739398803543
30	7	在	6.146984840567938
30	8	家	11.688067992854233
30	9	种	13.682906038163166
30	10	的	8.081892548649426
30	11	花	14.512836868984648
30	12	很	11.90010720398874
30	13	好看	10.796346419298777
30	14	。	2.0553903937052516
