sentence_id	token_id	token	surprisal
1	1	记者	8.05482180747
1	2	采访	9.32938935365
1	3	了	5.11993498466
1	4	研发	17.3804746556
1	5	产品	11.8321628945
1	6	并且	15.1377512206
1	7	获	12.4375474498
1	8	了	9.34324838676
1	9	奖	14.7203098456
1	10	。	1.92731792279
2	1	记者	8.05482180747
2	2	采访	9.32938935365
2	3	了	5.11993498466
2	4	研发	17.3804746556
2	5	产品	11.8321628945
2	6	并且	15.1377512206
2	7	获	12.4375474498
2	8	了	9.34324838676
2	9	奖	14.7203098456
2	10	的	4.68542996147
2	11	科学家	12.1426603908
2	12	。	5.51479610705
3	1	他	4.39275853651
3	2	认识	15.9718466284
3	3	了	4.91453357282
3	4	写	15.6118877787
3	5	书	10.861103298
3	6	并且	14.715735462
3	7	教	14.9326888962
3	8	课	16.1004797575
3	9	。	3.22289822269
4	1	他	4.39275853651
4	2	认识	15.9718466284
4	3	了	4.91453357282
4	4	写	15.6118877787
4	5	书	10.861103298
4	6	并且	14.715735462
4	7	教	14.9326888962
4	8	课	16.1004797575
4	9	的	4.10967005068
4	10	老师	13.553772055
4	11	。	5.4102024639
5	1	他	4.39275853651
5	2	拍	17.62816772
5	3	下	8.52216755557
5	4	了	5.69196407361
5	5	获得	15.9333495932
5	6	大奖	11.8255658043
5	7	并且	15.0335750405
5	8	吸引	12.6135500604
5	9	游客	8.83032953037
5	10	。	4.34781263459
6	1	他	4.39275853651
6	2	拍	17.62816772
6	3	下	8.52216755557
6	4	了	5.69196407361
6	5	获得	15.9333495932
6	6	大奖	11.8255658043
6	7	并且	15.0335750405
6	8	吸引	12.6135500604
6	9	游客	8.83032953037
6	10	的	4.29811635645
6	11	艺术品	14.5848573489
6	12	。	2.64787065881
7	1	我们	7.88578536368
7	2	参加	11.5742228673
7	3	了	3.38608126642
7	4	吸引	14.3956369352
7	5	学生	11.3110389734
7	6	并且	14.5334385059
7	7	受到	9.31092534654
7	8	好评	10.662964114
7	9	。	1.34235523917
8	1	我们	7.88578536368
8	2	参加	11.5742228673
8	3	了	3.38608126642
8	4	吸引	14.3956369352
8	5	学生	11.3110389734
8	6	并且	14.5334385059
8	7	受到	9.31092534654
8	8	好评	10.662964114
8	9	的	4.57113707408
8	10	活动	9.80274033061
8	11	。	2.19028395907
9	1	他	4.39275853651
9	2	想起	15.9718466284
9	3	了	2.70175367374
9	4	写	15.5446996955
9	5	过	5.23868994144
9	6	歌	16.9609029928
9	7	而且	15.4788459754
9	8	写	13.155022363
9	9	过	4.55442651434
9	10	书	11.5578877359
9	11	。	4.13007819708
10	1	他	4.39275853651
10	2	想起	15.9718466284
10	3	了	2.70175367374
10	4	写	15.5446996955
10	5	过	5.23868994144
10	6	歌	16.9609029928
10	7	而且	15.4788459754
10	8	写	13.155022363
10	9	过	4.55442651434
10	10	书	11.5578877359
10	11	的	3.97423976379
10	12	同学	13.7336864729
10	13	。	5.70435200931
11	1	司机	17.2210146948
11	2	启动	14.0952389204
11	3	了	4.51117176588
11	4	装有	16.2799955924
11	5	音响	16.2649039948
11	6	并且	14.7766314049
11	7	配备	15.1427868214
11	8	屏幕	17.3023159436
11	9	。	4.99795674476
12	1	司机	17.2210146948
12	2	启动	14.0952389204
12	3	了	4.51117176588
12	4	装有	16.2799955924
12	5	音响	16.2649039948
12	6	并且	14.7766314049
12	7	配备	15.1427868214
12	8	屏幕	17.3023159436
12	9	的	7.47866663114
12	10	车	13.4059260857
12	11	。	4.22302753929
13	1	爸爸	14.0597377317
13	2	买	8.26998907843
13	3	了	3.16024417735
13	4	带	14.4009733969
13	5	家具	16.8308075103
13	6	还	9.95703925684
13	7	配	18.5519864197
13	8	保险	13.1011281531
13	9	。	5.45327735789
14	1	爸爸	14.0597377317
14	2	买	8.26998907843
14	3	了	3.16024417735
14	4	带	14.4009733969
14	5	家具	16.8308075103
14	6	还	9.95703925684
14	7	配	18.5519864197
14	8	保险	13.1011281531
14	9	的	5.17134190416
14	10	房子	12.8802367122
14	11	。	3.84343417924
15	1	他	4.39275853651
15	2	损失	17.7095402683
15	3	了	6.00756057021
15	4	买	15.5446996955
15	5	药	10.5643960714
15	6	和	7.88632390686
15	7	买	17.5577692065
15	8	菜	5.30353776109
15	9	。	4.79128278691
16	1	他	4.39275853651
16	2	损失	17.7095402683
16	3	了	6.00756057021
16	4	买	15.5446996955
16	5	药	10.5643960714
16	6	和	7.88632390686
16	7	买	17.5577692065
16	8	菜	5.30353776109
16	9	的	3.32417308723
16	10	现金	13.3373254902
16	11	。	3.4027573698
17	1	我	7.71951332837
17	2	拜访	14.489597811
17	3	了	3.17893442798
17	4	去	13.1564627028
17	5	过	6.71930383644
17	6	中国	7.38703343597
17	7	并且	14.9298536835
17	8	去	11.5630961567
17	9	过	6.71930383644
17	10	美国	8.0913453325
17	11	。	7.60832883828
18	1	我	7.71951332837
18	2	拜访	14.489597811
18	3	了	3.17893442798
18	4	去	13.1564627028
18	5	过	6.71930383644
18	6	中国	7.38703343597
18	7	并且	14.9298536835
18	8	去	11.5630961567
18	9	过	6.71930383644
18	10	美国	8.0913453325
18	11	的	4.14970942959
18	12	邻居	14.5411337173
18	13	。	6.14698484057
19	1	爷爷	19.8809986132
19	2	中止	15.8805036603
19	3	了	3.60076090557
19	4	引发	14.7736424488
19	5	争吵	19.0164018368
19	6	并且	14.6397311374
19	7	伤害	15.0693026722
19	8	亲情	17.5795510703
19	9	。	2.70249630238
20	1	爷爷	19.8809986132
20	2	中止	15.8805036603
20	3	了	3.60076090557
20	4	引发	14.7736424488
20	5	争吵	19.0164018368
20	6	并且	14.6397311374
20	7	伤害	15.0693026722
20	8	亲情	17.5795510703
20	9	的	3.90680677746
20	10	谈话	12.4977903644
20	11	。	2.15502308775
21	1	她	7.33709256502
21	2	提到	17.1296484044
21	3	了	2.87540505727
21	4	看	13.2268445883
21	5	着	5.44851363144
21	6	电视	5.29578470857
21	7	和	5.89220994731
21	8	听	14.4679157079
21	9	着	5.35837643739
21	10	歌	16.3619438107
21	11	。	6.11452696753
22	1	她	7.33709256502
22	2	提到	17.1296484044
22	3	了	2.87540505727
22	4	看	13.2268445883
22	5	着	5.44851363144
22	6	电视	5.29578470857
22	7	和	5.89220994731
22	8	听	14.4679157079
22	9	着	5.35837643739
22	10	歌	16.3619438107
22	11	的	5.29013712933
22	12	女儿	12.6147259101
22	13	。	5.31924371856
23	1	医生	14.7640464528
23	2	表扬	18.7029831911
23	3	了	1.63836592413
23	4	帮助	12.629226668
23	5	老人	10.3003955161
23	6	并且	14.4580819799
23	7	关心	13.4592505845
23	8	同学	16.0065613447
23	9	。	5.65891472991
24	1	医生	14.7640464528
24	2	表扬	18.7029831911
24	3	了	1.63836592413
24	4	帮助	12.629226668
24	5	老人	10.3003955161
24	6	并且	14.4580819799
24	7	关心	13.4592505845
24	8	同学	16.0065613447
24	9	的	5.65891472991
24	10	孩子	11.3474136778
24	11	。	3.38922042649
25	1	她	7.33709256502
25	2	介绍	7.58482576279
25	3	了	2.69895933507
25	4	生产	10.8509663297
25	5	电视	14.2257081332
25	6	并且	14.8562772632
25	7	安装	13.8628315578
25	8	电视	13.6859426606
25	9	。	6.32683466721
26	1	她	7.33709256502
26	2	介绍	7.58482576279
26	3	了	2.69895933507
26	4	生产	10.8509663297
26	5	电视	14.2257081332
26	6	并且	14.8562772632
26	7	安装	13.8628315578
26	8	电视	13.6859426606
26	9	的	5.28792485458
26	10	工厂	12.1949609883
26	11	。	3.04275636414
27	1	我	7.71951332837
27	2	洗	17.9902079307
27	3	了	7.0734080258
27	4	陪伴	17.4986030172
27	5	过	11.3554281673
27	6	母亲	15.2795749121
27	7	也	6.44681615037
27	8	陪伴	19.0475232175
27	9	过	11.3554281673
27	10	我	9.02641250426
27	11	。	7.48343677336
28	1	我	7.71951332837
28	2	洗	17.9902079307
28	3	了	7.0734080258
28	4	陪伴	17.4986030172
28	5	过	11.3554281673
28	6	母亲	15.2795749121
28	7	也	6.44681615037
28	8	陪伴	19.0475232175
28	9	过	11.3554281673
28	10	我	9.02641250426
28	11	的	2.92731737407
28	12	衣服	14.0880092575
28	13	。	2.73533338703
29	1	学生	14.2585891691
29	2	们	21.0187994619
29	3	写	13.3801097685
29	4	着	4.26556847907
29	5	困扰	16.1560249191
29	6	他们	12.0503016268
29	7	还	7.54738759673
29	8	困扰	16.6965334645
29	9	家长	15.6680443315
29	10	。	7.16183422171
30	1	学生	14.2585891691
30	2	们	21.0187994619
30	3	写	13.3801097685
30	4	着	4.26556847907
30	5	困扰	16.1560249191
30	6	他们	12.0503016268
30	7	还	7.54738759673
30	8	困扰	16.6965334645
30	9	家长	15.6680443315
30	10	的	2.90688230014
30	11	作业	14.5682997035
30	12	。	4.14970942959
31	1	店长	24.7037797905
31	2	拿	13.6422855462
31	3	着	3.26345088544
31	4	开	13.7270066192
31	5	大门	15.1582895516
31	6	和	8.12765340373
31	7	开	17.5577692065
31	8	仓库	16.6103501664
31	9	。	3.54008900361
32	1	店长	24.7037797905
32	2	拿	13.6422855462
32	3	着	3.26345088544
32	4	开	13.7270066192
32	5	大门	15.1582895516
32	6	和	8.12765340373
32	7	开	17.5577692065
32	8	仓库	16.6103501664
32	9	的	5.63117310633
32	10	钥匙	14.368927131
32	11	。	0.872831891088
33	1	有人	13.4604020861
33	2	听	14.7772794442
33	3	着	5.35837643739
33	4	打扰	19.9709567785
33	5	了	8.93082768773
33	6	邻居	17.2010196881
33	7	而且	14.7811790856
33	8	触发	19.1021671059
33	9	了	4.86395732792
33	10	警报	17.2010196881
33	11	。	5.95142006414
34	1	有人	13.4604020861
34	2	听	14.7772794442
34	3	着	5.35837643739
34	4	打扰	19.9709567785
34	5	了	8.93082768773
34	6	邻居	17.2010196881
34	7	而且	14.7811790856
34	8	触发	19.1021671059
34	9	了	4.86395732792
34	10	警报	17.2010196881
34	11	的	7.14913747884
34	12	音乐	11.5267850581
34	13	。	5.84078045823
35	1	我	7.71951332837
35	2	观察	12.8332774563
35	3	着	9.671312334
35	4	经营	12.1313358275
35	5	商店	12.6976383392
35	6	还	7.17114904137
35	7	经营	12.4667238966
35	8	餐厅	16.4145890055
35	9	。	5.70517594578
36	1	我	7.71951332837
36	2	观察	12.8332774563
36	3	着	9.671312334
36	4	经营	12.1313358275
36	5	商店	12.6976383392
36	6	还	7.17114904137
36	7	经营	12.4667238966
36	8	餐厅	16.4145890055
36	9	的	4.50086382943
36	10	男人	13.553772055
36	11	。	3.6869746855
37	1	学生	14.2585891691
37	2	们	21.0187994619
37	3	读	14.7324168663
37	4	着	11.6827624185
37	5	描述	15.6408780346
37	6	故事	14.9918854612
37	7	并且	14.6551578873
37	8	带来	12.158172833
37	9	乐趣	18.1802758222
37	10	。	0.996432877721
38	1	学生	14.2585891691
38	2	们	21.0187994619
38	3	读	14.7324168663
38	4	着	11.6827624185
38	5	描述	15.6408780346
38	6	故事	14.9918854612
38	7	并且	14.6551578873
38	8	带来	12.158172833
38	9	乐趣	18.1802758222
38	10	的	7.53443036787
38	11	书	12.3896294338
38	12	。	3.1991877979
39	1	教练	13.4604020861
39	2	创办	13.9897335809
39	3	过	12.196411309
39	4	教	15.6425796118
39	5	动作	14.3109979934
39	6	并且	14.6377684602
39	7	辅导	15.722602683
39	8	孩子	13.6961453574
39	9	。	4.78626726298
40	1	教练	13.4604020861
40	2	创办	13.9897335809
40	3	过	12.196411309
40	4	教	15.6425796118
40	5	动作	14.3109979934
40	6	并且	14.6377684602
40	7	辅导	15.722602683
40	8	孩子	13.6961453574
40	9	的	3.22781231095
40	10	健身房	18.1808728903
40	11	。	6.44891940853
41	1	我	7.71951332837
41	2	喜欢	8.47021549129
41	3	过	8.24517572303
41	4	给	11.8326421874
41	5	我	5.68144043028
41	6	信心	12.4729946255
41	7	并且	14.7878670026
41	8	帮助	10.9672430095
41	9	过	11.7735284984
41	10	我	9.02641250426
41	11	。	7.48343677336
42	1	我	7.71951332837
42	2	喜欢	8.47021549129
42	3	过	8.24517572303
42	4	给	11.8326421874
42	5	我	5.68144043028
42	6	信心	12.4729946255
42	7	并且	14.7878670026
42	8	帮助	10.9672430095
42	9	过	11.7735284984
42	10	我	9.02641250426
42	11	的	2.92731737407
42	12	音乐	11.8062666957
42	13	。	5.84078045823
43	1	她	7.33709256502
43	2	开	14.9347717498
43	3	过	7.9146266018
43	4	容纳	17.2756791507
43	5	很多	13.107239853
43	6	人	3.70471369333
43	7	并且	14.733123135
43	8	通过	10.9672430095
43	9	安全	12.6933291284
43	10	测试	15.27882052
43	11	。	4.26270490883
44	1	她	7.33709256502
44	2	开	14.9347717498
44	3	过	7.9146266018
44	4	容纳	17.2756791507
44	5	很多	13.107239853
44	6	人	3.70471369333
44	7	并且	14.733123135
44	8	通过	10.9672430095
44	9	安全	12.6933291284
44	10	测试	15.27882052
44	11	的	4.26270490883
44	12	车	13.6328889947
44	13	。	4.22302753929
45	1	他	4.39275853651
45	2	修理	19.4646929957
45	3	过	11.6220722066
45	4	丢失	16.3592609457
45	5	了	2.49183830878
45	6	芯片	16.615246267
45	7	还	9.7909509376
45	8	丢失	17.2518666637
45	9	了	2.49183830878
45	10	屏幕	17.0222219055
45	11	。	4.99795674476
46	1	他	4.39275853651
46	2	修理	19.4646929957
46	3	过	11.6220722066
46	4	丢失	16.3592609457
46	5	了	2.49183830878
46	6	芯片	16.615246267
46	7	还	9.7909509376
46	8	丢失	17.2518666637
46	9	了	2.49183830878
46	10	屏幕	17.0222219055
46	11	的	7.47866663114
46	12	电脑	11.9705443663
46	13	。	5.34182614551
47	1	他	4.39275853651
47	2	讲	13.9431429093
47	3	过	5.70817845119
47	4	介绍	13.1773464633
47	5	画家	17.6754220159
47	6	并且	14.5371165074
47	7	介绍	10.791993428
47	8	博物馆	15.6698196363
47	9	。	4.5042851923
48	1	他	4.39275853651
48	2	讲	13.9431429093
48	3	过	5.70817845119
48	4	介绍	13.1773464633
48	5	画家	17.6754220159
48	6	并且	14.5371165074
48	7	介绍	10.791993428
48	8	博物馆	15.6698196363
48	9	的	4.02960501893
48	10	课	15.3957134314
48	11	。	3.14971070995
49	1	我	7.71951332837
49	2	邀请	14.4579774282
49	3	过	12.0163847192
49	4	喜欢	15.0605938544
49	5	明星	15.0386962396
49	6	而且	15.0201804167
49	7	喜欢	14.2367613487
49	8	作家	14.558066862
49	9	。	5.16350885196
50	1	我	7.71951332837
50	2	邀请	14.4579774282
50	3	过	12.0163847192
50	4	喜欢	15.0605938544
50	5	明星	15.0386962396
50	6	而且	15.0201804167
50	7	喜欢	14.2367613487
50	8	作家	14.558066862
50	9	的	4.11951313175
50	10	朋友	11.4202373231
50	11	。	2.98225706853
51	1	她	7.33709256502
51	2	申请	15.5922330413
51	3	过	11.7061933701
51	4	减轻	15.0176968588
51	5	她	12.6669889782
51	6	负担	14.5093362415
51	7	同时	12.9055044279
51	8	缓解	12.5372653731
51	9	她	12.4996798921
51	10	压力	14.1763580999
51	11	。	2.88409527551
52	1	她	7.33709256502
52	2	申请	15.5922330413
52	3	过	11.7061933701
52	4	减轻	15.0176968588
52	5	她	12.6669889782
52	6	负担	14.5093362415
52	7	同时	12.9055044279
52	8	缓解	12.5372653731
52	9	她	12.4996798921
52	10	压力	14.1763580999
52	11	的	4.89771801936
52	12	奖金	12.7419792087
52	13	。	2.20349460797
53	1	她	7.33709256502
53	2	去	10.8902185215
53	3	卖	14.312385657
53	4	礼物	17.0981028069
53	5	并且	14.6981149319
53	6	回收	10.9672430095
53	7	报纸	14.8203122708
53	8	。	4.65712707751
54	1	她	7.33709256502
54	2	去	10.8902185215
54	3	卖	14.312385657
54	4	礼物	17.0981028069
54	5	并且	14.6981149319
54	6	回收	10.9672430095
54	7	报纸	14.8203122708
54	8	的	4.13756120962
54	9	商店	13.2091913498
54	10	。	4.17240154984
55	1	弟弟	18.9157056624
55	2	需要	12.1104655567
55	3	用于	13.4538188822
55	4	游戏	15.584553548
55	5	和	8.27334503441
55	6	买	17.5577692065
55	7	书	5.607314877
55	8	。	4.0789800542
56	1	弟弟	18.9157056624
56	2	需要	12.1104655567
56	3	用于	13.4538188822
56	4	游戏	15.584553548
56	5	和	8.27334503441
56	6	买	17.5577692065
56	7	书	5.607314877
56	8	的	3.66428278533
56	9	钱	11.8097149491
56	10	。	5.95000842243
57	1	他	4.39275853651
57	2	很	11.4376711005
57	3	欣赏	13.4130003847
57	4	写	13.6890931527
57	5	小说	10.1768397055
57	6	并且	14.9531212223
57	7	做	9.31092534654
57	8	慈善	12.6332557575
57	9	。	7.51334936332
58	1	他	4.39275853651
58	2	很	11.4376711005
58	3	欣赏	13.4130003847
58	4	写	13.6890931527
58	5	小说	10.1768397055
58	6	并且	14.9531212223
58	7	做	9.31092534654
58	8	慈善	12.6332557575
58	9	的	8.55045719342
58	10	作家	13.0360890154
58	11	。	2.43365281771
59	1	我	7.71951332837
59	2	经常	10.6415640111
59	3	去	8.01624150789
59	4	提供	11.0171039043
59	5	停车位	23.4070641664
59	6	并且	14.3245143916
59	7	帮助	10.9672430095
59	8	残疾人	8.75166942896
59	9	。	6.98982803406
60	1	我	7.71951332837
60	2	经常	10.6415640111
60	3	去	8.01624150789
60	4	提供	11.0171039043
60	5	停车位	23.4070641664
60	6	并且	14.3245143916
60	7	帮助	10.9672430095
60	8	残疾人	8.75166942896
60	9	的	4.19888042346
60	10	医院	14.4847902842
60	11	。	4.29356206582
