sentence_id	token_id	token	surprisal
1	1	他	5.549792066415561
1	2	喜欢	11.402104115195021
1	3	那	7.4062497663605384
1	4	家	7.059654801711101
1	5	认识	13.672374377721255
1	6	我	5.253985663742554
1	7	的	0.4536230949872859
1	8	老板	8.94224699406304
1	9	投资	14.298132651705828
1	10	的	2.498070102724242
1	11	饭店	13.533996321392607
1	12	。	13.347225570344818
2	1	他	5.549792066415561
2	2	喜欢	11.402104115195021
2	3	那	7.4062497663605384
2	4	个	4.23638639930439
2	5	认识	13.195259981872482
2	6	我	4.194094499901176
2	7	的	0.3092095121400362
2	8	老板	10.135296358465034
2	9	投资	15.231526573112376
2	10	的	4.542980691522587
2	11	饭店	14.484381631576738
2	12	。	11.892497723274445
3	1	她	8.573404193708596
3	2	在	4.670255630040922
3	3	看	9.22998617113943
3	4	那	6.983219288537057
3	5	幅	10.283288750978365
3	6	帮助	14.257526385727417
3	7	过	11.21196862418995
3	8	我	1.6902732524764161
3	9	的	0.26436050653613563
3	10	朋友	5.383282886800842
3	11	喜欢	15.82351976310764
3	12	的	6.128050246104053
3	13	画	15.824806654664528
3	14	。	2.839109115374555
4	1	她	8.573404193708596
4	2	在	4.670255630040922
4	3	看	9.22998617113943
4	4	那	6.983219288537057
4	5	个	5.465381662716524
4	6	帮助	13.70829622838859
4	7	过	11.840073458204955
4	8	我	1.6100493860781953
4	9	的	0.27491805193427865
4	10	朋友	5.742479698650058
4	11	喜欢	16.24599208125713
4	12	的	6.361132482079327
4	13	画	16.507555152254113
4	14	。	3.3504483825690983
5	1	我	5.74841474955909
5	2	欣赏	15.657045633656704
5	3	那	5.770523171775892
5	4	件	4.5149254503771346
5	5	教	16.926888216399067
5	6	过	5.7949913190076145
5	7	我	0.885032147862411
5	8	的	0.39674177587286863
5	9	老师	12.588457093153181
5	10	收藏	20.96812792667231
5	11	的	4.856197465429048
5	12	艺术品	17.87251138518569
5	13	。	0.6637960097678643
6	1	我	5.74841474955909
6	2	欣赏	15.657045633656704
6	3	那	5.770523171775892
6	4	个	5.410995581031887
6	5	教	16.040086635989432
6	6	过	6.789188878647181
6	7	我	0.8866046023692675
6	8	的	0.3894142100194813
6	9	老师	9.955989605392574
6	10	收藏	21.05265922167284
6	11	的	5.076769170883438
6	12	艺术品	17.804774748431086
6	13	。	0.483226795494204
7	1	他	5.549792066415561
7	2	打	11.272452321111084
7	3	了	2.2211892622843976
7	4	那	10.688881873291212
7	5	只	10.394450533728556
7	6	认识	13.886420271350282
7	7	我	4.275699092968878
7	8	的	0.914764048239519
7	9	店长	19.347835654445973
7	10	喜欢	16.412486310877
7	11	的	9.118457594726308
7	12	宠物	18.920832735480346
7	13	。	11.067291127278835
8	1	他	5.549792066415561
8	2	打	11.272452321111084
8	3	了	2.2211892622843976
8	4	那	10.688881873291212
8	5	个	4.896544964816631
8	6	认识	14.686014253496651
8	7	我	4.415788902534331
8	8	的	0.27662937714404734
8	9	店长	20.355316885664905
8	10	喜欢	15.33033318539529
8	11	的	9.152883933312651
8	12	宠物	19.124545051318776
8	13	。	10.141830111399827
9	1	我	5.74841474955909
9	2	在	5.684904153169863
9	3	思念	18.786085305516682
9	4	那	6.6857103542539065
9	5	首	8.927464069978612
9	6	热爱	13.358852941447381
9	7	艺术	9.60404253702334
9	8	的	0.6343196503203501
9	9	明星	12.21747455437152
9	10	唱	18.6549457271897
9	11	的	8.582910273148954
9	12	歌	12.64026690567998
9	13	。	0.9129588495897991
10	1	我	5.74841474955909
10	2	在	5.684904153169863
10	3	思念	18.786085305516682
10	4	那	6.6857103542539065
10	5	个	4.412994489637562
10	6	热爱	13.866262900528781
10	7	艺术	10.158430483441776
10	8	的	0.6242251198047342
10	9	明星	12.417464777440557
10	10	唱	19.205262644375026
10	11	的	7.860261610431763
10	12	歌	12.963372494355184
10	13	。	1.2175396199519355
11	1	她	8.573404193708596
11	2	拜访	14.352678362683749
11	3	了	2.293031430775443
11	4	那	6.3951800548645465
11	5	所	8.212928595654432
11	6	学习	15.753610054001491
11	7	历史	9.288549541160705
11	8	的	0.5311665690281018
11	9	老人	9.089778513014238
11	10	去	11.76806483820667
11	11	的	9.598526238236687
11	12	学校	9.132117055551731
11	13	。	3.0448440285717737
12	1	她	8.573404193708596
12	2	拜访	14.352678362683749
12	3	了	2.293031430775443
12	4	那	6.3951800548645465
12	5	个	4.103797657023975
12	6	学习	15.944409451611023
12	7	历史	9.253382876112887
12	8	的	0.5499843024000057
12	9	老人	9.70417138862804
12	10	去	11.921279024949982
12	11	的	9.297504311133551
12	12	学校	9.189300029289754
12	13	。	3.3081785586219183
13	1	他	5.549792066415561
13	2	检查	17.180342558950734
13	3	了	2.5077219939999082
13	4	那	7.310518439629924
13	5	件	4.188496706708008
13	6	帮助	14.949249010874226
13	7	过	11.33006392283123
13	8	我	2.601600760698858
13	9	的	0.2776803916290618
13	10	司机	16.09649462824943
13	11	带	13.772810292262179
13	12	的	7.1039305341197405
13	13	行李	14.883666772685913
13	14	。	1.7863547503634152
14	1	他	5.549792066415561
14	2	检查	17.180342558950734
14	3	了	2.5077219939999082
14	4	那	7.310518439629924
14	5	个	4.6704374217405515
14	6	帮助	13.13578004454984
14	7	过	12.288950493924006
14	8	我	3.1620325133769285
14	9	的	0.2792359100491808
14	10	司机	13.836923960175824
14	11	带	13.457402170138977
14	12	的	10.379804064523853
14	13	行李	15.212241162975403
14	14	。	2.842027478922091
15	1	我	5.74841474955909
15	2	听说	9.209370162684174
15	3	过	3.6483632883272374
15	4	那	4.67581726031522
15	5	本	4.079765597349212
15	6	学习	16.806932821559297
15	7	文学	12.866647315768418
15	8	的	0.6715248691292501
15	9	作家	8.793576938834136
15	10	写	12.516396666127733
15	11	的	6.873101786340911
15	12	书	11.799097669232566
15	13	。	3.676300194185771
16	1	我	5.74841474955909
16	2	听说	9.209370162684174
16	3	过	3.6483632883272374
16	4	那	4.67581726031522
16	5	个	6.04547674988034
16	6	学习	16.346475988310704
16	7	文学	14.119129078244306
16	8	的	0.9426146095555126
16	9	作家	9.099124128321975
16	10	写	12.871614610420224
16	11	的	6.593202883392607
16	12	书	11.95762953033109
16	13	。	3.415648471885305
17	1	她	8.573404193708596
17	2	撞	18.697887737518265
17	3	了	0.7099878178883472
17	4	那	7.04646460319675
17	5	辆	6.6945040150301836
17	6	支持	13.484174773887446
17	7	环保	17.03572564392325
17	8	的	1.6349990023087315
17	9	朋友	8.35609715710838
17	10	开	14.561850790020188
17	11	的	6.912609442464543
17	12	车	8.139223754454278
17	13	。	1.712420021997005
18	1	她	8.573404193708596
18	2	撞	18.697887737518265
18	3	了	0.7099878178883472
18	4	那	7.04646460319675
18	5	个	4.751673752461983
18	6	支持	12.193017405515384
18	7	环保	17.413122030771454
18	8	的	1.9050107197618473
18	9	朋友	6.5612637078217375
18	10	开	15.309982186988918
18	11	的	7.592437379393743
18	12	车	9.415894225610288
18	13	。	2.723422018692162
19	1	我们	6.803017588079632
19	2	认可	16.97941247256913
19	3	了	3.3848978350044305
19	4	那	7.409654538744228
19	5	份	7.231200135114534
19	6	喜欢	13.159762558834075
19	7	书	10.686544019557275
19	8	的	0.158594598949918
19	9	孩子	6.959645658131407
19	10	做	12.084503855653836
19	11	的	5.709593561275213
19	12	作业	13.638197950237597
19	13	。	5.772198804711039
20	1	我们	6.803017588079632
20	2	认可	16.97941247256913
20	3	了	3.3848978350044305
20	4	那	7.409654538744228
20	5	个	4.687464948387905
20	6	喜欢	12.796625288741403
20	7	书	11.006033623695664
20	8	的	0.17057776905421917
20	9	孩子	5.842760766866753
20	10	做	12.963042248675492
20	11	的	5.429276112644942
20	12	作业	14.031748090073208
20	13	。	4.775463133630197
21	1	他们	7.302137640084097
21	2	接受	11.243224684343467
21	3	了	1.250319901991432
21	4	那	6.199452376526306
21	5	份	5.01103898102615
21	6	认识	14.316383671238732
21	7	我	4.879359411004074
21	8	的	0.3288916569227638
21	9	老板	13.630668528760935
21	10	制定	16.916689361331493
21	11	的	12.129058886142232
21	12	合同	14.501340310848178
21	13	。	3.3009484516695835
22	1	他们	7.302137640084097
22	2	接受	11.243224684343467
22	3	了	1.250319901991432
22	4	那	6.199452376526306
22	5	个	4.3069538304272115
22	6	认识	13.1703395402841
22	7	我	4.790694770737929
22	8	的	0.2218459448840875
22	9	老板	12.575437737637813
22	10	制定	17.561943625435106
22	11	的	11.672131269711215
22	12	合同	15.034953770052851
22	13	。	3.766818872694813
23	1	他	5.549792066415561
23	2	离开	11.230617096052063
23	3	了	1.4329281283356679
23	4	那	7.560087064412723
23	5	间	10.456453305259494
23	6	帮助	14.613422167753441
23	7	过	10.473276898341766
23	8	我	2.6500854083037453
23	9	的	0.32517938482627784
23	10	朋友	6.524091964135238
23	11	开	14.516964059521712
23	12	的	8.397150549940605
23	13	工厂	13.814673860430062
23	14	。	3.8777426109977
24	1	他	5.549792066415561
24	2	离开	11.230617096052063
24	3	了	1.4329281283356679
24	4	那	7.560087064412723
24	5	个	3.0841888811977505
24	6	帮助	14.480692238443883
24	7	过	10.420119649433225
24	8	我	2.4225241388323653
24	9	的	0.316639169319231
24	10	朋友	6.587783703713427
24	11	开	14.781890209519759
24	12	的	7.8550542214434955
24	13	工厂	13.90576510965846
24	14	。	4.194655137197003
25	1	她	8.573404193708596
25	2	找	13.74291055267575
25	3	了	2.382082128408886
25	4	那	8.603020548659721
25	5	张	6.058790204259694
25	6	喜欢	12.34109430478317
25	7	艺术	9.68473657879705
25	8	的	0.35235558031033776
25	9	孩子	4.627611841121073
25	10	照	17.16175706805126
25	11	的	12.790605743062173
25	12	照片	11.298952430059984
25	13	。	2.3220078242976996
26	1	她	8.573404193708596
26	2	找	13.74291055267575
26	3	了	2.382082128408886
26	4	那	8.603020548659721
26	5	个	3.7014896992000814
26	6	喜欢	12.400545271575623
26	7	艺术	9.714963208303374
26	8	的	0.37064820139831767
26	9	孩子	2.8773508954320306
26	10	照	17.296227446064762
26	11	的	13.12696977853534
26	12	照片	11.449469882712563
26	13	。	2.9834020297547994
27	1	我	5.74841474955909
27	2	需要	7.968382389745181
27	3	那	10.503054290322419
27	4	台	12.090560819604061
27	5	教	15.819172715690755
27	6	过	8.233357934123
27	7	我	1.3343019897259296
27	8	的	0.5916074097997921
27	9	老师	9.673620790571128
27	10	用	7.106400546748958
27	11	的	8.802369749045582
27	12	手机	12.49548519760802
27	13	。	4.0149926580100725
28	1	我	5.74841474955909
28	2	需要	7.968382389745181
28	3	那	10.503054290322419
28	4	个	3.882551779250342
28	5	教	16.387356673479513
28	6	过	7.995195441021558
28	7	我	1.1951524681974632
28	8	的	0.229897101527051
28	9	老师	10.56459840986225
28	10	用	6.9774535520296865
28	11	的	8.58903780611017
28	12	手机	12.485356607995058
28	13	。	3.822540834744558
29	1	他	5.549792066415561
29	2	在	4.708203283290533
29	3	画	13.714865826280088
29	4	那	12.87333551605095
29	5	朵	17.4983193773206
29	6	关心	16.143012329859495
29	7	他	3.6184730929384017
29	8	的	0.42908693638476336
29	9	邻居	10.018510789095203
29	10	种	16.737573362216935
29	11	的	5.589492790516758
29	12	花	15.863192266882507
29	13	。	13.457565783025998
30	1	他	5.549792066415561
30	2	在	4.708203283290533
30	3	画	13.714865826280088
30	4	那	12.87333551605095
30	5	个	3.373108855833145
30	6	关心	15.302699652017928
30	7	他	3.5148083183030394
30	8	的	0.38452776796041377
30	9	邻居	10.852821465643956
30	10	种	17.066572114587686
30	11	的	5.567103146042939
30	12	花	14.056136434632364
30	13	。	13.918295290398262
31	1	她	8.573404193708596
31	2	在	4.670255630040922
31	3	介绍	12.616057344282055
31	4	那	9.793268920062609
31	5	台	10.352040913436461
31	6	鼓励	14.848748310528208
31	7	她	8.516758460217666
31	8	的	3.445249656760126
31	9	科学家	14.283295460670033
31	10	做	7.590307319752981
31	11	的	1.9822252027354637
31	12	电视	8.639591009139451
31	13	。	7.61064883035219
32	1	她	8.573404193708596
32	2	在	4.670255630040922
32	3	介绍	12.616057344282055
32	4	那	9.793268920062609
32	5	个	4.927105053258806
32	6	鼓励	14.838818388285958
32	7	她	8.389501134991711
32	8	的	3.6568533597411204
32	9	科学家	13.516512634951809
32	10	做	7.530367024605482
32	11	的	1.7730590780432607
32	12	电视	9.528130774664277
32	13	。	7.861010326332192
33	1	我	5.74841474955909
33	2	见	11.666717865413382
33	3	过	2.8840925840892346
33	4	那	4.878094206208516
33	5	栋	8.729373628474672
33	6	认识	15.205571047992038
33	7	父亲	9.268672793023697
33	8	的	0.18819995786042654
33	9	男人	7.2268966723897705
33	10	买	13.48800935924558
33	11	的	6.986841068121095
33	12	房子	8.958370799642253
33	13	。	2.3832183199641577
34	1	我	5.74841474955909
34	2	见	11.666717865413382
34	3	过	2.8840925840892346
34	4	那	4.878094206208516
34	5	个	5.536155532842969
34	6	认识	13.400214010274883
34	7	父亲	10.34905385229446
34	8	的	0.13291994301270904
34	9	男人	5.984726258384178
34	10	买	14.94171225514642
34	11	的	7.894267725676642
34	12	房子	7.920681139740495
34	13	。	2.3843068827294758
35	1	我	5.74841474955909
35	2	拒绝	11.74519574002873
35	3	了	3.7453181536806994
35	4	那	5.6504283307324386
35	5	条	7.180775564682417
35	6	关心	15.241531371485173
35	7	我	3.0068900570998807
35	8	的	0.2035024256309299
35	9	朋友	7.3140174841485575
35	10	给	9.877584661003404
35	11	的	13.881285074334215
35	12	建议	11.96817341745384
35	13	。	3.79352172468694
36	1	我	5.74841474955909
36	2	拒绝	11.74519574002873
36	3	了	3.7453181536806994
36	4	那	5.6504283307324386
36	5	个	4.887614459215076
36	6	关心	13.906899617133583
36	7	我	3.3680237487802316
36	8	的	0.18953247432121145
36	9	朋友	6.222561187022073
36	10	给	10.786269726431911
36	11	的	13.717655936300105
36	12	建议	11.902643035148799
36	13	。	4.652556136515329
37	1	他	5.549792066415561
37	2	在	4.708203283290533
37	3	看	10.539530960293595
37	4	那	7.379760396107724
37	5	支	10.151015217915894
37	6	我	9.586936207972421
37	7	教	14.269407350630523
37	8	数学	20.383042009365255
37	9	的	0.4340449749111457
37	10	老师	10.988953582746092
37	11	用	12.363233642059754
37	12	的	7.741888337970835
37	13	笔	14.333505369326318
37	14	。	2.6218595547384496
38	1	他	5.549792066415561
38	2	在	4.708203283290533
38	3	看	10.539530960293595
38	4	那	7.379760396107724
38	5	个	5.257364291035049
38	6	我	7.410606699222278
38	7	教	12.87510378977366
38	8	数学	20.636876325600454
38	9	的	0.21567603809650393
38	10	老师	11.6755253744534
38	11	用	12.620139956293329
38	12	的	7.800167980171906
38	13	笔	14.438938301319823
38	14	。	2.841079524934557
39	1	她	8.573404193708596
39	2	在	4.670255630040922
39	3	找	11.950436364082556
39	4	那	9.76548075885507
39	5	只	8.802068653344925
39	6	撞	15.435451996864728
39	7	了	8.275942992061502
39	8	我	5.099087137205672
39	9	的	0.8290109969808128
39	10	女人	8.305472855469418
39	11	丢	16.11541489081725
39	12	的	8.329616230410224
39	13	鞋子	15.569097174810764
39	14	。	3.862252242206125
40	1	她	8.573404193708596
40	2	在	4.670255630040922
40	3	找	11.950436364082556
40	4	那	9.76548075885507
40	5	个	4.04088709810955
40	6	撞	16.287646931642968
40	7	了	7.674725479484124
40	8	我	4.576232306805643
40	9	的	0.745986920586347
40	10	女人	8.08742645583905
40	11	丢	16.0767568613269
40	12	的	8.239361086238034
40	13	鞋子	15.580622356391743
40	14	。	4.188887600159205
41	1	我	5.74841474955909
41	2	讨厌	12.57112549060751
41	3	那	6.5277455794682915
41	4	条	8.634088982088315
41	5	打扰	18.270711660063576
41	6	了	9.334479741975976
41	7	我	8.701800686059514
41	8	的	0.5740516485988962
41	9	邻居	10.183705381231448
41	10	养	20.155736969203645
41	11	的	0.8560108578735708
41	12	狗	13.320668566695176
41	13	。	0.8663990931372183
42	1	我	5.74841474955909
42	2	讨厌	12.57112549060751
42	3	那	6.5277455794682915
42	4	个	4.682194579704035
42	5	打扰	18.753061045759193
42	6	了	9.072159397310593
42	7	我	8.552867078655716
42	8	的	0.6329717606962078
42	9	邻居	10.330306943815103
42	10	养	20.650211811544537
42	11	的	1.055753245344107
42	12	狗	13.525649837049954
42	13	。	1.0691219995073311
43	1	他	5.549792066415561
43	2	发现	8.704707671881476
43	3	了	4.66330113016363
43	4	那	7.51790500522101
43	5	座	7.41787130002902
43	6	写	11.970704617618026
43	7	过	3.5969778048777314
43	8	书	10.182153702361418
43	9	的	0.14211096495536424
43	10	老人	9.396406420569704
43	11	修	18.931861426521934
43	12	的	6.2817788141114335
43	13	桥	16.160888995266816
43	14	。	8.334562463234448
44	1	他	5.549792066415561
44	2	发现	8.704707671881476
44	3	了	4.66330113016363
44	4	那	7.51790500522101
44	5	个	4.840487031211417
44	6	写	11.850803833250232
44	7	过	3.010140429853223
44	8	书	8.78013663389656
44	9	的	0.0834038087560387
44	10	老人	10.144140304815096
44	11	修	19.24638639176301
44	12	的	5.814989830396513
44	13	桥	16.494798042297717
44	14	。	8.182797860560271
45	1	她	8.573404193708596
45	2	评价	14.977978970631698
45	3	了	1.956397504441636
45	4	那	7.198959663997204
45	5	篇	5.43154714483871
45	6	获	14.664331999069617
45	7	奖	8.880688118930038
45	8	的	0.651521906321392
45	9	学生	10.611851903090745
45	10	准备	13.835949245984892
45	11	的	14.03417716422112
45	12	报告	9.33007705962649
45	13	。	0.5948329893280544
46	1	她	8.573404193708596
46	2	评价	14.977978970631698
46	3	了	1.956397504441636
46	4	那	7.198959663997204
46	5	个	4.244840904574616
46	6	获	15.950410187071903
46	7	奖	9.100520687948332
46	8	的	0.3916637265393419
46	9	学生	7.095672789551358
46	10	准备	13.08699949029085
46	11	的	14.034709688128942
46	12	报告	12.572640939379667
46	13	。	1.5287393402815042
47	1	我	5.74841474955909
47	2	在	5.684904153169863
47	3	等	9.84586190125033
47	4	那	8.053150240706223
47	5	封	10.29265851361792
47	6	依赖	16.735222386487685
47	7	我	4.5876658091095095
47	8	的	0.2935870222530781
47	9	朋友	7.247839776332448
47	10	写	10.914322123643998
47	11	的	5.441618170400957
47	12	信	9.910079222208637
47	13	。	0.8689066313240659
48	1	我	5.74841474955909
48	2	在	5.684904153169863
48	3	等	9.84586190125033
48	4	那	8.053150240706223
48	5	个	4.308027909887297
48	6	依赖	17.0200707258669
48	7	我	4.3840281133175765
48	8	的	0.2908826040473471
48	9	朋友	7.844430231374979
48	10	写	11.409731214187197
48	11	的	5.529460387787211
48	12	信	10.683676730381123
48	13	。	1.412600830041157
49	1	他	5.549792066415561
49	2	提到	11.275307800234676
49	3	了	4.274294768263008
49	4	那	7.037477335698831
49	5	堂	18.19900330391711
49	6	教	16.407618050141444
49	7	过	9.396645473281303
49	8	我	1.5587296896322442
49	9	的	0.6178227774834397
49	10	老师	9.336940022124026
49	11	教	16.280389191302376
49	12	的	6.801590167204736
49	13	课	10.105257818224203
49	14	。	6.382396140131775
50	1	他	5.549792066415561
50	2	提到	11.275307800234676
50	3	了	4.274294768263008
50	4	那	7.037477335698831
50	5	个	4.770136264623005
50	6	教	16.447293394442212
50	7	过	7.8213729177372855
50	8	我	1.9996547586153923
50	9	的	0.5274908274326151
50	10	老师	10.773302301357923
50	11	教	17.270022329053518
50	12	的	6.861542785566499
50	13	课	10.634735939231334
50	14	。	6.278226478966246
51	1	她	8.573404193708596
51	2	推荐	15.823634809622709
51	3	了	0.711426720397192
51	4	那	8.29832531299687
51	5	块	9.246420270174447
51	6	喜欢	12.510252096392392
51	7	音乐	8.344000392599725
51	8	的	0.27674057329571156
51	9	医生	10.238310254291768
51	10	喜欢	16.158168153282887
51	11	的	9.825788163041338
51	12	手表	16.9805517391473
51	13	。	1.6259721388621955
52	1	她	8.573404193708596
52	2	推荐	15.823634809622709
52	3	了	0.711426720397192
52	4	那	8.29832531299687
52	5	个	3.8756137451442925
52	6	喜欢	11.955629671789815
52	7	音乐	8.971862775355149
52	8	的	0.34637268530807575
52	9	医生	9.545725037261136
52	10	喜欢	16.22511970363459
52	11	的	13.205576061336984
52	12	手表	18.035694997600203
52	13	。	2.941340591737429
53	1	我	5.74841474955909
53	2	选择	10.976194143839649
53	3	了	1.5269524758075264
53	4	那	5.922783921443525
53	5	篇	5.565596387987686
53	6	获	16.279023744362956
53	7	奖	9.448436444347692
53	8	的	0.46351094903195644
53	9	学生	11.57956609699044
53	10	写	12.597064637048732
53	11	的	7.88706356329088
53	12	论文	12.314208364739486
53	13	。	2.6067881656470746
54	1	我	5.74841474955909
54	2	选择	10.976194143839649
54	3	了	1.5269524758075264
54	4	那	5.922783921443525
54	5	个	4.793499161135475
54	6	获	17.36344157605164
54	7	奖	9.748307055860629
54	8	的	0.4281194741127692
54	9	学生	7.973198815237218
54	10	写	13.275611799894719
54	11	的	7.11268158963999
54	12	论文	12.195809595280366
54	13	。	2.5366112129586185
55	1	她	8.573404193708596
55	2	喜欢	11.057887783109033
55	3	那	7.27507935996217
55	4	场	7.174276746042338
55	5	参加	12.42332740440147
55	6	过	4.627233570449249
55	7	比赛	7.055844164809827
55	8	的	0.13033138340408357
55	9	演员	12.19214865405744
55	10	准备	13.39823037495448
55	11	的	12.639195191322116
55	12	表演	12.283640224005609
55	13	。	4.364738079939926
56	1	她	8.573404193708596
56	2	喜欢	11.057887783109033
56	3	那	7.27507935996217
56	4	个	4.298548304816681
56	5	参加	11.422085523634205
56	6	过	4.007463666191953
56	7	比赛	8.112413940830017
56	8	的	0.092391455623968
56	9	演员	11.889808600107152
56	10	准备	13.052216752056637
56	11	的	12.745952776055532
56	12	表演	12.253617708096215
56	13	。	5.098974063810871
57	1	他	5.549792066415561
57	2	称赞	18.50727301429569
57	3	了	2.4345419962942074
57	4	那	9.062749320820583
57	5	间	10.037813389206555
57	6	救	15.649280731276008
57	7	过	8.299719490498909
57	8	我	4.979362576242977
57	9	的	0.7495882686209683
57	10	警察	11.26394453106198
57	11	工作	13.401731379230696
57	12	的	10.983028889927525
57	13	办公室	15.772630290361292
57	14	。	3.8315944035914953
58	1	他	5.549792066415561
58	2	称赞	18.50727301429569
58	3	了	2.4345419962942074
58	4	那	9.062749320820583
58	5	个	4.0820779409622645
58	6	救	15.775446358229559
58	7	过	8.56210674019352
58	8	我	4.213520086758159
58	9	的	0.6017274830211932
58	10	警察	11.804968808931065
58	11	工作	13.439106232982354
58	12	的	11.358039347031962
58	13	办公室	15.943829362600525
58	14	。	3.7118774733552726
59	1	我	5.74841474955909
59	2	听说	9.209370162684174
59	3	过	3.6483632883272374
59	4	那	4.67581726031522
59	5	首	10.104609972975027
59	6	打	12.85223232002253
59	7	游戏	14.932992876574296
59	8	的	0.19059960498666584
59	9	孩子	6.2798724712360325
59	10	写	11.938342528576626
59	11	的	5.029142816666038
59	12	诗	15.936130200905367
59	13	。	3.56772011557689
60	1	我	5.74841474955909
60	2	听说	9.209370162684174
60	3	过	3.6483632883272374
60	4	那	4.67581726031522
60	5	个	6.04547674988034
60	6	打	13.77886360577089
60	7	游戏	14.797361706229026
60	8	的	0.43334843093308706
60	9	孩子	6.447816909194273
60	10	写	13.164571009736477
60	11	的	4.797472439334683
60	12	诗	16.348458739788327
60	13	。	3.7462180471848257
61	1	我	5.74841474955909
61	2	选择	10.976194143839649
61	3	了	1.5269524758075264
61	4	那	5.922783921443525
61	5	家	8.956861787825403
61	6	依赖	16.6352408094601
61	7	我	5.054117082920293
61	8	的	0.6439979347133331
61	9	朋友	6.117046170230893
61	10	去	9.241377333711945
61	11	的	8.400436130759445
61	12	银行	11.104661036106194
61	13	。	2.0801326245182565
62	1	我	5.74841474955909
62	2	选择	10.976194143839649
62	3	了	1.5269524758075264
62	4	那	5.922783921443525
62	5	个	4.793499161135475
62	6	依赖	15.801125916187463
62	7	我	4.77207526637514
62	8	的	0.4702813533458041
62	9	朋友	6.344720178632784
62	10	去	9.904571081240455
62	11	的	8.041606154824336
62	12	银行	13.328159489532666
62	13	。	2.291764137153862
