sentence_id	token_id	token	surprisal
1	1	随着	9.297944978219823
1	2	当地	9.73819579219908
1	3	的	1.762031813246761
1	4	政府	10.692776975789439
1	5	发展	8.186811424942903
1	6	，	0.3925248673952595
1	7	经济	9.04137976099868
1	8	变	12.27326145180951
1	9	好	7.983073130078836
1	10	了	8.352378179880901
1	11	。	4.531152155819768
2	1	随着	9.297944978219823
2	2	当地	9.73819579219908
2	3	的	1.762031813246761
2	4	政府	10.692776975789439
2	5	发展	8.186811424942903
2	6	。	12.985408836947627
3	1	随着	9.297944978219823
3	2	庞大	11.685228680153921
3	3	的	0.9763957171493054
3	4	互联网	13.669874765829906
3	5	的	16.964831845621653
3	6	出现	9.489004652016867
3	7	，	0.5343199398197385
3	8	生活	13.349681692822152
3	9	质量	7.7458652518185005
3	10	提高	11.81053411748016
3	11	了	0.5033960215190945
3	12	。	4.946534147840083
4	1	随着	9.297944978219823
4	2	庞大	11.685228680153921
4	3	的	0.9763957171493054
4	4	互联网	13.669874765829906
4	5	的	16.964831845621653
4	6	出现	9.489004652016867
4	7	。	12.281557747475269
5	1	随着	9.297944978219823
5	2	一阵	18.57535606173922
5	3	很	11.545446349319189
5	4	响	12.40345005366521
5	5	的	3.2797942581710515
5	6	铃声	18.491230137954183
5	7	，	0.2379473907201799
5	8	火车	13.404427072474917
5	9	开	12.28685142884008
5	10	了	1.0249474504608713
5	11	。	8.414929072135024
6	1	随着	9.297944978219823
6	2	一阵	18.57535606173922
6	3	很	11.545446349319189
6	4	响	12.40345005366521
6	5	的	3.2797942581710515
6	6	铃声	18.491230137954183
6	7	。	9.64093839538991
7	1	随着	9.297944978219823
7	2	不	13.660347650606019
7	3	自信	14.301721650481884
7	4	的	0.17846864663616202
7	5	他	12.028439245093104
7	6	的	3.153030020908105
7	7	年龄	14.246368240219134
7	8	增长	15.780678399275644
7	9	，	0.08250733296475232
7	10	他	3.8451624470570778
7	11	更	6.584111857351502
7	12	有	7.1586929196080575
7	13	自信	11.675715729718377
7	14	了	11.931961524834094
7	15	。	0.32101796921590164
8	1	随着	9.297944978219823
8	2	不	13.660347650606019
8	3	自信	14.301721650481884
8	4	的	0.17846864663616202
8	5	他	12.028439245093104
8	6	的	3.153030020908105
8	7	年龄	14.246368240219134
8	8	增长	15.780678399275644
8	9	。	9.169286467513217
9	1	随着	9.297944978219823
9	2	寒冷	17.89431429882476
9	3	的	0.8541093810013081
9	4	冬天	13.751205338608205
9	5	的	17.306109613052747
9	6	到来	14.775771773243228
9	7	，	2.312662385241339
9	8	树木	17.970485320712967
9	9	凋零	19.54993739517981
9	10	了	10.704232542105942
9	11	。	5.820482698119008
10	1	随着	9.297944978219823
10	2	寒冷	17.89431429882476
10	3	的	0.8541093810013081
10	4	冬天	13.751205338608205
10	5	的	17.306109613052747
10	6	到来	14.775771773243228
10	7	。	4.182104953990645
11	1	随着	9.297944978219823
11	2	新兴	10.885144259181159
11	3	的	3.673908984680537
11	4	科技	4.7824300525493975
11	5	发展	4.10307654866503
11	6	，	0.10477950582176021
11	7	电脑	14.252607047102892
11	8	功能	10.332194616093737
11	9	变得	12.032363999755255
11	10	更	3.8278194696186887
11	11	多	3.3019741822616027
11	12	了	6.795773051517557
11	13	。	0.1270474879194552
12	1	随着	9.297944978219823
12	2	新兴	10.885144259181159
12	3	的	3.673908984680537
12	4	科技	4.7824300525493975
12	5	发展	4.10307654866503
12	6	。	13.030681964876905
13	1	自从	10.533452884891883
13	2	见	15.53809437949256
13	3	了	4.153015991905505
13	4	聪明	16.40824807174176
13	5	的	0.5536175435652808
13	6	他	11.327445323031029
13	7	，	10.191521105925816
13	8	她	8.079401213536471
13	9	一直	8.9348422424154
13	10	在	1.954366183274999
13	11	写信	15.559937578685975
13	12	。	5.534845273370152
14	1	自从	10.533452884891883
14	2	见	15.53809437949256
14	3	了	4.153015991905505
14	4	聪明	16.40824807174176
14	5	的	0.5536175435652808
14	6	他	11.327445323031029
14	7	。	15.038940801833022
15	1	自从	10.533452884891883
15	2	修	15.848269584771089
15	3	了	6.094874106191373
15	4	新	10.22300045103367
15	5	的	2.2058810222999767
15	6	公路	7.956627631431694
15	7	，	5.603465744008645
15	8	农村	11.746776941667797
15	9	经济	7.034980126393236
15	10	变	16.14105258908583
15	11	好	11.126333887651853
15	12	了	7.490867504575476
15	13	。	12.778857821491272
16	1	自从	10.533452884891883
16	2	修	15.848269584771089
16	3	了	6.094874106191373
16	4	新	10.22300045103367
16	5	的	2.2058810222999767
16	6	公路	7.956627631431694
16	7	。	15.82501125203185
17	1	自从	10.533452884891883
17	2	离开	12.584512329111707
17	3	美丽	16.323595268808944
17	4	的	1.727754887108425
17	5	家乡	8.70586484710811
17	6	，	12.002661820990525
17	7	她	8.532957664596836
17	8	一直	8.076091783536597
17	9	想念	13.94592496565069
17	10	父母	9.305650679317921
17	11	。	6.141079758707079
18	1	自从	10.533452884891883
18	2	离开	12.584512329111707
18	3	美丽	16.323595268808944
18	4	的	1.727754887108425
18	5	家乡	8.70586484710811
18	6	。	17.66691313028761
19	1	自从	10.533452884891883
19	2	淘气	19.7211447647448
19	3	的	13.549738557528027
19	4	他	7.262392202754597
19	5	开始	5.886959086335715
19	6	读书	13.396963772609787
19	7	，	5.4945365909375
19	8	他	3.4149569284766557
19	9	的	2.525206990564058
19	10	成绩	12.727790711892993
19	11	提高	16.756671194577578
19	12	了	1.1171409213956593
19	13	。	6.545223346015149
20	1	自从	10.533452884891883
20	2	淘气	19.7211447647448
20	3	的	13.549738557528027
20	4	他	7.262392202754597
20	5	开始	5.886959086335715
20	6	读书	13.396963772609787
20	7	。	15.978577006786125
21	1	自从	10.533452884891883
21	2	自负	18.59923820115512
21	3	的	13.560368532044187
21	4	他	8.450967955638156
21	5	获得	9.3941063799818
21	6	大奖	14.801588315942148
21	7	，	7.234876493138572
21	8	他	7.063896808368256
21	9	不	7.928421848759768
21	10	学习	11.962812323254
21	11	了	9.646284997538203
21	12	。	6.445777492044812
22	1	自从	10.533452884891883
22	2	自负	18.59923820115512
22	3	的	13.560368532044187
22	4	他	8.450967955638156
22	5	获得	9.3941063799818
22	6	大奖	14.801588315942148
22	7	。	16.642100538012087
23	1	自从	10.533452884891883
23	2	勤奋	17.9468065357325
23	3	的	14.233777900633665
23	4	她	14.433831261441895
23	5	认识	10.837135340268844
23	6	了	4.859821640091724
23	7	老师	10.089202386373316
23	8	，	4.887459893338047
23	9	她	8.73392311473512
23	10	努力	13.319668524014588
23	11	训练	12.0858408185684
23	12	。	3.4445845527198884
24	1	自从	10.533452884891883
24	2	勤奋	17.9468065357325
24	3	的	14.233777900633665
24	4	她	14.433831261441895
24	5	认识	10.837135340268844
24	6	了	4.859821640091724
24	7	老师	10.089202386373316
24	8	。	15.045455867999976
25	1	自从	10.533452884891883
25	2	勇敢	17.767401192086428
25	3	的	12.409430992982273
25	4	她	12.831774892186814
25	5	参与	13.038149607512757
25	6	了	2.3170141313227504
25	7	活动	12.583109160968391
25	8	，	9.309526440689169
25	9	她	7.573396492692083
25	10	认识	11.321576370242
25	11	了	1.9701151586763785
25	12	很多	7.616331381374181
25	13	人	3.155685651855052
25	14	。	3.512813269969641
26	1	自从	10.533452884891883
26	2	勇敢	17.767401192086428
26	3	的	12.409430992982273
26	4	她	12.831774892186814
26	5	参与	13.038149607512757
26	6	了	2.3170141313227504
26	7	活动	12.583109160968391
26	8	。	16.029824620640397
27	1	自从	10.533452884891883
27	2	聪明	16.83907037542424
27	3	的	13.8440819624239
27	4	她	12.96492471112073
27	5	学习	13.131313242267957
27	6	了	6.97790006748383
27	7	外语	19.481141808722015
27	8	，	4.785024561169294
27	9	她	11.535313574071012
27	10	看	8.81110096333471
27	11	了	2.667322683617627
27	12	很多	9.183755277554525
27	13	电影	8.802721519273149
27	14	。	14.516264388230269
28	1	自从	10.533452884891883
28	2	聪明	16.83907037542424
28	3	的	13.8440819624239
28	4	她	12.96492471112073
28	5	学习	13.131313242267957
28	6	了	6.97790006748383
28	7	外语	19.481141808722015
28	8	。	15.341437805591255
29	1	因为	7.3819505154316465
29	2	喝	17.783840032318597
29	3	了	2.967688404748756
29	4	美味	19.00072564529879
29	5	的	2.0981451364908708
29	6	酒	12.83785299269708
29	7	，	1.0999939669645968
29	8	他	8.232284574925664
29	9	摔	14.53611247939952
29	10	了	2.902943695167963
29	11	。	4.539847312942086
30	1	因为	7.3819505154316465
30	2	喝	17.783840032318597
30	3	了	2.967688404748756
30	4	美味	19.00072564529879
30	5	的	2.0981451364908708
30	6	酒	12.83785299269708
30	7	。	14.147785507033703
31	1	因为	7.3819505154316465
31	2	准时	20.426855559522885
31	3	的	8.901730662125559
31	4	他	8.393081004545984
31	5	要	7.458797732823697
31	6	迟到	17.81796166495885
31	7	了	8.19545281078733
31	8	，	3.6928123776017543
31	9	他	12.457123614874575
31	10	结束	15.25788317525074
31	11	了	0.46522838902897945
31	12	谈话	13.19988987560265
31	13	。	2.6799631890751385
32	1	因为	7.3819505154316465
32	2	准时	20.426855559522885
32	3	的	8.901730662125559
32	4	他	8.393081004545984
32	5	要	7.458797732823697
32	6	迟到	17.81796166495885
32	7	了	8.19545281078733
32	8	。	1.1869927012584043
33	1	因为	7.3819505154316465
33	2	懒惰	21.530439013864253
33	3	的	3.2485478320007886
33	4	他	8.59284864551465
33	5	没有	7.3570694639867895
33	6	练习	15.130264349678384
33	7	题目	19.83005266632408
33	8	，	0.907968969698814
33	9	他	5.69512305856712
33	10	没有	7.40768912834298
33	11	成功	12.096403427593017
33	12	。	4.493509797921831
34	1	因为	7.3819505154316465
34	2	懒惰	21.530439013864253
34	3	的	3.2485478320007886
34	4	他	8.59284864551465
34	5	没有	7.3570694639867895
34	6	练习	15.130264349678384
34	7	题目	19.83005266632408
34	8	。	2.0193741132529937
35	1	因为	7.3819505154316465
35	2	严重	16.11752601547703
35	3	的	0.9488826470795004
35	4	疾病	13.47433254958025
35	5	，	2.8941789874744046
35	6	她	11.604526329121
35	7	拒绝	11.811147314877651
35	8	了	4.33432090097331
35	9	演出	17.222761524721975
35	10	。	5.086360051250935
36	1	因为	7.3819505154316465
36	2	严重	16.11752601547703
36	3	的	0.9488826470795004
36	4	疾病	13.47433254958025
36	5	。	14.825483012598859
37	1	因为	7.3819505154316465
37	2	听	15.852126547020763
37	3	着	2.8518821810271824
37	4	美妙	18.340087374139266
37	5	的	0.07667176477833948
37	6	音乐	8.842873157689873
37	7	，	0.9828785619731946
37	8	她	5.646933693657864
37	9	错过	18.787164327246195
37	10	了	1.4322670341064025
37	11	广播	17.11933602742971
37	12	。	4.148276006465451
38	1	因为	7.3819505154316465
38	2	听	15.852126547020763
38	3	着	2.8518821810271824
38	4	美妙	18.340087374139266
38	5	的	0.07667176477833948
38	6	音乐	8.842873157689873
38	7	。	3.8081246228934305
39	1	尽管	9.324425689788402
39	2	认真	15.563013794138701
39	3	的	4.506629156458246
39	4	领导	11.379045455953673
39	5	已经	5.662137696629991
39	6	离去	17.744224222557875
39	7	，	0.3703945510254272
39	8	工人	14.37582275221925
39	9	还	6.215444363013489
39	10	在	3.9722851452052623
39	11	工作	9.316657374881416
39	12	。	1.4579503406174013
40	1	尽管	9.324425689788402
40	2	认真	15.563013794138701
40	3	的	4.506629156458246
40	4	领导	11.379045455953673
40	5	已经	5.662137696629991
40	6	离去	17.744224222557875
40	7	。	9.529605832238275
41	1	尽管	9.324425689788402
41	2	优秀	15.540594918845361
41	3	的	1.7322018987327041
41	4	他	10.233460381183107
41	5	年纪	16.623851129005224
41	6	小	8.471217350115055
41	7	，	0.2869997562412294
41	8	他	3.911838260570242
41	9	有	8.141371884927878
41	10	能力	6.181455026958062
41	11	。	8.807239105870423
42	1	尽管	9.324425689788402
42	2	优秀	15.540594918845361
42	3	的	1.7322018987327041
42	4	他	10.233460381183107
42	5	年纪	16.623851129005224
42	6	小	8.471217350115055
42	7	。	10.445512915325544
43	1	尽管	9.324425689788402
43	2	环保	16.15637319306026
43	3	的	4.952589680673917
43	4	她	17.469993229362228
43	5	会	8.281046765433175
43	6	开车	16.323596094993015
43	7	，	2.26447952172974
43	8	她	6.218117561800966
43	9	今天	10.825250710554684
43	10	没有	8.323374333610502
43	11	开车	13.447361003171366
43	12	。	3.976238656276294
44	1	尽管	9.324425689788402
44	2	环保	16.15637319306026
44	3	的	4.952589680673917
44	4	她	17.469993229362228
44	5	会	8.281046765433175
44	6	开车	16.323596094993015
44	7	。	13.093191715181462
45	1	尽管	9.324425689788402
45	2	富有	15.983178966601372
45	3	的	3.938512210177109
45	4	作家	15.10031118087603
45	5	很	7.933572940545368
45	6	年轻	10.656175650560677
45	7	，	0.12804291872438966
45	8	他	4.421110877266543
45	9	写	10.631513051238827
45	10	了	2.7721952853661804
45	11	很多	4.800557703520184
45	12	作品	7.5523374310038776
45	13	。	1.315671077447277
46	1	尽管	9.324425689788402
46	2	富有	15.983178966601372
46	3	的	3.938512210177109
46	4	作家	15.10031118087603
46	5	很	7.933572940545368
46	6	年轻	10.656175650560677
46	7	。	8.021247487887052
47	1	尽管	9.324425689788402
47	2	固执	17.805830374900488
47	3	的	2.0329617980014305
47	4	父亲	9.538521832848335
47	5	不	5.174099494873673
47	6	同意	7.86082984500915
47	7	他	5.189031272846222
47	8	唱歌	17.390169249494228
47	9	，	0.5642644216237471
47	10	他	4.145178790742378
47	11	还是	7.407781121768664
47	12	买	12.480509329834902
47	13	了	2.721165443789701
47	14	吉他	16.85758761137116
47	15	。	1.5412821977775764
48	1	尽管	9.324425689788402
48	2	固执	17.805830374900488
48	3	的	2.0329617980014305
48	4	父亲	9.538521832848335
48	5	不	5.174099494873673
48	6	同意	7.86082984500915
48	7	他	5.189031272846222
48	8	唱歌	17.390169249494228
48	9	。	8.515921239097892
49	1	尽管	9.324425689788402
49	2	国内	8.745198584582354
49	3	的	2.2844459152473107
49	4	经济	4.559523640634456
49	5	不	6.823009398911633
49	6	好	8.031704286252765
49	7	，	0.29349381168883326
49	8	他	9.01272479590704
49	9	还是	6.392010752908121
49	10	关心	11.37289339738063
49	11	慈善	16.64927406843131
49	12	。	4.3515060436089925
50	1	尽管	9.324425689788402
50	2	国内	8.745198584582354
50	3	的	2.2844459152473107
50	4	经济	4.559523640634456
50	5	不	6.823009398911633
50	6	好	8.031704286252765
50	7	。	10.822443076175375
51	1	如果	7.275083493340342
51	2	自律	20.053060908716596
51	3	的	4.685429786935895
51	4	她	17.437128511447405
51	5	做	10.700218034757306
51	6	完	10.126180526903454
51	7	作业	15.87582199075834
51	8	，	0.16732454380159822
51	9	她	5.925137422591035
51	10	去	12.902840474996239
51	11	健身房	13.637515764876014
51	12	。	17.539165662207708
52	1	如果	7.275083493340342
52	2	自律	20.053060908716596
52	3	的	4.685429786935895
52	4	她	17.437128511447405
52	5	做	10.700218034757306
52	6	完	10.126180526903454
52	7	作业	15.87582199075834
52	8	。	12.07169410198216
53	1	如果	7.275083493340342
53	2	开心	16.53757703987882
53	3	的	10.854064178573847
53	4	她们	15.307989306680419
53	5	照	18.98152769104967
53	6	了	7.670686270935448
53	7	相	15.466241725783917
53	8	，	1.1216941369793432
53	9	她们	10.879736559282662
53	10	就	3.3008591936425375
53	11	留下	13.291802521274846
53	12	了	0.3427154071607674
53	13	回忆	14.44587870760887
53	14	。	1.449614644885628
54	1	如果	7.275083493340342
54	2	开心	16.53757703987882
54	3	的	10.854064178573847
54	4	她们	15.307989306680419
54	5	照	18.98152769104967
54	6	了	7.670686270935448
54	7	相	15.466241725783917
54	8	。	8.873872515194819
55	1	如果	7.275083493340342
55	2	培养	16.233894460088894
55	3	了	4.278081088008605
55	4	坚定	15.179230733874498
55	5	的	0.11605652851730497
55	6	信心	12.792369307703225
55	7	，	0.2427293426115753
55	8	她	10.175994385015898
55	9	可以	6.7922442280149085
55	10	实现	10.507502839397844
55	11	梦想	13.95903105688177
55	12	。	7.3693694251046225
56	1	如果	7.275083493340342
56	2	培养	16.233894460088894
56	3	了	4.278081088008605
56	4	坚定	15.179230733874498
56	5	的	0.11605652851730497
56	6	信心	12.792369307703225
56	7	。	12.617293928956848
57	1	如果	7.275083493340342
57	2	内向	21.174734860003674
57	3	的	4.797450838902467
57	4	他	13.978422690883697
57	5	不	4.097699411186063
57	6	尝试	10.14342270473417
57	7	，	3.554793850772171
57	8	他	3.2437568540537285
57	9	将	4.537661115620054
57	10	失去	9.853248937441293
57	11	机会	9.29923291258666
57	12	。	1.0051382763682994
58	1	如果	7.275083493340342
58	2	内向	21.174734860003674
58	3	的	4.797450838902467
58	4	他	13.978422690883697
58	5	不	4.097699411186063
58	6	尝试	10.14342270473417
58	7	。	13.021308332153168
59	1	如果	7.275083493340342
59	2	可爱	17.020512662178813
59	3	的	1.7635716077598715
59	4	她	10.138430400304898
59	5	来	8.928185137138662
59	6	，	5.028895864172576
59	7	母亲	8.722956349068518
59	8	会	4.995793328017079
59	9	准备	12.400922860234367
59	10	水果	18.54102748757282
59	11	。	3.154760200919469
60	1	如果	7.275083493340342
60	2	她	10.205892317801421
60	3	来	8.549908401458861
60	4	。	15.928432090388249
