sentence_id	token_id	token	surprisal
1	1	他	5.549796273767723
1	2	喜欢	11.402101057285023
1	3	那	7.406246511581703
1	4	家	7.059656734852524
1	5	亲切	18.33688934063386
1	6	的	1.6903432776999594
1	7	老板	9.843757461657106
1	8	投资	15.737501378921074
1	9	的	10.56396684869533
1	10	饭店	17.306341637431444
1	11	。	5.08647522327847
2	1	他	5.549796273767723
2	2	喜欢	11.402101057285023
2	3	那	7.406246511581703
2	4	个	4.23638858936096
2	5	亲切	17.470858678452903
2	6	的	1.3955169359990975
2	7	老板	11.712576609251101
2	8	投资	16.817374194108986
2	9	的	9.318495952235367
2	10	饭店	19.242331952243674
2	11	。	3.7584830922321686
3	1	她	8.57340978792489
3	2	在	4.670254236466819
3	3	看	9.229986569174695
3	4	那	6.983222063839243
3	5	幅	10.283284847533487
3	6	聪明	13.819548301064366
3	7	的	1.0693880045510085
3	8	朋友	9.244152211206945
3	9	喜欢	16.70469526754811
3	10	的	5.487803617914679
3	11	画	15.48198573913399
3	12	。	2.581890206190664
4	1	她	8.57340978792489
4	2	在	4.670254236466819
4	3	看	9.229986569174695
4	4	那	6.983222063839243
4	5	个	5.465379874752621
4	6	聪明	14.298040413855787
4	7	的	0.9333646393982349
4	8	朋友	9.474197565769742
4	9	喜欢	17.35998800145923
4	10	的	13.929904266676672
4	11	画	14.674929841075453
4	12	。	4.880235477289062
5	1	我	5.7484173394051785
5	2	欣赏	15.657044317044761
5	3	那	5.770524273261209
5	4	件	4.514926125634979
5	5	细心	16.1057793506998
5	6	的	0.22716255705520894
5	7	老师	13.189343904269599
5	8	收藏	19.71317096918868
5	9	的	3.9922199813058796
5	10	艺术品	17.545308006721612
5	11	。	1.5486716785923278
6	1	我	5.7484173394051785
6	2	欣赏	15.657044317044761
6	3	那	5.770524273261209
6	4	个	5.410994095789153
6	5	细心	15.848085730721813
6	6	的	0.35720175440648916
6	7	老师	11.297901100197826
6	8	收藏	19.50763000156453
6	9	的	11.041586369694159
6	10	艺术品	19.44604702901752
6	11	。	1.2545895345259197
7	1	他	5.549796273767723
7	2	打	11.272445687860838
7	3	了	2.221189799927995
7	4	那	10.6888842164885
7	5	只	10.394450168000542
7	6	负责	16.1019347907043
7	7	的	2.3952986965186938
7	8	店长	20.02510352930127
7	9	喜欢	14.7184192899646
7	10	的	9.20646604224686
7	11	宠物	19.014344532756397
7	12	。	9.038587842374284
8	1	他	5.549796273767723
8	2	打	11.272445687860838
8	3	了	2.221189799927995
8	4	那	10.6888842164885
8	5	个	4.896544294028235
8	6	负责	15.346718417149951
8	7	的	1.7885019125180648
8	8	店长	20.56513920777568
8	9	喜欢	14.806536236259575
8	10	的	9.256089742025083
8	11	宠物	19.23764427466287
8	12	。	8.520511164080176
9	1	我	5.7484173394051785
9	2	在	5.6849056071742945
9	3	思念	18.786085523322125
9	4	那	6.685706632196823
9	5	首	8.927461459180535
9	6	有名	11.281350823935668
9	7	的	0.04703367423247329
9	8	明星	13.723646242566836
9	9	唱	19.91334505999916
9	10	的	9.450200392134008
9	11	歌	13.782689340314093
9	12	。	1.3727348108940163
10	1	我	5.7484173394051785
10	2	在	5.6849056071742945
10	3	思念	18.786085523322125
10	4	那	6.685706632196823
10	5	个	4.412992721883178
10	6	有名	11.452632415507189
10	7	的	0.045643718063480776
10	8	明星	13.961560453618098
10	9	唱	20.478880500459255
10	10	的	9.166687999698368
10	11	歌	14.111248217857437
10	12	。	1.7468848431444428
11	1	她	8.57340978792489
11	2	拜访	14.3526781909453
11	3	了	2.2930363564335785
11	4	那	6.395183221820485
11	5	所	8.212929407296127
11	6	富有	13.895309459869544
11	7	的	3.1659316157388133
11	8	老人	9.606642219687423
11	9	去	11.074113585064794
11	10	的	9.466257608500783
11	11	学校	8.00382491153043
11	12	。	4.525042978803484
12	1	她	8.57340978792489
12	2	拜访	14.3526781909453
12	3	了	2.2930363564335785
12	4	那	6.395183221820485
12	5	个	4.103797868759155
12	6	富有	13.440356862216554
12	7	的	3.3221792163167905
12	8	老人	10.247225249406576
12	9	去	11.25195928882281
12	10	的	9.03599208408572
12	11	学校	8.040039526777832
12	12	。	4.326796896446282
13	1	他	5.549796273767723
13	2	检查	17.180340893050964
13	3	了	2.5077178290566096
13	4	那	7.310519482645276
13	5	件	4.188495762095457
13	6	紧张	14.055589840199389
13	7	的	0.4720272186535581
13	8	司机	14.32618066451564
13	9	带	12.536742617932873
13	10	的	11.755911107431416
13	11	行李	14.909321797375725
13	12	。	2.970933362889184
14	1	他	5.549796273767723
14	2	检查	17.180340893050964
14	3	了	2.5077178290566096
14	4	那	7.310519482645276
14	5	个	4.670441417143763
14	6	紧张	14.261950354498879
14	7	的	0.5143263317293432
14	8	司机	12.875813770915038
14	9	带	12.549928662158166
14	10	的	11.24048812207036
14	11	行李	14.808791902305671
14	12	。	4.409405820337398
15	1	我	5.7484173394051785
15	2	听说	9.209368934161354
15	3	过	3.6483605443349365
15	4	那	4.675815999068959
15	5	本	4.079765539810108
15	6	有名	11.678775562886653
15	7	的	0.014845996309084342
15	8	作家	12.605119904889037
15	9	写	11.145579582927532
15	10	的	7.052600007230879
15	11	书	13.28000750407378
15	12	。	2.7545404516325505
16	1	我	5.7484173394051785
16	2	听说	9.209368934161354
16	3	过	3.6483605443349365
16	4	那	4.675815999068959
16	5	个	6.045476241218047
16	6	有名	11.99820545756932
16	7	的	0.02363642944439448
16	8	作家	12.787235716492738
16	9	写	11.810758316716445
16	10	的	6.587557739649341
16	11	书	13.730549976365353
16	12	。	2.659662000772954
17	1	她	8.57340978792489
17	2	撞	18.697887079565106
17	3	了	0.7099881993301977
17	4	那	7.046468885708414
17	5	辆	6.694501717898447
17	6	熟悉	14.275957335537925
17	7	的	3.072170482242605
17	8	朋友	10.75320472866457
17	9	开	15.239687311653512
17	10	的	7.427805031600741
17	11	车	7.49360765598523
17	12	。	2.1853558768604415
18	1	她	8.57340978792489
18	2	撞	18.697887079565106
18	3	了	0.7099881993301977
18	4	那	7.046468885708414
18	5	个	4.751672452691686
18	6	熟悉	13.70338485690342
18	7	的	2.501359967864815
18	8	朋友	8.196458948096058
18	9	开	16.192164039090244
18	10	的	8.191657155582362
18	11	车	8.635207903057818
18	12	。	4.054333901877399
19	1	我们	6.803022515797736
19	2	认可	16.979410971626443
19	3	了	3.384897878740315
19	4	那	7.40965479778097
19	5	份	7.231200846773291
19	6	淘气	18.869205630735244
19	7	的	0.4816873356849669
19	8	孩子	9.528385554255188
19	9	做	13.35844386118049
19	10	的	5.743404488966789
19	11	作业	13.778861845950686
19	12	。	3.412412911030245
20	1	我们	6.803022515797736
20	2	认可	16.979410971626443
20	3	了	3.384897878740315
20	4	那	7.40965479778097
20	5	个	4.687465913750508
20	6	淘气	18.481389529408503
20	7	的	0.34999023086234615
20	8	孩子	7.960067939097321
20	9	做	13.823471293027197
20	10	的	5.091821700220422
20	11	作业	14.14853118569134
20	12	。	3.1597020121733834
21	1	他们	7.302142365707406
21	2	接受	11.243222717931504
21	3	了	1.2503196744206555
21	4	那	6.199456104928878
21	5	份	5.01103598246851
21	6	严格	13.323195714409561
21	7	的	0.22726902706656205
21	8	老板	15.069183616630838
21	9	制定	14.063402854749235
21	10	的	12.91215095756968
21	11	合同	12.578624939499036
21	12	。	2.0320150703102087
22	1	他们	7.302142365707406
22	2	接受	11.243222717931504
22	3	了	1.2503196744206555
22	4	那	6.199456104928878
22	5	个	4.306951935182013
22	6	严格	13.10911989475251
22	7	的	0.16156254037376527
22	8	老板	14.24255636469531
22	9	制定	14.522834391896069
22	10	的	12.671861047079148
22	11	合同	13.27498833569696
22	12	。	2.328976688582671
23	1	他	5.549796273767723
23	2	离开	11.23061184854555
23	3	了	1.4329290123746823
23	4	那	7.560091166280841
23	5	间	10.45645461689292
23	6	负责	14.85256607582454
23	7	的	2.724485176093644
23	8	朋友	9.40771257992278
23	9	开	13.485515551239232
23	10	的	9.256286228922335
23	11	工厂	13.45321052049384
23	12	。	5.479270840917977
24	1	他	5.549796273767723
24	2	离开	11.23061184854555
24	3	了	1.4329290123746823
24	4	那	7.560091166280841
24	5	个	3.084187997253345
24	6	负责	14.66596591302762
24	7	的	2.5491069818904606
24	8	朋友	9.075205050306437
24	9	开	13.742640086764567
24	10	的	9.182492267544518
24	11	工厂	13.484894439820152
24	12	。	5.532450108029508
25	1	她	8.57340978792489
25	2	找	13.742907304406598
25	3	了	2.3820837328161346
25	4	那	8.603018769339599
25	5	张	6.0587895488864945
25	6	聪明	13.966669065759724
25	7	的	1.7208442770588093
25	8	孩子	7.262723252373753
25	9	照	18.241808112606776
25	10	的	13.254785687486688
25	11	照片	12.350148688157404
25	12	。	3.5310996700469417
26	1	她	8.57340978792489
26	2	找	13.742907304406598
26	3	了	2.3820837328161346
26	4	那	8.603018769339599
26	5	个	3.701492993517192
26	6	聪明	13.970156899058992
26	7	的	1.294803492076305
26	8	孩子	5.84256175660277
26	9	照	18.684075981589523
26	10	的	14.012889281669558
26	11	照片	11.841668103419963
26	12	。	4.526662113828181
27	1	我	5.7484173394051785
27	2	需要	7.968381907135156
27	3	那	10.503051224631163
27	4	台	12.090559781760753
27	5	负责	15.147226182888247
27	6	的	1.8573362927865205
27	7	老师	11.902382521215017
27	8	用	6.3813360100918
27	9	的	8.723040277761555
27	10	手机	11.32608861953122
27	11	。	3.66603556631118
28	1	我	5.7484173394051785
28	2	需要	7.968381907135156
28	3	那	10.503051224631163
28	4	个	3.8825484293924077
28	5	负责	14.441205919898195
28	6	的	1.6783775920092054
28	7	老师	13.12968112296911
28	8	用	6.1734874284337025
28	9	的	8.516173852837277
28	10	手机	11.23447139067953
28	11	。	3.230301885516738
29	1	他	5.549796273767723
29	2	在	4.708201501678041
29	3	画	13.714866805659705
29	4	那	12.873332048102675
29	5	朵	17.498318829977634
29	6	细心	15.908277037250024
29	7	的	1.50681971630992
29	8	邻居	10.54446292054213
29	9	种	15.254742065302395
29	10	的	15.379749092239237
29	11	花	14.418185871253584
29	12	。	15.17297175561282
30	1	他	5.549796273767723
30	2	在	4.708201501678041
30	3	画	13.714866805659705
30	4	那	12.873332048102675
30	5	个	3.3731096648217473
30	6	细心	16.370157329928695
30	7	的	0.9096238811949675
30	8	邻居	11.422648980976064
30	9	种	15.65438422377774
30	10	的	15.93507217272716
30	11	花	13.418001335065966
30	12	。	15.187249330794145
31	1	她	8.57340978792489
31	2	在	4.670254236466819
31	3	介绍	12.616059575707936
31	4	那	9.793270824294286
31	5	台	10.352044355582265
31	6	优秀	11.400060137105882
31	7	的	1.8402244884392331
31	8	科学家	13.578951362214063
31	9	做	10.78827205652803
31	10	的	8.438953207757208
31	11	电视	8.345060289849016
31	12	。	8.62356400387553
32	1	她	8.57340978792489
32	2	在	4.670254236466819
32	3	介绍	12.616059575707936
32	4	那	9.793270824294286
32	5	个	4.9271069439733
32	6	优秀	11.999641148095016
32	7	的	0.9648602324555142
32	8	科学家	12.818549798569528
32	9	做	11.183142873830121
32	10	的	8.256704739721016
32	11	电视	8.825579924037157
32	12	。	7.071077629263286
33	1	我	5.7484173394051785
33	2	见	11.666717488270375
33	3	过	2.88409091951722
33	4	那	4.8780945880909705
33	5	栋	8.729375484367495
33	6	富有	14.661910543006073
33	7	的	2.2363713102285985
33	8	男人	7.638311570825508
33	9	买	13.073668565498394
33	10	的	9.192446217010897
33	11	房子	6.550874782004399
33	12	。	1.5841664621363378
34	1	我	5.7484173394051785
34	2	见	11.666717488270375
34	3	过	2.88409091951722
34	4	那	4.8780945880909705
34	5	个	5.536154357651537
34	6	富有	14.038143295469691
34	7	的	1.46297457551578
34	8	男人	6.849890148587413
34	9	买	13.181837145734221
34	10	的	9.037436188096393
34	11	房子	6.403124122718339
34	12	。	1.6983563365981809
35	1	我	5.7484173394051785
35	2	拒绝	11.745194055526902
35	3	了	3.7453145808892714
35	4	那	5.650428826577869
35	5	条	7.180779286416726
35	6	紧张	14.871028921013938
35	7	的	0.3309366144495982
35	8	朋友	12.228632507194888
35	9	给	10.179986630282194
35	10	的	13.842891296082001
35	11	建议	12.56790338499438
35	12	。	2.2232957302689584
36	1	我	5.7484173394051785
36	2	拒绝	11.745194055526902
36	3	了	3.7453145808892714
36	4	那	5.650428826577869
36	5	个	4.8876169512115375
36	6	紧张	14.096196910316095
36	7	的	0.38120315566529683
36	8	朋友	11.02042982638934
36	9	给	10.754766313949496
36	10	的	13.635554326489768
36	11	建议	12.5812923001221
36	12	。	3.0381712089823765
37	1	他	5.549796273767723
37	2	在	4.708201501678041
37	3	看	10.539526098361042
37	4	那	7.379757969551875
37	5	支	10.151010214691542
37	6	负责	14.463587206725833
37	7	的	3.2304411359602767
37	8	老师	12.674048228227278
37	9	用	10.437238956932262
37	10	的	8.013025197449295
37	11	笔	15.695924786348428
37	12	。	4.1269666088781065
38	1	他	5.549796273767723
38	2	在	4.708201501678041
38	3	看	10.539526098361042
38	4	那	7.379757969551875
38	5	个	5.25736387443585
38	6	负责	14.69516661220441
38	7	的	2.536462269226405
38	8	老师	13.542887297452182
38	9	用	10.85610441723145
38	10	的	8.394213957314435
38	11	笔	15.93175051955292
38	12	。	4.627084818549449
39	1	她	8.57340978792489
39	2	在	4.670254236466819
39	3	找	11.950438302712634
39	4	那	9.765481244851568
39	5	只	8.802070002770293
39	6	内向	18.71879051803215
39	7	的	2.5295614078376687
39	8	女人	7.6268252816791176
39	9	丢	15.23806492041615
39	10	的	8.502507979808584
39	11	鞋子	17.852713136562826
39	12	。	3.4939148229856443
40	1	她	8.57340978792489
40	2	在	4.670254236466819
40	3	找	11.950438302712634
40	4	那	9.765481244851568
40	5	个	4.040886489869159
40	6	内向	19.340848837221294
40	7	的	1.8642020621874167
40	8	女人	7.594277840219554
40	9	丢	15.369856946259787
40	10	的	8.291672005017759
40	11	鞋子	17.872041681142605
40	12	。	3.7536696437193484
41	1	我	5.7484173394051785
41	2	讨厌	12.571126886539925
41	3	那	6.527746521845788
41	4	条	8.634085128747088
41	5	孤独	15.588713760579054
41	6	的	1.9895533136815402
41	7	邻居	11.125307793179864
41	8	养	20.543377921911137
41	9	的	9.757894007308735
41	10	狗	11.44872319505609
41	11	。	1.6386282399380576
42	1	我	5.7484173394051785
42	2	讨厌	12.571126886539925
42	3	那	6.527746521845788
42	4	个	4.682193527723147
42	5	孤独	15.587710484087655
42	6	的	1.5528176658656676
42	7	邻居	10.694906908963318
42	8	养	21.02957158867042
42	9	的	9.40818174479088
42	10	狗	11.036628245017397
42	11	。	1.9584538491659629
43	1	他	5.549796273767723
43	2	发现	8.70470310645883
43	3	了	4.66329432217972
43	4	那	7.517907042754619
43	5	座	7.417869589333851
43	6	幽默	14.63742396892873
43	7	的	0.801480191184865
43	8	老人	11.493180971604787
43	9	修	20.04121919713827
43	10	的	7.765726531693588
43	11	桥	14.375097316892365
43	12	。	3.4168771031818608
44	1	他	5.549796273767723
44	2	发现	8.70470310645883
44	3	了	4.66329432217972
44	4	那	7.517907042754619
44	5	个	4.840481833719274
44	6	幽默	15.155031362665778
44	7	的	0.4710705711305181
44	8	老人	12.29633619718684
44	9	修	20.658974647913077
44	10	的	7.069026387550352
44	11	桥	14.18972514497051
44	12	。	2.3500471330254697
45	1	她	8.57340978792489
45	2	评价	14.977979842874587
45	3	了	1.9563950262687442
45	4	那	7.198957288938701
45	5	篇	5.4315421253467875
45	6	认真	14.78379985861212
45	7	的	0.7851084704096607
45	8	学生	12.78113948672015
45	9	准备	14.145577985117
45	10	的	13.601485648887717
45	11	报告	7.8627400259666445
45	12	。	1.0356165043882015
46	1	她	8.57340978792489
46	2	评价	14.977979842874587
46	3	了	1.9563950262687442
46	4	那	7.198957288938701
46	5	个	4.244844184292035
46	6	认真	14.744169906795847
46	7	的	0.6129940246347516
46	8	学生	11.235861246785959
46	9	准备	14.142153746282986
46	10	的	8.710174750188372
46	11	报告	11.68887886152315
46	12	。	1.3225236318309754
47	1	我	5.7484173394051785
47	2	在	5.6849056071742945
47	3	等	9.845859864774607
47	4	那	8.053155435627051
47	5	封	10.29265895095093
47	6	亲切	15.844823488434855
47	7	的	4.105339036433328
47	8	朋友	9.93123646120278
47	9	写	13.508422027570461
47	10	的	7.000614041543443
47	11	信	11.007848199952349
47	12	。	0.6617663372457798
48	1	我	5.7484173394051785
48	2	在	5.6849056071742945
48	3	等	9.845859864774607
48	4	那	8.053155435627051
48	5	个	4.3080295128902435
48	6	亲切	18.248913321110827
48	7	的	1.9815519621657458
48	8	朋友	8.831045877917902
48	9	写	14.27476956632983
48	10	的	7.574069094007143
48	11	信	11.270637581837363
48	12	。	1.0741200573407355
49	1	他	5.549796273767723
49	2	提到	11.275307394221002
49	3	了	4.274294651154339
49	4	那	7.037477177934441
49	5	堂	18.1990045167288
49	6	有名	11.290342039348822
49	7	的	0.07501967645450947
49	8	老师	12.037117595701346
49	9	教	17.525017911481456
49	10	的	10.886542021866646
49	11	课	14.772806809774877
49	12	。	4.108761913737027
50	1	他	5.549796273767723
50	2	提到	11.275307394221002
50	3	了	4.274294651154339
50	4	那	7.037477177934441
50	5	个	4.770136661596915
50	6	有名	11.362999784467597
50	7	的	0.03529317206816529
50	8	老师	13.306983060742034
50	9	教	17.912992513561647
50	10	的	10.679852268195589
50	11	课	13.98359680552305
50	12	。	6.540563136672361
51	1	她	8.57340978792489
51	2	推荐	15.82363359467197
51	3	了	0.711427555378048
51	4	那	8.298320914799731
51	5	块	9.24642269868972
51	6	细心	15.600420477780581
51	7	的	0.8392299092762698
51	8	医生	8.890287870504771
51	9	喜欢	17.483326428331665
51	10	的	9.199742033856182
51	11	手表	17.209000832027996
51	12	。	3.1060825585591374
52	1	她	8.57340978792489
52	2	推荐	15.82363359467197
52	3	了	0.711427555378048
52	4	那	8.298320914799731
52	5	个	3.875616377791026
52	6	细心	15.777785337279298
52	7	的	0.42296904828601356
52	8	医生	8.707850605011487
52	9	喜欢	17.540334888916796
52	10	的	9.343303481655113
52	11	手表	17.239202768331225
52	12	。	3.222792995251524
53	1	我	5.7484173394051785
53	2	选择	10.976193265161989
53	3	了	1.5269513979955747
53	4	那	5.922783533004875
53	5	篇	5.565595318419824
53	6	优秀	13.514340143586395
53	7	的	0.3442734776497005
53	8	学生	11.935522010315275
53	9	写	12.158438047901846
53	10	的	8.50755505899015
53	11	论文	12.06996865154612
53	12	。	2.383396791279125
54	1	我	5.7484173394051785
54	2	选择	10.976193265161989
54	3	了	1.5269513979955747
54	4	那	5.922783533004875
54	5	个	4.793499667568973
54	6	优秀	12.065356858260301
54	7	的	0.23530993024780855
54	8	学生	8.235665501689141
54	9	写	13.483322421871243
54	10	的	7.790747972403459
54	11	论文	11.641912853826796
54	12	。	2.019518442446156
55	1	她	8.57340978792489
55	2	喜欢	11.057886291214563
55	3	那	7.275080086203552
55	4	场	7.174277730816165
55	5	专业	14.390631247324514
55	6	的	1.5585650340009778
55	7	演员	12.032518430852114
55	8	准备	15.270849521576373
55	9	的	11.159275801842057
55	10	表演	14.296889079775255
55	11	。	4.002140887602664
56	1	她	8.57340978792489
56	2	喜欢	11.057886291214563
56	3	那	7.275080086203552
56	4	个	4.298545102053517
56	5	专业	12.094754017955843
56	6	的	2.9575312978630564
56	7	演员	11.653623293820495
56	8	准备	14.968329505966729
56	9	的	11.418367884322635
56	10	表演	14.37170327380025
56	11	。	4.4863168813662355
57	1	他	5.549796273767723
57	2	称赞	18.507270168270672
57	3	了	2.4345404649285634
57	4	那	9.062754684149567
57	5	间	10.037814034529369
57	6	勇敢	15.900498665930208
57	7	的	0.8878291127088644
57	8	警察	10.839027549710437
57	9	工作	12.996021840579445
57	10	的	12.877216413751654
57	11	办公室	14.493622078644748
57	12	。	8.434708818093824
58	1	他	5.549796273767723
58	2	称赞	18.507270168270672
58	3	了	2.4345404649285634
58	4	那	9.062754684149567
58	5	个	4.08207798397757
58	6	勇敢	15.637224467050508
58	7	的	0.6855555402866216
58	8	警察	11.186485550247006
58	9	工作	12.81832138206255
58	10	的	12.978937363243233
58	11	办公室	14.851527812248733
58	12	。	5.909816828624258
59	1	我	5.7484173394051785
59	2	听说	9.209368934161354
59	3	过	3.6483605443349365
59	4	那	4.675815999068959
59	5	首	10.104610375604175
59	6	聪明	14.487249247907542
59	7	的	0.3116910383300606
59	8	孩子	9.359111266857653
59	9	写	11.539216108364933
59	10	的	7.095586409672009
59	11	诗	15.890752378613243
59	12	。	3.228293996027631
60	1	我	5.7484173394051785
60	2	听说	9.209368934161354
60	3	过	3.6483605443349365
60	4	那	4.675815999068959
60	5	个	6.045476241218047
60	6	聪明	13.82805210901062
60	7	的	0.4242551336293303
60	8	孩子	9.436113132844127
60	9	写	12.731845152214184
60	10	的	6.979101526732521
60	11	诗	16.008027364028152
60	12	。	3.3328488796188083
61	1	我	5.7484173394051785
61	2	选择	10.976193265161989
61	3	了	1.5269513979955747
61	4	那	5.922783533004875
61	5	家	8.956863997045915
61	6	细心	16.57798750289735
61	7	的	0.29463093310054234
61	8	朋友	5.807560148255796
61	9	去	10.46947808034541
61	10	的	8.941715516675572
61	11	银行	11.139466265698815
61	12	。	2.0515138104654227
62	1	我	5.7484173394051785
62	2	选择	10.976193265161989
62	3	了	1.5269513979955747
62	4	那	5.922783533004875
62	5	个	4.793499667568973
62	6	细心	15.424121936863678
62	7	的	0.3181651819242717
62	8	朋友	7.353154758058487
62	9	去	10.940980285209093
62	10	的	9.126991971899088
62	11	银行	11.73279331546641
62	12	。	2.3776158711265225
