sentence_id	token_id	token	surprisal
1	1	我	5.748868951361998
1	2	很	7.038251347696499
1	3	喜欢	4.881361015815116
1	4	一	4.849441543157159
1	5	位	5.398972327617937
1	6	新闻	8.803004117536727
1	7	提到	15.128606966811425
1	8	的	0.8551141946185723
1	9	明星	13.245897306008366
1	10	。	3.5121053956770822
2	1	我	5.748868951361998
2	2	很	7.038251347696499
2	3	喜欢	4.881361015815116
2	4	一	4.849441543157159
2	5	首	8.749222492083259
2	6	新闻	8.474328650170872
2	7	提到	15.28868178981724
2	8	的	0.3290346259168331
2	9	明星	14.016204348356837
2	10	。	2.638064710733474
3	1	我	5.748868951361998
3	2	很	7.038251347696499
3	3	喜欢	4.881361015815116
3	4	一	4.849441543157159
3	5	首	8.749222492083259
3	6	新闻	8.474328650170872
3	7	提到	15.28868178981724
3	8	的	0.3290346259168331
3	9	歌曲	13.012400500366766
3	10	。	1.7829421919893207
4	1	我	5.748868951361998
4	2	很	7.038251347696499
4	3	喜欢	4.881361015815116
4	4	一	4.849441543157159
4	5	位	5.398972327617937
4	6	新闻	8.803004117536727
4	7	提到	15.128606966811425
4	8	的	0.8551141946185723
4	9	歌曲	12.844642957496383
4	10	。	2.5459605736341047
5	1	她	8.573125272999874
5	2	开车	15.026553717362564
5	3	去	8.269860758273389
5	4	了	2.6200988727847694
5	5	一	2.73577411373131
5	6	家	6.5978861363040195
5	7	我	7.085734554144807
5	8	推荐	16.876745226044854
5	9	过	4.850779200335026
5	10	的	1.4295129513865845
5	11	店	11.069230964932359
5	12	。	2.8673784704802046
6	1	她	8.573125272999874
6	2	开车	15.026553717362564
6	3	去	8.269860758273389
6	4	了	2.6200988727847694
6	5	一	2.73577411373131
6	6	座	7.30287681815534
6	7	我	9.049310400302197
6	8	推荐	16.007420274310583
6	9	过	3.9483406238849597
6	10	的	1.3614108839910557
6	11	店	11.621123824323163
6	12	。	1.9273551743542754
7	1	她	8.573125272999874
7	2	开车	15.026553717362564
7	3	去	8.269860758273389
7	4	了	2.6200988727847694
7	5	一	2.73577411373131
7	6	座	7.30287681815534
7	7	我	9.049310400302197
7	8	推荐	16.007420274310583
7	9	过	3.9483406238849597
7	10	的	1.3614108839910557
7	11	山	13.062960946471392
7	12	。	1.2558943412238364
8	1	她	8.573125272999874
8	2	开车	15.026553717362564
8	3	去	8.269860758273389
8	4	了	2.6200988727847694
8	5	一	2.73577411373131
8	6	家	6.5978861363040195
8	7	我	7.085734554144807
8	8	推荐	16.876745226044854
8	9	过	4.850779200335026
8	10	的	1.4295129513865845
8	11	山	13.697716332459436
8	12	。	1.895862121046278
9	1	他	5.550051642598445
9	2	有	9.325152268865317
9	3	一	2.884297448046416
9	4	双	11.51161866525593
9	5	我	9.81418810695985
9	6	穿	11.550939575703588
9	7	坏	16.693465892234244
9	8	了	1.7751692859843615
9	9	的	13.7279963399331
9	10	手套	14.633933993086544
9	11	。	6.198343131755323
10	1	他	5.550051642598445
10	2	有	9.325152268865317
10	3	一	2.884297448046416
10	4	枚	10.949007248631851
10	5	我	12.534008863462585
10	6	穿	11.179829399266175
10	7	坏	16.739339807425715
10	8	了	12.178456548240376
10	9	的	13.208278630485296
10	10	手套	15.63688783210668
10	11	。	4.585467010167733
11	1	他	5.550051642598445
11	2	有	9.325152268865317
11	3	一	2.884297448046416
11	4	枚	10.949007248631851
11	5	我	12.534008863462585
11	6	穿	11.179829399266175
11	7	坏	16.739339807425715
11	8	了	12.178456548240376
11	9	的	13.208278630485296
11	10	纽扣	19.02383449685486
11	11	。	3.6567333235521176
12	1	他	5.550051642598445
12	2	有	9.325152268865317
12	3	一	2.884297448046416
12	4	双	11.51161866525593
12	5	我	9.81418810695985
12	6	穿	11.550939575703588
12	7	坏	16.693465892234244
12	8	了	1.7751692859843615
12	9	的	13.7279963399331
12	10	纽扣	18.89992393768408
12	11	。	6.376461994307576
13	1	店长	20.339065495384947
13	2	拿	15.015258568659828
13	3	着	2.192649483916803
13	4	一	6.19999999878938
13	5	只	6.45160419130265
13	6	他	10.993944540811988
13	7	买	9.232697482289424
13	8	的	1.6308803982787339
13	9	兔子	14.727466134098862
13	10	。	3.2529174923085407
14	1	店长	20.339065495384947
14	2	拿	15.015258568659828
14	3	着	2.192649483916803
14	4	一	6.19999999878938
14	5	根	8.11770317807202
14	6	他	10.928620834744017
14	7	买	9.893870849440148
14	8	的	1.3431360835788695
14	9	兔子	14.800990253886596
14	10	。	3.190861887296748
15	1	店长	20.339065495384947
15	2	拿	15.015258568659828
15	3	着	2.192649483916803
15	4	一	6.19999999878938
15	5	根	8.11770317807202
15	6	他	10.928620834744017
15	7	买	9.893870849440148
15	8	的	1.3431360835788695
15	9	萝卜	17.29321541415024
15	10	。	2.6830962224513257
16	1	店长	20.339065495384947
16	2	拿	15.015258568659828
16	3	着	2.192649483916803
16	4	一	6.19999999878938
16	5	只	6.45160419130265
16	6	他	10.993944540811988
16	7	买	9.232697482289424
16	8	的	1.6308803982787339
16	9	萝卜	17.635961930203095
16	10	。	2.3912782621082016
17	1	他	5.550051642598445
17	2	认识	11.452613809493092
17	3	了	3.1317150591385747
17	4	一	4.3435179595839095
17	5	名	5.337912735271704
17	6	我	8.292290179636403
17	7	知道	12.41042793742129
17	8	的	0.573586912445819
17	9	男孩	9.068468117436367
17	10	。	11.507102186699363
18	1	他	5.550051642598445
18	2	认识	11.452613809493092
18	3	了	3.1317150591385747
18	4	一	4.3435179595839095
18	5	本	6.563099872826424
18	6	我	6.603242690070147
18	7	知道	10.396657738319043
18	8	的	0.16680696351463808
18	9	男孩	10.711328196006427
18	10	。	7.295872849213055
19	1	他	5.550051642598445
19	2	认识	11.452613809493092
19	3	了	3.1317150591385747
19	4	一	4.3435179595839095
19	5	本	6.563099872826424
19	6	我	6.603242690070147
19	7	知道	10.396657738319043
19	8	的	0.16680696351463808
19	9	小说	10.012258065109641
19	10	。	7.009065595939305
20	1	他	5.550051642598445
20	2	认识	11.452613809493092
20	3	了	3.1317150591385747
20	4	一	4.3435179595839095
20	5	名	5.337912735271704
20	6	我	8.292290179636403
20	7	知道	12.41042793742129
20	8	的	0.573586912445819
20	9	小说	9.946543422558733
20	10	。	11.75042478000919
21	1	男人	16.350030982886345
21	2	在	4.470138347094775
21	3	扫描	18.674088958764706
21	4	一	5.447239786111986
21	5	篇	8.436427630780408
21	6	我	10.029358048461084
21	7	发	12.97012595672016
21	8	的	0.6606645857441862
21	9	文章	2.851356130882934
21	10	。	2.2636865565124538
22	1	男人	16.350030982886345
22	2	在	4.470138347094775
22	3	扫描	18.674088958764706
22	4	一	5.447239786111986
22	5	张	7.292321384505023
22	6	我	10.781901081363102
22	7	发	12.999571956165838
22	8	的	0.6794042820351507
22	9	文章	7.013053453155976
22	10	。	2.488623999365231
23	1	男人	16.350030982886345
23	2	在	4.470138347094775
23	3	扫描	18.674088958764706
23	4	一	5.447239786111986
23	5	张	7.292321384505023
23	6	我	10.781901081363102
23	7	发	12.999571956165838
23	8	的	0.6794042820351507
23	9	图片	8.846892955351095
23	10	。	2.3593343831624765
24	1	男人	16.350030982886345
24	2	在	4.470138347094775
24	3	扫描	18.674088958764706
24	4	一	5.447239786111986
24	5	篇	8.436427630780408
24	6	我	10.029358048461084
24	7	发	12.97012595672016
24	8	的	0.6606645857441862
24	9	图片	9.20501556892583
24	10	。	2.373394102223372
25	1	演员	16.083957395723594
25	2	在	4.115724648475748
25	3	看	10.49467175330565
25	4	一	6.224234534350824
25	5	张	5.9588366610400385
25	6	她	7.410537075175512
25	7	以前	11.425314273014557
25	8	拍	11.755012617870015
25	9	过	3.0953957068472135
25	10	的	1.037315793610901
25	11	照片	6.425814962148706
25	12	。	2.3881244953773972
26	1	演员	16.083957395723594
26	2	在	4.115724648475748
26	3	看	10.49467175330565
26	4	一	6.224234534350824
26	5	位	6.368333353622219
26	6	她	6.467825851785889
26	7	以前	10.717105983723982
26	8	拍	11.918367236071148
26	9	过	2.671912373777502
26	10	的	1.7514556106589225
26	11	照片	7.267472093046052
26	12	。	2.7748278003410007
27	1	演员	16.083957395723594
27	2	在	4.115724648475748
27	3	看	10.49467175330565
27	4	一	6.224234534350824
27	5	位	6.368333353622219
27	6	她	6.467825851785889
27	7	以前	10.717105983723982
27	8	拍	11.918367236071148
27	9	过	2.671912373777502
27	10	的	1.7514556106589225
27	11	老师	6.8934069848948525
27	12	。	2.4960455150209384
28	1	演员	16.083957395723594
28	2	在	4.115724648475748
28	3	看	10.49467175330565
28	4	一	6.224234534350824
28	5	张	5.9588366610400385
28	6	她	7.410537075175512
28	7	以前	11.425314273014557
28	8	拍	11.755012617870015
28	9	过	3.0953957068472135
28	10	的	1.037315793610901
28	11	老师	8.350466734301833
28	12	。	1.9989592531102716
29	1	他	5.550051642598445
29	2	在	4.707967968463759
29	3	修理	17.203058917684643
29	4	一	5.186837414283794
29	5	辆	5.003019529209453
29	6	我	11.50053979610066
29	7	使用	11.863798045675956
29	8	过	6.175493953018474
29	9	的	2.1255309376952027
29	10	汽车	6.074394288731966
29	11	。	2.1677539263193353
30	1	他	5.550051642598445
30	2	在	4.707967968463759
30	3	修理	17.203058917684643
30	4	一	5.186837414283794
30	5	套	6.748156193573962
30	6	我	11.382828858139774
30	7	使用	11.189669451991854
30	8	过	6.244689643638075
30	9	的	2.5182398256378775
30	10	汽车	7.056644658257625
30	11	。	2.4939514329609125
31	1	他	5.550051642598445
31	2	在	4.707967968463759
31	3	修理	17.203058917684643
31	4	一	5.186837414283794
31	5	套	6.748156193573962
31	6	我	11.382828858139774
31	7	使用	11.189669451991854
31	8	过	6.244689643638075
31	9	的	2.5182398256378775
31	10	系统	11.559649582313469
31	11	。	2.7432917189490382
32	1	他	5.550051642598445
32	2	在	4.707967968463759
32	3	修理	17.203058917684643
32	4	一	5.186837414283794
32	5	辆	5.003019529209453
32	6	我	11.50053979610066
32	7	使用	11.863798045675956
32	8	过	6.175493953018474
32	9	的	2.1255309376952027
32	10	系统	12.73157149590908
32	11	。	2.3941280407431123
33	1	学生	12.788414123474297
33	2	们	18.160321858382773
33	3	在	5.412012573591078
33	4	写	11.605308345693295
33	5	一	5.163779042523707
33	6	部	5.43147648804532
33	7	他	12.052413813758825
33	8	要	10.080885634632097
33	9	评价	13.466547372420592
33	10	的	0.2922231752102533
33	11	电影	4.09831941972989
33	12	。	15.764976111231036
34	1	学生	12.788414123474297
34	2	们	18.160321858382773
34	3	在	5.412012573591078
34	4	写	11.605308345693295
34	5	一	5.163779042523707
34	6	首	8.765600503463595
34	7	他	11.610997593681574
34	8	要	9.60529554849525
34	9	评价	13.83125174764072
34	10	的	0.35623140019494315
34	11	电影	5.381005512255172
34	12	。	16.000921176323843
35	1	学生	12.788414123474297
35	2	们	18.160321858382773
35	3	在	5.412012573591078
35	4	写	11.605308345693295
35	5	一	5.163779042523707
35	6	首	8.765600503463595
35	7	他	11.610997593681574
35	8	要	9.60529554849525
35	9	评价	13.83125174764072
35	10	的	0.35623140019494315
35	11	戏曲	19.492691983464212
35	12	。	15.47916769898309
36	1	学生	12.788414123474297
36	2	们	18.160321858382773
36	3	在	5.412012573591078
36	4	写	11.605308345693295
36	5	一	5.163779042523707
36	6	部	5.43147648804532
36	7	他	12.052413813758825
36	8	要	10.080885634632097
36	9	评价	13.466547372420592
36	10	的	0.2922231752102533
36	11	戏曲	19.70284712547533
36	12	。	15.080716447944525
37	1	我们	6.803355636304818
37	2	在	5.290722046088927
37	3	看	6.968260080393968
37	4	一	5.275056800656614
37	5	场	3.5886017448242917
37	6	很多	13.947000868685219
37	7	人	1.3365020762912252
37	8	看	8.715734855469478
37	9	的	2.242004951847896
37	10	表演	11.473748554738094
37	11	。	2.980238608784802
38	1	我们	6.803355636304818
38	2	在	5.290722046088927
38	3	看	6.968260080393968
38	4	一	5.275056800656614
38	5	块	8.636090652701
38	6	很多	14.019155965171166
38	7	人	2.065142949461297
38	8	看	7.998538913049956
38	9	的	2.1809136180662847
38	10	表演	12.560714437995173
38	11	。	2.2196678415476754
39	1	我们	6.803355636304818
39	2	在	5.290722046088927
39	3	看	6.968260080393968
39	4	一	5.275056800656614
39	5	块	8.636090652701
39	6	很多	14.019155965171166
39	7	人	2.065142949461297
39	8	看	7.998538913049956
39	9	的	2.1809136180662847
39	10	场地	15.485079771648458
39	11	。	1.9084528959265725
40	1	我们	6.803355636304818
40	2	在	5.290722046088927
40	3	看	6.968260080393968
40	4	一	5.275056800656614
40	5	场	3.5886017448242917
40	6	很多	13.947000868685219
40	7	人	1.3365020762912252
40	8	看	8.715734855469478
40	9	的	2.242004951847896
40	10	场地	16.756392914870418
40	11	。	2.7035605996888563
41	1	他	5.550051642598445
41	2	最	11.021799294371744
41	3	喜欢	3.6434796970845973
41	4	一	6.970115057671332
41	5	道	8.378925359265406
41	6	妈妈	12.823378169423393
41	7	做	10.25579900320686
41	8	的	1.4250934472730563
41	9	菜	10.847498619461888
41	10	。	2.0852178461630047
42	1	他	5.550051642598445
42	2	最	11.021799294371744
42	3	喜欢	3.6434796970845973
42	4	一	6.970115057671332
42	5	瓶	11.030999280096399
42	6	妈妈	12.484923545912004
42	7	做	10.081405133629936
42	8	的	1.6123983618164743
42	9	菜	10.44373643359669
42	10	。	3.007190082353233
43	1	他	5.550051642598445
43	2	最	11.021799294371744
43	3	喜欢	3.6434796970845973
43	4	一	6.970115057671332
43	5	瓶	11.030999280096399
43	6	妈妈	12.484923545912004
43	7	做	10.081405133629936
43	8	的	1.6123983618164743
43	9	醋	19.011347998598573
43	10	。	6.059824817458733
44	1	他	5.550051642598445
44	2	最	11.021799294371744
44	3	喜欢	3.6434796970845973
44	4	一	6.970115057671332
44	5	道	8.378925359265406
44	6	妈妈	12.823378169423393
44	7	做	10.25579900320686
44	8	的	1.4250934472730563
44	9	醋	19.9765844760082
44	10	。	5.715164260360282
45	1	她	8.573125272999874
45	2	拿	12.135259715270838
45	3	了	3.2269831715144015
45	4	一	2.232188003214663
45	5	份	5.137313157845231
45	6	她	5.412875338514986
45	7	准备	10.48877741779414
45	8	的	3.5244270245117306
45	9	饭	13.763187425890571
45	10	。	4.872783249250389
46	1	她	8.573125272999874
46	2	拿	12.135259715270838
46	3	了	3.2269831715144015
46	4	一	2.232188003214663
46	5	卷	14.287412916996448
46	6	她	6.254192754741283
46	7	准备	12.48788585429832
46	8	的	4.423731533739854
46	9	饭	11.79733319843072
46	10	。	2.3401469959151484
47	1	她	8.573125272999874
47	2	拿	12.135259715270838
47	3	了	3.2269831715144015
47	4	一	2.232188003214663
47	5	卷	14.287412916996448
47	6	她	6.254192754741283
47	7	准备	12.48788585429832
47	8	的	4.423731533739854
47	9	纸	13.662796854697547
47	10	。	3.2983420054317207
48	1	她	8.573125272999874
48	2	拿	12.135259715270838
48	3	了	3.2269831715144015
48	4	一	2.232188003214663
48	5	份	5.137313157845231
48	6	她	5.412875338514986
48	7	准备	10.48877741779414
48	8	的	3.5244270245117306
48	9	纸	15.265307151681846
48	10	。	4.7739801310466845
49	1	学生	12.788414123474297
49	2	们	18.160321858382773
49	3	在	5.412012573591078
49	4	写	11.605308345693295
49	5	一	5.163779042523707
49	6	部	5.43147648804532
49	7	老师	11.328639169751874
49	8	需要	15.201606104284494
49	9	的	1.183231715499474
49	10	戏剧	10.339428078008837
49	11	。	15.584058856268712
50	1	学生	12.788414123474297
50	2	们	18.160321858382773
50	3	在	5.412012573591078
50	4	写	11.605308345693295
50	5	一	5.163779042523707
50	6	篇	5.041213287944075
50	7	老师	13.894370846367615
50	8	需要	12.329610461646638
50	9	的	0.9812409487035154
50	10	戏剧	11.999471361760158
50	11	。	14.989478361319314
51	1	学生	12.788414123474297
51	2	们	18.160321858382773
51	3	在	5.412012573591078
51	4	写	11.605308345693295
51	5	一	5.163779042523707
51	6	篇	5.041213287944075
51	7	老师	13.894370846367615
51	8	需要	12.329610461646638
51	9	的	0.9812409487035154
51	10	文章	1.8520962389805788
51	11	。	15.336957353602287
52	1	学生	12.788414123474297
52	2	们	18.160321858382773
52	3	在	5.412012573591078
52	4	写	11.605308345693295
52	5	一	5.163779042523707
52	6	部	5.43147648804532
52	7	老师	11.328639169751874
52	8	需要	15.201606104284494
52	9	的	1.183231715499474
52	10	文章	6.038890637134884
52	11	。	17.308756546191375
53	1	这	6.169506833140072
53	2	是	2.039166957906553
53	3	一	3.388632332291998
53	4	辆	10.300418836309078
53	5	她	11.303967030127023
53	6	设计	14.223385921276382
53	7	的	0.7289541889376139
53	8	火车	9.503904637045082
53	9	。	3.41614511078739
54	1	这	6.169506833140072
54	2	是	2.039166957906553
54	3	一	3.388632332291998
54	4	扇	15.100580171043855
54	5	她	9.964798767557781
54	6	设计	15.527125489443968
54	7	的	0.7514799148935296
54	8	火车	10.475676910607142
54	9	。	4.8576322584665945
55	1	这	6.169506833140072
55	2	是	2.039166957906553
55	3	一	3.388632332291998
55	4	扇	15.100580171043855
55	5	她	9.964798767557781
55	6	设计	15.527125489443968
55	7	的	0.7514799148935296
55	8	窗户	13.035148118194932
55	9	。	4.933651621249695
56	1	这	6.169506833140072
56	2	是	2.039166957906553
56	3	一	3.388632332291998
56	4	辆	10.300418836309078
56	5	她	11.303967030127023
56	6	设计	14.223385921276382
56	7	的	0.7289541889376139
56	8	窗户	12.24873610884353
56	9	。	3.507140442839244
57	1	老师	14.208890694607723
57	2	在	5.2088442774251345
57	3	责备	16.701965679294187
57	4	三	12.159867764811942
57	5	名	3.977404910642875
57	6	他	7.511624824313898
57	7	责备	17.635520073926813
57	8	过	11.327859502306978
57	9	的	7.249583730355695
57	10	学生	10.489326102468695
57	11	。	6.750162801353937
58	1	老师	14.208890694607723
58	2	在	5.2088442774251345
58	3	责备	16.701965679294187
58	4	三	12.159867764811942
58	5	只	8.72202742222327
58	6	他	9.586788796038
58	7	责备	17.726808388118272
58	8	过	11.354089625610897
58	9	的	6.542997375752208
58	10	学生	11.039624692786276
58	11	。	8.923464211001033
59	1	老师	14.208890694607723
59	2	在	5.2088442774251345
59	3	责备	16.701965679294187
59	4	三	12.159867764811942
59	5	只	8.72202742222327
59	6	他	9.586788796038
59	7	责备	17.726808388118272
59	8	过	11.354089625610897
59	9	的	6.542997375752208
59	10	宠物	18.526201622365022
59	11	。	9.684223546698135
60	1	老师	14.208890694607723
60	2	在	5.2088442774251345
60	3	责备	16.701965679294187
60	4	三	12.159867764811942
60	5	名	3.977404910642875
60	6	他	7.511624824313898
60	7	责备	17.635520073926813
60	8	过	11.327859502306978
60	9	的	7.249583730355695
60	10	宠物	18.469457832290672
60	11	。	11.028462365052178
61	1	她	8.573125272999874
61	2	买	13.068421616316346
61	3	过	6.0141076075098105
61	4	两	4.305497780536424
61	5	杯	9.558623426189438
61	6	我	8.495715621604091
61	7	想要	13.941045687286277
61	8	的	11.149192605295518
61	9	咖啡	14.556591614972234
61	10	。	3.188603657515287
62	1	她	8.573125272999874
62	2	买	13.068421616316346
62	3	过	6.0141076075098105
62	4	两	4.305497780536424
62	5	个	3.3957059339889177
62	6	我	9.237306646755684
62	7	想要	12.721308692710743
62	8	的	1.2693812149480692
62	9	咖啡	10.89423551339199
62	10	。	2.9977889909177264
63	1	她	8.573125272999874
63	2	买	13.068421616316346
63	3	过	6.0141076075098105
63	4	两	4.305497780536424
63	5	个	3.3957059339889177
63	6	我	9.237306646755684
63	7	想要	12.721308692710743
63	8	的	1.2693812149480692
63	9	杯子	15.069435762235727
63	10	。	1.3169732014448812
64	1	她	8.573125272999874
64	2	买	13.068421616316346
64	3	过	6.0141076075098105
64	4	两	4.305497780536424
64	5	杯	9.558623426189438
64	6	我	8.495715621604091
64	7	想要	13.941045687286277
64	8	的	11.149192605295518
64	9	杯子	18.873322211880847
64	10	。	2.459532925477447
65	1	孩子	14.458892470983752
65	2	在	5.644609393657564
65	3	卖	11.319569382753382
65	4	五	9.972253214264246
65	5	台	8.2373556045913
65	6	他	14.192482080625055
65	7	买	10.29994885372345
65	8	的	2.600983657978233
65	9	桌子	12.304421916272474
65	10	。	2.7130392730863946
66	1	孩子	14.458892470983752
66	2	在	5.644609393657564
66	3	卖	11.319569382753382
66	4	五	9.972253214264246
66	5	块	5.326553249445304
66	6	他	14.017285532081196
66	7	买	9.673849534373403
66	8	的	2.6266261412810508
66	9	桌子	12.712419785292653
66	10	。	2.7905372424927037
67	1	孩子	14.458892470983752
67	2	在	5.644609393657564
67	3	卖	11.319569382753382
67	4	五	9.972253214264246
67	5	块	5.326553249445304
67	6	他	14.017285532081196
67	7	买	9.673849534373403
67	8	的	2.6266261412810508
67	9	蛋糕	12.925469508520251
67	10	。	1.8911821186723756
68	1	孩子	14.458892470983752
68	2	在	5.644609393657564
68	3	卖	11.319569382753382
68	4	五	9.972253214264246
68	5	台	8.2373556045913
68	6	他	14.192482080625055
68	7	买	10.29994885372345
68	8	的	2.600983657978233
68	9	蛋糕	12.510279215281614
68	10	。	1.6612663066815117
69	1	妈妈	12.81388655451501
69	2	在	6.669479978515886
69	3	做	9.045378617019615
69	4	一	5.255433850051574
69	5	张	5.931828459178718
69	6	我	9.79761321270309
69	7	正在	11.118319004167354
69	8	用	7.768710489926946
69	9	的	2.1882942344854825
69	10	地图	11.116886579017304
69	11	。	4.453369849199163
70	1	妈妈	12.81388655451501
70	2	在	6.669479978515886
70	3	做	9.045378617019615
70	4	一	5.255433850051574
70	5	面	9.436344972224127
70	6	我	9.033955974515898
70	7	正在	12.563684672319297
70	8	用	7.90691386990396
70	9	的	1.9869040849715418
70	10	地图	11.555268509732954
70	11	。	4.4950511705978755
71	1	妈妈	12.81388655451501
71	2	在	6.669479978515886
71	3	做	9.045378617019615
71	4	一	5.255433850051574
71	5	面	9.436344972224127
71	6	我	9.033955974515898
71	7	正在	12.563684672319297
71	8	用	7.90691386990396
71	9	的	1.9869040849715418
71	10	镜子	15.409453352607855
71	11	。	2.7247198132270682
72	1	妈妈	12.81388655451501
72	2	在	6.669479978515886
72	3	做	9.045378617019615
72	4	一	5.255433850051574
72	5	张	5.931828459178718
72	6	我	9.79761321270309
72	7	正在	11.118319004167354
72	8	用	7.768710489926946
72	9	的	2.1882942344854825
72	10	镜子	15.449578860366074
72	11	。	2.5318950119458776
73	1	爸爸	11.722064766050746
73	2	买	9.871818124078182
73	3	了	1.3086636412836903
73	4	一	3.6743950644705237
73	5	栋	6.942655674588494
73	6	他	11.401252143414283
73	7	听说	13.173262848977146
73	8	过	3.773822144795588
73	9	的	1.8306304366218455
73	10	房子	6.856142505745382
73	11	。	2.572405557047489
74	1	爸爸	11.722064766050746
74	2	买	9.871818124078182
74	3	了	1.3086636412836903
74	4	一	3.6743950644705237
74	5	条	5.105014056602279
74	6	他	12.760765891128777
74	7	听说	13.480641290999479
74	8	过	2.69072103334981
74	9	的	1.1195274586541757
74	10	房子	7.408066517375531
74	11	。	2.136800601206531
75	1	爸爸	11.722064766050746
75	2	买	9.871818124078182
75	3	了	1.3086636412836903
75	4	一	3.6743950644705237
75	5	条	5.105014056602279
75	6	他	12.760765891128777
75	7	听说	13.480641290999479
75	8	过	2.69072103334981
75	9	的	1.1195274586541757
75	10	沙发	14.877286919327645
75	11	。	1.5429619616216144
76	1	爸爸	11.722064766050746
76	2	买	9.871818124078182
76	3	了	1.3086636412836903
76	4	一	3.6743950644705237
76	5	栋	6.942655674588494
76	6	他	11.401252143414283
76	7	听说	13.173262848977146
76	8	过	3.773822144795588
76	9	的	1.8306304366218455
76	10	沙发	14.98785954197021
76	11	。	1.9422428476519542
77	1	我	5.748868951361998
77	2	想	4.054426976940209
77	3	种	16.273367980490136
77	4	一	4.1586946673491205
77	5	朵	19.808333728560076
77	6	她	9.008383403148784
77	7	研究	14.55277715515821
77	8	过	3.7052792530140835
77	9	的	1.499794013184271
77	10	玫瑰	19.697392381189715
77	11	。	3.5028859133973214
78	1	我	5.748868951361998
78	2	想	4.054426976940209
78	3	种	16.273367980490136
78	4	一	4.1586946673491205
78	5	颗	12.094692665084384
78	6	她	11.39675121824579
78	7	研究	15.090880698044835
78	8	过	4.337693549407717
78	9	的	1.3002853185804781
78	10	玫瑰	18.51337727830402
78	11	。	2.902517668040389
79	1	我	5.748868951361998
79	2	想	4.054426976940209
79	3	种	16.273367980490136
79	4	一	4.1586946673491205
79	5	颗	12.094692665084384
79	6	她	11.39675121824579
79	7	研究	15.090880698044835
79	8	过	4.337693549407717
79	9	的	1.3002853185804781
79	10	种子	13.751469006465669
79	11	。	2.5494241844805146
80	1	我	5.748868951361998
80	2	想	4.054426976940209
80	3	种	16.273367980490136
80	4	一	4.1586946673491205
80	5	朵	19.808333728560076
80	6	她	9.008383403148784
80	7	研究	14.55277715515821
80	8	过	3.7052792530140835
80	9	的	1.499794013184271
80	10	种子	14.621257684495305
80	11	。	3.0671791197476495
81	1	我	5.748868951361998
81	2	经常	10.058305955724276
81	3	去	7.821566686601683
81	4	一	6.462796263502451
81	5	家	6.457539913651896
81	6	他	9.326829555149345
81	7	去年	13.745264288277284
81	8	去	5.99325124986288
81	9	过	4.560675947920743
81	10	的	1.115645758484476
81	11	医院	6.564837845971837
81	12	。	5.67739938460376
82	1	我	5.748868951361998
82	2	经常	10.058305955724276
82	3	去	7.821566686601683
82	4	一	6.462796263502451
82	5	座	7.4463386002619565
82	6	他	11.04218748298161
82	7	去年	13.748484462830739
82	8	去	6.22913048270734
82	9	过	4.659440537612809
82	10	的	0.8374877804684502
82	11	医院	7.464262309213851
82	12	。	4.298023778205817
83	1	我	5.748868951361998
83	2	经常	10.058305955724276
83	3	去	7.821566686601683
83	4	一	6.462796263502451
83	5	座	7.4463386002619565
83	6	他	11.04218748298161
83	7	去年	13.748484462830739
83	8	去	6.22913048270734
83	9	过	4.659440537612809
83	10	的	0.8374877804684502
83	11	城市	8.977465631566218
83	12	。	3.762151167004248
84	1	我	5.748868951361998
84	2	经常	10.058305955724276
84	3	去	7.821566686601683
84	4	一	6.462796263502451
84	5	家	6.457539913651896
84	6	他	9.326829555149345
84	7	去年	13.745264288277284
84	8	去	5.99325124986288
84	9	过	4.560675947920743
84	10	的	1.115645758484476
84	11	城市	8.28489695119626
84	12	。	5.151884782200085
85	1	我	5.748868951361998
85	2	拜访	15.614844142778892
85	3	了	3.1018813261565583
85	4	这	4.247866022855938
85	5	一	3.6857852895043592
85	6	所	10.175632170815483
85	7	我	6.522081794953557
85	8	怀念	16.719358858121936
85	9	的	0.6488682338994636
85	10	高中	14.58010749413701
85	11	。	3.478070672681312
86	1	我	5.748868951361998
86	2	拜访	15.614844142778892
86	3	了	3.1018813261565583
86	4	这	4.247866022855938
86	5	一	3.6857852895043592
86	6	位	5.93415508786962
86	7	我	6.562956217083055
86	8	怀念	16.890018526629483
86	9	的	1.0975959367321835
86	10	高中	14.638820382023944
86	11	。	3.464005165397623
87	1	我	5.748868951361998
87	2	拜访	15.614844142778892
87	3	了	3.1018813261565583
87	4	这	4.247866022855938
87	5	一	3.6857852895043592
87	6	位	5.93415508786962
87	7	我	6.562956217083055
87	8	怀念	16.890018526629483
87	9	的	1.0975959367321835
87	10	老师	10.687205894898376
87	11	。	2.8285420867934477
88	1	我	5.748868951361998
88	2	拜访	15.614844142778892
88	3	了	3.1018813261565583
88	4	这	4.247866022855938
88	5	一	3.6857852895043592
88	6	所	10.175632170815483
88	7	我	6.522081794953557
88	8	怀念	16.719358858121936
88	9	的	0.6488682338994636
88	10	老师	12.13278532217062
88	11	。	2.8415934684682185
89	1	他	5.550051642598445
89	2	在	4.707967968463759
89	3	读	11.464990047701571
89	4	一	5.956433219640417
89	5	条	6.1197278044100365
89	6	网友	14.419201199200373
89	7	写	8.234939211105406
89	8	的	0.7418913666924567
89	9	评论	7.751460589962676
89	10	。	2.4848722485469494
90	1	他	5.550051642598445
90	2	在	4.707967968463759
90	3	读	11.464990047701571
90	4	一	5.956433219640417
90	5	首	7.5468117399969366
90	6	网友	14.231257639928188
90	7	写	8.304060983828407
90	8	的	0.7275957061733394
90	9	评论	7.650201267008576
90	10	。	2.773648618661781
91	1	他	5.550051642598445
91	2	在	4.707967968463759
91	3	读	11.464990047701571
91	4	一	5.956433219640417
91	5	首	7.5468117399969366
91	6	网友	14.231257639928188
91	7	写	8.304060983828407
91	8	的	0.7275957061733394
91	9	诗歌	19.256233594850237
91	10	。	2.8534002026380563
92	1	他	5.550051642598445
92	2	在	4.707967968463759
92	3	读	11.464990047701571
92	4	一	5.956433219640417
92	5	条	6.1197278044100365
92	6	网友	14.419201199200373
92	7	写	8.234939211105406
92	8	的	0.7418913666924567
92	9	诗歌	19.27667023371724
92	10	。	2.4187943626384936
93	1	她	8.573125272999874
93	2	从来	10.991053063230957
93	3	没	3.6567753252910116
93	4	见	6.971254401856555
93	5	过	0.22638843652536167
93	6	一	5.020165173623152
93	7	头	7.757729829184356
93	8	他	7.780923431766965
93	9	画	14.815834253749074
93	10	的	0.6561505611233116
93	11	老虎	16.937045653364336
93	12	。	2.7997277501095255
94	1	她	8.573125272999874
94	2	从来	10.991053063230957
94	3	没	3.6567753252910116
94	4	见	6.971254401856555
94	5	过	0.22638843652536167
94	6	一	5.020165173623152
94	7	双	10.084990445024978
94	8	他	9.061193205836048
94	9	画	14.432180355538641
94	10	的	0.6325579831771648
94	11	老虎	17.04054608748676
94	12	。	2.3650168081986465
95	1	她	8.573125272999874
95	2	从来	10.991053063230957
95	3	没	3.6567753252910116
95	4	见	6.971254401856555
95	5	过	0.22638843652536167
95	6	一	5.020165173623152
95	7	双	10.084990445024978
95	8	他	9.061193205836048
95	9	画	14.432180355538641
95	10	的	0.6325579831771648
95	11	眼睛	7.357585164737557
95	12	。	1.8381380806536924
96	1	她	8.573125272999874
96	2	从来	10.991053063230957
96	3	没	3.6567753252910116
96	4	见	6.971254401856555
96	5	过	0.22638843652536167
96	6	一	5.020165173623152
96	7	头	7.757729829184356
96	8	他	7.780923431766965
96	9	画	14.815834253749074
96	10	的	0.6561505611233116
96	11	眼睛	6.760989083833238
96	12	。	2.3315292075093765
97	1	我	5.748868951361998
97	2	还	8.384813454126569
97	3	没有	3.4976322556732633
97	4	检查	13.386960417644211
97	5	一	7.255570265186989
97	6	份	4.2821676885114215
97	7	他	7.6405629445321
97	8	刚刚	11.942220861450501
97	9	在	4.041103173351857
97	10	看	9.600715103791785
97	11	的	1.7206010395760103
97	12	作业	13.217662300234494
97	13	。	2.8887377162432557
98	1	我	5.748868951361998
98	2	还	8.384813454126569
98	3	没有	3.4976322556732633
98	4	检查	13.386960417644211
98	5	一	7.255570265186989
98	6	行	13.407686683508025
98	7	他	8.393982271705234
98	8	刚刚	12.31285224262163
98	9	在	4.104995854519714
98	10	看	8.905389960520452
98	11	的	1.5953038110868363
98	12	作业	12.931927037205412
98	13	。	2.3260405075487256
99	1	我	5.748868951361998
99	2	还	8.384813454126569
99	3	没有	3.4976322556732633
99	4	检查	13.386960417644211
99	5	一	7.255570265186989
99	6	行	13.407686683508025
99	7	他	8.393982271705234
99	8	刚刚	12.31285224262163
99	9	在	4.104995854519714
99	10	看	8.905389960520452
99	11	的	1.5953038110868363
99	12	公式	17.04726735253324
99	13	。	2.857973457415042
100	1	我	5.748868951361998
100	2	还	8.384813454126569
100	3	没有	3.4976322556732633
100	4	检查	13.386960417644211
100	5	一	7.255570265186989
100	6	份	4.2821676885114215
100	7	他	7.6405629445321
100	8	刚刚	11.942220861450501
100	9	在	4.041103173351857
100	10	看	9.600715103791785
100	11	的	1.7206010395760103
100	12	公式	17.155701662226733
100	13	。	3.634230549849761
101	1	孩子	14.458892470983752
101	2	听到	10.753289827440796
101	3	了	3.480965866558744
101	4	一	6.635726865000763
101	5	首	10.055740206145643
101	6	他	8.355409822361906
101	7	熟悉	12.566670956156848
101	8	的	0.644737840443554
101	9	歌曲	9.719641954666713
101	10	。	1.8638801139996701
102	1	孩子	14.458892470983752
102	2	听到	10.753289827440796
102	3	了	3.480965866558744
102	4	一	6.635726865000763
102	5	张	6.334828376395393
102	6	他	8.616341186921012
102	7	熟悉	12.460059488717633
102	8	的	0.48877874474380434
102	9	歌曲	9.969135689498323
102	10	。	2.2109407238834535
103	1	孩子	14.458892470983752
103	2	听到	10.753289827440796
103	3	了	3.480965866558744
103	4	一	6.635726865000763
103	5	张	6.334828376395393
103	6	他	8.616341186921012
103	7	熟悉	12.460059488717633
103	8	的	0.48877874474380434
103	9	专辑	11.465106286642616
103	10	。	2.491202407569972
104	1	孩子	14.458892470983752
104	2	听到	10.753289827440796
104	3	了	3.480965866558744
104	4	一	6.635726865000763
104	5	首	10.055740206145643
104	6	他	8.355409822361906
104	7	熟悉	12.566670956156848
104	8	的	0.644737840443554
104	9	专辑	12.119223130859794
104	10	。	2.1781415926228647
105	1	护士	17.779600320051173
105	2	做	12.30530171830408
105	3	了	0.7820315635025956
105	4	一	5.280024653768084
105	5	次	4.0055591726309885
105	6	她	8.94762744351938
105	7	需要	13.34210025311453
105	8	做	5.9986555094612015
105	9	的	6.458223418477857
105	10	检查	13.823298532283161
105	11	。	4.7217605509885345
106	1	护士	17.779600320051173
106	2	做	12.30530171830408
106	3	了	0.7820315635025956
106	4	一	5.280024653768084
106	5	篇	5.5935744394901405
106	6	她	7.588352357522112
106	7	需要	10.717367287974092
106	8	做	3.566007177531752
106	9	的	0.1550063000399362
106	10	检查	12.908562810913672
106	11	。	3.554374795517063
107	1	护士	17.779600320051173
107	2	做	12.30530171830408
107	3	了	0.7820315635025956
107	4	一	5.280024653768084
107	5	篇	5.5935744394901405
107	6	她	7.588352357522112
107	7	需要	10.717367287974092
107	8	做	3.566007177531752
107	9	的	0.1550063000399362
107	10	报告	8.828701913136577
107	11	。	2.991712330004532
108	1	护士	17.779600320051173
108	2	做	12.30530171830408
108	3	了	0.7820315635025956
108	4	一	5.280024653768084
108	5	次	4.0055591726309885
108	6	她	8.94762744351938
108	7	需要	13.34210025311453
108	8	做	5.9986555094612015
108	9	的	6.458223418477857
108	10	报告	14.148258809571445
108	11	。	4.483124882100185
109	1	这里	9.781351660096954
109	2	是	1.2717003289352409
109	3	两	8.449333224950824
109	4	台	10.62388180619617
109	5	厂家	15.346765051071056
109	6	刚	11.692916913623883
109	7	接到	13.000815833403443
109	8	的	1.497450973906595
109	9	电视	9.448115130715252
109	10	。	4.379936221647327
110	1	这里	9.781351660096954
110	2	是	1.2717003289352409
110	3	两	8.449333224950824
110	4	份	9.510380988353582
110	5	厂家	16.168613056136586
110	6	刚	12.35905646226567
110	7	接到	13.10790569694926
110	8	的	2.3862113473270625
110	9	电视	8.979654079367506
110	10	。	5.037237114705221
111	1	这里	9.781351660096954
111	2	是	1.2717003289352409
111	3	两	8.449333224950824
111	4	份	9.510380988353582
111	5	厂家	16.168613056136586
111	6	刚	12.35905646226567
111	7	接到	13.10790569694926
111	8	的	2.3862113473270625
111	9	订单	17.86520467658248
111	10	。	1.4857720407595565
112	1	这里	9.781351660096954
112	2	是	1.2717003289352409
112	3	两	8.449333224950824
112	4	台	10.62388180619617
112	5	厂家	15.346765051071056
112	6	刚	11.692916913623883
112	7	接到	13.000815833403443
112	8	的	1.497450973906595
112	9	订单	17.202153024364023
112	10	。	1.617450368129795
113	1	他	5.550051642598445
113	2	很	8.858694094663973
113	3	欣赏	11.723720770761467
113	4	一	5.041071374297747
113	5	处	10.822059365834953
113	6	他	6.280001766009427
113	7	今天	11.209782384552845
113	8	见到	12.328775639007773
113	9	的	2.3590233954621027
113	10	景点	15.723826726183106
113	11	。	2.411657091367516
114	1	他	5.550051642598445
114	2	很	8.858694094663973
114	3	欣赏	11.723720770761467
114	4	一	5.041071374297747
114	5	位	4.9957403223719865
114	6	他	5.068776625318819
114	7	今天	10.827190277564753
114	8	见到	12.648422305809625
114	9	的	2.812221574555707
114	10	景点	16.152079066895894
114	11	。	3.297091594203607
115	1	他	5.550051642598445
115	2	很	8.858694094663973
115	3	欣赏	11.723720770761467
115	4	一	5.041071374297747
115	5	位	4.9957403223719865
115	6	他	5.068776625318819
115	7	今天	10.827190277564753
115	8	见到	12.648422305809625
115	9	的	2.812221574555707
115	10	领导	11.931888271533765
115	11	。	5.790585189864871
116	1	他	5.550051642598445
116	2	很	8.858694094663973
116	3	欣赏	11.723720770761467
116	4	一	5.041071374297747
116	5	处	10.822059365834953
116	6	他	6.280001766009427
116	7	今天	11.209782384552845
116	8	见到	12.328775639007773
116	9	的	2.3590233954621027
116	10	领导	12.66775109197468
116	11	。	4.483371631336311
117	1	那里	14.102141220961288
117	2	有	3.6910395350730223
117	3	一	2.640824336322588
117	4	支	6.96739859320876
117	5	司令	17.20347659684013
117	6	安排	12.269716662253607
117	7	的	12.477481120485997
117	8	舰队	16.27876198461891
117	9	。	3.089796999357077
118	1	那里	14.102141220961288
118	2	有	3.6910395350730223
118	3	一	2.640824336322588
118	4	艘	8.11902754584008
118	5	司令	16.179659411288068
118	6	安排	11.691295985785978
118	7	的	12.369030374204598
118	8	舰队	16.378462117112647
118	9	。	2.764017199967128
119	1	那里	14.102141220961288
119	2	有	3.6910395350730223
119	3	一	2.640824336322588
119	4	艘	8.11902754584008
119	5	司令	16.179659411288068
119	6	安排	11.691295985785978
119	7	的	12.369030374204598
119	8	渔船	15.3436952180637
119	9	。	3.3433034105038217
120	1	那里	14.102141220961288
120	2	有	3.6910395350730223
120	3	一	2.640824336322588
120	4	支	6.96739859320876
120	5	司令	17.20347659684013
120	6	安排	12.269716662253607
120	7	的	12.477481120485997
120	8	渔船	15.22127772454725
120	9	。	4.129267709034934
