sentence_id	token_id	token	surprisal
1	1	那	7.493794636166048
1	2	位	6.571063280964162
1	3	教授	9.374938141286558
1	4	写	10.087168586379626
1	5	了	0.9443833418197798
1	6	令	10.025633825845595
1	7	人	0.2393914829778936
1	8	感动	6.737104068174162
1	9	的	0.17247280316392022
1	10	书	7.6673560368864315
1	11	的	5.9576025474640275
1	12	内容	8.799339357841276
1	13	。	1.1301955723218384
2	1	那	7.493794636166048
2	2	位	6.571063280964162
2	3	教授	9.374938141286558
2	4	打	12.828581792715418
2	5	了	1.9905277411569884
2	6	令	13.236843112445491
2	7	人	0.3323491588992553
2	8	感动	6.83379120562541
2	9	的	0.21857002165881312
2	10	书	5.809092081571613
2	11	的	16.02753794092682
2	12	内容	11.244539002220918
2	13	。	3.4662683069671516
3	1	弟弟	16.699560227776924
3	2	启动	18.013191593993955
3	3	了	1.306572849681622
3	4	配备	17.061674496700597
3	5	音响	15.666925011978691
3	6	的	6.4331458852163905
3	7	车	10.351045403138414
3	8	。	10.95355651781901
4	1	弟弟	16.699560227776924
4	2	认识	13.264655914570945
4	3	了	2.7381285505680744
4	4	配备	17.93527823166196
4	5	音响	15.842267708833553
4	6	的	4.157916005383228
4	7	车	11.678936378383028
4	8	。	14.495429117504344
5	1	他	5.549796273767723
5	2	拿	12.442163354531658
5	3	了	3.3012461587490876
5	4	桌子	12.373040184354782
5	5	上	12.738173023797493
5	6	的	8.130117067912934
5	7	吸引	17.35585092777633
5	8	他	4.535879385021687
5	9	目光	18.801030258403927
5	10	的	13.35133317295454
5	11	筷子	17.870625419978325
5	12	。	3.5287767418878815
6	1	他	5.549796273767723
6	2	听	11.47352966070996
6	3	了	2.042291052652004
6	4	桌子	14.410414936221592
6	5	上	15.124769960911351
6	6	的	4.976942937158768
6	7	吸引	17.76113715384067
6	8	他	7.876169045422515
6	9	目光	18.399993561241914
6	10	的	7.378244603483466
6	11	筷子	17.06386731276919
6	12	。	2.357205901741281
7	1	她	8.57340978792489
7	2	终于	12.05465714187312
7	3	实现	14.207874878659865
7	4	了	0.1285868797038603
7	5	激励	16.947921118009923
7	6	她	8.934229012740701
7	7	学习	10.011837851655976
7	8	的	1.1395270661365942
7	9	理想	10.109635259786131
7	10	。	0.33147728308526325
8	1	她	8.57340978792489
8	2	终于	12.05465714187312
8	3	购买	13.781870894165344
8	4	了	0.4623902240076134
8	5	激励	17.98977322627406
8	6	她	8.949805339503278
8	7	学习	9.769940911868034
8	8	的	0.6428884173993197
8	9	理想	12.826981422397765
8	10	。	0.6570988876633947
9	1	我	5.7484173394051785
9	2	修理	18.5978995767149
9	3	了	1.1282829651503583
9	4	这个	7.106214604150143
9	5	计算	13.717005182282108
9	6	公式	15.888587615239416
9	7	的	4.39432821495739
9	8	电脑	14.206422001851394
9	9	。	2.0368251602944127
10	1	我	5.7484173394051785
10	2	阅读	15.978779151480442
10	3	了	3.533597924014771
10	4	这个	4.401185330730918
10	5	计算	13.345279631816037
10	6	公式	17.200647493899602
10	7	的	3.7569825785832904
10	8	电脑	14.051042207190008
10	9	。	1.343400740131429
11	1	我	5.7484173394051785
11	2	邀请	14.173729641404215
11	3	过	8.898458628325852
11	4	我	3.8571224384273073
11	5	的	2.153460554974771
11	6	认识	12.471627061179326
11	7	明星	19.881661762614236
11	8	的	9.550878840184708
11	9	朋友	18.185737642989167
11	10	。	1.2616713232869472
12	1	我	5.7484173394051785
12	2	打开	16.847438728997783
12	3	过	6.245608200297902
12	4	我	3.357082095928046
12	5	的	0.36002191218353374
12	6	认识	13.478327410478364
12	7	明星	19.872480187732165
12	8	的	6.151284839190225
12	9	朋友	10.257265699192502
12	10	。	0.8769055809089821
13	1	记者	9.93955045965084
13	2	采访	8.178878491367163
13	3	了	6.1175516855733925
13	4	获得	12.873701392468394
13	5	大奖	15.04003153243103
13	6	的	0.5007548834195177
13	7	艺术家	12.481007701877452
13	8	。	3.2012672813800975
14	1	记者	9.93955045965084
14	2	制作	15.125275765675331
14	3	了	2.7873307452133567
14	4	获得	13.017771554001111
14	5	大奖	15.438765816343341
14	6	的	0.46140538319816926
14	7	艺术家	11.470205780745054
14	8	。	2.0207591864434136
15	1	他	5.549796273767723
15	2	参与	13.427312754791974
15	3	了	1.796810418356685
15	4	伤害	18.06640441923811
15	5	了	7.419469749869137
15	6	很多	9.349686930350316
15	7	家庭	8.222404595095071
15	8	的	0.6491852885917808
15	9	战争	11.56848172942064
15	10	。	3.2363518481129745
16	1	他	5.549796273767723
16	2	建造	15.989118488653922
16	3	了	1.177262212456263
16	4	伤害	18.14885270679508
16	5	了	9.37230675461278
16	6	很多	9.217453945320507
16	7	家庭	8.176087299360987
16	8	的	0.588588811985403
16	9	战争	12.91777847540206
16	10	。	12.39150972827673
17	1	她	8.57340978792489
17	2	批评	11.028193300213674
17	3	了	3.954675554257939
17	4	打	15.402256516757003
17	5	游戏	15.337089323121283
17	6	的	1.293028823165514
17	7	儿子	7.453934703755607
17	8	。	3.269104072524769
18	1	她	8.57340978792489
18	2	改正	19.92104012006765
18	3	了	2.0086430316590516
18	4	打	13.995391433326233
18	5	游戏	15.41770578509049
18	6	的	0.48825354539113874
18	7	儿子	8.860262249755372
18	8	。	2.120259803193065
19	1	我	5.7484173394051785
19	2	结束	15.556361028304543
19	3	了	0.6391221830136153
19	4	令	11.521912260941892
19	5	人	0.37744023633351276
19	6	开心	10.056581718287589
19	7	的	0.013020123762927938
19	8	谈话	11.223112108854664
19	9	。	0.884719247544183
20	1	我	5.7484173394051785
20	2	表扬	19.089997581689836
20	3	了	1.8967913570842967
20	4	令	10.690894040832738
20	5	人	0.5521492236203116
20	6	开心	10.513282424939959
20	7	的	0.018147975744589928
20	8	谈话	13.369695402940565
20	9	。	1.1872504807946669
21	1	他	5.549796273767723
21	2	买	13.858761533608323
21	3	了	1.4820791356877585
21	4	这些	10.512125540366178
21	5	可以	11.245931253817282
21	6	带来	11.247292288837535
21	7	好运	15.976218780330925
21	8	的	1.0011040656630428
21	9	笔	14.206795480778553
21	10	。	3.6224925932062035
22	1	他	5.549796273767723
22	2	种	15.85349430642124
22	3	了	2.6139675262697466
22	4	这些	7.894092733909432
22	5	可以	10.394320050901097
22	6	带来	10.62485771563334
22	7	好运	16.662374374754457
22	8	的	0.766945536052134
22	9	笔	16.308014860805102
22	10	。	1.2317246610130042
23	1	他	5.549796273767723
23	2	提出	10.480388727943367
23	3	了	2.929198884292738
23	4	很多	8.59296529347612
23	5	引	16.065319441464048
23	6	人	1.1991261311419237
23	7	思考	11.386867351953505
23	8	的	0.21486228081499092
23	9	问题	5.091710936067635
23	10	。	8.337079068473898
24	1	他	5.549796273767723
24	2	申请	13.756510429411819
24	3	了	5.693996152145704
24	4	很多	10.370743567266182
24	5	引	16.682974176817083
24	6	人	0.9832295036657754
24	7	思考	11.393000394729157
24	8	的	0.1718584236833891
24	9	问题	5.289726117045703
24	10	。	1.4173830684419784
25	1	这	6.169499773515947
25	2	款	12.759576345442301
25	3	药	11.647502277466387
25	4	治疗	14.548252054095592
25	5	了	8.128902341816818
25	6	困扰	17.61375185035709
25	7	了	13.061320142268613
25	8	他	10.913209722955841
25	9	的	1.0342349677733438
25	10	疾病	10.504314997700689
25	11	。	2.6450533587122322
26	1	这	6.169499773515947
26	2	款	12.759576345442301
26	3	药	11.647502277466387
26	4	缓解	15.361058914877738
26	5	了	0.7651739491837688
26	6	困扰	17.68644454658957
26	7	了	11.92752840949953
26	8	他	12.187779637741954
26	9	的	1.5436044045573851
26	10	疾病	10.632449368627263
26	11	。	11.472367269474432
27	1	我	5.7484173394051785
27	2	看	7.252961161130927
27	3	着	5.3871040318262935
27	4	奶奶	13.04053654820649
27	5	的	2.59373448543489
27	6	令	15.661506477064862
27	7	我	5.718824887616783
27	8	熟悉	12.452581550394981
27	9	的	0.9729945785402236
27	10	面容	13.909226614897918
27	11	。	2.4983840962006667
28	1	我	5.7484173394051785
28	2	听	9.386149402839504
28	3	着	3.946032984762617
28	4	奶奶	12.312769919777008
28	5	的	0.5088817754584909
28	6	令	15.478594059526124
28	7	我	5.384821945091808
28	8	熟悉	12.287942767939796
28	9	的	1.3052386243222713
28	10	面容	14.193510639902755
28	11	。	2.9213408077848015
29	1	学者	14.929665554815998
29	2	发现	10.907052029220754
29	3	了	5.87799864314437
29	4	这个	9.752974201863978
29	5	解开	17.422460918991938
29	6	难题	18.441649135033416
29	7	的	2.3177658098487086
29	8	规律	13.825174399665372
29	9	。	11.42794705463227
30	1	学者	14.929665554815998
30	2	发明	14.688381538123899
30	3	了	1.2998884605148824
30	4	这个	10.956431982470246
30	5	解开	17.800753100643853
30	6	难题	17.68497677986622
30	7	的	0.5827143613868344
30	8	规律	12.805223786216189
30	9	。	3.0604080094822876
31	1	母亲	13.44859915786807
31	2	准备	13.792454143718185
31	3	了	6.961575922871695
31	4	符合	18.087197386243787
31	5	孩子	8.08238593967166
31	6	胃口	17.05687553085567
31	7	的	0.08590923849955345
31	8	晚饭	16.21410816180746
31	9	。	1.884824319527823
32	1	母亲	13.44859915786807
32	2	责备	17.044723498235996
32	3	了	9.454057954717836
32	4	符合	19.447090996787793
32	5	孩子	8.122110347448164
32	6	胃口	19.16146832744721
32	7	的	0.34475154177783907
32	8	晚饭	16.30454237242948
32	9	。	8.209308126730662
33	1	孩子	14.459785924566983
33	2	培养	15.873295095079783
33	3	了	1.6151855124437766
33	4	这个	7.97499498854674
33	5	可以	10.749534442667645
33	6	锻炼	13.004574475208187
33	7	身体	13.473769297778809
33	8	的	0.48586018319608115
33	9	特长	17.004431551695177
33	10	。	3.598488908455522
34	1	孩子	14.459785924566983
34	2	改正	18.39686817916542
34	3	了	1.3188806429105426
34	4	这个	9.52543640158811
34	5	可以	11.431806108370793
34	6	锻炼	13.3413083224114
34	7	身体	13.77378109905925
34	8	的	0.7056476963460483
34	9	特长	16.977158013137156
34	10	。	0.7335220778729763
35	1	政府	10.598009420176997
35	2	设立	11.010917997456446
35	3	了	2.0644724675353814
35	4	帮助	13.96371673577072
35	5	老人	13.839808356912592
35	6	的	1.7033035864207946
35	7	项目	12.533799166874523
35	8	。	8.906355503503434
36	1	政府	10.598009420176997
36	2	引发	14.206235938024559
36	3	了	1.1521905892024655
36	4	帮助	14.598301913367617
36	5	老人	13.137168421762354
36	6	的	2.869573188767724
36	7	项目	18.39484298674926
36	8	。	2.555223269161388
37	1	我	5.7484173394051785
37	2	回忆	12.599256043789492
37	3	了	6.239629947479031
37	4	之前	15.660178326302596
37	5	的	2.1559756528128418
37	6	令	15.685076230069313
37	7	我	5.557027214822462
37	8	难过	10.194674008918497
37	9	的	0.2086072750770569
37	10	经历	8.324982740892366
37	11	。	6.234654617511097
38	1	我	5.7484173394051785
38	2	帮助	14.340352035493506
38	3	了	3.9140662696384396
38	4	之前	15.522490379241116
38	5	的	2.156186338581712
38	6	令	15.90191230147638
38	7	我	4.455117482353657
38	8	难过	9.864641704987115
38	9	的	0.01735151903429255
38	10	经历	8.679949556051426
38	11	。	2.7193602845725167
39	1	花园	17.584012140261812
39	2	长满	16.462025114463152
39	3	了	3.431412337385993
39	4	影响	16.644191129751157
39	5	花朵	17.62042517115473
39	6	成长	18.69359995980507
39	7	的	0.5492722019105258
39	8	草	13.546827930907554
39	9	。	5.59538687806166
40	1	花园	17.584012140261812
40	2	吸引	14.433300584885778
40	3	了	4.239575683809619
40	4	影响	16.000271704505877
40	5	花朵	17.39105966604123
40	6	成长	16.660208871928674
40	7	的	0.27445661108977504
40	8	草	14.489290600081915
40	9	。	7.345112720411933
41	1	雨水	17.68784209503765
41	2	清洗	17.68668481482771
41	3	了	7.383921808482853
41	4	位于	11.94208022790309
41	5	市中心	12.7731174187223
41	6	的	0.537624452856079
41	7	大楼	11.09795514491438
41	8	。	2.2986145966255123
42	1	雨水	17.68784209503765
42	2	灌溉	15.10267147549541
42	3	了	6.0407237363819135
42	4	位于	12.828372689956531
42	5	市中心	12.518518089737803
42	6	的	0.5521090368428645
42	7	大楼	11.583687002492155
42	8	。	2.142656838286058
43	1	我	5.7484173394051785
43	2	听从	19.563360022020255
43	3	了	3.0484034812559457
43	4	老师	12.496761383083125
43	5	的	3.275111298281246
43	6	给	12.210929229412578
43	7	了	5.070720521562322
43	8	我	1.6979495997760807
43	9	信心	15.819165474455176
43	10	的	4.246761056509641
43	11	建议	11.136631963501443
43	12	。	0.6400831821485866
44	1	我	5.7484173394051785
44	2	安装	17.219613742741156
44	3	了	0.839444724810491
44	4	老师	14.303550984782785
44	5	的	1.913354587139004
44	6	给	12.808700542910408
44	7	了	5.046105197588915
44	8	我	1.9435827344539263
44	9	信心	16.06774696912543
44	10	的	4.184626659122799
44	11	建议	11.357699678748247
44	12	。	0.7282996047757706
45	1	警官	20.000981859357292
45	2	疏散	17.272405588462615
45	3	了	5.858676940252252
45	4	破坏	15.152303661352526
45	5	了	1.3151528712287188
45	6	现场	7.505850385363999
45	7	的	3.311306283826781
45	8	人群	10.97374770537445
45	9	。	9.362665847694203
46	1	警官	20.000981859357292
46	2	解除	16.598653565668226
46	3	了	0.9471358635111926
46	4	破坏	14.831165926638732
46	5	了	4.941570615825775
46	6	现场	10.192349006831634
46	7	的	2.038547815254546
46	8	人群	10.230233871170952
46	9	。	9.735943214097375
47	1	他	5.549796273767723
47	2	卖	14.551054336560924
47	3	过	4.918830881641544
47	4	一些	7.086991509235112
47	5	帮助	13.844732775214297
47	6	蔬菜	17.128515166514745
47	7	成熟	15.876913543011717
47	8	的	0.8439835940910427
47	9	化肥	14.268865514451576
47	10	。	7.7817444668131515
48	1	他	5.549796273767723
48	2	摘	19.103947789469707
48	3	过	6.1725245107785085
48	4	一些	9.053868473184846
48	5	帮助	13.032220978983936
48	6	蔬菜	16.419471181390392
48	7	成熟	14.041138000694502
48	8	的	0.058418777235047514
48	9	化肥	14.850712210482328
48	10	。	10.016469237517754
49	1	她	8.57340978792489
49	2	戴	12.991112974855403
49	3	过	8.380689729266443
49	4	导致	17.592257766048327
49	5	她	7.959260387029396
49	6	头痛	15.460199848862544
49	7	的	0.10238533537814476
49	8	耳机	16.75034849705
49	9	。	1.9058493332252908
50	1	她	8.57340978792489
50	2	穿	12.410610116443097
50	3	过	6.584401447339861
50	4	导致	17.700321072895704
50	5	她	9.17739456647596
50	6	头痛	16.02862825129499
50	7	的	0.1368756168192391
50	8	耳机	16.679662460908887
50	9	。	2.2730942476669327
51	1	他	5.549796273767723
51	2	在	4.708201501678041
51	3	学校	11.02274499847019
51	4	里	3.0471158179769056
51	5	吃	9.81375715721251
51	6	过	5.350647517312218
51	7	满足	17.372849568794372
51	8	他	11.867398120012012
51	9	要求	12.608880462300817
51	10	的	11.984610762012224
51	11	饭	16.14874288296579
51	12	。	2.9779026708588816
52	1	他	5.549796273767723
52	2	在	4.708201501678041
52	3	学校	11.02274499847019
52	4	里	3.0471158179769056
52	5	讲	8.6624197565413
52	6	过	5.179542292383836
52	7	满足	19.42508778103312
52	8	他	9.192253215402701
52	9	要求	12.483669651095468
52	10	的	3.0214344627585916
52	11	饭	14.845173369561707
52	12	。	6.806330180892644
53	1	他	5.549796273767723
53	2	见	14.32213414513605
53	3	过	3.615364942722909
53	4	经营	17.364599979862835
53	5	超市	14.875494240118194
53	6	的	2.166790459277557
53	7	店长	17.500143689272015
53	8	。	12.751428163611678
54	1	他	5.549796273767723
54	2	去	11.773821162980628
54	3	过	5.098838753743692
54	4	经营	17.406806127127297
54	5	超市	13.987336529121535
54	6	的	2.334680488024894
54	7	店长	19.49765360169868
54	8	。	11.602572886550305
55	1	我	5.7484173394051785
55	2	听	9.386149402839504
55	3	过	1.4409266297409324
55	4	这些	8.66297307820124
55	5	打扰	19.755203963273345
55	6	了	8.900794983144031
55	7	邻居	15.714979990778872
55	8	的	0.42746595876859317
55	9	声音	7.859799300678631
55	10	。	3.4892970323994916
56	1	我	5.7484173394051785
56	2	见	11.666717488270375
56	3	过	2.88409091951722
56	4	这些	9.055135611390948
56	5	打扰	18.493600700641636
56	6	了	4.908412330112434
56	7	邻居	20.452630115443668
56	8	的	0.8980971384827683
56	9	声音	8.133560427308879
56	10	。	2.416204008422426
57	1	爷爷	17.687414676680586
57	2	安装	17.6951935687778
57	3	过	9.742316779859891
57	4	打印	17.460205481073615
57	5	文件	15.069720613731022
57	6	的	14.262262192161302
57	7	机器	14.574447146319926
57	8	。	11.22911623506127
58	1	爷爷	17.687414676680586
58	2	种植	18.152941509269485
58	3	过	9.849011820809388
58	4	打印	18.64029953211
58	5	文件	16.452545899048687
58	6	的	14.867290047005227
58	7	机器	15.925656299026627
58	8	。	2.5481116739508565
59	1	她	8.57340978792489
59	2	说	1.6382924090625615
59	3	过	10.018110722895043
59	4	这	6.799155770104296
59	5	些	14.385844520024023
59	6	伤害	12.121688503378458
59	7	彼此	16.784202598860915
59	8	感情	14.91386419385455
59	9	的	10.992936357844357
59	10	话	14.53551240992104
59	11	。	8.225279141694685
60	1	她	8.57340978792489
60	2	吃	12.583524266323591
60	3	过	4.390314371541322
60	4	这	9.312251125727201
60	5	些	9.808346421693017
60	6	伤害	12.634179528299157
60	7	彼此	19.057302673117803
60	8	感情	11.574823367805664
60	9	的	0.19427289717822305
60	10	话	6.389277142067641
60	11	。	9.951734551701378
61	1	母亲	13.44859915786807
61	2	买	12.451625357099523
61	3	了	1.280163475246006
61	4	包装	17.715714543118896
61	5	礼物	13.574855838807942
61	6	的	5.287434379179857
61	7	纸	13.944271425916675
61	8	。	11.225039124786747
62	1	母亲	13.44859915786807
62	2	喝	10.737542384376813
62	3	了	2.9117916077196675
62	4	包装	17.996161867093637
62	5	礼物	13.05818967393823
62	6	的	6.7148030109165475
62	7	纸	13.922873295787497
62	8	。	9.920355740791067
