sentence_id	token_id	token	surprisal
1	1	那	7.493795195621896
1	2	家	9.147583000775636
1	3	亲切	18.485486887450207
1	4	的	2.074969272609735
1	5	老板	11.25113669025388
1	6	投资	16.5822746449019
1	7	的	8.248279279619098
1	8	饭店	18.763625507307353
1	9	很	8.370881634165272
1	10	受	10.832395971334975
1	11	欢迎	3.099356724519083
1	12	。	4.581821390651257
2	1	那	7.493795195621896
2	2	个	6.460874683029356
2	3	亲切	17.592162252699982
2	4	的	1.6669006882307151
2	5	老板	12.80194753919654
2	6	投资	17.528713107099968
2	7	的	7.376690511407858
2	8	饭店	19.381372162633497
2	9	很	8.953678269101687
2	10	受	11.457126403971643
2	11	欢迎	2.8012821947521758
2	12	。	3.6673379799278933
3	1	那	7.493795195621896
3	2	幅	13.383425954291102
3	3	聪明	13.4360427732016
3	4	的	1.8314251361873701
3	5	朋友	9.789127301934919
3	6	喜欢	13.072525913833132
3	7	的	8.189588570535072
3	8	画	15.160700053826062
3	9	吸引	16.91390106892875
3	10	了	1.222598862680897
3	11	我	3.250547154601165
3	12	。	7.110868249357367
4	1	那	7.493795195621896
4	2	个	6.460874683029356
4	3	聪明	15.033318560466395
4	4	的	1.15442744036039
4	5	朋友	10.073392834878284
4	6	喜欢	12.772118990925634
4	7	的	7.5988163936503526
4	8	画	16.24869901997142
4	9	吸引	16.709851152331723
4	10	了	0.4136807565370191
4	11	我	1.6710557493432958
4	12	。	2.843746024212635
5	1	那	7.493795195621896
5	2	件	8.954203533443476
5	3	细心	16.583435364979724
5	4	的	0.8719661956300229
5	5	老师	12.866717036612918
5	6	收藏	18.02311672519604
5	7	的	6.6886156192671535
5	8	艺术品	18.969134185064533
5	9	获	15.925242888878941
5	10	了	7.755340788827112
5	11	奖	11.9295066705088
5	12	。	0.8230966965724775
6	1	那	7.493795195621896
6	2	个	6.460874683029356
6	3	细心	16.38265058897791
6	4	的	1.0887927762482867
6	5	老师	11.197532689866225
6	6	收藏	17.867779417167526
6	7	的	6.072667566496804
6	8	艺术品	19.229242140425328
6	9	获	16.21830568943639
6	10	了	7.382630746454069
6	11	奖	11.369588149530713
6	12	。	1.1409347087948305
7	1	那	7.493795195621896
7	2	只	7.510776579648343
7	3	负责	17.326576258916827
7	4	的	6.766920545178365
7	5	店长	19.905737500241194
7	6	喜欢	14.733502569512375
7	7	的	8.605576731428442
7	8	宠物	17.345904087418702
7	9	生病	16.43950585407744
7	10	了	3.4887996075853493
7	11	。	8.19838835628559
8	1	那	7.493795195621896
8	2	个	6.460874683029356
8	3	负责	12.754705911538611
8	4	的	3.324223102365643
8	5	店长	20.75497838870052
8	6	喜欢	15.128189657115897
8	7	的	13.532476052077612
8	8	宠物	19.398736948073918
8	9	生病	16.123496996534143
8	10	了	4.471941604303282
8	11	。	0.5846131891646564
9	1	那	7.493795195621896
9	2	首	11.962071238701729
9	3	有名	12.097913936158363
9	4	的	0.16384776678979662
9	5	明星	12.147252444723616
9	6	唱	15.88299643671737
9	7	的	9.559186145523057
9	8	歌	14.178493708391855
9	9	很	10.641824323989468
9	10	好听	14.997285431435259
9	11	。	1.3013118892477706
10	1	那	7.493795195621896
10	2	个	6.460874683029356
10	3	有名	12.889573575787388
10	4	的	0.1894040000168502
10	5	明星	12.594090314845488
10	6	唱	15.95051935984884
10	7	的	8.319541167194416
10	8	歌	14.623831077881974
10	9	很	9.33530909356179
10	10	好听	15.243350277966002
10	11	。	3.7437361817311228
11	1	那	7.493795195621896
11	2	所	13.325452072597436
11	3	富有	14.182260326599366
11	4	的	2.856339557365196
11	5	老人	11.08860854383201
11	6	去	12.998843255749861
11	7	的	8.82817508075749
11	8	学校	7.301914594119339
11	9	关闭	14.580985660619831
11	10	了	3.0371844929631635
11	11	。	4.145258048500494
12	1	那	7.493795195621896
12	2	个	6.460874683029356
12	3	富有	14.024093652837632
12	4	的	3.395472955901539
12	5	老人	11.22300446460962
12	6	去	12.384644969446299
12	7	的	8.785453412027863
12	8	学校	7.513771752967834
12	9	关闭	14.650072414516629
12	10	了	2.684942897015901
12	11	。	3.4037064470647636
13	1	那	7.493795195621896
13	2	件	8.954203533443476
13	3	紧张	14.107922719855043
13	4	的	1.2451144812621315
13	5	司机	14.230487536737638
13	6	带	9.747303867502026
13	7	的	11.333725325331763
13	8	行李	15.802051806717046
13	9	丢	13.211706075986825
13	10	了	1.232208548477118
13	11	。	9.101044922534129
14	1	那	7.493795195621896
14	2	个	6.460874683029356
14	3	紧张	14.448931504392863
14	4	的	1.1126470059170295
14	5	司机	13.382114543879183
14	6	带	9.43599611022779
14	7	的	10.589931006434682
14	8	行李	15.695944096646002
14	9	丢	12.991063557600086
14	10	了	0.8602641521872414
14	11	。	8.931127216048026
15	1	那	7.493795195621896
15	2	本	9.957850206389697
15	3	有名	13.712568193720262
15	4	的	0.2064286207614181
15	5	作家	10.70103831658836
15	6	写	9.26479574386547
15	7	的	6.496603820601749
15	8	书	13.820409154063846
15	9	很	9.875328250817276
15	10	受	9.281788627850844
15	11	欢迎	2.7095998600717195
15	12	。	1.3728002054288169
16	1	那	7.493795195621896
16	2	个	6.460874683029356
16	3	有名	12.889573575787388
16	4	的	0.1894040000168502
16	5	作家	11.387780172359236
16	6	写	9.462625113227325
16	7	的	6.103538296720856
16	8	书	14.297699101798159
16	9	很	8.827645031338278
16	10	受	9.573460682921151
16	11	欢迎	2.624628025872525
16	12	。	2.755524833220562
17	1	那	7.493795195621896
17	2	辆	10.119367316619996
17	3	熟悉	14.489889409213454
17	4	的	2.9492175846543986
17	5	朋友	12.112589908638853
17	6	开	11.744065069354335
17	7	的	6.33623979008005
17	8	车	8.135417284753743
17	9	坏	15.44887789366284
17	10	了	2.687830925492676
17	11	。	4.572370863642959
18	1	那	7.493795195621896
18	2	个	6.460874683029356
18	3	熟悉	13.941087459403455
18	4	的	2.8786838698263892
18	5	朋友	9.500821531356635
18	6	开	12.709487720396268
18	7	的	6.403077906693575
18	8	车	10.157041291366703
18	9	坏	15.977910281506112
18	10	了	2.7145642249813733
18	11	。	4.476368612594385
19	1	那	7.493795195621896
19	2	份	9.52523722595178
19	3	淘气	19.62100199231884
19	4	的	1.0241521795742656
19	5	孩子	9.496006297909226
19	6	做	12.946557687627177
19	7	的	4.077848498093708
19	8	作业	17.064838133240855
19	9	获	17.373946356721305
19	10	了	7.349160549174684
19	11	奖	11.41658801193691
19	12	。	2.850454396926011
20	1	那	7.493795195621896
20	2	个	6.460874683029356
20	3	淘气	19.03585734398409
20	4	的	0.9689307654265917
20	5	孩子	8.151060743852291
20	6	做	12.392225772848839
20	7	的	4.1304829261463
20	8	作业	16.29508826561152
20	9	获	18.64791094585766
20	10	了	7.1430470448653125
20	11	奖	11.18158840268029
20	12	。	4.3308341906642625
21	1	那	7.493795195621896
21	2	份	9.52523722595178
21	3	严格	14.566342568046839
21	4	的	1.1051343017878388
21	5	老板	14.121463073255434
21	6	制定	14.810423593233807
21	7	的	12.984630431311885
21	8	合同	14.801661121632051
21	9	到期	18.428720817724
21	10	了	8.798890247644138
21	11	。	3.7218725426184136
22	1	那	7.493795195621896
22	2	个	6.460874683029356
22	3	严格	15.045434966458455
22	4	的	0.9114980893691111
22	5	老板	13.30625579160731
22	6	制定	15.533136531636394
22	7	的	12.020745209814635
22	8	合同	15.49747057966043
22	9	到期	18.496574754472533
22	10	了	8.202486061740672
22	11	。	6.083217573097301
23	1	那	7.493795195621896
23	2	间	14.568689205722368
23	3	负责	13.132483828187404
23	4	的	3.7256879239534015
23	5	朋友	12.512107017592378
23	6	开	13.126824722776597
23	7	的	6.806621573234992
23	8	工厂	14.261111902170214
23	9	倒闭	17.63310316074299
23	10	了	5.309633005224015
23	11	。	3.3281358736198
24	1	那	7.493795195621896
24	2	个	6.460874683029356
24	3	负责	12.754705911538611
24	4	的	3.324223102365643
24	5	朋友	11.624424179740135
24	6	开	12.997355030479888
24	7	的	6.362988844646914
24	8	工厂	14.767561881359931
24	9	倒闭	17.734419984664825
24	10	了	4.547237656349239
24	11	。	2.8485286544343893
25	1	那	7.493795195621896
25	2	张	10.080613100595862
25	3	聪明	13.99021521779703
25	4	的	2.1183012248142283
25	5	孩子	8.257448900665025
25	6	照	16.177753235838907
25	7	的	13.159520184134081
25	8	照片	12.945173358434715
25	9	丢	14.768799715915165
25	10	了	0.7526680806068811
25	11	。	7.595556390869788
26	1	那	7.493795195621896
26	2	个	6.460874683029356
26	3	聪明	15.033318560466395
26	4	的	1.15442744036039
26	5	孩子	6.946012352892694
26	6	照	16.086404878707775
26	7	的	13.997182076402957
26	8	照片	13.658280893656539
26	9	丢	15.456000492511848
26	10	了	0.6747245787919383
26	11	。	6.081932987038726
27	1	那	7.493795195621896
27	2	台	13.495354089901877
27	3	负责	12.945211699713127
27	4	的	3.6466092056734354
27	5	老师	11.429334886796134
27	6	用	8.57260702401446
27	7	的	7.526607498504653
27	8	手机	12.53051144599712
27	9	很	8.931356692865734
27	10	好用	15.701800081708157
27	11	。	3.6744259624371836
28	1	那	7.493795195621896
28	2	个	6.460874683029356
28	3	负责	12.754705911538611
28	4	的	3.324223102365643
28	5	老师	13.126775575096726
28	6	用	8.333176171407672
28	7	的	6.8280931638630875
28	8	手机	12.693408711749996
28	9	很	8.999162354610064
28	10	好用	15.784229968197266
28	11	。	2.9165429956993165
29	1	那	7.493795195621896
29	2	朵	21.33490961305144
29	3	细心	17.140265401839528
29	4	的	1.9522475384380442
29	5	邻居	10.114661997006962
29	6	种	15.966738116485374
29	7	的	9.868612526685936
29	8	花	14.00402385257459
29	9	很	9.910210902668126
29	10	好看	14.75318350986474
29	11	。	7.255722197372293
30	1	那	7.493795195621896
30	2	个	6.460874683029356
30	3	细心	16.38265058897791
30	4	的	1.0887927762482867
30	5	邻居	11.386888454488709
30	6	种	16.42952331826033
30	7	的	9.147244354813338
30	8	花	13.572813291788478
30	9	很	7.988438913400756
30	10	好看	16.770077574295627
30	11	。	4.069590317922334
31	1	那	7.493795195621896
31	2	台	13.495354089901877
31	3	优秀	12.088689863298399
31	4	的	1.064683910639772
31	5	科学家	11.311537355401654
31	6	做	10.757932336606103
31	7	的	8.401265734967929
31	8	电视	12.563954886739765
31	9	坏	14.657816668383745
31	10	了	8.231967046976294
31	11	。	3.705889069581744
32	1	那	7.493795195621896
32	2	个	6.460874683029356
32	3	优秀	12.277045518674754
32	4	的	0.7263551978857059
32	5	科学家	10.495655910413863
32	6	做	10.300548800731782
32	7	的	7.839342131959285
32	8	电视	12.9191982234819
32	9	坏	14.661620739288196
32	10	了	7.349681603757759
32	11	。	2.439005448650704
33	1	那	7.493795195621896
33	2	栋	11.97400750801507
33	3	富有	14.814495114518852
33	4	的	3.610009854354608
33	5	男人	8.451388478645718
33	6	买	12.530539334960189
33	7	的	8.266080612074958
33	8	房子	6.704119065805656
33	9	起火	16.061436648560658
33	10	了	5.361711042808452
33	11	。	4.236523340937239
34	1	那	7.493795195621896
34	2	个	6.460874683029356
34	3	富有	14.024093652837632
34	4	的	3.395472955901539
34	5	男人	7.058725097045102
34	6	买	13.197753326147478
34	7	的	7.828905707895821
34	8	房子	6.440123391848971
34	9	起火	17.50129557231496
34	10	了	4.909143542068733
34	11	。	3.3022977364482244
35	1	那	7.493795195621896
35	2	条	10.255700779224249
35	3	紧张	14.830784196335134
35	4	的	1.3298287664642174
35	5	朋友	15.866027491457082
35	6	给	8.469839212858723
35	7	的	13.700732903005282
35	8	建议	11.9220312895456
35	9	很	11.654015753100936
35	10	真诚	11.462996173380219
35	11	。	3.6763345387092556
36	1	那	7.493795195621896
36	2	个	6.460874683029356
36	3	紧张	14.448931504392863
36	4	的	1.1126470059170295
36	5	朋友	13.35725432805922
36	6	给	8.834093896092106
36	7	的	13.46655723231487
36	8	建议	12.030584515707403
36	9	很	11.423338519606958
36	10	真诚	11.346690959731774
36	11	。	3.2224896711013855
37	1	那	7.493795195621896
37	2	支	12.08818230490273
37	3	负责	12.276492747736771
37	4	的	3.9872452923487174
37	5	老师	12.296169990605271
37	6	用	7.91577316779928
37	7	的	7.696898998684212
37	8	笔	14.770839290463947
37	9	坏	14.896967518586322
37	10	了	6.864761347823034
37	11	。	5.354528392086635
38	1	那	7.493795195621896
38	2	个	6.460874683029356
38	3	负责	12.754705911538611
38	4	的	3.324223102365643
38	5	老师	13.126775575096726
38	6	用	8.333176171407672
38	7	的	6.8280931638630875
38	8	笔	15.26750778825307
38	9	坏	14.768436263575822
38	10	了	6.673959075832826
38	11	。	4.406575508186165
39	1	那	7.493795195621896
39	2	只	7.510776579648343
39	3	内向	23.976912195241287
39	4	的	2.834680873886853
39	5	女人	7.655486287679878
39	6	丢	16.956749876764356
39	7	的	7.205384064312057
39	8	鞋子	18.243115153660867
39	9	被	9.335214431444427
39	10	找到	12.778579260906838
39	11	了	1.6623218674677673
39	12	。	5.951765477247875
40	1	那	7.493795195621896
40	2	个	6.460874683029356
40	3	内向	19.434397103299915
40	4	的	1.4692897228449482
40	5	女人	7.856978093067447
40	6	丢	16.851530720374498
40	7	的	7.0221282805868555
40	8	鞋子	18.48197073390702
40	9	被	9.799124673884563
40	10	找到	12.753672085285501
40	11	了	1.9376153673677976
40	12	。	5.017518828725002
41	1	那	7.493795195621896
41	2	条	10.255700779224249
41	3	孤独	16.863772735458294
41	4	的	1.7793089388375094
41	5	邻居	11.368819168352296
41	6	养	14.910983222402628
41	7	的	8.44501837514894
41	8	狗	12.665072739711434
41	9	生病	16.429247165187334
41	10	了	3.4707851748785004
41	11	。	2.1660938290133487
42	1	那	7.493795195621896
42	2	个	6.460874683029356
42	3	孤独	17.386608111460113
42	4	的	1.7151648081381623
42	5	邻居	9.989402467495239
42	6	养	14.695375111832057
42	7	的	8.094090394436108
42	8	狗	12.128584667394051
42	9	生病	16.29773784696087
42	10	了	3.2891001045645822
42	11	。	2.240198338952098
43	1	那	7.493795195621896
43	2	座	11.428302039892092
43	3	幽默	14.325624595345133
43	4	的	2.4342539767226015
43	5	老人	10.136105487444866
43	6	修	16.951205312970636
43	7	的	6.41508120181134
43	8	桥	14.88752808357792
43	9	帮助	15.740880959137783
43	10	了	4.706303365519233
43	11	我	3.191646315057895
43	12	。	2.804111896436126
44	1	那	7.493795195621896
44	2	个	6.460874683029356
44	3	幽默	16.215635584267297
44	4	的	1.3823114025419834
44	5	老人	10.62708357507454
44	6	修	17.384771687083955
44	7	的	5.749474034511607
44	8	桥	14.98857025955762
44	9	帮助	15.43183946088665
44	10	了	4.7582004981696855
44	11	我	2.655461452219967
44	12	。	2.661944428770042
45	1	那	7.493795195621896
45	2	篇	9.761977060287375
45	3	认真	15.613073978379127
45	4	的	1.2208232436972466
45	5	学生	13.130162569990702
45	6	准备	13.797223080551618
45	7	的	10.400938127517442
45	8	报告	9.685205664881934
45	9	感动	18.552229310877905
45	10	了	3.20749071979715
45	11	我	5.627213912622793
45	12	。	2.168354604596672
46	1	那	7.493795195621896
46	2	个	6.460874683029356
46	3	认真	15.724616593814456
46	4	的	1.2028862469027288
46	5	学生	11.873392722815755
46	6	准备	12.322161267468353
46	7	的	12.783937581766615
46	8	报告	14.842713106389738
46	9	感动	19.492881129563102
46	10	了	4.567121670560411
46	11	我	5.829502837112656
46	12	。	4.140208158107669
47	1	那	7.493795195621896
47	2	封	13.459250261063566
47	3	亲切	15.50247185301021
47	4	的	2.571998143140526
47	5	朋友	10.313183646067372
47	6	写	10.435391502830143
47	7	的	4.889228475519445
47	8	信	12.34950840328797
47	9	很	9.247084372814896
47	10	真诚	12.311007505407872
47	11	。	1.0748827817037636
48	1	那	7.493795195621896
48	2	个	6.460874683029356
48	3	亲切	17.592162252699982
48	4	的	1.6669006882307151
48	5	朋友	9.403559854693988
48	6	写	9.887137832532417
48	7	的	4.874117261458011
48	8	信	12.456007692449283
48	9	很	10.710592675204623
48	10	真诚	11.573238122360124
48	11	。	1.1460014617946115
49	1	那	7.493795195621896
49	2	堂	20.99948703806416
49	3	有名	12.632424907847525
49	4	的	0.4517787204392505
49	5	老师	11.955908549876042
49	6	教	12.501126111930773
49	7	的	10.217392798890529
49	8	课	14.102048447264522
49	9	获	17.251126464099315
49	10	了	6.642805960232295
49	11	奖	9.820400437281933
49	12	。	0.7923612858681963
50	1	那	7.493795195621896
50	2	个	6.460874683029356
50	3	有名	12.889573575787388
50	4	的	0.1894040000168502
50	5	老师	12.541794039195644
50	6	教	12.756044436370068
50	7	的	10.24165200643683
50	8	课	13.618682047614492
50	9	获	17.54782693426779
50	10	了	6.90836478929819
50	11	奖	10.139235123943578
50	12	。	1.37071278631052
51	1	那	7.493795195621896
51	2	块	12.190074794046854
51	3	细心	15.886118302874074
51	4	的	0.9387736649869254
51	5	医生	10.731081456186963
51	6	喜欢	12.740623197946448
51	7	的	7.564197022147198
51	8	手表	15.308592820267279
51	9	丢	17.255785589108925
51	10	了	1.1526395504732108
51	11	。	6.060883389253476
52	1	那	7.493795195621896
52	2	个	6.460874683029356
52	3	细心	16.38265058897791
52	4	的	1.0887927762482867
52	5	医生	10.510004316603034
52	6	喜欢	12.459967716812429
52	7	的	7.019204565372291
52	8	手表	16.011081433335747
52	9	丢	16.84115098977091
52	10	了	1.0691566377852268
52	11	。	6.04223833318332
53	1	那	7.493795195621896
53	2	篇	9.761977060287375
53	3	优秀	13.418877945389191
53	4	的	0.7920131226138416
53	5	学生	11.180774204349003
53	6	写	8.561193171005542
53	7	的	7.602360661933034
53	8	论文	11.795089342479258
53	9	感动	16.340007040056648
53	10	了	8.789775093628563
53	11	我	6.6476099307686525
53	12	。	2.090254713511726
54	1	那	7.493795195621896
54	2	个	6.460874683029356
54	3	优秀	12.277045518674754
54	4	的	0.7263551978857059
54	5	学生	7.583059906845715
54	6	写	8.963352634804899
54	7	的	7.476211614883063
54	8	论文	11.160698782089447
54	9	感动	16.590885780292844
54	10	了	7.237422559080414
54	11	我	5.013230733899306
54	12	。	3.127337270590317
55	1	那	7.493795195621896
55	2	场	8.824390010556506
55	3	专业	14.324909860609612
55	4	的	1.3999418084677515
55	5	演员	14.560171539296263
55	6	准备	14.618170731568704
55	7	的	12.588268464813915
55	8	表演	14.808481532180807
55	9	很	10.391401457277311
55	10	受	11.381408222404616
55	11	欢迎	3.0340089733037985
55	12	。	3.3586427405073493
56	1	那	7.493795195621896
56	2	个	6.460874683029356
56	3	专业	11.96074260708114
56	4	的	3.223363849000595
56	5	演员	14.239052032525784
56	6	准备	13.628272468957405
56	7	的	11.997301347909257
56	8	表演	15.764201570700607
56	9	很	9.155733812077386
56	10	受	13.081847124800717
56	11	欢迎	4.093260277827412
56	12	。	0.9423141336336442
57	1	那	7.493795195621896
57	2	间	14.568689205722368
57	3	勇敢	16.347795102881214
57	4	的	0.9430692673714418
57	5	警察	10.394741174123247
57	6	工作	13.503981828623097
57	7	的	11.525020185311348
57	8	办公室	15.343515869204381
57	9	起火	14.845148738909955
57	10	了	3.1852378023879595
57	11	。	1.7489279294076283
58	1	那	7.493795195621896
58	2	个	6.460874683029356
58	3	勇敢	15.99609929998925
58	4	的	0.9596849335733957
58	5	警察	10.646364662243577
58	6	工作	13.2070102676185
58	7	的	11.192387230007462
58	8	办公室	15.853191411864529
58	9	起火	14.913213151048836
58	10	了	3.1207454011766487
58	11	。	1.495473185953017
59	1	那	7.493795195621896
59	2	首	11.962071238701729
59	3	聪明	14.88905651857975
59	4	的	1.5071173549034569
59	5	孩子	7.38419663190885
59	6	写	10.532878862859512
59	7	的	5.9412193359750916
59	8	诗	15.167774993668523
59	9	很	9.72569402874835
59	10	有趣	6.572558579897162
59	11	。	1.7256730920422712
60	1	那	7.493795195621896
60	2	个	6.460874683029356
60	3	聪明	15.033318560466395
60	4	的	1.15442744036039
60	5	孩子	6.946012352892694
60	6	写	10.532155149068736
60	7	的	5.112591241251302
60	8	诗	16.474067035619868
60	9	很	8.216104686119095
60	10	有趣	7.016592745984838
60	11	。	3.2009203353066624
61	1	那	7.493795195621896
61	2	家	9.147583000775636
61	3	细心	17.570952022270397
61	4	的	1.5765855853624586
61	5	朋友	7.721141456741385
61	6	去	13.00953555460584
61	7	的	8.397373202249234
61	8	银行	13.260468764221756
61	9	帮助	11.041038299883368
61	10	了	5.321802828396912
61	11	我	2.2479730192275156
61	12	。	5.851580837550202
62	1	那	7.493795195621896
62	2	个	6.460874683029356
62	3	细心	16.38265058897791
62	4	的	1.0887927762482867
62	5	朋友	8.587244603326159
62	6	去	12.639474398332872
62	7	的	8.303444461895225
62	8	银行	13.984040221124694
62	9	帮助	11.491232247761232
62	10	了	5.211060412286258
62	11	我	2.287105636963531
62	12	。	5.1264631541306045
