sentence_id	token_id	token	surprisal
1	1	那	7.493795287484527
1	2	家	9.147580597642385
1	3	老板	11.053641476279438
1	4	投资	12.848278060008894
1	5	的	6.4218980876610345
1	6	饭店	12.285068494708646
1	7	很	8.618684473643242
1	8	受	9.584929271945484
1	9	欢迎	3.918668708896149
1	10	。	7.648957581950427
2	1	那	7.493795287484527
2	2	个	6.4608717677466725
2	3	老板	12.687559838806814
2	4	投资	14.40005644189019
2	5	的	3.205490718971312
2	6	饭店	13.5955188682031
2	7	很	8.860856861246695
2	8	受	10.241745775853488
2	9	欢迎	3.675100680557563
2	10	。	2.8341721648486384
3	1	那	7.493795287484527
3	2	幅	13.383422925122805
3	3	朋友	9.093948382300905
3	4	喜欢	11.94016274758869
3	5	的	3.847225166417914
3	6	画	14.372940517043766
3	7	吸引	16.019935891755175
3	8	了	1.3255278704684912
3	9	我	3.000002723309393
3	10	。	2.331953607978093
4	1	那	7.493795287484527
4	2	个	6.4608717677466725
4	3	朋友	9.613615581134754
4	4	喜欢	11.696139122248308
4	5	的	4.00543398275979
4	6	画	15.473857350608355
4	7	吸引	15.967956134414443
4	8	了	1.1543806360171516
4	9	我	2.8002631209650133
4	10	。	2.592484711103225
5	1	那	7.493795287484527
5	2	件	8.954199923927895
5	3	老师	15.811407975769232
5	4	收藏	15.606553824731634
5	5	的	0.4480590827977906
5	6	艺术品	16.37511977829341
5	7	获	16.393749852880276
5	8	了	6.182287126664605
5	9	奖	11.59230869760836
5	10	。	0.921074563902252
6	1	那	7.493795287484527
6	2	个	6.4608717677466725
6	3	老师	13.299979363507122
6	4	收藏	16.86544090331891
6	5	的	2.048619725999096
6	6	艺术品	16.25121330459767
6	7	获	16.60028181651706
6	8	了	6.5047709625433185
6	9	奖	10.621537683978275
6	10	。	1.3691214102112355
7	1	那	7.493795287484527
7	2	只	7.510780417835662
7	3	店长	23.429455865463634
7	4	喜欢	12.673328682203874
7	5	的	8.010438638353847
7	6	宠物	16.76665430111074
7	7	生病	17.53645588507942
7	8	了	4.9625437311966465
7	9	。	0.5667717024313248
8	1	那	7.493795287484527
8	2	个	6.4608717677466725
8	3	店长	20.590321462047108
8	4	喜欢	14.256031075432844
8	5	的	3.7265350447394496
8	6	宠物	16.892143555719237
8	7	生病	17.58254932704864
8	8	了	6.680203112243362
8	9	。	9.779225479124435
9	1	那	7.493795287484527
9	2	首	11.962067592422347
9	3	明星	14.151578835496103
9	4	唱	14.081510177281473
9	5	的	3.2240190716244683
9	6	歌	9.030224620579077
9	7	很	11.035183436630795
9	8	好听	15.455912175311582
9	9	。	2.516719634361394
10	1	那	7.493795287484527
10	2	个	6.4608717677466725
10	3	明星	14.832325223468905
10	4	唱	15.016643388413058
10	5	的	3.3693578001723523
10	6	歌	9.520900075996643
10	7	很	9.27039449983809
10	8	好听	15.375809428282437
10	9	。	4.355660848116258
11	1	那	7.493795287484527
11	2	所	13.325451377367603
11	3	老人	11.677332852427071
11	4	去	12.798873474195439
11	5	的	6.9710749487946515
11	6	学校	7.796038112832591
11	7	关闭	14.684698306794495
11	8	了	2.1792493774551787
11	9	。	3.1378533769212424
12	1	那	7.493795287484527
12	2	个	6.4608717677466725
12	3	老人	13.016442710842457
12	4	去	12.414979252357508
12	5	的	5.934640014189995
12	6	学校	8.04502788005447
12	7	关闭	14.486892386274342
12	8	了	0.9535460336120423
12	9	。	2.0415797930996433
13	1	那	7.493795287484527
13	2	件	8.954199923927895
13	3	司机	16.278755892605847
13	4	带	8.911778294724556
13	5	的	6.097594422417949
13	6	行李	14.519148847439617
13	7	丢	15.949702042762262
13	8	了	2.5579476399892087
13	9	。	7.711428741174558
14	1	那	7.493795287484527
14	2	个	6.4608717677466725
14	3	司机	14.55833184310958
14	4	带	8.77585990883119
14	5	的	6.085262161108837
14	6	行李	14.494800060774843
14	7	丢	15.501912247226166
14	8	了	2.1706758540463653
14	9	。	8.043764174226453
15	1	那	7.493795287484527
15	2	本	9.957847729542138
15	3	作家	13.802501049233204
15	4	写	8.129828477150994
15	5	的	1.9536865647697397
15	6	书	4.512486470003715
15	7	很	8.677662313231679
15	8	受	10.137353356100327
15	9	欢迎	2.8887176287945664
15	10	。	2.149054593888721
16	1	那	7.493795287484527
16	2	个	6.4608717677466725
16	3	作家	13.140844396390614
16	4	写	9.179649658996613
16	5	的	2.1867970988982606
16	6	书	5.908350701767844
16	7	很	7.982982902898833
16	8	受	10.553941382965562
16	9	欢迎	2.8753883982026878
16	10	。	2.447368072043375
17	1	那	7.493795287484527
17	2	辆	10.119364500959705
17	3	朋友	14.426760829829238
17	4	开	10.590631395810568
17	5	的	4.606646933504784
17	6	车	4.409066547528376
17	7	坏	14.855398037208793
17	8	了	1.8112166731368973
17	9	。	3.511321176571869
18	1	那	7.493795287484527
18	2	个	6.4608717677466725
18	3	朋友	9.613615581134754
18	4	开	12.994648314279576
18	5	的	4.450008625307092
18	6	车	8.038802764154909
18	7	坏	15.439286196941417
18	8	了	1.7402972345958858
18	9	。	3.4956261195223703
19	1	那	7.493795287484527
19	2	份	9.525233788914566
19	3	孩子	14.547097585946382
19	4	做	9.738037981382213
19	5	的	1.291875300883298
19	6	作业	13.470369625757343
19	7	获	16.927415990043805
19	8	了	4.802015806964619
19	9	奖	10.33661670330919
19	10	。	1.4451183405599295
20	1	那	7.493795287484527
20	2	个	6.4608717677466725
20	3	孩子	6.055682371843714
20	4	做	10.141998386762275
20	5	的	3.3183042408716474
20	6	作业	15.695015529859425
20	7	获	18.688456910672635
20	8	了	5.4791300943777514
20	9	奖	10.040388087370701
20	10	。	1.2528895419287096
21	1	那	7.493795287484527
21	2	份	9.525233788914566
21	3	老板	15.010515606082237
21	4	制定	15.30730435684103
21	5	的	2.418825186253976
21	6	合同	11.689990488947892
21	7	到期	18.620071971919643
21	8	了	7.455215864891301
21	9	。	2.296255032703712
22	1	那	7.493795287484527
22	2	个	6.4608717677466725
22	3	老板	12.687559838806814
22	4	制定	16.668665344206293
22	5	的	2.2743697863826355
22	6	合同	13.530740017102445
22	7	到期	18.705355559340205
22	8	了	6.636722458631979
22	9	。	2.136097812737134
23	1	那	7.493795287484527
23	2	间	14.568686292842052
23	3	朋友	9.677776327961258
23	4	开	12.90623687696285
23	5	的	5.049209906436886
23	6	工厂	13.95559586602829
23	7	倒闭	17.527095250740764
23	8	了	1.9430514080860206
23	9	。	2.4960139686846645
24	1	那	7.493795287484527
24	2	个	6.4608717677466725
24	3	朋友	9.613615581134754
24	4	开	12.994648314279576
24	5	的	4.450008625307092
24	6	工厂	14.356424057026153
24	7	倒闭	17.697939852359482
24	8	了	1.5044198263688031
24	9	。	2.5027935803105805
25	1	那	7.493795287484527
25	2	张	10.080609952460257
25	3	孩子	9.175637323122558
25	4	照	14.3256083347672
25	5	的	13.509565987393984
25	6	照片	12.26562919448613
25	7	丢	15.509750226939744
25	8	了	1.0197780494607969
25	9	。	3.65949528697773
26	1	那	7.493795287484527
26	2	个	6.4608717677466725
26	3	孩子	6.055682371843714
26	4	照	15.099755254611985
26	5	的	14.640885033786944
26	6	照片	11.694028764202976
26	7	丢	17.782799279757512
26	8	了	0.8050063067504567
26	9	。	3.018876547414152
27	1	那	7.493795287484527
27	2	台	13.495352297889923
27	3	老师	10.462001450143429
27	4	用	8.356374445903015
27	5	的	7.778743181575173
27	6	手机	13.571806883650105
27	7	很	5.71788149099806
27	8	好用	15.93806590233929
27	9	。	2.5883802074953763
28	1	那	7.493795287484527
28	2	个	6.4608717677466725
28	3	老师	13.299979363507122
28	4	用	8.047964382589004
28	5	的	7.2486689956850086
28	6	手机	13.006816604258667
28	7	很	5.698052077983604
28	8	好用	16.12932210224784
28	9	。	2.635720481919435
29	1	那	7.493795287484527
29	2	朵	21.334908898746054
29	3	邻居	12.33996703785406
29	4	种	15.41016882244157
29	5	的	4.993117814685533
29	6	花	14.385359264247498
29	7	很	6.918648863291253
29	8	好看	13.505610681347235
29	9	。	4.492154927618969
30	1	那	7.493795287484527
30	2	个	6.4608717677466725
30	3	邻居	13.889165683128072
30	4	种	16.303647933060045
30	5	的	3.586068554336812
30	6	花	14.504060976366553
30	7	很	6.095710935804959
30	8	好看	13.822824355964173
30	9	。	3.525683090335491
31	1	那	7.493795287484527
31	2	台	13.495352297889923
31	3	科学家	13.622551990689882
31	4	做	10.311916976655034
31	5	的	3.2846050103843965
31	6	电视	10.743316439196981
31	7	坏	15.229018844437824
31	8	了	6.242601168233179
31	9	。	4.022454451539332
32	1	那	7.493795287484527
32	2	个	6.4608717677466725
32	3	科学家	14.00158251768906
32	4	做	9.554460519925886
32	5	的	1.5632608331252698
32	6	电视	11.787210087722478
32	7	坏	15.279152580424295
32	8	了	6.4259903702658505
32	9	。	4.502270863788638
33	1	那	7.493795287484527
33	2	栋	11.974005584538403
33	3	男人	11.493705331578617
33	4	买	11.193592404861068
33	5	的	7.3377208242080485
33	6	房子	8.214420050287757
33	7	起火	14.04915910515836
33	8	了	4.531884320991011
33	9	。	5.7768279608067274
34	1	那	7.493795287484527
34	2	个	6.4608717677466725
34	3	男人	6.562326578175815
34	4	买	12.20428682815442
34	5	的	5.844495067800025
34	6	房子	7.870962126212461
34	7	起火	16.032339431019366
34	8	了	4.23629467139088
34	9	。	3.65255413652757
35	1	那	7.493795287484527
35	2	条	10.255697676785893
35	3	朋友	15.048816160999106
35	4	给	7.308648440763626
35	5	的	7.8209074227333275
35	6	建议	11.985158332044648
35	7	很	6.792166254993724
35	8	真诚	10.82046795727291
35	9	。	1.4328727984736958
36	1	那	7.493795287484527
36	2	个	6.4608717677466725
36	3	朋友	9.613615581134754
36	4	给	8.636007927626078
36	5	的	8.763672976393195
36	6	建议	10.778678214973716
36	7	很	6.736810367333717
36	8	真诚	10.735311418414447
36	9	。	1.6094125514523512
37	1	那	7.493795287484527
37	2	支	12.088179878334056
37	3	老师	10.721108344414233
37	4	用	7.478258922790445
37	5	的	7.808813820709354
37	6	笔	14.43152502902084
37	7	坏	13.440325042321867
37	8	了	4.846734304258774
37	9	。	6.567277979440547
38	1	那	7.493795287484527
38	2	个	6.4608717677466725
38	3	老师	13.299979363507122
38	4	用	8.047964382589004
38	5	的	7.2486689956850086
38	6	笔	14.897776888901596
38	7	坏	13.72143176737508
38	8	了	4.778056628800002
38	9	。	5.797615546973574
39	1	那	7.493795287484527
39	2	只	7.510780417835662
39	3	女人	13.85493557272823
39	4	丢	15.476839271563346
39	5	的	7.091424011340287
39	6	鞋子	15.791528230405923
39	7	被	10.628497822554621
39	8	找到	12.280511015635355
39	9	了	0.965189064583555
39	10	。	5.3442878735405515
40	1	那	7.493795287484527
40	2	个	6.4608717677466725
40	3	女人	8.851609812071237
40	4	丢	15.76036026836892
40	5	的	4.963454672871862
40	6	鞋子	14.364643221554218
40	7	被	5.84418720254952
40	8	找到	12.145454095612251
40	9	了	1.375410873849063
40	10	。	5.006175489881684
41	1	那	7.493795287484527
41	2	条	10.255697676785893
41	3	邻居	15.087902111904196
41	4	养	15.28373381239411
41	5	的	4.289738793490542
41	6	狗	11.411378733892597
41	7	生病	16.68023210329187
41	8	了	2.2938062436839175
41	9	。	3.600767376550195
42	1	那	7.493795287484527
42	2	个	6.4608717677466725
42	3	邻居	13.889165683128072
42	4	养	15.585312204676303
42	5	的	4.435840711087522
42	6	狗	11.402972625596242
42	7	生病	16.41757434330323
42	8	了	2.0515802079705168
42	9	。	3.254032638290113
43	1	那	7.493795287484527
43	2	座	11.428299228179842
43	3	老人	10.901644535401726
43	4	修	15.759860116381379
43	5	的	6.679904176693796
43	6	桥	14.9564943622686
43	7	帮助	14.774009516711743
43	8	了	3.660971876308963
43	9	我	4.044796463847689
43	10	。	3.5430283309529784
44	1	那	7.493795287484527
44	2	个	6.4608717677466725
44	3	老人	13.016442710842457
44	4	修	16.404717435240055
44	5	的	4.636176247519572
44	6	桥	14.9554382020603
44	7	帮助	15.137587610875848
44	8	了	3.4302120962134097
44	9	我	2.510909556092372
44	10	。	3.9643339555319983
45	1	那	7.493795287484527
45	2	篇	9.761973318356755
45	3	学生	14.85057726290512
45	4	准备	12.844717884807714
45	5	的	6.869048184928694
45	6	报告	9.331568031017582
45	7	感动	18.480886855427627
45	8	了	4.018996459926868
45	9	我	6.579123119000897
45	10	。	3.03738146425529
46	1	那	7.493795287484527
46	2	个	6.4608717677466725
46	3	学生	10.987640998386842
46	4	准备	11.935203729445739
46	5	的	7.368207878465185
46	6	报告	12.714972347491653
46	7	感动	18.477153215627993
46	8	了	3.1893285883655835
46	9	我	6.430880152341075
46	10	。	4.057724829374422
47	1	那	7.493795287484527
47	2	封	13.45924683876025
47	3	朋友	11.654136965768746
47	4	写	9.50268351137511
47	5	的	1.6218777999579643
47	6	信	8.80443244163854
47	7	很	6.328625756023726
47	8	真诚	11.101906694365319
47	9	。	2.084355945941354
48	1	那	7.493795287484527
48	2	个	6.4608717677466725
48	3	朋友	9.613615581134754
48	4	写	9.880537474241056
48	5	的	2.406653333317088
48	6	信	10.237168490875966
48	7	很	6.377894188102218
48	8	真诚	10.980733092746298
48	9	。	2.9563808121677653
49	1	那	7.493795287484527
49	2	堂	20.99948524352003
49	3	老师	10.00390521194835
49	4	教	11.712054299779872
49	5	的	9.567479218498605
49	6	课	13.107525403190671
49	7	获	18.992030376867007
49	8	了	6.065880228111041
49	9	奖	11.085758168065098
49	10	。	1.7966900840354754
50	1	那	7.493795287484527
50	2	个	6.4608717677466725
50	3	老师	13.299979363507122
50	4	教	12.012526413906588
50	5	的	5.262185841764811
50	6	课	9.02558552825127
50	7	获	18.41359122655966
50	8	了	6.32201597860454
50	9	奖	10.883357917792026
50	10	。	1.785151889573953
51	1	那	7.493795287484527
51	2	块	12.190071934752623
51	3	医生	13.901069237703393
51	4	喜欢	11.6826415881929
51	5	的	3.474219784010671
51	6	手表	13.61721451871783
51	7	丢	16.554985477123196
51	8	了	1.5716131854875641
51	9	。	7.377481147683866
52	1	那	7.493795287484527
52	2	个	6.4608717677466725
52	3	医生	12.510643117497901
52	4	喜欢	10.55224977792373
52	5	的	3.08791941671646
52	6	手表	15.102090721022428
52	7	丢	16.80890318492459
52	8	了	1.4578604738468357
52	9	。	7.004667425350036
53	1	那	7.493795287484527
53	2	篇	9.761973318356755
53	3	学生	14.85057726290512
53	4	写	7.335747511473407
53	5	的	1.6459704980808638
53	6	论文	12.389984220134679
53	7	感动	16.315749287254164
53	8	了	6.173482036267103
53	9	我	6.532558167359397
53	10	。	3.315116806281736
54	1	那	7.493795287484527
54	2	个	6.4608717677466725
54	3	学生	10.987640998386842
54	4	写	9.106524189886429
54	5	的	1.9984716061611394
54	6	论文	12.52456459986459
54	7	感动	16.550841374010943
54	8	了	5.275434760566441
54	9	我	6.970998308048905
54	10	。	3.9591371613878152
55	1	那	7.493795287484527
55	2	场	8.824386742237234
55	3	演员	16.171985798007626
55	4	准备	13.413995923751145
55	5	的	6.660216374247078
55	6	表演	9.451879533716038
55	7	很	9.415397843432714
55	8	受	10.348067353467272
55	9	欢迎	3.14306408569918
55	10	。	2.575105650388565
56	1	那	7.493795287484527
56	2	个	6.4608717677466725
56	3	演员	14.663443395905782
56	4	准备	12.743354132397702
56	5	的	8.524481884482242
56	6	表演	10.589124429859915
56	7	很	8.388847868696296
56	8	受	10.968932193840331
56	9	欢迎	2.7523009305898967
56	10	。	3.196046488430113
57	1	那	7.493795287484527
57	2	间	14.568686292842052
57	3	警察	10.509190255014563
57	4	工作	13.680541568450977
57	5	的	8.174592745470513
57	6	办公室	16.435258932724082
57	7	起火	12.768244349830113
57	8	了	3.9042900502649616
57	9	。	2.811536467715783
58	1	那	7.493795287484527
58	2	个	6.4608717677466725
58	3	警察	13.210901441679598
58	4	工作	13.15755858120146
58	5	的	3.2733073277537414
58	6	办公室	12.122810542231129
58	7	起火	15.389030850699953
58	8	了	2.748667686053537
58	9	。	3.198612115455802
59	1	那	7.493795287484527
59	2	首	11.962067592422347
59	3	孩子	8.41288416690022
59	4	写	9.14350737846663
59	5	的	2.9261298143113237
59	6	诗	11.185038971313787
59	7	很	9.726376870046494
59	8	有趣	6.664994735180898
59	9	。	2.298588965713762
60	1	那	7.493795287484527
60	2	个	6.4608717677466725
60	3	孩子	6.055682371843714
60	4	写	10.232286810281334
60	5	的	2.974289685217375
60	6	诗	13.154596157870046
60	7	很	8.241755209570577
60	8	有趣	6.602874172418133
60	9	。	3.3616956426091917
61	1	那	7.493795287484527
61	2	家	9.147580597642385
61	3	朋友	10.523699534074382
61	4	去	10.733131190144043
61	5	的	7.3284319267745275
61	6	银行	12.156872516282618
61	7	帮助	11.31388857774364
61	8	了	5.637353010642755
61	9	我	2.6764368080987992
61	10	。	4.450021035380786
62	1	那	7.493795287484527
62	2	个	6.4608717677466725
62	3	朋友	9.613615581134754
62	4	去	11.185375509554117
62	5	的	7.400444763939227
62	6	银行	13.966906881901984
62	7	帮助	11.770458596949496
62	8	了	5.658708133220728
62	9	我	2.9004085724578346
62	10	。	3.773621147799659
