sentence_id	token_id	token	surprisal
1	1	记者	9.93955045965084
1	2	采访	8.178878491367163
1	3	了	6.1175516855733925
1	4	研发	15.767008590788162
1	5	帮助	16.019903783870646
1	6	老人	18.472937423963245
1	7	的	1.6996578318401276
1	8	产品	13.028568308207525
1	9	。	4.939544025111346
2	1	记者	9.93955045965084
2	2	采访	8.178878491367163
2	3	了	6.1175516855733925
2	4	研发	15.767008590788162
2	5	帮助	16.019903783870646
2	6	老人	18.472937423963245
2	7	的	1.6996578318401276
2	8	产品	13.028568308207525
2	9	的	7.498205848201437
2	10	科学家	14.912017119185677
2	11	。	7.082995673632013
3	1	他	5.549796273767723
3	2	认识	11.453235375662157
3	3	了	3.1319761670316204
3	4	写	13.873638575273052
3	5	介绍	14.767554317115597
3	6	名人	18.80692808149079
3	7	的	0.20003914241813447
3	8	书	9.398929218616345
3	9	。	3.737697377032532
4	1	他	5.549796273767723
4	2	认识	11.453235375662157
4	3	了	3.1319761670316204
4	4	写	13.873638575273052
4	5	介绍	14.767554317115597
4	6	名人	18.80692808149079
4	7	的	0.20003914241813447
4	8	书	9.398929218616345
4	9	的	15.334489837694534
4	10	老师	14.693603672948328
4	11	。	2.4063401301333727
5	1	他	5.549796273767723
5	2	拍	14.807755925483878
5	3	下	16.42970854364838
5	4	了	5.918503827490568
5	5	获得	16.125496592260866
5	6	代表	15.4207276915797
5	7	实力	17.37227172314789
5	8	的	0.24503532903491987
5	9	大奖	13.04051103729104
5	10	。	1.623741295746484
6	1	他	5.549796273767723
6	2	拍	14.807755925483878
6	3	下	16.42970854364838
6	4	了	5.918503827490568
6	5	获得	16.125496592260866
6	6	代表	15.4207276915797
6	7	实力	17.37227172314789
6	8	的	0.24503532903491987
6	9	大奖	13.04051103729104
6	10	的	17.784534348362385
6	11	艺术品	19.2195292727383
6	12	。	7.729747892420647
7	1	我们	6.803022515797736
7	2	参加	12.102121165811937
7	3	了	1.6212630516374666
7	4	吸引	14.31538945008094
7	5	学习	17.521611192046088
7	6	历史	12.686788636556173
7	7	的	0.8003808295627266
7	8	学生	6.468720846314909
7	9	。	8.396925343833658
8	1	我们	6.803022515797736
8	2	参加	12.102121165811937
8	3	了	1.6212630516374666
8	4	吸引	14.31538945008094
8	5	学习	17.521611192046088
8	6	历史	12.686788636556173
8	7	的	0.8003808295627266
8	8	学生	6.468720846314909
8	9	的	3.100293760105046
8	10	活动	6.709579684656958
8	11	。	0.1660522763429384
9	1	他	5.549796273767723
9	2	想起	13.287840981830122
9	3	了	1.8486604358333842
9	4	写	13.223964234414744
9	5	过	2.370525281763882
9	6	宣传	15.957584996232391
9	7	环保	17.4993332487268
9	8	的	1.01255770375748
9	9	歌	14.551755713235494
9	10	。	2.527191155950561
10	1	他	5.549796273767723
10	2	想起	13.287840981830122
10	3	了	1.8486604358333842
10	4	写	13.223964234414744
10	5	过	2.370525281763882
10	6	宣传	15.957584996232391
10	7	环保	17.4993332487268
10	8	的	1.01255770375748
10	9	歌	14.551755713235494
10	10	的	9.528193983189595
10	11	同学	14.391451786617367
10	12	。	7.313600386075905
11	1	司机	15.357131492912123
11	2	启动	17.455234425741388
11	3	了	1.8420443914844498
11	4	装有	17.668691604749135
11	5	支持	16.586802475707337
11	6	互联网	16.863368409852953
11	7	功能	14.282855137011225
11	8	的	1.4770874436825778
11	9	音响	15.309406581228671
11	10	。	13.483338689421458
12	1	司机	15.357131492912123
12	2	启动	17.455234425741388
12	3	了	1.8420443914844498
12	4	装有	17.668691604749135
12	5	支持	16.586802475707337
12	6	互联网	16.863368409852953
12	7	功能	14.282855137011225
12	8	的	1.4770874436825778
12	9	音响	15.309406581228671
12	10	的	3.3877162269109107
12	11	车	8.903173479102904
12	12	。	7.935069884667882
13	1	爸爸	11.722562873565936
13	2	买	9.872866493932213
13	3	了	1.3087773863550716
13	4	带	11.737980377651684
13	5	配备	18.473757058617345
13	6	保险	15.861965266754865
13	7	的	3.6074666545191008
13	8	家具	14.506457975438408
13	9	。	3.1614460550963486
14	1	爸爸	11.722562873565936
14	2	买	9.872866493932213
14	3	了	1.3087773863550716
14	4	带	11.737980377651684
14	5	配备	18.473757058617345
14	6	保险	15.861965266754865
14	7	的	3.6074666545191008
14	8	家具	14.506457975438408
14	9	的	11.93557860056049
14	10	房子	8.46164091671983
14	11	。	5.866274233534682
15	1	他	5.549796273767723
15	2	损失	18.97033448399443
15	3	了	1.1923568061032626
15	4	买	15.475178915433396
15	5	治疗	11.790767624439468
15	6	疾病	9.908620040906769
15	7	的	1.996164558776627
15	8	药	11.395646927260216
15	9	。	1.561480926115891
16	1	他	5.549796273767723
16	2	损失	18.97033448399443
16	3	了	1.1923568061032626
16	4	买	15.475178915433396
16	5	治疗	11.790767624439468
16	6	疾病	9.908620040906769
16	7	的	1.996164558776627
16	8	药	11.395646927260216
16	9	的	16.01658135826223
16	10	现金	13.273449259758948
16	11	。	1.515743581041562
17	1	我	5.7484173394051785
17	2	拜访	15.615675945742918
17	3	了	3.1023949974947342
17	4	去	14.278678450301857
17	5	过	5.500052263807589
17	6	支持	17.80855913690735
17	7	贸易	17.92569710500768
17	8	的	2.2616007090875456
17	9	中国	7.522121248332482
17	10	。	6.770325125086529
18	1	我	5.7484173394051785
18	2	拜访	15.615675945742918
18	3	了	3.1023949974947342
18	4	去	14.278678450301857
18	5	过	5.500052263807589
18	6	支持	17.80855913690735
18	7	贸易	17.92569710500768
18	8	的	2.2616007090875456
18	9	中国	7.522121248332482
18	10	的	15.222727327724982
18	11	邻居	11.681072775408055
18	12	。	2.202307887067363
19	1	爷爷	17.687414676680586
19	2	中止	19.55499309112471
19	3	了	7.246694825089321
19	4	引发	14.894162193028784
19	5	伤害	15.611756184208645
19	6	亲情	19.70527528692982
19	7	的	2.173879171031899
19	8	争吵	13.251767841005204
19	9	。	8.88264510438215
20	1	爷爷	17.687414676680586
20	2	中止	19.55499309112471
20	3	了	7.246694825089321
20	4	引发	14.894162193028784
20	5	伤害	15.611756184208645
20	6	亲情	19.70527528692982
20	7	的	2.173879171031899
20	8	争吵	13.251767841005204
20	9	的	11.868625907039217
20	10	谈话	12.456406815632306
20	11	。	8.015034768565641
21	1	她	8.57340978792489
21	2	提到	11.165622440294426
21	3	了	4.531590458564981
21	4	看	14.533522292833812
21	5	着	3.219379280235721
21	6	带来	16.37799611877452
21	7	欢乐	16.819814981495128
21	8	的	1.2072810543330803
21	9	电视	13.380885140751928
21	10	。	8.950086961703818
22	1	她	8.57340978792489
22	2	提到	11.165622440294426
22	3	了	4.531590458564981
22	4	看	14.533522292833812
22	5	着	3.219379280235721
22	6	带来	16.37799611877452
22	7	欢乐	16.819814981495128
22	8	的	1.2072810543330803
22	9	电视	13.380885140751928
22	10	的	8.367703363463747
22	11	女儿	10.68312584670727
22	12	。	7.183266062412002
23	1	医生	13.302274578646086
23	2	表扬	17.42399249255493
23	3	了	0.9380179335819641
23	4	帮助	13.634577054372908
23	5	种	17.78268232880719
23	6	菜	14.893731530603475
23	7	的	12.792184146453081
23	8	老人	19.600619375840964
23	9	。	2.2224688510641357
24	1	医生	13.302274578646086
24	2	表扬	17.42399249255493
24	3	了	0.9380179335819641
24	4	帮助	13.634577054372908
24	5	种	17.78268232880719
24	6	菜	14.893731530603475
24	7	的	12.792184146453081
24	8	老人	19.600619375840964
24	9	的	6.458020861172415
24	10	孩子	14.78557521013633
24	11	。	1.2518211175126623
25	1	她	8.57340978792489
25	2	介绍	11.065914335675076
25	3	了	2.5139756176638635
25	4	生产	15.411889228358305
25	5	装有	16.83066913522707
25	6	音响	17.143007623943383
25	7	的	3.197857972428011
25	8	电视	15.014189623235282
25	9	。	12.37229834719659
26	1	她	8.57340978792489
26	2	介绍	11.065914335675076
26	3	了	2.5139756176638635
26	4	生产	15.411889228358305
26	5	装有	16.83066913522707
26	6	音响	17.143007623943383
26	7	的	3.197857972428011
26	8	电视	15.014189623235282
26	9	的	13.274007846732488
26	10	工厂	12.439507762412916
26	11	。	11.313227348285835
27	1	我	5.7484173394051785
27	2	洗	17.66534143685619
27	3	了	1.2780055710722493
27	4	陪伴	16.671755005922478
27	5	过	9.528436536241031
27	6	卖	13.882289988505349
27	7	衣服	10.366349330628978
27	8	的	1.1263379728183054
27	9	母亲	8.513852554610835
27	10	。	0.7030542312784149
28	1	我	5.7484173394051785
28	2	洗	17.66534143685619
28	3	了	1.2780055710722493
28	4	陪伴	16.671755005922478
28	5	过	9.528436536241031
28	6	卖	13.882289988505349
28	7	衣服	10.366349330628978
28	8	的	1.1263379728183054
28	9	母亲	8.513852554610835
28	10	的	8.791516694387411
28	11	衣服	9.091063889044221
28	12	。	0.39841624614160764
29	1	学生	12.788862481262608
29	2	们	18.161348947281848
29	3	写	10.481061762862197
29	4	着	2.4046835380136784
29	5	困扰	17.032260049324343
29	6	努力	19.126931182340293
29	7	学习	9.046586325494985
29	8	的	6.663977829812396
29	9	他们	13.315749496317565
29	10	。	7.243202914641344
30	1	学生	12.788862481262608
30	2	们	18.161348947281848
30	3	写	10.481061762862197
30	4	着	2.4046835380136784
30	5	困扰	17.032260049324343
30	6	努力	19.126931182340293
30	7	学习	9.046586325494985
30	8	的	6.663977829812396
30	9	他们	13.315749496317565
30	10	的	2.755393100220047
30	11	作业	14.373142857456514
30	12	。	6.5434255599759155
31	1	店长	20.339870651908253
31	2	拿	15.016322164466242
31	3	着	2.19321635344987
31	4	开	13.79597037912535
31	5	通往	17.825226411868663
31	6	仓库	14.068455134335267
31	7	的	0.9900860775159828
31	8	大门	12.317270438706956
31	9	。	12.461504307809491
32	1	店长	20.339870651908253
32	2	拿	15.016322164466242
32	3	着	2.19321635344987
32	4	开	13.79597037912535
32	5	通往	17.825226411868663
32	6	仓库	14.068455134335267
32	7	的	0.9900860775159828
32	8	大门	12.317270438706956
32	9	的	18.01275255042853
32	10	钥匙	17.674309465396718
32	11	。	7.534509431736865
33	1	有人	18.143723789678052
33	2	听	12.019037254100557
33	3	着	3.3960009397191016
33	4	打扰	19.19169822403422
33	5	了	6.004367065070554
33	6	写	13.830246006857706
33	7	书	8.824645048784703
33	8	的	0.3327211054749313
33	9	邻居	12.355713357170373
33	10	。	10.503089799463012
34	1	有人	18.143723789678052
34	2	听	12.019037254100557
34	3	着	3.3960009397191016
34	4	打扰	19.19169822403422
34	5	了	6.004367065070554
34	6	写	13.830246006857706
34	7	书	8.824645048784703
34	8	的	0.3327211054749313
34	9	邻居	12.355713357170373
34	10	的	9.651978619685337
34	11	音乐	9.342308906967915
34	12	。	10.337191214832387
35	1	我	5.7484173394051785
35	2	观察	14.296403836546546
35	3	着	6.107902834707314
35	4	经营	16.88244414123523
35	5	卖	14.324369757474898
35	6	食品	11.635520037872936
35	7	的	1.3948445174055735
35	8	商店	11.610087538071753
35	9	。	3.275672230917394
36	1	我	5.7484173394051785
36	2	观察	14.296403836546546
36	3	着	6.107902834707314
36	4	经营	16.88244414123523
36	5	卖	14.324369757474898
36	6	食品	11.635520037872936
36	7	的	1.3948445174055735
36	8	商店	11.610087538071753
36	9	的	0.39914065959203526
36	10	男人	10.816459966610878
36	11	。	0.8752050178992903
37	1	学生	12.788862481262608
37	2	们	18.161348947281848
37	3	读	13.095313697245267
37	4	着	2.140311836162155
37	5	描述	15.783513598976903
37	6	启发	14.433094121605443
37	7	读者	20.75666232107632
37	8	的	0.22957588987137
37	9	故事	4.233193726445691
37	10	。	2.6058425684323367
38	1	学生	12.788862481262608
38	2	们	18.161348947281848
38	3	读	13.095313697245267
38	4	着	2.140311836162155
38	5	描述	15.783513598976903
38	6	启发	14.433094121605443
38	7	读者	20.75666232107632
38	8	的	0.22957588987137
38	9	故事	4.233193726445691
38	10	的	17.00893303931143
38	11	书	11.716232081099648
38	12	。	7.283905505339362
39	1	教练	17.739076064954563
39	2	创办	13.300842939578523
39	3	过	12.881538420563462
39	4	教	15.628727937597795
39	5	治疗	16.107723164655788
39	6	失眠	19.55508759369924
39	7	的	10.597405785926767
39	8	动作	8.881468697147753
39	9	。	5.3201053715988
40	1	教练	17.739076064954563
40	2	创办	13.300842939578523
40	3	过	12.881538420563462
40	4	教	15.628727937597795
40	5	治疗	16.107723164655788
40	6	失眠	19.55508759369924
40	7	的	10.597405785926767
40	8	动作	8.881468697147753
40	9	的	16.529138873551233
40	10	健身房	21.66051392157425
40	11	。	6.120575102783988
41	1	我	5.7484173394051785
41	2	喜欢	7.9152581567145015
41	3	过	9.647122455871916
41	4	给	11.630311093136434
41	5	我	1.9703070844608916
41	6	克服	15.76045991922119
41	7	困难	12.033954284636799
41	8	的	1.5330628663607513
41	9	信心	11.946815983705122
41	10	。	1.5136339314135938
42	1	我	5.7484173394051785
42	2	喜欢	7.9152581567145015
42	3	过	9.647122455871916
42	4	给	11.630311093136434
42	5	我	1.9703070844608916
42	6	克服	15.76045991922119
42	7	困难	12.033954284636799
42	8	的	1.5330628663607513
42	9	信心	11.946815983705122
42	10	的	7.581903950775015
42	11	音乐	14.050463037148191
42	12	。	1.2287060653566044
43	1	她	8.57340978792489
43	2	开	12.943302092210052
43	3	过	4.703022360515337
43	4	容纳	16.46057497047286
43	5	很多	12.307252925947914
43	6	学习	16.113761171266788
43	7	舞蹈	14.337962079347164
43	8	的	3.956416236556379
43	9	人	1.9584309150535404
43	10	。	13.12203323357646
44	1	她	8.57340978792489
44	2	开	12.943302092210052
44	3	过	4.703022360515337
44	4	容纳	16.46057497047286
44	5	很多	12.307252925947914
44	6	学习	16.113761171266788
44	7	舞蹈	14.337962079347164
44	8	的	3.956416236556379
44	9	人	1.9584309150535404
44	10	的	13.752422150312313
44	11	车	12.39466391096829
44	12	。	7.710361875766665
45	1	他	5.549796273767723
45	2	修理	18.44357340151437
45	3	过	9.253972878938622
45	4	丢失	18.733409557125135
45	5	了	11.39444419807959
45	6	处理	14.847007765036643
45	7	程序	6.94160400056289
45	8	的	12.771945190951158
45	9	芯片	15.87306784760915
45	10	。	2.0969368012032135
46	1	他	5.549796273767723
46	2	修理	18.44357340151437
46	3	过	9.253972878938622
46	4	丢失	18.733409557125135
46	5	了	11.39444419807959
46	6	处理	14.847007765036643
46	7	程序	6.94160400056289
46	8	的	12.771945190951158
46	9	芯片	15.87306784760915
46	10	的	13.001668399656083
46	11	电脑	15.040463539117823
46	12	。	3.106678163862938
47	1	他	5.549796273767723
47	2	讲	11.954112835049266
47	3	过	6.561954370956698
47	4	介绍	16.440917896565484
47	5	写	13.156574666152743
47	6	诗	17.70454962281437
47	7	的	1.0576317913978386
47	8	画家	12.774279054531135
47	9	。	8.004753026990002
48	1	他	5.549796273767723
48	2	讲	11.954112835049266
48	3	过	6.561954370956698
48	4	介绍	16.440917896565484
48	5	写	13.156574666152743
48	6	诗	17.70454962281437
48	7	的	1.0576317913978386
48	8	画家	12.774279054531135
48	9	的	9.679840167189255
48	10	课	9.07577027113524
48	11	。	7.934115111950675
49	1	我	5.7484173394051785
49	2	邀请	14.173729641404215
49	3	过	8.898458628325852
49	4	喜欢	14.698762466534443
49	5	唱	13.01560257030468
49	6	歌	12.412372039321667
49	7	的	0.2254055663899095
49	8	明星	11.58428276551632
49	9	。	4.845266882867875
50	1	我	5.7484173394051785
50	2	邀请	14.173729641404215
50	3	过	8.898458628325852
50	4	喜欢	14.698762466534443
50	5	唱	13.01560257030468
50	6	歌	12.412372039321667
50	7	的	0.2254055663899095
50	8	明星	11.58428276551632
50	9	的	11.210851085443679
50	10	朋友	13.687461886040282
50	11	。	5.327630020184529
51	1	她	8.57340978792489
51	2	申请	14.13255849751283
51	3	过	9.793820470005599
51	4	减轻	16.719545125815827
51	5	困扰	15.413759746359759
51	6	父母	15.095885104091337
51	7	的	0.25163451445159524
51	8	负担	11.982934565968137
51	9	。	0.20318379015336063
52	1	她	8.57340978792489
52	2	申请	14.13255849751283
52	3	过	9.793820470005599
52	4	减轻	16.719545125815827
52	5	困扰	15.413759746359759
52	6	父母	15.095885104091337
52	7	的	0.25163451445159524
52	8	负担	11.982934565968137
52	9	的	8.007392689189857
52	10	奖金	13.575253216149619
52	11	。	0.1682297613809567
53	1	她	8.57340978792489
53	2	去	11.801991735435523
53	3	卖	12.54573414323183
53	4	陪伴	16.730701610750373
53	5	孩子	11.445095292547308
53	6	的	2.4975601990731064
53	7	礼物	11.039639620979436
53	8	。	13.411502565703572
54	1	她	8.57340978792489
54	2	去	11.801991735435523
54	3	卖	12.54573414323183
54	4	陪伴	16.730701610750373
54	5	孩子	11.445095292547308
54	6	的	2.4975601990731064
54	7	礼物	11.039639620979436
54	8	的	13.24671788461049
54	9	商店	13.584502401827322
54	10	。	11.202849742739872
55	1	弟弟	16.699560227776924
55	2	需要	13.539636866187024
55	3	用于	15.82144434044245
55	4	锻炼	16.486005780608984
55	5	记忆力	19.703849169816948
55	6	的	1.7477651221952613
55	7	游戏	11.35030144195234
55	8	。	8.993939616866044
56	1	弟弟	16.699560227776924
56	2	需要	13.539636866187024
56	3	用于	15.82144434044245
56	4	锻炼	16.486005780608984
56	5	记忆力	19.703849169816948
56	6	的	1.7477651221952613
56	7	游戏	11.35030144195234
56	8	的	12.564760776626443
56	9	钱	12.57436218532466
56	10	。	7.608235079085873
57	1	他	5.549796273767723
57	2	很	8.859168137905606
57	3	欣赏	11.723467599664126
57	4	写	14.05852552723351
57	5	吸引	20.106217576417386
57	6	读者	12.70702965350118
57	7	的	0.4153626675746267
57	8	小说	8.192278989871127
57	9	。	1.3336105744986497
58	1	他	5.549796273767723
58	2	很	8.859168137905606
58	3	欣赏	11.723467599664126
58	4	写	14.05852552723351
58	5	吸引	20.106217576417386
58	6	读者	12.70702965350118
58	7	的	0.4153626675746267
58	8	小说	8.192278989871127
58	9	的	15.853283567462583
58	10	作家	15.464365292816197
58	11	。	1.5357882517080412
59	1	我	5.7484173394051785
59	2	经常	10.058564941699789
59	3	去	7.821574695218295
59	4	提供	14.899700227100293
59	5	帮助	10.285975819625008
59	6	残疾人	22.18808420792069
59	7	的	11.946886585555234
59	8	停车位	21.752298280159323
59	9	。	0.7020723626787913
60	1	我	5.7484173394051785
60	2	经常	10.058564941699789
60	3	去	7.821574695218295
60	4	提供	14.899700227100293
60	5	帮助	10.285975819625008
60	6	残疾人	22.18808420792069
60	7	的	11.946886585555234
60	8	停车位	21.752298280159323
60	9	的	5.225300756626041
60	10	医院	15.14370144610325
60	11	。	0.39101251767577594
