sentence_id	token_id	token	surprisal
1	1	他	5.549797128912978
1	2	喜欢	11.402100436103602
1	3	那	7.406251828155845
1	4	家	7.05965324581069
1	5	我	10.189371663610249
1	6	采访	12.089686395607124
1	7	过	3.1017673022974392
1	8	的	1.5674965391328826
1	9	老板	10.338403171732345
1	10	投资	15.155502354333294
1	11	的	10.088400948799205
1	12	饭店	18.094884784225883
1	13	。	4.299707387868466
2	1	他	5.549797128912978
2	2	喜欢	11.402100436103602
2	3	那	7.406251828155845
2	4	个	4.23638952554618
2	5	我	9.07036749778522
2	6	采访	11.277178508433202
2	7	过	3.297047245596218
2	8	的	0.9910611045589803
2	9	老板	11.798030412069501
2	10	投资	16.331221985738978
2	11	的	9.627265166374741
2	12	饭店	18.657261532819433
2	13	。	4.438389758864403
3	1	她	8.573406289797564
3	2	在	4.6702566247934865
3	3	看	9.229987730624208
3	4	那	6.9832190542039285
3	5	幅	10.283286343470934
3	6	我	6.607769465750216
3	7	介绍	14.645918435084212
3	8	的	0.3758156329715874
3	9	朋友	10.570844802049322
3	10	喜欢	15.836016436072882
3	11	的	2.925075579622103
3	12	画	14.115780484107859
3	13	。	1.8275996979190268
4	1	她	8.573406289797564
4	2	在	4.6702566247934865
4	3	看	9.229987730624208
4	4	那	6.9832190542039285
4	5	个	5.465380476742666
4	6	我	6.627526594765079
4	7	介绍	14.433003021724787
4	8	的	0.5503189054888225
4	9	朋友	11.075812736271622
4	10	喜欢	15.644766278206973
4	11	的	2.957902960324887
4	12	画	14.780367694989437
4	13	。	2.1757422051122006
5	1	我	5.748415279221174
5	2	欣赏	15.657045779878086
5	3	那	5.770523181321693
5	4	件	4.514923491903069
5	5	我	5.339295990560842
5	6	喜欢	7.0628161688384665
5	7	的	1.7209735957955132
5	8	老师	13.6987119808527
5	9	收藏	20.2550417533511
5	10	的	2.556171852264413
5	11	艺术品	17.133996135208577
5	12	。	1.1735728746491105
6	1	我	5.748415279221174
6	2	欣赏	15.657045779878086
6	3	那	5.770523181321693
6	4	个	5.410993228539212
6	5	我	5.2282420114412815
6	6	喜欢	7.007983820644583
6	7	的	1.6446516601422658
6	8	老师	10.359967027226048
6	9	收藏	20.68323508644788
6	10	的	8.703075871561254
6	11	艺术品	21.133132759520905
6	12	。	1.8659141653621134
7	1	他	5.549797128912978
7	2	打	11.272448902562243
7	3	了	2.2211909566650867
7	4	那	10.688886297895792
7	5	只	10.394452330008058
7	6	我	8.813575597408686
7	7	认识	9.536647161032597
7	8	的	0.6816552679984511
7	9	店长	19.947921105250877
7	10	喜欢	15.750622224168055
7	11	的	9.284041138495269
7	12	宠物	19.08633196816851
7	13	。	9.74233090330145
8	1	他	5.549797128912978
8	2	打	11.272448902562243
8	3	了	2.2211909566650867
8	4	那	10.688886297895792
8	5	个	4.896547491080604
8	6	我	8.6954944570003
8	7	认识	9.221492094901699
8	8	的	0.7208509078523093
8	9	店长	20.416086603791655
8	10	喜欢	15.948458844561927
8	11	的	9.315832785959756
8	12	宠物	19.18898614526465
8	13	。	8.826397379276543
9	1	我	5.748415279221174
9	2	在	5.6849052762230805
9	3	思念	18.78608742874241
9	4	那	6.685706836510239
9	5	首	8.92746196963919
9	6	我	4.645584743594981
9	7	见	11.453917830490568
9	8	过	1.77009016229065
9	9	的	0.8980851609558513
9	10	明星	14.353493135778223
9	11	唱	19.263198126178793
9	12	的	2.908770595140723
9	13	歌	8.920478323312935
9	14	。	1.17993175329498
10	1	我	5.748415279221174
10	2	在	5.6849052762230805
10	3	思念	18.78608742874241
10	4	那	6.685706836510239
10	5	个	4.412988803698248
10	6	我	4.665648898333309
10	7	见	11.71476535748954
10	8	过	1.6672171700307459
10	9	的	1.0173801063776224
10	10	明星	14.668503010073557
10	11	唱	20.021684636010548
10	12	的	3.4435000879518896
10	13	歌	9.42538029994077
10	14	。	1.4262380451376515
11	1	她	8.573406289797564
11	2	拜访	14.352678859559308
11	3	了	2.2930316203743963
11	4	那	6.395180732437893
11	5	所	8.212929941488571
11	6	我	7.603183506059004
11	7	认识	9.968161538118963
11	8	的	0.5731484839726093
11	9	老人	11.192443669672642
11	10	去	12.5250225186807
11	11	的	9.190300806911509
11	12	学校	8.930036686127622
11	13	。	5.1234844042151195
12	1	她	8.573406289797564
12	2	拜访	14.352678859559308
12	3	了	2.2930316203743963
12	4	那	6.395180732437893
12	5	个	4.103797809677477
12	6	我	7.385603440091053
12	7	认识	9.508606404871024
12	8	的	0.7400017172504647
12	9	老人	11.781596816777224
12	10	去	12.872791534781584
12	11	的	8.939578066021028
12	12	学校	8.920066785426073
12	13	。	5.216382879221015
13	1	他	5.549797128912978
13	2	检查	17.180340930685546
13	3	了	2.5077189813569802
13	4	那	7.310517785856796
13	5	件	4.188497607255044
13	6	我	7.821755255432699
13	7	采访	11.663896867628871
13	8	过	3.1437238234966927
13	9	的	0.8764848223015989
13	10	司机	17.083175387067406
13	11	带	13.045926000177147
13	12	的	4.456785893975621
13	13	行李	14.570521545787344
13	14	。	1.7739503371616507
14	1	他	5.549797128912978
14	2	检查	17.180340930685546
14	3	了	2.5077189813569802
14	4	那	7.310517785856796
14	5	个	4.670438386422184
14	6	我	8.909404279255952
14	7	采访	11.139747082888611
14	8	过	3.659098297366306
14	9	的	0.9674545566235295
14	10	司机	14.828745769871865
14	11	带	13.918209061984228
14	12	的	9.122041433719389
14	13	行李	15.058117045020026
14	14	。	2.297039150972367
15	1	我	5.748415279221174
15	2	听说	9.209371135164108
15	3	过	3.6483634882790987
15	4	那	4.675817510590939
15	5	本	4.079767271265158
15	6	我	5.099158422305301
15	7	喜欢	7.260480341665186
15	8	的	1.7006189191833272
15	9	作家	11.975758975290923
15	10	写	12.231634578129352
15	11	的	6.969980389356309
15	12	书	11.654119170598065
15	13	。	3.9847122664700834
16	1	我	5.748415279221174
16	2	听说	9.209371135164108
16	3	过	3.6483634882790987
16	4	那	4.675817510590939
16	5	个	6.045474987279118
16	6	我	5.689236175226519
16	7	喜欢	6.607101885005946
16	8	的	1.6354648554274505
16	9	作家	12.14548788054406
16	10	写	12.925509432734167
16	11	的	6.442105815140451
16	12	书	11.964204189923706
16	13	。	3.8619983330126786
17	1	她	8.573406289797564
17	2	撞	18.697889172319137
17	3	了	0.7099877093328644
17	4	那	7.046467784414521
17	5	辆	6.694500050262917
17	6	我	9.213380169136919
17	7	介绍	16.18453808181843
17	8	的	0.5096137787386823
17	9	朋友	12.338907127257656
17	10	开	15.74129953826153
17	11	的	5.407062727181284
17	12	车	7.223745258295267
17	13	。	1.2636276731104346
18	1	她	8.573406289797564
18	2	撞	18.697889172319137
18	3	了	0.7099877093328644
18	4	那	7.046467784414521
18	5	个	4.751671636771697
18	6	我	7.055131357991158
18	7	介绍	15.345852915034513
18	8	的	0.54869158074289
18	9	朋友	11.280747267061436
18	10	开	16.479243692982692
18	11	的	6.102623031694989
18	12	车	9.527342666333695
18	13	。	2.0061254057422104
19	1	我们	6.803020133050061
19	2	认可	16.979413723948344
19	3	了	3.384901441906731
19	4	那	7.409653603945053
19	5	份	7.231202228272139
19	6	他	8.576511020984952
19	7	教	13.740406771315307
19	8	的	2.9982991911481776
19	9	孩子	8.053085521729727
19	10	做	10.556067489627353
19	11	的	1.8173947598149027
19	12	作业	14.583553516862466
19	13	。	4.2996560065195695
20	1	我们	6.803020133050061
20	2	认可	16.979413723948344
20	3	了	3.384901441906731
20	4	那	7.409653603945053
20	5	个	4.687466633014559
20	6	他	8.893768680891597
20	7	教	13.7314249466408
20	8	的	2.649684305925767
20	9	孩子	5.590785025056945
20	10	做	11.389420563983109
20	11	的	2.3209570597205698
20	12	作业	15.289180878389075
20	13	。	4.212334573761012
21	1	他们	7.302139522757962
21	2	接受	11.243224439914155
21	3	了	1.2503200339245915
21	4	那	6.199453195670216
21	5	份	5.011037622742023
21	6	我	8.113587256285598
21	7	采访	9.39593644179179
21	8	过	3.3496980448883846
21	9	的	0.7893277439173474
21	10	老板	14.947716295874933
21	11	制定	17.291002548213115
21	12	的	5.89937024726629
21	13	合同	12.559352101220085
21	14	。	1.8464315896212184
22	1	他们	7.302139522757962
22	2	接受	11.243224439914155
22	3	了	1.2503200339245915
22	4	那	6.199453195670216
22	5	个	4.306953580410088
22	6	我	8.129789082131389
22	7	采访	9.952140388795002
22	8	过	3.3582431143399916
22	9	的	0.6864978522940319
22	10	老板	13.891763882672606
22	11	制定	18.064252818200345
22	12	的	6.663277389148462
22	13	合同	13.194502263744369
22	14	。	1.9420470341890734
23	1	他	5.549797128912978
23	2	离开	11.230613057888796
23	3	了	1.4329279763860328
23	4	那	7.560090267465391
23	5	间	10.456454050912626
23	6	我	9.211528176627276
23	7	尊敬	16.713830259008283
23	8	的	0.08644728788897282
23	9	朋友	7.815791607740238
23	10	开	17.302575282347775
23	11	的	9.56227060081683
23	12	工厂	14.977064244070277
23	13	。	1.2089201277217256
24	1	他	5.549797128912978
24	2	离开	11.230613057888796
24	3	了	1.4329279763860328
24	4	那	7.560090267465391
24	5	个	3.084188578683733
24	6	我	8.990692071506043
24	7	尊敬	15.346935745482405
24	8	的	0.09454231562504845
24	9	朋友	7.884671140203054
24	10	开	16.760801738877433
24	11	的	9.05364621550423
24	12	工厂	14.766465518607689
24	13	。	3.382243158044659
25	1	她	8.573406289797564
25	2	找	13.74291034682512
25	3	了	2.3820804674671763
25	4	那	8.603015793980145
25	5	张	6.058790338454472
25	6	我	8.490787896053618
25	7	教	13.558352879790675
25	8	的	1.1435382358876467
25	9	孩子	5.260682337056984
25	10	照	17.573799636674636
25	11	的	13.601671521615415
25	12	照片	11.288575862479846
25	13	。	3.687097827853549
26	1	她	8.573406289797564
26	2	找	13.74291034682512
26	3	了	2.3820804674671763
26	4	那	8.603015793980145
26	5	个	3.701489462922517
26	6	我	8.302704847585574
26	7	教	13.016641589662761
26	8	的	1.7780898468713389
26	9	孩子	3.5647677888667104
26	10	照	17.756491605227723
26	11	的	14.086866564788863
26	12	照片	11.3465403417338
26	13	。	4.2904978296878795
27	1	我	5.748415279221174
27	2	需要	7.968380027586855
27	3	那	10.503049977045789
27	4	台	12.090558760308856
27	5	我们	12.007252919354912
27	6	欣赏	16.028317319389906
27	7	的	0.4338535406799764
27	8	老师	12.577591064463306
27	9	用	7.692583391230656
27	10	的	8.026447415996202
27	11	手机	12.439270430527188
27	12	。	4.3610188582098885
28	1	我	5.748415279221174
28	2	需要	7.968380027586855
28	3	那	10.503049977045789
28	4	个	3.8825476806100667
28	5	我们	11.167698143177827
28	6	欣赏	15.999021417733864
28	7	的	0.5339952904835812
28	8	老师	13.04618780851468
28	9	用	7.5742887090877815
28	10	的	7.815637866185796
28	11	手机	12.359588946274911
28	12	。	4.056513656124508
29	1	他	5.549797128912978
29	2	在	4.708201496753226
29	3	画	13.714867067738417
29	4	那	12.87333406443517
29	5	朵	17.49831883512595
29	6	我	9.897939479732727
29	7	关心	13.578891322039595
29	8	的	0.7952255324908464
29	9	邻居	10.978905888057042
29	10	种	16.144856504343082
29	11	的	12.11122318270661
29	12	花	14.208394387829884
29	13	。	14.317170319156986
30	1	他	5.549797128912978
30	2	在	4.708201496753226
30	3	画	13.714867067738417
30	4	那	12.87333406443517
30	5	个	3.373108134749401
30	6	我	11.359448892489205
30	7	关心	10.547182103935427
30	8	的	0.6356846557289373
30	9	邻居	12.052071860425897
30	10	种	16.643849013735746
30	11	的	13.221693499002697
30	12	花	13.378907362504023
30	13	。	14.976483035967064
31	1	她	8.573406289797564
31	2	在	4.6702566247934865
31	3	介绍	12.616058488891463
31	4	那	9.793272111523489
31	5	台	10.352040430568401
31	6	我	10.038184633436074
31	7	尊敬	16.870553736133125
31	8	的	0.104835043754548
31	9	科学家	15.665838628328032
31	10	做	13.68959604410368
31	11	的	6.200087716032158
31	12	电视	10.533401317893464
31	13	。	5.2490391443382265
32	1	她	8.573406289797564
32	2	在	4.6702566247934865
32	3	介绍	12.616058488891463
32	4	那	9.793272111523489
32	5	个	4.927105268689694
32	6	我	8.263936172868007
32	7	尊敬	15.506802875493975
32	8	的	0.12054835064540725
32	9	科学家	15.884616736395131
32	10	做	14.312090124888684
32	11	的	5.977111596986006
32	12	电视	11.00951417454884
32	13	。	4.197329345302634
33	1	我	5.748415279221174
33	2	见	11.666720043453772
33	3	过	2.884088625102933
33	4	那	4.8780883511252675
33	5	栋	8.72937642029278
33	6	他	10.883692136469477
33	7	认识	11.031708519525118
33	8	的	1.1133255146549317
33	9	男人	7.841403032250021
33	10	买	14.504573081604178
33	11	的	7.979206016550421
33	12	房子	8.054828670719544
33	13	。	2.3290839903664136
34	1	我	5.748415279221174
34	2	见	11.666720043453772
34	3	过	2.884088625102933
34	4	那	4.8780883511252675
34	5	个	5.536157504771474
34	6	他	10.010102861522618
34	7	认识	9.791724051422761
34	8	的	1.0451445373867116
34	9	男人	8.506868230135886
34	10	买	14.73685208030571
34	11	的	6.608880705894293
34	12	房子	8.95471437706341
34	13	。	2.8430494528418677
35	1	我	5.748415279221174
35	2	拒绝	11.745195438347661
35	3	了	3.745316133613869
35	4	那	5.650428258836126
35	5	条	7.180777805669965
35	6	我	6.3107822236569575
35	7	欣赏	16.236186656334517
35	8	的	0.3294644245743257
35	9	朋友	9.810887633700048
35	10	给	10.43933073485293
35	11	的	13.35399459494323
35	12	建议	12.476469422499832
35	13	。	3.291642377606564
36	1	我	5.748415279221174
36	2	拒绝	11.745195438347661
36	3	了	3.745316133613869
36	4	那	5.650428258836126
36	5	个	4.8876184011051045
36	6	我	6.508900957203963
36	7	欣赏	15.704634331442506
36	8	的	0.48247196692849315
36	9	朋友	8.408349817554644
36	10	给	10.722781988979769
36	11	的	13.352567798638177
36	12	建议	12.25652612695086
36	13	。	4.308397069305087
37	1	他	5.549797128912978
37	2	在	4.708201496753226
37	3	看	10.539527925803206
37	4	那	7.379759608218279
37	5	支	10.151010571832103
37	6	我	9.586939691376436
37	7	关心	12.007214454462343
37	8	的	0.6457865748816687
37	9	老师	12.513447878425055
37	10	用	12.529954727765983
37	11	的	9.345539029919692
37	12	笔	15.612193451589519
37	13	。	3.4510423381097723
38	1	他	5.549797128912978
38	2	在	4.708201496753226
38	3	看	10.539527925803206
38	4	那	7.379759608218279
38	5	个	5.257364314979085
38	6	我	7.410606093322102
38	7	关心	10.212768849571567
38	8	的	0.6248425057196343
38	9	老师	13.476671860137465
38	10	用	12.96114715858991
38	11	的	7.224328551391395
38	12	笔	15.868070330584061
38	13	。	2.424830832712459
39	1	她	8.573406289797564
39	2	在	4.6702566247934865
39	3	找	11.95043915966282
39	4	那	9.76548315099565
39	5	只	8.802069603348137
39	6	我	8.036886102686353
39	7	帮助	12.811157097384822
39	8	过	8.373639329784382
39	9	的	1.0486232800244153
39	10	女人	9.286031260136212
39	11	丢	16.785682991655236
39	12	的	7.353293529808482
39	13	鞋子	16.205114148409947
39	14	。	4.935503805101291
40	1	她	8.573406289797564
40	2	在	4.6702566247934865
40	3	找	11.95043915966282
40	4	那	9.76548315099565
40	5	个	4.040888498234722
40	6	我	8.540589800565805
40	7	帮助	12.60123743546172
40	8	过	8.107587939930234
40	9	的	0.757686086522142
40	10	女人	9.446930408942762
40	11	丢	16.90205146172282
40	12	的	7.260331747188673
40	13	鞋子	16.22291367124106
40	14	。	5.298093199546074
41	1	我	5.748415279221174
41	2	讨厌	12.571125238914615
41	3	那	6.527746160610608
41	4	条	8.634088317784741
41	5	我	6.258537767169123
41	6	关心	12.582199432942417
41	7	的	0.5933801147044377
41	8	邻居	13.370710728818544
41	9	养	21.043358335182276
41	10	的	11.227495077303388
41	11	狗	11.5310025067797
41	12	。	2.431517416975254
42	1	我	5.748415279221174
42	2	讨厌	12.571125238914615
42	3	那	6.527746160610608
42	4	个	4.68219833013341
42	5	我	6.030161175924821
42	6	关心	11.565899105136737
42	7	的	0.6256850755042294
42	8	邻居	13.630785251647168
42	9	养	21.658669324305507
42	10	的	10.809878899944266
42	11	狗	11.238230176645445
42	12	。	3.134126126472893
43	1	他	5.549797128912978
43	2	发现	8.704705272778789
43	3	了	4.663295588003184
43	4	那	7.517904095777858
43	5	座	7.417872373324403
43	6	我	11.6312599824007
43	7	采访	13.310144790862594
43	8	过	3.735584154543119
43	9	的	1.354322874549439
43	10	老人	11.139444137607889
43	11	修	20.929247026105728
43	12	的	7.798601306887321
43	13	桥	15.385390621303259
43	14	。	2.0837455761864874
44	1	他	5.549797128912978
44	2	发现	8.704705272778789
44	3	了	4.663295588003184
44	4	那	7.517904095777858
44	5	个	4.840486343307877
44	6	我	8.933839443289664
44	7	采访	12.087388059883374
44	8	过	3.516061869946256
44	9	的	1.1020163917455932
44	10	老人	12.958676920985354
44	11	修	19.352679470753316
44	12	的	6.754663855263473
44	13	桥	16.260191873886725
44	14	。	7.618238963205144
45	1	她	8.573406289797564
45	2	评价	14.977980078975069
45	3	了	1.9563949367340356
45	4	那	7.198954930018864
45	5	篇	5.431550664546656
45	6	我	6.851092137434641
45	7	培养	17.451515523046183
45	8	的	0.8573143241536911
45	9	学生	11.994136306308299
45	10	准备	13.577915214772446
45	11	的	8.421050526404883
45	12	报告	9.907443637091646
45	13	。	0.9520520121035645
46	1	她	8.573406289797564
46	2	评价	14.977980078975069
46	3	了	1.9563949367340356
46	4	那	7.198954930018864
46	5	个	4.244841249565553
46	6	我	6.862985594275173
46	7	培养	17.44444102491451
46	8	的	0.9842983729341199
46	9	学生	10.488487883669414
46	10	准备	13.60087912989215
46	11	的	9.075640296171727
46	12	报告	11.473786702381375
46	13	。	1.307038778013279
47	1	我	5.748415279221174
47	2	在	5.6849052762230805
47	3	等	9.845861193933665
47	4	那	8.05315137932891
47	5	封	10.292659125417828
47	6	我	6.70201749409722
47	7	依赖	16.23398528342559
47	8	的	1.788946392789498
47	9	朋友	9.058845558778145
47	10	写	11.51098988455908
47	11	的	6.395946998039449
47	12	信	12.030879850462114
47	13	。	1.1719505688567295
48	1	我	5.748415279221174
48	2	在	5.6849052762230805
48	3	等	9.845861193933665
48	4	那	8.05315137932891
48	5	个	4.3080279449646355
48	6	我	7.506376320608908
48	7	依赖	15.398075757019761
48	8	的	2.0964180056705004
48	9	朋友	9.277707998327713
48	10	写	12.329579992413926
48	11	的	6.412694967527386
48	12	信	12.459354872950385
48	13	。	1.6930704898083775
49	1	他	5.549797128912978
49	2	提到	11.275306854855227
49	3	了	4.274296597343085
49	4	那	7.037479524859275
49	5	堂	18.199005104889242
49	6	我	7.996034577437129
49	7	认识	10.478837955687617
49	8	的	0.8231410081222919
49	9	老师	11.256017781514018
49	10	教	17.250111903150767
49	11	的	10.174490129519569
49	12	课	14.577687717779838
49	13	。	4.300647042731697
50	1	他	5.549797128912978
50	2	提到	11.275306854855227
50	3	了	4.274296597343085
50	4	那	7.037479524859275
50	5	个	4.770137778112353
50	6	我	8.250463824225172
50	7	认识	8.901174018128089
50	8	过	6.013532057725648
50	9	的	0.8188515844405728
50	10	老师	13.360084656680208
50	11	教	17.424524096905643
50	12	的	5.861908678963587
50	13	课	9.540927321398684
50	14	。	11.549675861005966
51	1	她	8.573406289797564
51	2	推荐	15.823635800446294
51	3	了	0.7114272320627357
51	4	那	8.298320001417277
51	5	块	9.246418732593128
51	6	我	7.11085409988943
51	7	信任	16.168974012004945
51	8	的	0.3442107034748716
51	9	医生	9.789368587380594
51	10	喜欢	17.698134207072655
51	11	的	13.232082307406856
51	12	手表	18.210958642008308
51	13	。	2.4387866755245824
52	1	她	8.573406289797564
52	2	推荐	15.823635800446294
52	3	了	0.7114272320627357
52	4	那	8.298320001417277
52	5	个	3.8756146200384762
52	6	我	7.485928231044873
52	7	信任	14.961808987956339
52	8	的	0.5152792826250874
52	9	医生	9.812512736009609
52	10	喜欢	17.533903862591487
52	11	的	9.562110348368577
52	12	手表	15.147466595343886
52	13	。	1.6224679484573272
53	1	我	5.748415279221174
53	2	选择	10.976193627481113
53	3	了	1.526950052239723
53	4	那	5.92278241937413
53	5	篇	5.5655989356921864
53	6	她	9.537696176456453
53	7	教	14.062613018848296
53	8	的	3.438397968439652
53	9	学生	12.080949882465177
53	10	写	11.358925923094873
53	11	的	7.4960032905455165
53	12	论文	12.694301066182405
53	13	。	3.7453529378793604
54	1	我	5.748415279221174
54	2	选择	10.976193627481113
54	3	了	1.526950052239723
54	4	那	5.92278241937413
54	5	个	4.793498833065904
54	6	她	11.80227006872882
54	7	教	13.539417426394941
54	8	的	2.7930698383026495
54	9	学生	9.383614259851605
54	10	写	11.926219995924555
54	11	的	6.442635786373586
54	12	论文	12.575939011194293
54	13	。	4.112945151831141
55	1	她	8.573406289797564
55	2	喜欢	11.057888065958881
55	3	那	7.275079718038565
55	4	场	7.174280201427887
55	5	我	9.468693456893234
55	6	听说	13.405367076772038
55	7	过	1.9953959131487196
55	8	的	1.009944148998997
55	9	演员	13.436718458858842
55	10	准备	14.476643880263396
55	11	的	8.66181875229654
55	12	表演	10.706376826980062
55	13	。	2.291201947948366
56	1	她	8.573406289797564
56	2	喜欢	11.057888065958881
56	3	那	7.275079718038565
56	4	个	4.2985470511207104
56	5	我	8.11038260625687
56	6	听说	11.961696237652248
56	7	过	1.7095859566001153
56	8	的	1.0923920040097173
56	9	演员	13.431419380152107
56	10	准备	14.192451356581259
56	11	的	12.504566267490489
56	12	表演	14.782854959252802
56	13	。	4.9009508364406855
57	1	他	5.549797128912978
57	2	称赞	18.50727002561063
57	3	了	2.4345380320963343
57	4	那	9.06274724887475
57	5	间	10.037816436307835
57	6	我	8.561680206231905
57	7	采访	11.8773522812291
57	8	过	4.27486538341482
57	9	的	1.1039548831340795
57	10	警察	13.4903039115636
57	11	工作	12.795867435807196
57	12	的	13.932506652550813
57	13	办公室	13.568082880450248
57	14	。	4.2889896663866125
58	1	他	5.549797128912978
58	2	称赞	18.50727002561063
58	3	了	2.4345380320963343
58	4	那	9.06274724887475
58	5	个	4.0820776071739004
58	6	我	7.70516379213278
58	7	采访	11.154617420727796
58	8	过	3.965093292622157
58	9	的	1.1122170380403347
58	10	警察	13.628030738344208
58	11	工作	12.825223896407948
58	12	的	7.781895490207191
58	13	办公室	10.969818876422039
58	14	。	8.961778838744493
59	1	我	5.748415279221174
59	2	听说	9.209371135164108
59	3	过	3.6483634882790987
59	4	那	4.675817510590939
59	5	首	10.1046112970261
59	6	他	9.211984590195314
59	7	培养	17.337387506611876
59	8	的	0.8854867288051196
59	9	孩子	8.52221296169521
59	10	写	11.410562654621444
59	11	的	5.755037610777677
59	12	诗	16.308325512515765
59	13	。	3.8912120891896222
60	1	我	5.748415279221174
60	2	听说	9.209371135164108
60	3	过	3.6483634882790987
60	4	那	4.675817510590939
60	5	个	6.045474987279118
60	6	他	9.53362590264696
60	7	培养	17.35766281160887
60	8	的	0.9504044865745129
60	9	孩子	8.534692203485783
60	10	写	12.295649038903491
60	11	的	5.197018515067526
60	12	诗	16.885092986337952
60	13	。	4.209147015608181
61	1	我	5.748415279221174
61	2	选择	10.976193627481113
61	3	了	1.526950052239723
61	4	那	5.92278241937413
61	5	家	8.956860496833901
61	6	我	6.973791185927389
61	7	依赖	15.96488183268795
61	8	的	3.141946109981106
61	9	朋友	7.045932704653502
61	10	去	9.45862465429201
61	11	的	9.97065941782813
61	12	银行	10.284152005882675
61	13	。	1.947489216520239
62	1	我	5.748415279221174
62	2	选择	10.976193627481113
62	3	了	1.526950052239723
62	4	那	5.92278241937413
62	5	个	4.793498833065904
62	6	我	5.98758292075912
62	7	依赖	15.19801711177385
62	8	的	2.908204534255816
62	9	朋友	7.90521217944756
62	10	去	10.189255485836696
62	11	的	10.260544102090961
62	12	银行	11.340954813198678
62	13	。	2.4724837481723227
