sentence_id	token_id	token	surprisal
1	1	那	7.493794636166048
1	2	位	6.571063280964162
1	3	教授	9.374938141286558
1	4	写	10.087168586379626
1	5	了	0.9443833418197798
1	6	书	14.005074093481078
1	7	的	2.7759744775678854
1	8	内容	6.803640905418909
1	9	。	3.9002736075212425
2	1	那	7.493794636166048
2	2	位	6.571063280964162
2	3	教授	9.374938141286558
2	4	打	12.828581792715418
2	5	了	1.9905277411569884
2	6	书	10.537523831754875
2	7	的	6.3517976519278605
2	8	内容	8.543595866834814
2	9	。	5.563489005381427
3	1	弟弟	16.699560227776924
3	2	启动	18.013191593993955
3	3	了	1.306572849681622
3	4	车	11.725803215267781
3	5	。	3.89224511030487
4	1	弟弟	16.699560227776924
4	2	认识	13.264655914570945
4	3	了	2.7381285505680744
4	4	车	11.409467058674082
4	5	。	13.501732501949625
5	1	他	5.549796273767723
5	2	拿	12.442163354531658
5	3	了	3.3012461587490876
5	4	桌子	12.373040184354782
5	5	上	12.738173023797493
5	6	的	8.130117067912934
5	7	筷子	17.091600353086847
5	8	。	9.26907879636805
6	1	他	5.549796273767723
6	2	听	11.47352966070996
6	3	了	2.042291052652004
6	4	桌子	14.410414936221592
6	5	上	15.124769960911351
6	6	的	4.976942937158768
6	7	筷子	16.35367258944006
6	8	。	5.101896699312036
7	1	她	8.57340978792489
7	2	终于	12.05465714187312
7	3	实现	14.207874878659865
7	4	了	0.1285868797038603
7	5	理想	14.71903941657932
7	6	。	2.1965161697735454
8	1	她	8.57340978792489
8	2	终于	12.05465714187312
8	3	购买	13.781870894165344
8	4	了	0.4623902240076134
8	5	理想	18.337112443386324
8	6	。	3.636804351581908
9	1	我	5.7484173394051785
9	2	修理	18.5978995767149
9	3	了	1.1282829651503583
9	4	这个	7.106214604150143
9	5	电脑	13.073511245350836
9	6	。	2.74042434478217
10	1	我	5.7484173394051785
10	2	阅读	15.978779151480442
10	3	了	3.533597924014771
10	4	这个	4.401185330730918
10	5	电脑	13.02479829099158
10	6	。	2.9238444681304756
11	1	我	5.7484173394051785
11	2	邀请	14.173729641404215
11	3	过	8.898458628325852
11	4	我	3.8571224384273073
11	5	的	2.153460554974771
11	6	朋友	5.161922694485135
11	7	。	5.756810967771756
12	1	我	5.7484173394051785
12	2	打开	16.847438728997783
12	3	过	6.245608200297902
12	4	我	3.357082095928046
12	5	的	0.36002191218353374
12	6	朋友	9.147239284771835
12	7	。	1.9118691677513269
13	1	记者	9.93955045965084
13	2	采访	8.178878491367163
13	3	了	6.1175516855733925
13	4	艺术家	15.392966664457195
13	5	。	3.793313803189804
14	1	记者	9.93955045965084
14	2	制作	15.125275765675331
14	3	了	2.7873307452133567
14	4	艺术家	14.053185537101125
14	5	。	4.0869108323358105
15	1	他	5.549796273767723
15	2	参与	13.427312754791974
15	3	了	1.796810418356685
15	4	战争	12.186490900223049
15	5	。	4.836096914009197
16	1	他	5.549796273767723
16	2	建造	15.989118488653922
16	3	了	1.177262212456263
16	4	战争	15.08529684263522
16	5	。	4.260091192100717
17	1	她	8.57340978792489
17	2	批评	11.028193300213674
17	3	了	3.954675554257939
17	4	儿子	11.27241288156537
17	5	。	7.402287838024549
18	1	她	8.57340978792489
18	2	改正	19.92104012006765
18	3	了	2.0086430316590516
18	4	儿子	12.503842603166213
18	5	。	7.099941108857443
19	1	我	5.7484173394051785
19	2	结束	15.556361028304543
19	3	了	0.6391221830136153
19	4	谈话	12.610038791669975
19	5	。	2.4222912864128787
20	1	我	5.7484173394051785
20	2	表扬	19.089997581689836
20	3	了	1.8967913570842967
20	4	谈话	17.39616325644736
20	5	。	2.906622010443634
21	1	他	5.549796273767723
21	2	买	13.858761533608323
21	3	了	1.4820791356877585
21	4	这些	10.512125540366178
21	5	笔	11.545764846518821
21	6	。	3.4773350885764955
22	1	他	5.549796273767723
22	2	种	15.85349430642124
22	3	了	2.6139675262697466
22	4	这些	7.894092733909432
22	5	笔	15.173952413174955
22	6	。	2.939035718786407
23	1	他	5.549796273767723
23	2	提出	10.480388727943367
23	3	了	2.929198884292738
23	4	很多	8.59296529347612
23	5	问题	3.5066043038915993
23	6	。	8.377626044127418
24	1	他	5.549796273767723
24	2	申请	13.756510429411819
24	3	了	5.693996152145704
24	4	很多	10.370743567266182
24	5	问题	5.258280791389971
24	6	。	3.85080528655714
25	1	这	6.169499773515947
25	2	款	12.759576345442301
25	3	药	11.647502277466387
25	4	治疗	14.548252054095592
25	5	了	8.128902341816818
25	6	他	10.934927407519382
25	7	的	1.103826843107143
25	8	疾病	9.892926615298848
25	9	。	2.137563661106242
26	1	这	6.169499773515947
26	2	款	12.759576345442301
26	3	药	11.647502277466387
26	4	缓解	15.361058914877738
26	5	了	0.7651739491837688
26	6	他	11.687802265831877
26	7	的	1.3523852669239815
26	8	疾病	10.826842520908052
26	9	。	2.258292476279351
27	1	我	5.7484173394051785
27	2	看	7.252961161130927
27	3	着	5.3871040318262935
27	4	奶奶	13.04053654820649
27	5	的	2.59373448543489
27	6	面容	13.621701563886816
27	7	。	2.164242625410914
28	1	我	5.7484173394051785
28	2	听	9.386149402839504
28	3	着	3.946032984762617
28	4	奶奶	12.312769919777008
28	5	的	0.5088817754584909
28	6	面容	14.061979433191432
28	7	。	3.152147138864173
29	1	学者	14.929665554815998
29	2	发现	10.907052029220754
29	3	了	5.87799864314437
29	4	这个	9.752974201863978
29	5	规律	13.303433325915414
29	6	。	12.787457283910499
30	1	学者	14.929665554815998
30	2	发明	14.688381538123899
30	3	了	1.2998884605148824
30	4	这个	10.956431982470246
30	5	规律	12.314048862104435
30	6	。	2.5675416053053652
31	1	母亲	13.44859915786807
31	2	准备	13.792454143718185
31	3	了	6.961575922871695
31	4	晚饭	15.833241027063508
31	5	。	4.113876008094351
32	1	母亲	13.44859915786807
32	2	责备	17.044723498235996
32	3	了	9.454057954717836
32	4	晚饭	17.650066339954293
32	5	。	5.110692754853609
33	1	孩子	14.459785924566983
33	2	培养	15.873295095079783
33	3	了	1.6151855124437766
33	4	这个	7.97499498854674
33	5	特长	16.833238188297194
33	6	。	2.5141851491472096
34	1	孩子	14.459785924566983
34	2	改正	18.39686817916542
34	3	了	1.3188806429105426
34	4	这个	9.52543640158811
34	5	特长	17.080972673377488
34	6	。	1.2730486983626434
35	1	政府	10.598009420176997
35	2	设立	11.010917997456446
35	3	了	2.0644724675353814
35	4	项目	11.818790871865257
35	5	。	7.524904126535233
36	1	政府	10.598009420176997
36	2	引发	14.206235938024559
36	3	了	1.1521905892024655
36	4	项目	15.505430319624718
36	5	。	17.800663743328037
37	1	我	5.7484173394051785
37	2	回忆	12.599256043789492
37	3	了	6.239629947479031
37	4	之前	15.660178326302596
37	5	的	2.1559756528128418
37	6	经历	8.554428082518363
37	7	。	6.82250192927485
38	1	我	5.7484173394051785
38	2	帮助	14.340352035493506
38	3	了	3.9140662696384396
38	4	之前	15.522490379241116
38	5	的	2.156186338581712
38	6	经历	9.581142202505113
38	7	。	4.555753503446752
39	1	花园	17.584012140261812
39	2	长满	16.462025114463152
39	3	了	3.431412337385993
39	4	草	13.810864930550366
39	5	。	8.962562208898554
40	1	花园	17.584012140261812
40	2	吸引	14.433300584885778
40	3	了	4.239575683809619
40	4	草	16.21533646260169
40	5	。	12.5847022864535
41	1	雨水	17.68784209503765
41	2	清洗	17.68668481482771
41	3	了	7.383921808482853
41	4	大楼	13.952859194085484
41	5	。	5.329080516712594
42	1	雨水	17.68784209503765
42	2	灌溉	15.10267147549541
42	3	了	6.0407237363819135
42	4	大楼	13.999176747143942
42	5	。	12.811800665208317
43	1	我	5.7484173394051785
43	2	听从	19.563360022020255
43	3	了	3.0484034812559457
43	4	老师	12.496761383083125
43	5	的	3.275111298281246
43	6	建议	9.536695228965257
43	7	。	2.255161641370165
44	1	我	5.7484173394051785
44	2	安装	17.219613742741156
44	3	了	0.839444724810491
44	4	老师	14.303550984782785
44	5	的	1.913354587139004
44	6	建议	12.81769768906846
44	7	。	1.5099583695888938
45	1	警官	20.000981859357292
45	2	疏散	17.272405588462615
45	3	了	5.858676940252252
45	4	人群	14.434940279674308
45	5	。	11.342842367582541
46	1	警官	20.000981859357292
46	2	解除	16.598653565668226
46	3	了	0.9471358635111926
46	4	人群	15.133030089557806
46	5	。	4.262339716014175
47	1	他	5.549796273767723
47	2	卖	14.551054336560924
47	3	过	4.918830881641544
47	4	一些	7.086991509235112
47	5	化肥	16.17121489156238
47	6	。	9.9274188727003
48	1	他	5.549796273767723
48	2	摘	19.103947789469707
48	3	过	6.1725245107785085
48	4	一些	9.053868473184846
48	5	化肥	16.902370174718996
48	6	。	5.396566726592916
49	1	她	8.57340978792489
49	2	戴	12.991112974855403
49	3	过	8.380689729266443
49	4	耳机	14.927422581143794
49	5	。	5.393311894866969
50	1	她	8.57340978792489
50	2	穿	12.410610116443097
50	3	过	6.584401447339861
50	4	耳机	15.407388489653933
50	5	。	6.857375768727131
51	1	他	5.549796273767723
51	2	在	4.708201501678041
51	3	学校	11.02274499847019
51	4	里	3.0471158179769056
51	5	吃	9.81375715721251
51	6	过	5.350647517312218
51	7	饭	9.00406747641864
51	8	。	5.153089410968775
52	1	他	5.549796273767723
52	2	在	4.708201501678041
52	3	学校	11.02274499847019
52	4	里	3.0471158179769056
52	5	讲	8.6624197565413
52	6	过	5.179542292383836
52	7	饭	13.233893639314097
52	8	。	9.018663663463578
53	1	他	5.549796273767723
53	2	见	14.32213414513605
53	3	过	3.615364942722909
53	4	店长	19.67723503891661
53	5	。	12.547760114451265
54	1	他	5.549796273767723
54	2	去	11.773821162980628
54	3	过	5.098838753743692
54	4	店长	19.966284786218246
54	5	。	10.727103085014953
55	1	我	5.7484173394051785
55	2	听	9.386149402839504
55	3	过	1.4409266297409324
55	4	这些	8.66297307820124
55	5	声音	7.679122185372634
55	6	。	3.455948685484728
56	1	我	5.7484173394051785
56	2	见	11.666717488270375
56	3	过	2.88409091951722
56	4	这些	9.055135611390948
56	5	声音	7.574989549978504
56	6	。	2.6658035248126453
57	1	爷爷	17.687414676680586
57	2	安装	17.6951935687778
57	3	过	9.742316779859891
57	4	机器	12.363551812863733
57	5	。	5.874951948975635
58	1	爷爷	17.687414676680586
58	2	种植	18.152941509269485
58	3	过	9.849011820809388
58	4	机器	13.181257081104675
58	5	。	2.54406319260265
59	1	她	8.57340978792489
59	2	说	1.6382924090625615
59	3	过	10.018110722895043
59	4	这	6.799155770104296
59	5	些	14.385844520024023
59	6	话	3.5979178725822294
59	7	。	10.277077420687966
60	1	她	8.57340978792489
60	2	吃	12.583524266323591
60	3	过	4.390314371541322
60	4	这	9.312251125727201
60	5	些	9.808346421693017
60	6	话	3.767816992817167
60	7	。	8.09060456331882
61	1	母亲	13.44859915786807
61	2	买	12.451625357099523
61	3	了	1.280163475246006
61	4	纸	14.942059570153308
61	5	。	7.320671168934737
62	1	母亲	13.44859915786807
62	2	喝	10.737542384376813
62	3	了	2.9117916077196675
62	4	纸	15.794292559801935
62	5	。	7.081355186905853
