sentence_id	token_id	token	surprisal
1	1	随着	9.297944978219823
1	2	政府	8.603970759558225
1	3	发展	9.68686302829175
1	4	，	1.6833802591535125
1	5	经济	8.771186562340404
1	6	变	12.231272464178211
1	7	好	8.06399585491235
1	8	了	6.535231018691235
1	9	。	2.982921474469265
2	1	随着	9.297944978219823
2	2	政府	8.603970759558225
2	3	发展	9.68686302829175
2	4	。	14.768219122929725
3	1	随着	9.297944978219823
3	2	互联网	13.648507642180201
3	3	的	2.716253633735139
3	4	出现	11.423769558759627
3	5	，	0.12534621652902445
3	6	生活	13.490632061497976
3	7	质量	7.4435833980059485
3	8	提高	9.655325329030624
3	9	了	1.2348273275904091
3	10	。	9.26708846826105
4	1	随着	9.297944978219823
4	2	互联网	13.648507642180201
4	3	的	2.716253633735139
4	4	出现	11.423769558759627
4	5	。	12.9594182326571
5	1	随着	9.297944978219823
5	2	一阵	18.57535606173922
5	3	铃声	19.402325425480672
5	4	，	3.06157698329298
5	5	火车	12.779997792315143
5	6	开	11.965707505715898
5	7	了	0.8830580070760305
5	8	。	5.4360020509610365
6	1	随着	9.297944978219823
6	2	一阵	18.57535606173922
6	3	铃声	19.402325425480672
6	4	。	14.453444456118106
7	1	随着	9.297944978219823
7	2	他	9.08148268827678
7	3	的	0.6246990854851475
7	4	年龄	15.605654622589924
7	5	增长	13.580909655997544
7	6	，	0.26217153714134156
7	7	他	3.012372692711722
7	8	更	6.477082449921831
7	9	有	6.588004221292678
7	10	自信	12.714968585703673
7	11	了	11.471243783355874
7	12	。	0.20669867188706803
8	1	随着	9.297944978219823
8	2	他	9.08148268827678
8	3	的	0.6246990854851475
8	4	年龄	15.605654622589924
8	5	增长	13.580909655997544
8	6	。	12.132755684990542
9	1	随着	9.297944978219823
9	2	冬天	15.969223585651806
9	3	的	0.6444253655185825
9	4	到来	9.761557286122471
9	5	，	0.07442118851547264
9	6	树木	18.86162044195347
9	7	凋零	19.99365244784785
9	8	了	11.912697359059464
9	9	。	2.673849937326324
10	1	随着	9.297944978219823
10	2	冬天	15.969223585651806
10	3	的	0.6444253655185825
10	4	到来	9.761557286122471
10	5	。	12.120206853404916
11	1	随着	9.297944978219823
11	2	科技	6.851042376507008
11	3	发展	4.670373627178957
11	4	，	2.9701317299633736
11	5	电脑	13.834689544849827
11	6	功能	10.482124159542181
11	7	变得	11.804244933529432
11	8	更	3.907418967893655
11	9	多	3.383554728771756
11	10	了	6.989200913988668
11	11	。	0.2757269273184164
12	1	随着	9.297944978219823
12	2	科技	6.851042376507008
12	3	发展	4.670373627178957
12	4	。	13.269949018185855
13	1	自从	10.533452884891883
13	2	见	15.53809437949256
13	3	了	4.153015991905505
13	4	他	6.133923779286967
13	5	，	10.626369287950304
13	6	她	6.637126398260698
13	7	一直	10.0661374223277
13	8	在	1.5816344943504674
13	9	写信	16.903396523373743
13	10	。	16.448073237395036
14	1	自从	10.533452884891883
14	2	见	15.53809437949256
14	3	了	4.153015991905505
14	4	他	6.133923779286967
14	5	。	14.79270277486529
15	1	自从	10.533452884891883
15	2	修	15.848269584771089
15	3	了	6.094874106191373
15	4	公路	12.34857053335498
15	5	，	5.9716067736220495
15	6	农村	11.982204956176915
15	7	经济	7.359438668975798
15	8	变	15.221167275411517
15	9	好	13.244971619414812
15	10	了	7.763621239700285
15	11	。	12.635741050189594
16	1	自从	10.533452884891883
16	2	修	15.848269584771089
16	3	了	6.094874106191373
16	4	公路	12.34857053335498
16	5	。	15.66328070333482
17	1	自从	10.533452884891883
17	2	离开	12.584512329111707
17	3	家乡	11.7201229581122
17	4	，	5.546621067989989
17	5	她	13.846440171788544
17	6	一直	11.227631709024266
17	7	想念	14.920582675817968
17	8	父母	8.81555197836191
17	9	。	16.15442824356292
18	1	自从	10.533452884891883
18	2	离开	12.584512329111707
18	3	家乡	11.7201229581122
18	4	。	16.733169214464702
19	1	自从	10.533452884891883
19	2	他	5.149545307384658
19	3	开始	5.9343474032122305
19	4	读书	13.284245426035696
19	5	，	7.018317870272178
19	6	他	11.614740282443066
19	7	的	2.640330219731183
19	8	成绩	14.241156849554635
19	9	提高	14.364094270967783
19	10	了	4.29283831520641
19	11	。	14.632020746791369
20	1	自从	10.533452884891883
20	2	他	5.149545307384658
20	3	开始	5.9343474032122305
20	4	读书	13.284245426035696
20	5	。	17.810531059940168
21	1	自从	10.533452884891883
21	2	他	5.149545307384658
21	3	获得	9.088801095068012
21	4	大奖	14.349427496096457
21	5	，	7.034871884484737
21	6	他	9.971318374482088
21	7	不	8.569061564797458
21	8	学习	12.07860720114175
21	9	了	10.777894236587954
21	10	。	15.51575421625499
22	1	自从	10.533452884891883
22	2	他	5.149545307384658
22	3	获得	9.088801095068012
22	4	大奖	14.349427496096457
22	5	。	16.601347366005
23	1	自从	10.533452884891883
23	2	她	7.801025169309845
23	3	认识	9.928589255309394
23	4	了	5.476736306461881
23	5	老师	11.951061738219579
23	6	，	4.127543615418254
23	7	她	9.20882490972923
23	8	努力	12.936334018856293
23	9	训练	11.58903927821386
23	10	。	16.10859865164319
24	1	自从	10.533452884891883
24	2	她	7.801025169309845
24	3	认识	9.928589255309394
24	4	了	5.476736306461881
24	5	老师	11.951061738219579
24	6	。	16.217861676056053
25	1	自从	10.533452884891883
25	2	她	7.801025169309845
25	3	参与	11.766555349969671
25	4	了	4.251172146715941
25	5	活动	12.771306865253408
25	6	，	4.376165169337369
25	7	她	6.929042544935044
25	8	认识	11.252532752182411
25	9	了	1.0623071670734419
25	10	很多	7.423051725851948
25	11	人	3.5881988099989144
25	12	。	6.693006964888809
26	1	自从	10.533452884891883
26	2	她	7.801025169309845
26	3	参与	11.766555349969671
26	4	了	4.251172146715941
26	5	活动	12.771306865253408
26	6	。	17.026007897262183
27	1	自从	10.533452884891883
27	2	她	7.801025169309845
27	3	学习	12.726347704913707
27	4	了	6.721719664034996
27	5	外语	16.204858751001233
27	6	，	5.1799995933582395
27	7	她	11.416726692868984
27	8	看	9.082645997130925
27	9	了	2.7184677239833377
27	10	很多	10.193272717525488
27	11	电影	8.620384110874411
27	12	。	14.381069081598369
28	1	自从	10.533452884891883
28	2	她	7.801025169309845
28	3	学习	12.726347704913707
28	4	了	6.721719664034996
28	5	外语	16.204858751001233
28	6	。	15.4116343918393
29	1	因为	7.3819505154316465
29	2	喝	17.783840032318597
29	3	了	2.967688404748756
29	4	酒	8.28858115015576
29	5	，	1.4284153754177922
29	6	他	8.369507500616756
29	7	摔	12.934831522693088
29	8	了	1.9680673567848856
29	9	。	4.341889412038235
30	1	因为	7.3819505154316465
30	2	喝	17.783840032318597
30	3	了	2.967688404748756
30	4	酒	8.28858115015576
30	5	。	5.359371480800753
31	1	因为	7.3819505154316465
31	2	他	5.771794565242703
31	3	要	7.350439770639548
31	4	迟到	21.128447115295973
31	5	了	6.315349112098019
31	6	，	1.7321736910662935
31	7	他	4.1689113622291885
31	8	结束	14.560364433614623
31	9	了	0.2327456901316367
31	10	谈话	12.303341301901057
31	11	。	2.8230401064739112
32	1	因为	7.3819505154316465
32	2	他	5.771794565242703
32	3	要	7.350439770639548
32	4	迟到	21.128447115295973
32	5	了	6.315349112098019
32	6	。	1.612022243332568
33	1	因为	7.3819505154316465
33	2	他	5.771794565242703
33	3	没有	6.965747224899333
33	4	练习	15.851769545419682
33	5	题目	20.116130502134865
33	6	，	1.1807882169699226
33	7	他	3.394124647122986
33	8	没有	7.614648480193075
33	9	成功	12.614623178045605
33	10	。	4.7833620569012965
34	1	因为	7.3819505154316465
34	2	他	5.771794565242703
34	3	没有	6.965747224899333
34	4	练习	15.851769545419682
34	5	题目	20.116130502134865
34	6	。	1.8041581595443148
35	1	因为	7.3819505154316465
35	2	疾病	16.26988614097477
35	3	，	4.633054359071284
35	4	她	11.672692145346357
35	5	拒绝	13.150090915775102
35	6	了	2.963965076673759
35	7	演出	18.014998672089312
35	8	。	5.998857825003611
36	1	因为	7.3819505154316465
36	2	疾病	16.26988614097477
36	3	。	7.265155433172001
37	1	因为	7.3819505154316465
37	2	听	15.852126547020763
37	3	着	2.8518821810271824
37	4	音乐	13.452527046779089
37	5	，	3.3416208716304254
37	6	她	5.594009913139537
37	7	错过	18.72802776231687
37	8	了	1.3960929811753147
37	9	广播	16.35658875547628
37	10	。	5.175629564177186
38	1	因为	7.3819505154316465
38	2	听	15.852126547020763
38	3	着	2.8518821810271824
38	4	音乐	13.452527046779089
38	5	。	14.220793667148449
39	1	尽管	9.324425689788402
39	2	领导	13.986168795128037
39	3	已经	6.71556644537792
39	4	离去	17.47996071799161
39	5	，	0.32610203853132447
39	6	工人	13.150231852893938
39	7	还	6.400151745368326
39	8	在	4.899065947355851
39	9	工作	8.986892066465458
39	10	。	1.4973872562132442
40	1	尽管	9.324425689788402
40	2	领导	13.986168795128037
40	3	已经	6.71556644537792
40	4	离去	17.47996071799161
40	5	。	9.833193935715848
41	1	尽管	9.324425689788402
41	2	他	5.500595799705504
41	3	年纪	18.27014775575224
41	4	小	9.601435403943931
41	5	，	0.4278341882615493
41	6	他	4.272765923002268
41	7	有	8.230225950307485
41	8	能力	6.861067567062314
41	9	。	9.578174153803673
42	1	尽管	9.324425689788402
42	2	他	5.500595799705504
42	3	年纪	18.27014775575224
42	4	小	9.601435403943931
42	5	。	10.76627291890113
43	1	尽管	9.324425689788402
43	2	她	8.537214606241537
43	3	会	7.830365125317474
43	4	开车	14.508462648185269
43	5	，	4.475286570477202
43	6	她	3.849486051819703
43	7	今天	10.460673685539668
43	8	没有	7.6744169895049055
43	9	开车	13.101268681899782
43	10	。	4.494514592504615
44	1	尽管	9.324425689788402
44	2	她	8.537214606241537
44	3	会	7.830365125317474
44	4	开车	14.508462648185269
44	5	。	13.768238382726075
45	1	尽管	9.324425689788402
45	2	作家	13.291720632957869
45	3	很	9.065490305449735
45	4	年轻	11.323171725802968
45	5	，	0.14168843067901804
45	6	他	3.5498293330678976
45	7	写	10.510850690671468
45	8	了	3.1342774303882592
45	9	很多	5.132644272364836
45	10	作品	6.710887291096498
45	11	。	2.9127653245667204
46	1	尽管	9.324425689788402
46	2	作家	13.291720632957869
46	3	很	9.065490305449735
46	4	年轻	11.323171725802968
46	5	。	7.258376720084485
47	1	尽管	9.324425689788402
47	2	父亲	13.299171025030276
47	3	不	5.052669597238783
47	4	同意	7.331263109153699
47	5	他	4.94994129342404
47	6	唱歌	17.88407443377102
47	7	，	0.9637254965762594
47	8	他	3.324118917377149
47	9	还是	7.373017287921037
47	10	买	11.666668971223118
47	11	了	2.3853146235933025
47	12	吉他	17.21138872100525
47	13	。	3.2893715727223594
48	1	尽管	9.324425689788402
48	2	父亲	13.299171025030276
48	3	不	5.052669597238783
48	4	同意	7.331263109153699
48	5	他	4.94994129342404
48	6	唱歌	17.88407443377102
48	7	。	9.785207554475129
49	1	尽管	9.324425689788402
49	2	经济	9.164975149712305
49	3	不	5.38919883917157
49	4	好	7.719920862024711
49	5	，	0.22154993762314135
49	6	他	7.135806476023209
49	7	还是	6.120905227038627
49	8	关心	11.806567914323502
49	9	慈善	16.2340868962347
49	10	。	5.566877560090944
50	1	尽管	9.324425689788402
50	2	经济	9.164975149712305
50	3	不	5.38919883917157
50	4	好	7.719920862024711
50	5	。	6.953046261455057
51	1	如果	7.275083493340342
51	2	她	10.205892317801421
51	3	做	8.053032888678594
51	4	完	15.84130761545855
51	5	作业	14.59868890691041
51	6	，	0.5309520943304591
51	7	她	4.623757611125406
51	8	去	11.146167167145826
51	9	健身房	12.214351674492619
51	10	。	11.271677269726524
52	1	如果	7.275083493340342
52	2	她	10.205892317801421
52	3	做	8.053032888678594
52	4	完	15.84130761545855
52	5	作业	14.59868890691041
52	6	。	13.8825080882457
53	1	如果	7.275083493340342
53	2	她们	13.078299538219515
53	3	照	16.886405119046707
53	4	了	8.883752699588719
53	5	相	15.934124484527885
53	6	，	0.9353156352143017
53	7	她们	12.827024583064478
53	8	就	2.573814205108093
53	9	留下	13.737086625359865
53	10	了	0.39081773076637205
53	11	回忆	15.598267494653811
53	12	。	1.0069338001604677
54	1	如果	7.275083493340342
54	2	她们	13.078299538219515
54	3	照	16.886405119046707
54	4	了	8.883752699588719
54	5	相	15.934124484527885
54	6	。	11.24921540026368
55	1	如果	7.275083493340342
55	2	培养	16.233894460088894
55	3	了	4.278081088008605
55	4	信心	14.61995598847681
55	5	，	0.4691489291860904
55	6	她	9.514672344251075
55	7	可以	6.478537177068084
55	8	实现	10.843860776412747
55	9	梦想	12.684924834652747
55	10	。	7.924880396886763
56	1	如果	7.275083493340342
56	2	培养	16.233894460088894
56	3	了	4.278081088008605
56	4	信心	14.61995598847681
56	5	。	13.373924679148189
57	1	如果	7.275083493340342
57	2	他	6.256802881726403
57	3	不	3.927391101129013
57	4	尝试	8.85960617364178
57	5	，	2.6533150800222884
57	6	他	3.0640874225208563
57	7	将	4.257050443989179
57	8	失去	9.744470886295161
57	9	机会	8.521352789323608
57	10	。	2.176811197851187
58	1	如果	7.275083493340342
58	2	他	6.256802881726403
58	3	不	3.927391101129013
58	4	尝试	8.85960617364178
58	5	。	12.344000769514615
59	1	如果	7.275083493340342
59	2	她	10.205892317801421
59	3	来	8.549908401458861
59	4	，	5.645826640174679
59	5	母亲	8.347633112952163
59	6	会	6.08979886869421
59	7	准备	12.842514306331516
59	8	水果	18.532588184920513
59	9	。	4.80962240761346
60	1	如果	7.275083493340342
60	2	她	10.205892317801421
60	3	来	8.549908401458861
60	4	。	15.928432090388249
