sentence_id	token_id	token	surprisal
1	1	那	7.493795502593405
1	2	位	6.571054934587482
1	3	教授	9.374943782034677
1	4	写	10.087171542623608
1	5	了	0.944382174057985
1	6	读者	15.399776566004682
1	7	喜欢	10.41234578638597
1	8	的	2.3025381512016025
1	9	书	6.798809508455882
1	10	的	9.968435424814317
1	11	内容	7.788904590919941
1	12	。	2.730829784681987
2	1	那	7.493795502593405
2	2	位	6.571054934587482
2	3	教授	9.374943782034677
2	4	打	12.82858556668397
2	5	了	1.990522616019966
2	6	读者	15.905824363483212
2	7	喜欢	15.514545375760825
2	8	的	10.123368182212943
2	9	书	5.72889050112785
2	10	的	16.5355652424919
2	11	内容	10.61049051638328
2	12	。	3.434378010384549
3	1	弟弟	16.69956032999578
3	2	启动	18.01319107878044
3	3	了	1.3065740424279397
3	4	父亲	12.952829649773527
3	5	买	15.611422711157715
3	6	的	8.394674108308493
3	7	车	7.853966587606635
3	8	。	4.404578387308234
4	1	弟弟	16.69956032999578
4	2	认识	13.264659823178835
4	3	了	2.7381306298831802
4	4	父亲	9.50574995525551
4	5	买	13.014808783905771
4	6	的	2.112916122856035
4	7	车	7.82371636094809
4	8	。	12.754936313617648
5	1	他	5.549797128912978
5	2	拿	12.442166298775124
5	3	了	3.3012455735550184
5	4	桌子	12.373040686969034
5	5	上	12.738174349999824
5	6	的	8.130122666689104
5	7	妈妈	13.999188972036244
5	8	放	12.043212227831674
5	9	的	4.828970090615542
5	10	筷子	17.847499115269486
5	11	。	7.540266992023916
6	1	他	5.549797128912978
6	2	听	11.473532210032861
6	3	了	2.042291123899318
6	4	桌子	14.410418082297564
6	5	上	15.124766715410964
6	6	的	4.976954834780365
6	7	妈妈	10.480690842796498
6	8	放	17.72056518962073
6	9	的	6.260307985912249
6	10	筷子	18.179375321444837
6	11	。	4.290840450742792
7	1	她	8.573406289797564
7	2	终于	12.054659263659431
7	3	实现	14.20787518415663
7	4	了	0.1285868696987862
7	5	她	4.943123946051834
7	6	设立	16.09583211071439
7	7	的	1.7911568703138556
7	8	理想	13.094367961892097
7	9	。	0.963953812381888
8	1	她	8.573406289797564
8	2	终于	12.054659263659431
8	3	购买	13.781871494581718
8	4	了	0.4623906650517995
8	5	她	6.2351196208243564
8	6	设立	17.294802782889427
8	7	的	1.0551410959531964
8	8	理想	15.442311347794607
8	9	。	1.8830727731309338
9	1	我	5.748415279221174
9	2	修理	18.597897884759558
9	3	了	1.1282851202743487
9	4	这个	7.10621531218505
9	5	父亲	14.371449122751628
9	6	使用	14.195643940064265
9	7	的	1.6339313338518338
9	8	电脑	12.341053303717516
9	9	。	2.844250650992848
10	1	我	5.748415279221174
10	2	阅读	15.97877879499665
10	3	了	3.533595169311031
10	4	这个	4.401182599240066
10	5	父亲	13.581689433838541
10	6	使用	12.301270915083528
10	7	的	0.6609300459689962
10	8	电脑	11.256559752333942
10	9	。	4.463456421188354
11	1	我	5.748415279221174
11	2	邀请	14.173730387194013
11	3	过	8.898461573764159
11	4	母亲	11.431474488542566
11	5	认识	14.258520055514929
11	6	的	2.3181774292865427
11	7	我	7.148856245438203
11	8	的	2.592376877182872
11	9	朋友	6.2246173167292085
11	10	。	6.968329033500467
12	1	我	5.748415279221174
12	2	打开	16.847439670628948
12	3	过	6.245607341611368
12	4	母亲	11.122168609934327
12	5	认识	14.992489400687681
12	6	的	0.8444023501634774
12	7	我	8.782466843588985
12	8	的	1.1935041566205769
12	9	朋友	8.187745242899766
12	10	。	1.8997090874956797
13	1	记者	9.939546865073972
13	2	采访	8.178873840956257
13	3	了	6.117569462027262
13	4	人民	14.445349001634959
13	5	喜爱	15.588954508779004
13	6	的	0.7552480531796846
13	7	艺术家	13.838757335848747
13	8	。	2.5303790152779158
14	1	记者	9.939546865073972
14	2	制作	15.125276475546368
14	3	了	2.7873381145003897
14	4	人民	15.301807226528524
14	5	喜爱	13.976355954222683
14	6	的	0.4336268635689322
14	7	艺术家	12.216991961248375
14	8	。	1.4505780398082067
15	1	他	5.549797128912978
15	2	参与	13.427313456117325
15	3	了	1.79681124851286
15	4	宗教	13.886775010636491
15	5	引发	17.381417265957218
15	6	的	4.602733530983826
15	7	战争	11.92072088891522
15	8	。	0.38461247494510076
16	1	他	5.549797128912978
16	2	建造	15.989118120718501
16	3	了	1.1772611587570694
16	4	宗教	15.934224164348507
16	5	引发	18.532142512683492
16	6	的	5.959908292536625
16	7	战争	12.260736490494736
16	8	。	0.6117857529089861
17	1	她	8.573406289797564
17	2	批评	11.028192583035953
17	3	了	3.954674477544401
17	4	她	3.3143756980483694
17	5	爱	12.661801967180757
17	6	的	2.103632331055742
17	7	儿子	6.533845091927219
17	8	。	3.7291024154456167
18	1	她	8.573406289797564
18	2	改正	19.921040857955386
18	3	了	2.008639627784788
18	4	她	4.218397033439928
18	5	爱	13.700992961381743
18	6	的	1.7309725142970152
18	7	儿子	7.5549394384027195
18	8	。	3.4384697094866823
19	1	我	5.748415279221174
19	2	结束	15.556360786678542
19	3	了	0.6391213784505254
19	4	我	5.133255342127693
19	5	正在	9.502308307334662
19	6	进行	6.274427963883518
19	7	的	0.3424105605566439
19	8	谈话	9.942693013533635
19	9	。	2.384135615789205
20	1	我	5.748415279221174
20	2	表扬	19.089998389889768
20	3	了	1.8967937374052184
20	4	我	4.025430256382467
20	5	正在	8.239219684354222
20	6	进行	6.74724356508127
20	7	的	0.20219955809959345
20	8	谈话	11.256943407792392
20	9	。	3.450136738482577
21	1	他	5.549797128912978
21	2	买	13.858762545688442
21	3	了	1.4820809696304913
21	4	这些	10.512123138905007
21	5	我	10.846109306982605
21	6	喜欢	9.512376741609785
21	7	的	0.8979317066498922
21	8	笔	12.861973314530957
21	9	。	1.7715232157111842
22	1	他	5.549797128912978
22	2	种	15.853497599380809
22	3	了	2.61396783930876
22	4	这些	7.89408897660903
22	5	我	13.187172071612103
22	6	喜欢	6.879344187677418
22	7	的	0.7867941881367031
22	8	笔	14.612357347100236
22	9	。	2.1727149850776897
23	1	他	5.549797128912978
23	2	提出	10.480388941275915
23	3	了	2.929197870254633
23	4	很多	8.592967968235168
23	5	他	8.495463813932595
23	6	不	7.234099059311447
23	7	理解	9.52202217153257
23	8	的	0.6796570765866647
23	9	问题	4.45299904724034
23	10	。	7.340106872672834
24	1	他	5.549797128912978
24	2	申请	13.756511249275295
24	3	了	5.693995141215666
24	4	很多	10.37075168574123
24	5	他	8.158606356997069
24	6	不	7.761637106206308
24	7	理解	9.9025661620013
24	8	的	1.150882493248801
24	9	问题	3.9857074500309935
24	10	。	1.21117192950652
25	1	这	6.1694979862247195
25	2	款	12.75957179545344
25	3	药	11.64750523095326
25	4	治疗	14.548246593884404
25	5	了	8.12889863856072
25	6	医生	14.49005785598802
25	7	诊断	17.561998828286036
25	8	的	2.9138119221717034
25	9	他	10.162430424769056
25	10	的	1.0807786127560632
25	11	疾病	10.18779576332959
25	12	。	2.346133931349911
26	1	这	6.1694979862247195
26	2	款	12.75957179545344
26	3	药	11.64750523095326
26	4	缓解	15.361058618817712
26	5	了	0.7651760320192906
26	6	医生	16.574445975992226
26	7	诊断	17.033771085205814
26	8	的	2.142614951825067
26	9	他	11.407164336749062
26	10	的	1.023701691662069
26	11	疾病	9.878097757143024
26	12	。	2.031413205705789
27	1	我	5.748415279221174
27	2	看	7.252962776321871
27	3	着	5.387101164826076
27	4	我	3.3237485926292507
27	5	想念	13.263793023312672
27	6	的	6.533799295927203
27	7	奶奶	11.164990866225786
27	8	的	7.496996536597429
27	9	面容	13.180627242663661
27	10	。	2.1965170311823385
28	1	我	5.748415279221174
28	2	听	9.386148884165808
28	3	着	3.9460335684090655
28	4	我	4.009043437529719
28	5	想念	13.908867071175855
28	6	的	4.081170330131648
28	7	奶奶	11.355128788432602
28	8	的	6.671829517833778
28	9	面容	13.088815779376695
28	10	。	3.608450988056333
29	1	学者	14.929664715477106
29	2	发现	10.907054104614797
29	3	了	5.878000341624272
29	4	这个	9.752973326724856
29	5	古人	18.051229799000176
29	6	留下	14.163442562145029
29	7	的	3.3087880591201326
29	8	规律	12.938577266265312
29	9	。	11.856388151938546
30	1	学者	14.929664715477106
30	2	发明	14.688384165794442
30	3	了	1.2998944376349577
30	4	这个	10.956423346255573
30	5	古人	17.897413489278136
30	6	留下	13.379692523832908
30	7	的	1.1884922496326453
30	8	规律	12.841059715097131
30	9	。	6.497845495374804
31	1	母亲	13.44860061794657
31	2	准备	13.792455332407842
31	3	了	6.961574547258092
31	4	儿子	9.442969598515418
31	5	喜欢	14.510867387457736
31	6	的	9.973781977564542
31	7	晚饭	14.571857084535708
31	8	。	1.4872675770355386
32	1	母亲	13.44860061794657
32	2	责备	17.044726423616943
32	3	了	9.4540582203403
32	4	儿子	8.999909615369255
32	5	喜欢	14.905942371963569
32	6	的	7.347084603488064
32	7	晚饭	16.632990461610873
32	8	。	8.77959233051348
33	1	孩子	14.459787458285865
33	2	培养	15.873297720365676
33	3	了	1.6151830424773017
33	4	这个	7.974997417285998
33	5	母亲	10.04921030420087
33	6	欣赏	15.676554804512357
33	7	的	0.31539454056031957
33	8	特长	16.291912239434893
33	9	。	1.7740607771284829
34	1	孩子	14.459787458285865
34	2	改正	18.396870665460142
34	3	了	1.3188790756484963
34	4	这个	9.52543279748636
34	5	母亲	9.778272369564732
34	6	欣赏	15.30834968412423
34	7	的	0.3640668246321468
34	8	特长	15.828932102952038
34	9	。	0.6457177242181729
35	1	政府	10.5980093901906
35	2	设立	11.010920702407146
35	3	了	2.0644753228113544
35	4	媒体	13.642722585938245
35	5	提倡	15.785150061032567
35	6	的	1.2614616623667558
35	7	项目	14.74955821493166
35	8	。	10.83659465007203
36	1	政府	10.5980093901906
36	2	引发	14.206237584405871
36	3	了	1.1521932073047942
36	4	媒体	11.591805489427344
36	5	提倡	14.568214379467733
36	6	的	1.5384480539362073
36	7	项目	17.400168886150745
36	8	。	1.3172806781732191
37	1	我	5.748415279221174
37	2	回忆	12.599256462988425
37	3	了	6.2396315971381995
37	4	同学	15.805948923197207
37	5	提到	15.073710798687621
37	6	的	6.429642189812718
37	7	之前	16.359969531991126
37	8	的	3.899274069989815
37	9	经历	8.968148613052776
37	10	。	9.073231964850493
38	1	我	5.748415279221174
38	2	帮助	14.340353350797749
38	3	了	3.9140668979843696
38	4	同学	14.118449553497914
38	5	提到	13.69941421129402
38	6	的	10.974493623121383
38	7	之前	15.074585622206776
38	8	的	11.71834773230944
38	9	经历	15.638647431367474
38	10	。	3.2806566605244853
39	1	花园	17.58401185907296
39	2	长满	16.462025225760783
39	3	了	3.4314101183545276
39	4	爷爷	15.432931358401135
39	5	种	14.271274752592966
39	6	的	14.894684440010735
39	7	草	14.376074482818012
39	8	。	11.151218677233231
40	1	花园	17.58401185907296
40	2	吸引	14.433298307993041
40	3	了	4.23958053602626
40	4	爷爷	16.82185680266337
40	5	种	7.970903010135025
40	6	的	6.69371823206442
40	7	草	12.439174621194482
40	8	。	11.98673417339215
41	1	雨水	17.68784082763087
41	2	清洗	17.68668750364861
41	3	了	7.383917130707687
41	4	父亲	16.228816712910643
41	5	建造	15.039162978611515
41	6	的	0.2274598085809174
41	7	大楼	13.355558944893403
41	8	。	2.1104524043935555
42	1	雨水	17.68784082763087
42	2	灌溉	15.102674478760793
42	3	了	6.0407270796189465
42	4	父亲	16.16697302624671
42	5	建造	16.297481523366493
42	6	的	0.42140416779106715
42	7	大楼	13.148990765343427
42	8	。	7.258062993159669
43	1	我	5.748415279221174
43	2	听从	19.563359484650967
43	3	了	3.0484077073501936
43	4	母亲	11.406094418229532
43	5	认同	16.436810947389738
43	6	的	1.3499902825885783
43	7	老师	13.301848292607659
43	8	的	6.115205466077981
43	9	建议	11.485960898155838
43	10	。	6.307255979529117
44	1	我	5.748415279221174
44	2	安装	17.21961577740561
44	3	了	0.8394459417554607
44	4	母亲	13.849963609096871
44	5	认同	16.603155600446044
44	6	的	0.4689743275487217
44	7	老师	13.293943859780128
44	8	的	6.904418327752808
44	9	建议	13.372180049084434
44	10	。	6.090837379671257
45	1	警官	20.000984672026703
45	2	疏散	17.27240803297775
45	3	了	5.858678575714862
45	4	他	9.577468491864387
45	5	看到	13.156854254468762
45	6	的	3.7048333983601935
45	7	人群	11.132900378477956
45	8	。	8.591003811794764
46	1	警官	20.000984672026703
46	2	解除	16.598655170705655
46	3	了	0.9471370567448005
46	4	他	6.521564997022374
46	5	看到	13.453344064905892
46	6	的	0.31992898894669963
46	7	人群	11.308282467649931
46	8	。	0.6739910083910701
47	1	他	5.549797128912978
47	2	卖	14.551055913987053
47	3	过	4.918832634649558
47	4	一些	7.086992953098687
47	5	奶奶	16.24648734693836
47	6	买	9.806623615402088
47	7	了	1.518758321137291
47	8	的	10.278442450486253
47	9	化肥	18.298708725727494
47	10	。	6.496746428124808
48	1	他	5.549797128912978
48	2	摘	19.10394891535836
48	3	过	6.172527387718738
48	4	一些	9.05387234441541
48	5	奶奶	17.288815754541652
48	6	买	12.947426021093825
48	7	了	2.2336107733787287
48	8	的	12.535829047627956
48	9	化肥	17.776344498182908
48	10	。	5.281210189883808
49	1	她	8.573406289797564
49	2	戴	12.991116140874976
49	3	过	8.380684505396559
49	4	我	9.146375859189845
49	5	买	11.683666570629427
49	6	的	8.542874215214795
49	7	耳机	16.648378170382784
49	8	。	2.6594119486376115
50	1	她	8.573406289797564
50	2	穿	12.410615076244241
50	3	过	6.584406393535968
50	4	我	9.362416282003572
50	5	买	12.39078870159679
50	6	的	1.8189357307383034
50	7	耳机	16.919659478607535
50	8	。	1.532255275565774
51	1	他	5.549797128912978
51	2	在	4.708201496753226
51	3	学校	11.022745301738183
51	4	里	3.047115758161638
51	5	吃	9.813758541499048
51	6	过	5.350648110612099
51	7	厨师	18.803389964085632
51	8	做	10.919879182375297
51	9	的	7.66709821344773
51	10	饭	12.625066280967062
51	11	。	5.797400290873995
52	1	他	5.549797128912978
52	2	在	4.708201496753226
52	3	学校	11.022745301738183
52	4	里	3.047115758161638
52	5	讲	8.662421630946511
52	6	过	5.179544321924951
52	7	厨师	19.88454984968741
52	8	做	13.02680089202169
52	9	的	5.672904567035744
52	10	饭	13.71504141532769
52	11	。	4.843358023619132
53	1	他	5.549797128912978
53	2	见	14.322134553941282
53	3	过	3.6153674841276917
53	4	我	8.905663160188812
53	5	认识	12.504904312706756
53	6	的	5.502141508528403
53	7	店长	17.212678142462217
53	8	。	10.881187848326704
54	1	他	5.549797128912978
54	2	去	11.773822620816738
54	3	过	5.098840117417527
54	4	我	6.217366256457726
54	5	认识	11.99051467515752
54	6	的	7.1528318869137735
54	7	店长	24.23649280417385
54	8	。	5.202182215365852
55	1	我	5.748415279221174
55	2	听	9.386148884165808
55	3	过	1.4409261909517834
55	4	这些	8.662972900139508
55	5	孩子	10.014910949037752
55	6	制造	17.729899514880444
55	7	的	0.7475008138392667
55	8	声音	7.939233485196681
55	9	。	3.3819667230803887
56	1	我	5.748415279221174
56	2	见	11.666720043453772
56	3	过	2.884088625102933
56	4	这些	9.05512816888939
56	5	孩子	9.439806938720874
56	6	制造	17.057447658784838
56	7	的	1.4931264447936812
56	8	声音	8.683628292077799
56	9	。	2.1767511295144573
57	1	爷爷	17.687413920200523
57	2	安装	17.69519466020225
57	3	过	9.74231589369699
57	4	他	5.976654451021609
57	5	设计	18.601245031555976
57	6	的	3.6283411209600303
57	7	机器	12.14544885079134
57	8	。	11.127897326277036
58	1	爷爷	17.687413920200523
58	2	种植	18.1529429411525
58	3	过	9.849004659048568
58	4	他	7.3828612147926975
58	5	设计	18.656290498512448
58	6	的	4.8876154538789365
58	7	机器	11.675313442152557
58	8	。	0.7163603048834801
59	1	她	8.573406289797564
59	2	说	1.638291601144724
59	3	过	10.018116733274526
59	4	这	6.799159997141931
59	5	些	14.385848951890384
59	6	我	9.967421634050304
59	7	听	10.820572011144499
59	8	过	2.366611503114477
59	9	的	1.2171780832896388
59	10	话	3.0979881889823133
59	11	。	8.518897667444023
60	1	她	8.573406289797564
60	2	吃	12.583527505321303
60	3	过	4.390315373228251
60	4	这	9.31225310102548
60	5	些	9.808346675875612
60	6	我	10.423191886932024
60	7	听	10.67288333594032
60	8	过	2.4327254754339833
60	9	的	0.9299014603467697
60	10	话	3.660790058163812
60	11	。	5.061110803928358
61	1	母亲	13.44860061794657
61	2	买	12.451628779917256
61	3	了	1.2801640708078956
61	4	她	7.317986449026396
61	5	用	10.863347491069497
61	6	过	9.087663574547754
61	7	的	12.29423707643926
61	8	纸	15.506229212404264
61	9	。	5.542322419914058
62	1	母亲	13.44860061794657
62	2	喝	10.737546253828993
62	3	了	2.9117959329748153
62	4	她	7.703728199414282
62	5	用	11.128964304559993
62	6	过	10.11856378624212
62	7	的	12.730541346748716
62	8	纸	15.662151619818303
62	9	。	7.671914639733771
