sentence_id	token_id	token	surprisal
1	1	那	7.493795287484527
1	2	家	9.147580597642385
1	3	我	9.593722758154119
1	4	采访	12.831123869039342
1	5	过	1.8898924592570125
1	6	的	6.019691876845975
1	7	老板	11.415224707489394
1	8	投资	16.86420734006466
1	9	的	8.203131021103076
1	10	饭店	18.409687550203415
1	11	很	9.503680055230362
1	12	受	11.423767348862924
1	13	欢迎	4.38146736624455
1	14	。	0.9243934518500083
2	1	那	7.493795287484527
2	2	个	6.4608717677466725
2	3	我	8.093215566251496
2	4	采访	12.292055442282564
2	5	过	2.791415235045463
2	6	的	3.8114781126767454
2	7	老板	13.838588469740692
2	8	投资	17.315712767696823
2	9	的	8.106370160482214
2	10	饭店	19.10085673821085
2	11	很	8.255344899074814
2	12	受	12.359035460180039
2	13	欢迎	4.19802606702234
2	14	。	2.3588538445932414
3	1	那	7.493795287484527
3	2	幅	13.383422925122805
3	3	我	8.5018031727151
3	4	介绍	14.514971466487381
3	5	的	0.9390553361806084
3	6	朋友	12.033561308566476
3	7	喜欢	12.43577759095421
3	8	的	5.137501212297934
3	9	画	15.009256824469432
3	10	吸引	16.846537250460344
3	11	了	0.8970676225887217
3	12	我	2.3659004553018548
3	13	。	1.947328206100309
4	1	那	7.493795287484527
4	2	个	6.4608717677466725
4	3	我	8.093215566251496
4	4	介绍	14.958125684119157
4	5	的	1.9664340867548944
4	6	朋友	13.174355402823892
4	7	喜欢	12.21138048255387
4	8	的	5.4775752149685815
4	9	画	16.012189247177574
4	10	吸引	16.668764747462404
4	11	了	0.837263023448628
4	12	我	2.1914630800861516
4	13	。	1.9628410785900314
5	1	那	7.493795287484527
5	2	件	8.954199923927895
5	3	我	8.639723288340466
5	4	喜欢	6.519383572862246
5	5	的	2.3874096728047576
5	6	老师	14.470461141252912
5	7	收藏	18.00063995083348
5	8	的	4.127664251368131
5	9	艺术品	17.481306302771387
5	10	获	16.50797665682991
5	11	了	5.306709144884778
5	12	奖	12.235510075723994
5	13	。	0.2061893108954962
6	1	那	7.493795287484527
6	2	个	6.4608717677466725
6	3	我	8.093215566251496
6	4	喜欢	7.526513702322902
6	5	的	2.618462451928412
6	6	老师	11.367836740492699
6	7	收藏	17.997361265460533
6	8	的	5.378410854621663
6	9	艺术品	20.31819473262314
6	10	获	15.614312891297232
6	11	了	7.902745333063365
6	12	奖	11.679615497076838
6	13	。	0.5814055760206003
7	1	那	7.493795287484527
7	2	只	7.510780417835662
7	3	我	11.904255756599117
7	4	认识	10.185197454138304
7	5	的	2.2661082445918694
7	6	店长	20.756340733008543
7	7	喜欢	14.704112614009539
7	8	的	9.075632987097052
7	9	宠物	21.14538465176892
7	10	生病	16.011901369109125
7	11	了	0.5917439722302902
7	12	。	0.4352190168426944
8	1	那	7.493795287484527
8	2	个	6.4608717677466725
8	3	我	8.093215566251496
8	4	认识	9.548429538361258
8	5	的	1.592374787710419
8	6	店长	20.59042897980801
8	7	喜欢	15.060602856332778
8	8	的	10.754738632185806
8	9	宠物	18.460173727032497
8	10	生病	17.285001838057582
8	11	了	4.521650559726538
8	12	。	0.2402858534848633
9	1	那	7.493795287484527
9	2	首	11.962067592422347
9	3	我	8.6004073570816
9	4	见	11.580934811888675
9	5	过	3.552820011292951
9	6	的	2.2016370790177717
9	7	明星	13.395950990532931
9	8	唱	16.177187204404767
9	9	的	8.296083625835251
9	10	歌	14.740528288669722
9	11	很	8.86080761935834
9	12	好听	15.097600540857897
9	13	。	1.5272303406173648
10	1	那	7.493795287484527
10	2	个	6.4608717677466725
10	3	我	8.093215566251496
10	4	见	12.065810610011727
10	5	过	2.9678550841522195
10	6	的	2.063243547929453
10	7	明星	14.515564118877059
10	8	唱	16.446402824599645
10	9	的	6.723150649412403
10	10	歌	15.394095475943246
10	11	很	8.309425093162332
10	12	好听	15.152811296843552
10	13	。	3.1618322654943114
11	1	那	7.493795287484527
11	2	所	13.325451377367603
11	3	我	7.99200702492864
11	4	认识	10.07039235024802
11	5	的	1.009423981282886
11	6	老人	14.193991728593147
11	7	去	12.866473855589064
11	8	的	8.618466633828973
11	9	学校	7.36518650138953
11	10	关闭	14.478643716272018
11	11	了	3.1599245179282462
11	12	。	2.474906104681665
12	1	那	7.493795287484527
12	2	个	6.4608717677466725
12	3	我	8.093215566251496
12	4	认识	9.548429538361258
12	5	的	1.592374787710419
12	6	老人	14.712039647055029
12	7	去	12.600927685645466
12	8	的	8.140126239537665
12	9	学校	7.422606651070055
12	10	关闭	14.44445721360563
12	11	了	3.191376121085284
12	12	。	2.3596843375745067
13	1	那	7.493795287484527
13	2	件	8.954199923927895
13	3	我	8.639723288340466
13	4	采访	12.002477860360713
13	5	过	3.477857526425069
13	6	的	1.2617065915376386
13	7	司机	17.2748672115694
13	8	带	10.26039738128054
13	9	的	10.475589393728313
13	10	行李	16.23656129132854
13	11	丢	14.429269969756405
13	12	了	0.9602878578014753
13	13	。	5.595320789148246
14	1	那	7.493795287484527
14	2	个	6.4608717677466725
14	3	我	8.093215566251496
14	4	采访	12.292055442282564
14	5	过	2.791415235045463
14	6	的	3.8114781126767454
14	7	司机	15.493114319478863
14	8	带	9.83039505247097
14	9	的	9.333861146511296
14	10	行李	16.05433275488886
14	11	丢	14.151307242998328
14	12	了	0.9492800475710652
14	13	。	6.399816729095704
15	1	那	7.493795287484527
15	2	本	9.957847729542138
15	3	我	7.618016154843421
15	4	喜欢	7.525913005724583
15	5	的	2.786478451952405
15	6	作家	10.706060121082231
15	7	写	9.543853095271622
15	8	的	6.056447012580506
15	9	书	8.276650184149432
15	10	很	7.494596450233587
15	11	受	9.958477847360129
15	12	欢迎	2.6177290817054626
15	13	。	2.352686145669125
16	1	那	7.493795287484527
16	2	个	6.4608717677466725
16	3	我	8.093215566251496
16	4	喜欢	7.526513702322902
16	5	的	2.618462451928412
16	6	作家	11.42996491879937
16	7	写	10.107150685788469
16	8	的	5.233973829187285
16	9	书	9.316522292299148
16	10	很	7.127560016602274
16	11	受	10.312311862117483
16	12	欢迎	2.7027134262896624
16	13	。	1.8311180455579006
17	1	那	7.493795287484527
17	2	辆	10.119364500959705
17	3	我	12.02971662620601
17	4	介绍	15.529456735180563
17	5	的	1.8023671529366538
17	6	朋友	13.12294047323656
17	7	开	12.999063796106618
17	8	的	6.191198355034487
17	9	车	7.384516183210664
17	10	坏	14.437205801781303
17	11	了	2.2792080914203297
17	12	。	5.212378005712026
18	1	那	7.493795287484527
18	2	个	6.4608717677466725
18	3	我	8.093215566251496
18	4	介绍	14.958125684119157
18	5	的	1.9664340867548944
18	6	朋友	13.174355402823892
18	7	开	14.326226454003084
18	8	的	6.615980936074649
18	9	车	11.729927414555931
18	10	坏	14.988392064688867
18	11	了	2.2620438598734722
18	12	。	2.113701474261134
19	1	那	7.493795287484527
19	2	份	9.525233788914566
19	3	他	12.185735243771148
19	4	教	13.424884621876416
19	5	的	4.3509432135378105
19	6	孩子	6.629168772477854
19	7	做	10.827860962408515
19	8	的	3.313069517303248
19	9	作业	13.937967636850061
19	10	获	17.06170676939604
19	11	了	4.045729999943461
19	12	奖	8.91020937443885
19	13	。	1.4404863721758403
20	1	那	7.493795287484527
20	2	个	6.4608717677466725
20	3	他	10.110527687502588
20	4	教	13.628773190792309
20	5	的	3.4179886676555213
20	6	孩子	4.012274943312583
20	7	做	10.528596441190047
20	8	的	3.4882581442624243
20	9	作业	15.86621197110287
20	10	获	18.266806948172487
20	11	了	4.782973047196037
20	12	奖	8.661547478333475
20	13	。	1.2136569910730088
21	1	那	7.493795287484527
21	2	份	9.525233788914566
21	3	我	9.651646066807736
21	4	采访	11.001504919742878
21	5	过	3.5841292943177834
21	6	的	2.1825315647987154
21	7	老板	14.682350899280145
21	8	制定	17.52822594810187
21	9	的	11.318199295429338
21	10	合同	16.647745746678282
21	11	到期	19.323349029376388
21	12	了	8.631471167372524
21	13	。	3.0591721091768704
22	1	那	7.493795287484527
22	2	个	6.4608717677466725
22	3	我	8.093215566251496
22	4	采访	12.292055442282564
22	5	过	2.791415235045463
22	6	的	3.8114781126767454
22	7	老板	13.838588469740692
22	8	制定	18.004111663242
22	9	的	10.036700536537964
22	10	合同	17.189856252219883
22	11	到期	19.042879118416494
22	12	了	6.347455656576145
22	13	。	4.89291887627148
23	1	那	7.493795287484527
23	2	间	14.568686292842052
23	3	我	9.432633966523191
23	4	尊敬	17.11183298696127
23	5	的	2.0985997147074684
23	6	朋友	9.22958366300547
23	7	开	14.506237054125364
23	8	的	6.542371926139879
23	9	工厂	14.925162969742615
23	10	倒闭	16.74944853104563
23	11	了	4.050364303507621
23	12	。	1.057504048718613
24	1	那	7.493795287484527
24	2	个	6.4608717677466725
24	3	我	8.093215566251496
24	4	尊敬	16.590628538674064
24	5	的	0.7465138595117864
24	6	朋友	8.997766761021808
24	7	开	14.137921761411562
24	8	的	6.541020088395683
24	9	工厂	15.019403194290376
24	10	倒闭	16.944772906660447
24	11	了	3.510042524855592
24	12	。	1.4186293134953303
25	1	那	7.493795287484527
25	2	张	10.080609952460257
25	3	我	9.627109685531376
25	4	教	13.141684706372871
25	5	的	2.9151317254462583
25	6	孩子	5.841970434700642
25	7	照	15.675337865666435
25	8	的	14.136807328025483
25	9	照片	12.718235659653132
25	10	丢	14.979503370579025
25	11	了	1.1863028293545455
25	12	。	2.6805382826791515
26	1	那	7.493795287484527
26	2	个	6.4608717677466725
26	3	我	8.093215566251496
26	4	教	13.382007729330258
26	5	的	3.7649067469211346
26	6	孩子	4.847071345528249
26	7	照	15.653401897501595
26	8	的	15.012118503992475
26	9	照片	12.702647944279192
26	10	丢	15.970567080152108
26	11	了	1.0819695461072456
26	12	。	2.7057836803354434
27	1	那	7.493795287484527
27	2	台	13.495352297889923
27	3	我们	10.308839302656718
27	4	欣赏	16.220081567243454
27	5	的	4.087624822627383
27	6	老师	12.04327786683507
27	7	用	8.507436673118079
27	8	的	7.10629467471216
27	9	手机	13.931717465995348
27	10	很	7.9911917844342355
27	11	好用	15.486062207265661
27	12	。	3.120246796483073
28	1	那	7.493795287484527
28	2	个	6.4608717677466725
28	3	我们	9.752684954318267
28	4	欣赏	16.336612287630764
28	5	的	1.6448571646975765
28	6	老师	13.405893820651976
28	7	用	8.396473545273736
28	8	的	6.555699192881484
28	9	手机	13.963896197961574
28	10	很	8.412660972764868
28	11	好用	15.516126715282297
28	12	。	2.59914904094002
29	1	那	7.493795287484527
29	2	朵	21.334908898746054
29	3	我	8.972801988427321
29	4	关心	12.058509262307695
29	5	的	0.8335676533466554
29	6	邻居	11.59676310453412
29	7	种	16.2402122277041
29	8	的	8.11010587360498
29	9	花	13.866243435973843
29	10	很	8.277914517401527
29	11	好看	16.4038958974716
29	12	。	6.761045611729088
30	1	那	7.493795287484527
30	2	个	6.4608717677466725
30	3	我	8.093215566251496
30	4	关心	10.720006299948398
30	5	的	0.6668735947688447
30	6	邻居	14.575103013458033
30	7	种	16.793950318987456
30	8	的	7.853552800675132
30	9	花	13.789764634856581
30	10	很	7.128463393953609
30	11	好看	16.931906927591655
30	12	。	4.069922716256201
31	1	那	7.493795287484527
31	2	台	13.495352297889923
31	3	我	7.929009713214342
31	4	尊敬	17.306477834624626
31	5	的	3.6364557210334567
31	6	科学家	15.385168030002937
31	7	做	11.840833208552809
31	8	的	6.473077924726354
31	9	电视	15.231130863078462
31	10	坏	14.321329644680105
31	11	了	5.844341427285727
31	12	。	1.4672800516762692
32	1	那	7.493795287484527
32	2	个	6.4608717677466725
32	3	我	8.093215566251496
32	4	尊敬	16.590628538674064
32	5	的	0.7465138595117864
32	6	科学家	15.357184302810069
32	7	做	11.402659331765904
32	8	的	5.998628660814461
32	9	电视	15.58832446934963
32	10	坏	14.295481483269938
32	11	了	5.356322108075176
32	12	。	2.00130812821952
33	1	那	7.493795287484527
33	2	栋	11.974005584538403
33	3	他	11.52851725270352
33	4	认识	10.787893324838741
33	5	的	3.154959629942006
33	6	男人	8.865593035994124
33	7	买	12.372603938834239
33	8	的	5.440804869215057
33	9	房子	8.532787134680518
33	10	起火	15.747956199886204
33	11	了	6.190848325216933
33	12	。	3.7989244267111246
34	1	那	7.493795287484527
34	2	个	6.4608717677466725
34	3	他	10.110527687502588
34	4	认识	10.129892912101383
34	5	的	1.8148436681254978
34	6	男人	10.061574210062751
34	7	买	13.27180373130546
34	8	的	4.791793165067787
34	9	房子	8.117659295215134
34	10	起火	17.10511457989591
34	11	了	5.675739370979883
34	12	。	3.229680709566864
35	1	那	7.493795287484527
35	2	条	10.255697676785893
35	3	我	9.451002561602515
35	4	欣赏	15.877309173459746
35	5	的	2.8862404679324314
35	6	朋友	11.550875243893906
35	7	给	8.179187054282387
35	8	的	12.152717828640107
35	9	建议	13.071062087000527
35	10	很	11.013293883578655
35	11	真诚	11.134184909317469
35	12	。	2.400429773170387
36	1	那	7.493795287484527
36	2	个	6.4608717677466725
36	3	我	8.093215566251496
36	4	欣赏	15.836315383205655
36	5	的	1.7601676719588752
36	6	朋友	9.622351438547298
36	7	给	8.494294463215695
36	8	的	11.810524855514188
36	9	建议	13.274251969087459
36	10	很	10.650557039538157
36	11	真诚	11.016636133519242
36	12	。	2.5957363089419943
37	1	那	7.493795287484527
37	2	支	12.088179878334056
37	3	我	10.894088152072541
37	4	关心	11.905911805673362
37	5	的	1.1636606297521581
37	6	老师	12.873543020428528
37	7	用	8.991876482511486
37	8	的	7.675553869681465
37	9	笔	16.0259892063643
37	10	坏	13.6772688052572
37	11	了	7.048509161454348
37	12	。	2.9506732480138567
38	1	那	7.493795287484527
38	2	个	6.4608717677466725
38	3	我	8.093215566251496
38	4	关心	10.720006299948398
38	5	的	0.6668735947688447
38	6	老师	14.681250871959122
38	7	用	9.292242383328698
38	8	的	6.737619236408435
38	9	笔	16.698952838107786
38	10	坏	13.139446020558239
38	11	了	6.471399796069264
38	12	。	1.9644289952420877
39	1	那	7.493795287484527
39	2	只	7.510780417835662
39	3	我	11.904255756599117
39	4	帮助	14.858987925228888
39	5	过	5.661444457530493
39	6	的	5.472090175526034
39	7	女人	11.4402708978605
39	8	丢	17.421467548239818
39	9	的	6.013732750578029
39	10	鞋子	17.24965273403845
39	11	被	13.099955763733988
39	12	找到	11.40959083159494
39	13	了	1.2403269283420286
39	14	。	3.6517015515711932
40	1	那	7.493795287484527
40	2	个	6.4608717677466725
40	3	我	8.093215566251496
40	4	帮助	14.349602340859601
40	5	过	9.182229195802051
40	6	的	2.636673026717183
40	7	女人	10.149294362988265
40	8	丢	17.38838905455568
40	9	的	6.578611260492465
40	10	鞋子	17.116864313112217
40	11	被	12.385084970255178
40	12	找到	12.101415802321654
40	13	了	1.5811121638468393
40	14	。	5.681761189122881
41	1	那	7.493795287484527
41	2	条	10.255697676785893
41	3	我	9.451002561602515
41	4	关心	12.231873882072112
41	5	的	0.9425880342109494
41	6	邻居	14.056570326444032
41	7	养	16.695722377702758
41	8	的	9.028160767276859
41	9	狗	11.615276929111332
41	10	生病	16.740332221770288
41	11	了	3.987916920447205
41	12	。	1.114168144246804
42	1	那	7.493795287484527
42	2	个	6.4608717677466725
42	3	我	8.093215566251496
42	4	关心	10.720006299948398
42	5	的	0.6668735947688447
42	6	邻居	14.575103013458033
42	7	养	16.67994373248486
42	8	的	8.888573869097414
42	9	狗	11.3562469984886
42	10	生病	16.57445638908493
42	11	了	3.989470563182067
42	12	。	1.023435815632567
43	1	那	7.493795287484527
43	2	座	11.428299228179842
43	3	我	12.17343829035314
43	4	采访	12.312506105345328
43	5	过	3.5005260180611586
43	6	的	3.502416417966515
43	7	老人	11.451735748596292
43	8	修	17.042472014722556
43	9	的	7.055994341921476
43	10	桥	15.26922117610465
43	11	帮助	14.644095616140689
43	12	了	4.653296555831986
43	13	我	1.8077437857495653
43	14	。	3.0035578603604733
44	1	那	7.493795287484527
44	2	个	6.4608717677466725
44	3	我	8.093215566251496
44	4	采访	12.292055442282564
44	5	过	2.791415235045463
44	6	的	3.8114781126767454
44	7	老人	13.66655470439337
44	8	修	17.61493689455412
44	9	的	6.1005437132788245
44	10	桥	15.340320194448196
44	11	帮助	14.863714025332527
44	12	了	4.884001033409476
44	13	我	1.6891580173640506
44	14	。	2.695898379000539
45	1	那	7.493795287484527
45	2	篇	9.761973318356755
45	3	我	8.023521975150164
45	4	培养	17.19373940372193
45	5	的	1.191286063712731
45	6	学生	12.698236649432658
45	7	准备	13.333334105995029
45	8	的	11.192721702481506
45	9	报告	14.142619901746698
45	10	感动	17.903853986971072
45	11	了	3.969685008830993
45	12	我	4.994803869600588
45	13	。	3.21437537553021
46	1	那	7.493795287484527
46	2	个	6.4608717677466725
46	3	我	8.093215566251496
46	4	培养	17.966830703785387
46	5	的	1.8336505194372492
46	6	学生	11.379246292552878
46	7	准备	12.507182380178165
46	8	的	10.716967205499856
46	9	报告	16.02070684307263
46	10	感动	18.607627230028783
46	11	了	4.006376914943928
46	12	我	5.284326124653802
46	13	。	2.69513744881813
47	1	那	7.493795287484527
47	2	封	13.45924683876025
47	3	我	9.219090786244724
47	4	依赖	16.22791608741904
47	5	的	3.4218532802441786
47	6	朋友	9.415634403637519
47	7	写	10.990820274613469
47	8	的	5.087367016401089
47	9	信	13.198820887869687
47	10	很	7.05125636258559
47	11	真诚	11.067082171615723
47	12	。	1.147772558198156
48	1	那	7.493795287484527
48	2	个	6.4608717677466725
48	3	我	8.093215566251496
48	4	依赖	15.997347386911368
48	5	的	3.4925392280734684
48	6	朋友	9.793002554857424
48	7	写	10.856312877474387
48	8	的	4.603222594848887
48	9	信	14.059670699361533
48	10	很	8.610340952883206
48	11	真诚	11.790871470490217
48	12	。	0.8970907695813395
49	1	那	7.493795287484527
49	2	堂	20.99948524352003
49	3	我	7.033131458904315
49	4	认识	9.959479455293199
49	5	的	3.3437454865280074
49	6	老师	12.738082526782023
49	7	教	13.732750539913468
49	8	的	7.740117124616177
49	9	课	10.19326869469775
49	10	获	19.772466264913405
49	11	了	4.528193977594697
49	12	奖	11.62929027274157
49	13	。	0.2378106440282579
50	1	那	7.493795287484527
50	2	个	6.4608717677466725
50	3	我	8.093215566251496
50	4	认识	9.548429538361258
50	5	的	1.592374787710419
50	6	老师	14.69354861703858
50	7	教	13.472315859878691
50	8	的	8.497366042130686
50	9	课	13.378011924965449
50	10	获	19.557670338376525
50	11	了	6.510466005052578
50	12	奖	10.512211207429132
50	13	。	1.5156718355126202
51	1	那	7.493795287484527
51	2	块	12.190071934752623
51	3	我	7.413487342780275
51	4	信任	16.080959112161743
51	5	的	2.919613091099663
51	6	医生	12.099504628480368
51	7	喜欢	11.935620499979208
51	8	的	7.838153703423714
51	9	手表	20.393893775264715
51	10	丢	17.10678134280859
51	11	了	2.19795752984011
51	12	。	2.6129663488589614
52	1	那	7.493795287484527
52	2	个	6.4608717677466725
52	3	我	8.093215566251496
52	4	信任	15.627565710419102
52	5	的	1.9252406741434243
52	6	医生	12.306033329106988
52	7	喜欢	11.580673158833584
52	8	的	5.486981002673737
52	9	手表	15.740937765753117
52	10	丢	15.994396787405549
52	11	了	1.0598205151958808
52	12	。	5.180471697044595
53	1	那	7.493795287484527
53	2	篇	9.761973318356755
53	3	她	10.89025446330804
53	4	教	12.79320185625481
53	5	的	4.926157945489614
53	6	学生	11.061890370262688
53	7	写	9.219947389972965
53	8	的	6.454750973796749
53	9	论文	13.67087686007278
53	10	感动	13.888928120146346
53	11	了	7.79635211730232
53	12	我	8.225089635835829
53	13	。	2.9054334935760835
54	1	那	7.493795287484527
54	2	个	6.4608717677466725
54	3	她	13.132995505005296
54	4	教	13.33007999987614
54	5	的	3.3180452391144826
54	6	学生	8.660604183426678
54	7	写	9.817096915072696
54	8	的	5.2952824557694385
54	9	论文	13.370120244552837
54	10	感动	14.645792613477909
54	11	了	7.174509255109086
54	12	我	8.148153814294943
54	13	。	2.9712235752285636
55	1	那	7.493795287484527
55	2	场	8.824386742237234
55	3	我	10.12260139882515
55	4	听说	10.665618590310022
55	5	过	3.7812245654461023
55	6	的	4.615059791935067
55	7	演员	15.319820719093244
55	8	准备	13.391215363583626
55	9	的	9.313134315675867
55	10	表演	12.139464807838948
55	11	很	13.239109802870757
55	12	受	10.162608804348139
55	13	欢迎	2.0134129397002454
55	14	。	4.578700395689623
56	1	那	7.493795287484527
56	2	个	6.4608717677466725
56	3	我	8.093215566251496
56	4	听说	10.385187013055035
56	5	过	2.9450276688020693
56	6	的	4.079560294948493
56	7	演员	16.31228020797778
56	8	准备	13.086458860943708
56	9	的	9.675647427195102
56	10	表演	13.024625539337649
56	11	很	12.150986229653455
56	12	受	10.963595976206292
56	13	欢迎	2.1231392459705205
56	14	。	4.572112818066628
57	1	那	7.493795287484527
57	2	间	14.568686292842052
57	3	我	9.432633966523191
57	4	采访	12.74523079833499
57	5	过	2.3489662335150427
57	6	的	6.411099330210995
57	7	警察	15.472444383615205
57	8	工作	12.895373173391107
57	9	的	10.178370850237954
57	10	办公室	15.60486365241779
57	11	起火	14.672318909494408
57	12	了	3.039010038869421
57	13	。	3.138689292081409
58	1	那	7.493795287484527
58	2	个	6.4608717677466725
58	3	我	8.093215566251496
58	4	采访	12.292055442282564
58	5	过	2.791415235045463
58	6	的	3.8114781126767454
58	7	警察	15.914605186765733
58	8	工作	12.883739976897772
58	9	的	9.758930076224146
58	10	办公室	16.29484782155491
58	11	起火	14.914302132197676
58	12	了	2.916191513152782
58	13	。	3.590312764801851
59	1	那	7.493795287484527
59	2	首	11.962067592422347
59	3	他	11.383047672211788
59	4	培养	16.455018072040687
59	5	的	1.1595300626811706
59	6	孩子	7.556131206091663
59	7	写	11.011470339860338
59	8	的	4.588754932844566
59	9	诗	12.017528003400685
59	10	很	9.373128087353138
59	11	有趣	7.02372398441355
59	12	。	1.0883649904052248
60	1	那	7.493795287484527
60	2	个	6.4608717677466725
60	3	他	10.110527687502588
60	4	培养	17.293397117959195
60	5	的	1.504162173165831
60	6	孩子	7.69972156614115
60	7	写	11.13879587108297
60	8	的	3.7466923685113755
60	9	诗	14.096235426821622
60	10	很	8.321935778681961
60	11	有趣	7.104002393754371
60	12	。	1.8638631137493746
61	1	那	7.493795287484527
61	2	家	9.147580597642385
61	3	我	9.593722758154119
61	4	依赖	15.590619211315047
61	5	的	6.740483938206268
61	6	朋友	9.030958350038794
61	7	去	12.39774049309731
61	8	的	8.81773252109744
61	9	银行	11.275691019715936
61	10	帮助	10.237073352034926
61	11	了	6.55071707216598
61	12	我	2.3929756488522855
61	13	。	2.1781830408423986
62	1	那	7.493795287484527
62	2	个	6.4608717677466725
62	3	我	8.093215566251496
62	4	依赖	15.997347386911368
62	5	的	3.4925392280734684
62	6	朋友	9.793002554857424
62	7	去	11.717002367909892
62	8	的	8.360063067664512
62	9	银行	12.344616113030284
62	10	帮助	10.818708090838186
62	11	了	6.578926255865952
62	12	我	2.7522159639443515
62	13	。	2.7015307740565504
