sentence_id	token_id	token	surprisal
1	1	我	5.7484173394051785
1	2	很	7.03815115506221
1	3	喜欢	4.881556595948421
1	4	一	4.8496180996274205
1	5	位	5.39885933818822
1	6	国内	13.249326409890827
1	7	的	0.8299501015631989
1	8	明星	11.295428506961038
1	9	。	2.256932532748145
2	1	我	5.7484173394051785
2	2	很	7.03815115506221
2	3	喜欢	4.881556595948421
2	4	一	4.8496180996274205
2	5	首	8.749793417404433
2	6	国内	12.392531125893019
2	7	的	0.5718235940778555
2	8	明星	11.434237290709753
2	9	。	1.3990664259230456
3	1	我	5.7484173394051785
3	2	很	7.03815115506221
3	3	喜欢	4.881556595948421
3	4	一	4.8496180996274205
3	5	首	8.749793417404433
3	6	国内	12.392531125893019
3	7	的	0.5718235940778555
3	8	歌曲	11.938584215742004
3	9	。	0.9844824753075869
4	1	我	5.7484173394051785
4	2	很	7.03815115506221
4	3	喜欢	4.881556595948421
4	4	一	4.8496180996274205
4	5	位	5.39885933818822
4	6	国内	13.249326409890827
4	7	的	0.8299501015631989
4	8	歌曲	12.38744847496335
4	9	。	1.6523797587897349
5	1	她	8.57340978792489
5	2	开车	15.02713249120511
5	3	去	8.270356634928081
5	4	了	2.621001318839646
5	5	一	2.7357771246693403
5	6	家	6.596866287582856
5	7	郊外	17.10202249212402
5	8	的	2.7840907256103335
5	9	店	11.291045983753605
5	10	。	5.10491516495911
6	1	她	8.57340978792489
6	2	开车	15.02713249120511
6	3	去	8.270356634928081
6	4	了	2.621001318839646
6	5	一	2.7357771246693403
6	6	座	7.303259225191226
6	7	郊外	16.41714496759849
6	8	的	2.7935636606126693
6	9	店	12.817761340517848
6	10	。	3.136177494701215
7	1	她	8.57340978792489
7	2	开车	15.02713249120511
7	3	去	8.270356634928081
7	4	了	2.621001318839646
7	5	一	2.7357771246693403
7	6	座	7.303259225191226
7	7	郊外	16.41714496759849
7	8	的	2.7935636606126693
7	9	山	11.926077390169937
7	10	。	2.3429448657062437
8	1	她	8.57340978792489
8	2	开车	15.02713249120511
8	3	去	8.270356634928081
8	4	了	2.621001318839646
8	5	一	2.7357771246693403
8	6	家	6.596866287582856
8	7	郊外	17.10202249212402
8	8	的	2.7840907256103335
8	9	山	11.689723068801868
8	10	。	3.9782339354684524
9	1	他	5.549796273767723
9	2	有	9.324733500278477
9	3	一	2.884673539604684
9	4	双	11.512752238309481
9	5	蓝色	14.205715258017033
9	6	的	0.8338871932849585
9	7	手套	13.67751119568669
9	8	。	6.198176513680373
10	1	他	5.549796273767723
10	2	有	9.324733500278477
10	3	一	2.884673539604684
10	4	枚	10.949713591928639
10	5	蓝色	13.838053736886465
10	6	的	2.1538208502387874
10	7	手套	13.850019482525497
10	8	。	6.684589741125798
11	1	他	5.549796273767723
11	2	有	9.324733500278477
11	3	一	2.884673539604684
11	4	枚	10.949713591928639
11	5	蓝色	13.838053736886465
11	6	的	2.1538208502387874
11	7	纽扣	16.951429284386187
11	8	。	5.033856957235145
12	1	他	5.549796273767723
12	2	有	9.324733500278477
12	3	一	2.884673539604684
12	4	双	11.512752238309481
12	5	蓝色	14.205715258017033
12	6	的	0.8338871932849585
12	7	纽扣	16.846667962359106
12	8	。	4.139052116616561
13	1	店长	20.339870651908253
13	2	拿	15.016322164466242
13	3	着	2.19321635344987
13	4	一	6.201439278246774
13	5	只	6.452600299265342
13	6	便宜	12.386837083626325
13	7	的	1.5603685541038246
13	8	兔子	14.623171775669064
13	9	。	6.473057153858633
14	1	店长	20.339870651908253
14	2	拿	15.016322164466242
14	3	着	2.19321635344987
14	4	一	6.201439278246774
14	5	根	8.117911593941699
14	6	便宜	11.890696670111808
14	7	的	1.442731080491285
14	8	兔子	14.589017746687105
14	9	。	6.3862426471230265
15	1	店长	20.339870651908253
15	2	拿	15.016322164466242
15	3	着	2.19321635344987
15	4	一	6.201439278246774
15	5	根	8.117911593941699
15	6	便宜	11.890696670111808
15	7	的	1.442731080491285
15	8	萝卜	17.22365176015944
15	9	。	6.454371890662927
16	1	店长	20.339870651908253
16	2	拿	15.016322164466242
16	3	着	2.19321635344987
16	4	一	6.201439278246774
16	5	只	6.452600299265342
16	6	便宜	12.386837083626325
16	7	的	1.5603685541038246
16	8	萝卜	17.54294292063082
16	9	。	5.977859200876452
17	1	他	5.549796273767723
17	2	认识	11.453235375662157
17	3	了	3.1319761670316204
17	4	一	4.34296270311382
17	5	名	5.33890203506558
17	6	幸运	12.942642231464706
17	7	的	0.167816856054678
17	8	男孩	8.67918129517848
17	9	。	5.442827692711454
18	1	他	5.549796273767723
18	2	认识	11.453235375662157
18	3	了	3.1319761670316204
18	4	一	4.34296270311382
18	5	本	6.564723993029741
18	6	幸运	12.73468325798904
18	7	的	0.1514909203894561
18	8	男孩	8.592348556274544
18	9	。	5.737986009852477
19	1	他	5.549796273767723
19	2	认识	11.453235375662157
19	3	了	3.1319761670316204
19	4	一	4.34296270311382
19	5	本	6.564723993029741
19	6	幸运	12.73468325798904
19	7	的	0.1514909203894561
19	8	小说	8.250780513070431
19	9	。	4.73468971018864
20	1	他	5.549796273767723
20	2	认识	11.453235375662157
20	3	了	3.1319761670316204
20	4	一	4.34296270311382
20	5	名	5.33890203506558
20	6	幸运	12.942642231464706
20	7	的	0.167816856054678
20	8	小说	9.264123070001979
20	9	。	4.819952204703675
21	1	男人	16.350140395209106
21	2	在	4.470744295449624
21	3	扫描	18.673535690793955
21	4	一	5.44822765815713
21	5	篇	8.436992644336172
21	6	很	8.519482364081092
21	7	短	8.564659574107566
21	8	的	0.0535970893913742
21	9	文章	5.685400710863576
21	10	。	2.5321056945816878
22	1	男人	16.350140395209106
22	2	在	4.470744295449624
22	3	扫描	18.673535690793955
22	4	一	5.44822765815713
22	5	张	7.292745425276024
22	6	很	8.39908841622104
22	7	短	8.101477906163169
22	8	的	0.04344643063579667
22	9	文章	9.394432605097506
22	10	。	2.403162833612001
23	1	男人	16.350140395209106
23	2	在	4.470744295449624
23	3	扫描	18.673535690793955
23	4	一	5.44822765815713
23	5	张	7.292745425276024
23	6	很	8.39908841622104
23	7	短	8.101477906163169
23	8	的	0.04344643063579667
23	9	图片	7.991687585067979
23	10	。	2.122514100302311
24	1	男人	16.350140395209106
24	2	在	4.470744295449624
24	3	扫描	18.673535690793955
24	4	一	5.44822765815713
24	5	篇	8.436992644336172
24	6	很	8.519482364081092
24	7	短	8.564659574107566
24	8	的	0.0535970893913742
24	9	图片	8.21969998145103
24	10	。	2.237742852896133
25	1	演员	16.08423057687215
25	2	在	4.115280993097546
25	3	看	10.494545967646577
25	4	一	6.226064918050213
25	5	张	5.9594092606476465
25	6	干净	14.848107331347144
25	7	的	0.25164235029402704
25	8	旧	11.794416135509337
25	9	照片	8.86760230713206
25	10	。	2.196050142672135
26	1	演员	16.08423057687215
26	2	在	4.115280993097546
26	3	看	10.494545967646577
26	4	一	6.226064918050213
26	5	位	6.369477822954224
26	6	干净	14.827272779173072
26	7	的	0.19849939489098034
26	8	旧	11.95916346586575
26	9	照片	10.461150327342239
26	10	。	2.720709048882341
27	1	演员	16.08423057687215
27	2	在	4.115280993097546
27	3	看	10.494545967646577
27	4	一	6.226064918050213
27	5	位	6.369477822954224
27	6	干净	14.827272779173072
27	7	的	0.19849939489098034
27	8	老师	7.708161277516801
27	9	。	2.548693004952625
28	1	演员	16.08423057687215
28	2	在	4.115280993097546
28	3	看	10.494545967646577
28	4	一	6.226064918050213
28	5	张	5.9594092606476465
28	6	干净	14.848107331347144
28	7	的	0.25164235029402704
28	8	老师	10.287282569377155
28	9	。	1.8612474638440233
29	1	他	5.549796273767723
29	2	在	4.708201501678041
29	3	修理	17.203181185298874
29	4	一	5.18647895735803
29	5	辆	5.003083137708586
29	6	倒霉	15.972846166709125
29	7	的	1.0679690034888196
29	8	汽车	7.085822756474023
29	9	。	2.1932417464146567
30	1	他	5.549796273767723
30	2	在	4.708201501678041
30	3	修理	17.203181185298874
30	4	一	5.18647895735803
30	5	套	6.7479599151352545
30	6	倒霉	16.00767938495364
30	7	的	0.6513225062154433
30	8	汽车	7.793335917345317
30	9	。	2.4163494990188354
31	1	他	5.549796273767723
31	2	在	4.708201501678041
31	3	修理	17.203181185298874
31	4	一	5.18647895735803
31	5	套	6.7479599151352545
31	6	倒霉	16.00767938495364
31	7	的	0.6513225062154433
31	8	系统	12.872581504159953
31	9	。	2.2987233735873502
32	1	他	5.549796273767723
32	2	在	4.708201501678041
32	3	修理	17.203181185298874
32	4	一	5.18647895735803
32	5	辆	5.003083137708586
32	6	倒霉	15.972846166709125
32	7	的	1.0679690034888196
32	8	系统	13.87892512429336
32	9	。	2.3635393133766485
33	1	学生	12.788862481262608
33	2	们	18.161348947281848
33	3	在	5.411163339587816
33	4	写	11.605626277691407
33	5	一	5.164348016520165
33	6	部	5.431620413122779
33	7	精彩	11.252650646330999
33	8	的	0.3625143597281948
33	9	电影	5.211960448921573
33	10	。	15.560282888389253
34	1	学生	12.788862481262608
34	2	们	18.161348947281848
34	3	在	5.411163339587816
34	4	写	11.605626277691407
34	5	一	5.164348016520165
34	6	首	8.765715166950244
34	7	精彩	10.516781603747802
34	8	的	0.2190696752418546
34	9	电影	7.133075233408121
34	10	。	15.359345940646975
35	1	学生	12.788862481262608
35	2	们	18.161348947281848
35	3	在	5.411163339587816
35	4	写	11.605626277691407
35	5	一	5.164348016520165
35	6	首	8.765715166950244
35	7	精彩	10.516781603747802
35	8	的	0.2190696752418546
35	9	戏曲	18.95975919062579
35	10	。	14.79470671149123
36	1	学生	12.788862481262608
36	2	们	18.161348947281848
36	3	在	5.411163339587816
36	4	写	11.605626277691407
36	5	一	5.164348016520165
36	6	部	5.431620413122779
36	7	精彩	11.252650646330999
36	8	的	0.3625143597281948
36	9	戏曲	18.767341768711972
36	10	。	14.764006843265449
37	1	我们	6.803022515797736
37	2	在	5.290591692236862
37	3	看	6.967062695132324
37	4	一	5.2754534878157635
37	5	场	3.5873758317384556
37	6	神奇	12.705869162772839
37	7	的	0.38143368779330444
37	8	他	11.51364730011339
37	9	的	5.324027367666808
37	10	表演	10.610516948232473
37	11	。	3.861922847750918
38	1	我们	6.803022515797736
38	2	在	5.290591692236862
38	3	看	6.967062695132324
38	4	一	5.2754534878157635
38	5	块	8.636068076105683
38	6	神奇	13.129568314595971
38	7	的	0.42072648228822374
38	8	他	11.011923550037928
38	9	的	5.508237111154656
38	10	表演	12.019795295512914
38	11	。	2.841804863983171
39	1	我们	6.803022515797736
39	2	在	5.290591692236862
39	3	看	6.967062695132324
39	4	一	5.2754534878157635
39	5	块	8.636068076105683
39	6	神奇	13.129568314595971
39	7	的	0.42072648228822374
39	8	他	11.011923550037928
39	9	的	5.508237111154656
39	10	场地	13.928651438405048
39	11	。	2.7645263721458235
40	1	我们	6.803022515797736
40	2	在	5.290591692236862
40	3	看	6.967062695132324
40	4	一	5.2754534878157635
40	5	场	3.5873758317384556
40	6	神奇	12.705869162772839
40	7	的	0.38143368779330444
40	8	他	11.51364730011339
40	9	的	5.324027367666808
40	10	场地	14.903518006403075
40	11	。	3.8070556860157154
41	1	他	5.549796273767723
41	2	最	11.022038844915041
41	3	喜欢	3.6440032928188373
41	4	一	6.970215585918464
41	5	道	8.380949911772444
41	6	美味	16.22423942390916
41	7	的	0.5388903513739791
41	8	菜	13.55881363133441
41	9	。	6.704507989215301
42	1	他	5.549796273767723
42	2	最	11.022038844915041
42	3	喜欢	3.6440032928188373
42	4	一	6.970215585918464
42	5	瓶	11.032278585166818
42	6	美味	15.730047655319964
42	7	的	0.7181170360344353
42	8	菜	13.10984876147159
42	9	。	8.763327105063112
43	1	他	5.549796273767723
43	2	最	11.022038844915041
43	3	喜欢	3.6440032928188373
43	4	一	6.970215585918464
43	5	瓶	11.032278585166818
43	6	美味	15.730047655319964
43	7	的	0.7181170360344353
43	8	醋	18.660403260013744
43	9	。	11.46603610556825
44	1	他	5.549796273767723
44	2	最	11.022038844915041
44	3	喜欢	3.6440032928188373
44	4	一	6.970215585918464
44	5	道	8.380949911772444
44	6	美味	16.22423942390916
44	7	的	0.5388903513739791
44	8	醋	19.070599000574894
44	9	。	11.788013951912717
45	1	她	8.57340978792489
45	2	拿	12.135592220850684
45	3	了	3.227114612768659
45	4	一	2.2327577926046125
45	5	份	5.137117068377087
45	6	今天	12.757515815661442
45	7	的	1.8604182729279515
45	8	饭	16.110732521393786
45	9	。	3.6558602376262357
46	1	她	8.57340978792489
46	2	拿	12.135592220850684
46	3	了	3.227114612768659
46	4	一	2.2327577926046125
46	5	卷	14.287732116109666
46	6	今天	13.45157466242702
46	7	的	1.937230340240525
46	8	饭	12.308624730471813
46	9	。	2.671674502226125
47	1	她	8.57340978792489
47	2	拿	12.135592220850684
47	3	了	3.227114612768659
47	4	一	2.2327577926046125
47	5	卷	14.287732116109666
47	6	今天	13.45157466242702
47	7	的	1.937230340240525
47	8	纸	14.310345736180288
47	9	。	4.953757171732448
48	1	她	8.57340978792489
48	2	拿	12.135592220850684
48	3	了	3.227114612768659
48	4	一	2.2327577926046125
48	5	份	5.137117068377087
48	6	今天	12.757515815661442
48	7	的	1.8604182729279515
48	8	纸	16.908358979005357
48	9	。	5.413107851620815
49	1	学生	12.788862481262608
49	2	们	18.161348947281848
49	3	在	5.411163339587816
49	4	写	11.605626277691407
49	5	一	5.164348016520165
49	6	部	5.431620413122779
49	7	复杂	11.977054709136233
49	8	的	0.4227947844996578
49	9	戏剧	10.714108496010326
49	10	。	14.914966271127767
50	1	学生	12.788862481262608
50	2	们	18.161348947281848
50	3	在	5.411163339587816
50	4	写	11.605626277691407
50	5	一	5.164348016520165
50	6	篇	5.040987661320955
50	7	复杂	12.563470645751494
50	8	的	0.37418528012148045
50	9	戏剧	11.836077362640282
50	10	。	14.710472732378022
51	1	学生	12.788862481262608
51	2	们	18.161348947281848
51	3	在	5.411163339587816
51	4	写	11.605626277691407
51	5	一	5.164348016520165
51	6	篇	5.040987661320955
51	7	复杂	12.563470645751494
51	8	的	0.37418528012148045
51	9	文章	2.8168254602606453
51	10	。	15.938216282258693
52	1	学生	12.788862481262608
52	2	们	18.161348947281848
52	3	在	5.411163339587816
52	4	写	11.605626277691407
52	5	一	5.164348016520165
52	6	部	5.431620413122779
52	7	复杂	11.977054709136233
52	8	的	0.4227947844996578
52	9	文章	7.4020983915819585
52	10	。	16.233360542952866
53	1	这	6.169499773515947
53	2	是	2.039582897750509
53	3	一	3.3893643792614334
53	4	架	11.4986298458221
53	5	红色	13.064030810980348
53	6	的	1.2088861026151463
53	7	火车	10.285861108153831
53	8	。	3.6951050348615766
54	1	这	6.169499773515947
54	2	是	2.039582897750509
54	3	一	3.3893643792614334
54	4	扇	15.101357714905665
54	5	红色	12.84586150600908
54	6	的	1.0611737171610471
54	7	火车	10.612991819376532
54	8	。	4.682341053204965
55	1	这	6.169499773515947
55	2	是	2.039582897750509
55	3	一	3.3893643792614334
55	4	扇	15.101357714905665
55	5	红色	12.84586150600908
55	6	的	1.0611737171610471
55	7	窗户	11.88224547018028
55	8	。	4.605585868634641
56	1	这	6.169499773515947
56	2	是	2.039582897750509
56	3	一	3.3893643792614334
56	4	架	11.4986298458221
56	5	红色	13.064030810980348
56	6	的	1.2088861026151463
56	7	窗户	11.430402139269354
56	8	。	3.5397608249675656
57	1	老师	14.20925522412806
57	2	在	5.209167727741697
57	3	责备	16.702545786756225
57	4	三	12.158858150893472
57	5	名	3.9781647793849615
57	6	淘气	19.466756606206168
57	7	的	2.298420786202499
57	8	学生	6.618850067208356
57	9	。	10.19042946157981
58	1	老师	14.20925522412806
58	2	在	5.209167727741697
58	3	责备	16.702545786756225
58	4	三	12.158858150893472
58	5	只	8.723572152779631
58	6	淘气	20.124127485121242
58	7	的	2.469855696749491
58	8	学生	8.339384701401656
58	9	。	9.633032965303286
59	1	老师	14.20925522412806
59	2	在	5.209167727741697
59	3	责备	16.702545786756225
59	4	三	12.158858150893472
59	5	只	8.723572152779631
59	6	淘气	20.124127485121242
59	7	的	2.469855696749491
59	8	宠物	16.40913343963655
59	9	。	10.832787448592072
60	1	老师	14.20925522412806
60	2	在	5.209167727741697
60	3	责备	16.702545786756225
60	4	三	12.158858150893472
60	5	名	3.9781647793849615
60	6	淘气	19.466756606206168
60	7	的	2.298420786202499
60	8	宠物	15.88866615284796
60	9	。	11.83041341249303
61	1	她	8.57340978792489
61	2	买	13.068623763656172
61	3	过	6.014800710692192
61	4	两	4.30494189254582
61	5	杯	9.558705517608761
61	6	热	15.71179597500879
61	7	的	6.371365069735546
61	8	咖啡	10.211864604596009
61	9	。	7.269012175523784
62	1	她	8.57340978792489
62	2	买	13.068623763656172
62	3	过	6.014800710692192
62	4	两	4.30494189254582
62	5	个	3.3961553109209994
62	6	热	15.118404375649341
62	7	的	4.284248526038738
62	8	咖啡	10.272965864565535
62	9	。	8.86278874169004
63	1	她	8.57340978792489
63	2	买	13.068623763656172
63	3	过	6.014800710692192
63	4	两	4.30494189254582
63	5	个	3.3961553109209994
63	6	热	15.118404375649341
63	7	的	4.284248526038738
63	8	杯子	13.76502990710587
63	9	。	8.648543866168282
64	1	她	8.57340978792489
64	2	买	13.068623763656172
64	3	过	6.014800710692192
64	4	两	4.30494189254582
64	5	杯	9.558705517608761
64	6	热	15.71179597500879
64	7	的	6.371365069735546
64	8	杯子	14.357106675493633
64	9	。	7.417779683376082
65	1	孩子	14.459785924566983
65	2	在	5.64464840923214
65	3	卖	11.319776150653158
65	4	五	9.97207315944663
65	5	台	8.237965554443612
65	6	贵	15.800062689992565
65	7	的	3.2129198070367693
65	8	桌子	11.946505708938204
65	9	。	2.2851251409802416
66	1	孩子	14.459785924566983
66	2	在	5.64464840923214
66	3	卖	11.319776150653158
66	4	五	9.97207315944663
66	5	块	5.326808648199325
66	6	贵	15.694771082565289
66	7	的	3.225547425305507
66	8	桌子	12.419523071423441
66	9	。	2.121409261961034
67	1	孩子	14.459785924566983
67	2	在	5.64464840923214
67	3	卖	11.319776150653158
67	4	五	9.97207315944663
67	5	块	5.326808648199325
67	6	贵	15.694771082565289
67	7	的	3.225547425305507
67	8	蛋糕	12.41539124978874
67	9	。	1.3121570479134448
68	1	孩子	14.459785924566983
68	2	在	5.64464840923214
68	3	卖	11.319776150653158
68	4	五	9.97207315944663
68	5	台	8.237965554443612
68	6	贵	15.800062689992565
68	7	的	3.2129198070367693
68	8	蛋糕	12.01436585816326
68	9	。	1.2433897989611893
69	1	妈妈	12.81399837906809
69	2	在	6.669893407764336
69	3	做	9.0440469457731
69	4	一	5.255516739967085
69	5	张	5.932286945294749
69	6	好看	15.27739727672573
69	7	的	1.7566676753058772
69	8	地图	11.43028296230569
69	9	。	3.4707917088935147
70	1	妈妈	12.81399837906809
70	2	在	6.669893407764336
70	3	做	9.0440469457731
70	4	一	5.255516739967085
70	5	面	9.436374213266113
70	6	好看	15.677924832168323
70	7	的	2.594040466086412
70	8	地图	11.84343510208862
70	9	。	3.6541010707689026
71	1	妈妈	12.81399837906809
71	2	在	6.669893407764336
71	3	做	9.0440469457731
71	4	一	5.255516739967085
71	5	面	9.436374213266113
71	6	好看	15.677924832168323
71	7	的	2.594040466086412
71	8	镜子	15.125891978459592
71	9	。	2.616016582787992
72	1	妈妈	12.81399837906809
72	2	在	6.669893407764336
72	3	做	9.0440469457731
72	4	一	5.255516739967085
72	5	张	5.932286945294749
72	6	好看	15.27739727672573
72	7	的	1.7566676753058772
72	8	镜子	15.287639294294074
72	9	。	2.2329804769144346
73	1	爸爸	11.722562873565936
73	2	买	9.872866493932213
73	3	了	1.3087773863550716
73	4	一	3.6741839239075738
73	5	栋	6.942918628768666
73	6	很	11.422725161808259
73	7	大	3.5677225819564597
73	8	的	0.01657091721115478
73	9	房子	6.214635211438193
73	10	。	3.382671328844374
74	1	爸爸	11.722562873565936
74	2	买	9.872866493932213
74	3	了	1.3087773863550716
74	4	一	3.6741839239075738
74	5	条	5.105290331340122
74	6	很	10.379379926094593
74	7	大	4.6122309834875495
74	8	的	0.04351366181091265
74	9	房子	6.932129777220126
74	10	。	2.318389981426897
75	1	爸爸	11.722562873565936
75	2	买	9.872866493932213
75	3	了	1.3087773863550716
75	4	一	3.6741839239075738
75	5	条	5.105290331340122
75	6	很	10.379379926094593
75	7	大	4.6122309834875495
75	8	的	0.04351366181091265
75	9	沙发	14.786626752901647
75	10	。	1.9635741740700894
76	1	爸爸	11.722562873565936
76	2	买	9.872866493932213
76	3	了	1.3087773863550716
76	4	一	3.6741839239075738
76	5	栋	6.942918628768666
76	6	很	11.422725161808259
76	7	大	3.5677225819564597
76	8	的	0.01657091721115478
76	9	沙发	15.149192169081324
76	10	。	3.0415582976816964
77	1	我	5.7484173394051785
77	2	想	4.0537957266910665
77	3	种	16.273750181205976
77	4	一	4.159616107803576
77	5	朵	19.80961789006875
77	6	红色	13.239640228923847
77	7	的	0.5509070230489712
77	8	玫瑰	18.8958738259335
77	9	。	3.1965505384190607
78	1	我	5.7484173394051785
78	2	想	4.0537957266910665
78	3	种	16.273750181205976
78	4	一	4.159616107803576
78	5	颗	12.095586531257432
78	6	红色	12.341065968008024
78	7	的	1.0638407863595276
78	8	玫瑰	17.47420572582358
78	9	。	2.845874220054867
79	1	我	5.7484173394051785
79	2	想	4.0537957266910665
79	3	种	16.273750181205976
79	4	一	4.159616107803576
79	5	颗	12.095586531257432
79	6	红色	12.341065968008024
79	7	的	1.0638407863595276
79	8	种子	11.890757713049553
79	9	。	2.363392666474482
80	1	我	5.7484173394051785
80	2	想	4.0537957266910665
80	3	种	16.273750181205976
80	4	一	4.159616107803576
80	5	朵	19.80961789006875
80	6	红色	13.239640228923847
80	7	的	0.5509070230489712
80	8	种子	12.683914595516363
80	9	。	3.137417976745425
81	1	我	5.7484173394051785
81	2	经常	10.058564941699789
81	3	去	7.821574695218295
81	4	一	6.462936836449092
81	5	家	6.458064923987365
81	6	有名	11.677400258989167
81	7	的	0.011335467750534178
81	8	医院	8.006903918303223
81	9	。	4.591919258484545
82	1	我	5.7484173394051785
82	2	经常	10.058564941699789
82	3	去	7.821574695218295
82	4	一	6.462936836449092
82	5	座	7.446874593099963
82	6	有名	11.258406832049502
82	7	的	0.012625728604220399
82	8	医院	9.650381213336999
82	9	。	3.4673663532233547
83	1	我	5.7484173394051785
83	2	经常	10.058564941699789
83	3	去	7.821574695218295
83	4	一	6.462936836449092
83	5	座	7.446874593099963
83	6	有名	11.258406832049502
83	7	的	0.012625728604220399
83	8	城市	9.60901466678645
83	9	。	2.583238347408198
84	1	我	5.7484173394051785
84	2	经常	10.058564941699789
84	3	去	7.821574695218295
84	4	一	6.462936836449092
84	5	家	6.458064923987365
84	6	有名	11.677400258989167
84	7	的	0.011335467750534178
84	8	城市	8.411042962968352
84	9	。	3.5210692727018937
85	1	我	5.7484173394051785
85	2	拜访	15.615675945742918
85	3	了	3.1023949974947342
85	4	这	4.247683812820124
85	5	一	3.685882586712168
85	6	所	10.177496825484972
85	7	重要	10.341265910968865
85	8	的	2.1870707755587233
85	9	美丽	12.698647138225112
85	10	的	2.8870395440185206
85	11	高中	13.346773796457427
85	12	。	3.74935274276136
86	1	我	5.7484173394051785
86	2	拜访	15.615675945742918
86	3	了	3.1023949974947342
86	4	这	4.247683812820124
86	5	一	3.685882586712168
86	6	位	5.936255872875563
86	7	重要	11.322282611864061
86	8	的	0.7619429087926335
86	9	美丽	12.694797312753707
86	10	的	3.3701565865092036
86	11	高中	13.449894149123395
86	12	。	4.037989318543012
87	1	我	5.7484173394051785
87	2	拜访	15.615675945742918
87	3	了	3.1023949974947342
87	4	这	4.247683812820124
87	5	一	3.685882586712168
87	6	位	5.936255872875563
87	7	重要	11.322282611864061
87	8	的	0.7619429087926335
87	9	美丽	12.694797312753707
87	10	的	3.3701565865092036
87	11	老师	11.680881365920825
87	12	。	2.803335628695166
88	1	我	5.7484173394051785
88	2	拜访	15.615675945742918
88	3	了	3.1023949974947342
88	4	这	4.247683812820124
88	5	一	3.685882586712168
88	6	所	10.177496825484972
88	7	重要	10.341265910968865
88	8	的	2.1870707755587233
88	9	美丽	12.698647138225112
88	10	的	2.8870395440185206
88	11	老师	13.153268483955443
88	12	。	2.3529423562623606
89	1	他	5.549796273767723
89	2	在	4.708201501678041
89	3	读	11.465010576257987
89	4	一	5.957077092506108
89	5	条	6.120575938134351
89	6	很	8.283095458741492
89	7	长	5.527341906266088
89	8	的	0.2157066968562944
89	9	评论	10.018522470613803
89	10	。	3.5040438356718724
90	1	他	5.549796273767723
90	2	在	4.708201501678041
90	3	读	11.465010576257987
90	4	一	5.957077092506108
90	5	首	7.547235214792913
90	6	很	8.151195974972666
90	7	长	6.014628658793299
90	8	的	0.030330260718329782
90	9	评论	9.751196163922835
90	10	。	4.1449206632591356
91	1	他	5.549796273767723
91	2	在	4.708201501678041
91	3	读	11.465010576257987
91	4	一	5.957077092506108
91	5	首	7.547235214792913
91	6	很	8.151195974972666
91	7	长	6.014628658793299
91	8	的	0.030330260718329782
91	9	诗歌	18.41437655427717
91	10	。	3.8129216497996055
92	1	他	5.549796273767723
92	2	在	4.708201501678041
92	3	读	11.465010576257987
92	4	一	5.957077092506108
92	5	条	6.120575938134351
92	6	很	8.283095458741492
92	7	长	5.527341906266088
92	8	的	0.2157066968562944
92	9	诗歌	18.685328527947952
92	10	。	3.1886582231787344
93	1	她	8.57340978792489
93	2	从来	10.992012868613815
93	3	没	3.6572695404636733
93	4	见	6.971701304233683
93	5	过	0.2265404741662671
93	6	一	5.020075477624168
93	7	头	7.758343471797154
93	8	黄色	15.403419283015367
93	9	的	3.619072709922669
93	10	老虎	16.141575660720562
93	11	。	2.7584024448569977
94	1	她	8.57340978792489
94	2	从来	10.992012868613815
94	3	没	3.6572695404636733
94	4	见	6.971701304233683
94	5	过	0.2265404741662671
94	6	一	5.020075477624168
94	7	双	10.085962312273239
94	8	黄色	15.16236672913432
94	9	的	3.477784554654235
94	10	老虎	15.894057962566947
94	11	。	2.392042242838656
95	1	她	8.57340978792489
95	2	从来	10.992012868613815
95	3	没	3.6572695404636733
95	4	见	6.971701304233683
95	5	过	0.2265404741662671
95	6	一	5.020075477624168
95	7	双	10.085962312273239
95	8	黄色	15.16236672913432
95	9	的	3.477784554654235
95	10	眼睛	7.989170937911766
95	11	。	1.9844567359092338
96	1	她	8.57340978792489
96	2	从来	10.992012868613815
96	3	没	3.6572695404636733
96	4	见	6.971701304233683
96	5	过	0.2265404741662671
96	6	一	5.020075477624168
96	7	头	7.758343471797154
96	8	黄色	15.403419283015367
96	9	的	3.619072709922669
96	10	眼睛	7.911242569024196
96	11	。	2.3097263844252325
97	1	我	5.7484173394051785
97	2	还	8.384741143785742
97	3	没有	3.4972241116201843
97	4	检查	13.386833286399948
97	5	一	7.256158317780983
97	6	份	4.281810595206878
97	7	很	7.779826519175977
97	8	难	6.970069182136335
97	9	的	0.8477951967463682
97	10	作业	13.4148624293463
97	11	。	1.8026154364286526
98	1	我	5.7484173394051785
98	2	还	8.384741143785742
98	3	没有	3.4972241116201843
98	4	检查	13.386833286399948
98	5	一	7.256158317780983
98	6	行	13.408623004227579
98	7	很	7.4969141017739105
98	8	难	6.970221234382386
98	9	的	0.9855970116641544
98	10	作业	13.190217136934251
98	11	。	1.5827803181567788
99	1	我	5.7484173394051785
99	2	还	8.384741143785742
99	3	没有	3.4972241116201843
99	4	检查	13.386833286399948
99	5	一	7.256158317780983
99	6	行	13.408623004227579
99	7	很	7.4969141017739105
99	8	难	6.970221234382386
99	9	的	0.9855970116641544
99	10	公式	17.253370742803824
99	11	。	1.4035492945255328
100	1	我	5.7484173394051785
100	2	还	8.384741143785742
100	3	没有	3.4972241116201843
100	4	检查	13.386833286399948
100	5	一	7.256158317780983
100	6	份	4.281810595206878
100	7	很	7.779826519175977
100	8	难	6.970069182136335
100	9	的	0.8477951967463682
100	10	公式	17.747672135829546
100	11	。	1.661113871473134
101	1	孩子	14.459785924566983
101	2	听到	10.752890009202904
101	3	了	3.482154591233158
101	4	一	6.635492992012605
101	5	首	10.056220620220884
101	6	熟悉	12.924468506362707
101	7	的	2.338905021444191
101	8	歌曲	9.561560668138156
101	9	。	1.9548283714317591
102	1	孩子	14.459785924566983
102	2	听到	10.752890009202904
102	3	了	3.482154591233158
102	4	一	6.635492992012605
102	5	张	6.3353425766068625
102	6	熟悉	13.574214989503162
102	7	的	2.227352990922455
102	8	歌曲	9.588393943818652
102	9	。	2.071626314840117
103	1	孩子	14.459785924566983
103	2	听到	10.752890009202904
103	3	了	3.482154591233158
103	4	一	6.635492992012605
103	5	张	6.3353425766068625
103	6	熟悉	13.574214989503162
103	7	的	2.227352990922455
103	8	专辑	10.585068916877923
103	9	。	2.147803077331787
104	1	孩子	14.459785924566983
104	2	听到	10.752890009202904
104	3	了	3.482154591233158
104	4	一	6.635492992012605
104	5	首	10.056220620220884
104	6	熟悉	12.924468506362707
104	7	的	2.338905021444191
104	8	专辑	11.472400957679156
104	9	。	2.0066873223076414
105	1	护士	17.779651399421603
105	2	做	12.305911529894107
105	3	了	0.7818577542306144
105	4	一	5.280074784002881
105	5	次	4.007003090838815
105	6	必需	16.94018793743036
105	7	的	0.7386458247055714
105	8	检查	9.799607909046571
105	9	。	5.16179773736377
106	1	护士	17.779651399421603
106	2	做	12.305911529894107
106	3	了	0.7818577542306144
106	4	一	5.280074784002881
106	5	篇	5.5922079557093625
106	6	必需	15.512886271635097
106	7	的	0.6858833111009375
106	8	检查	12.56041189671685
106	9	。	4.2986020297366565
107	1	护士	17.779651399421603
107	2	做	12.305911529894107
107	3	了	0.7818577542306144
107	4	一	5.280074784002881
107	5	篇	5.5922079557093625
107	6	必需	15.512886271635097
107	7	的	0.6858833111009375
107	8	报告	8.443533970105001
107	9	。	3.102542417971563
108	1	护士	17.779651399421603
108	2	做	12.305911529894107
108	3	了	0.7818577542306144
108	4	一	5.280074784002881
108	5	次	4.007003090838815
108	6	必需	16.94018793743036
108	7	的	0.7386458247055714
108	8	报告	9.273799121732793
108	9	。	3.4878748048260064
109	1	这里	9.781923802038392
109	2	是	1.2723589908530482
109	3	两	8.449261681470242
109	4	台	10.624156094621231
109	5	最新	11.9352400813337
109	6	的	0.6256805331718738
109	7	电视	9.87759661052074
109	8	。	6.904952063962334
110	1	这里	9.781923802038392
110	2	是	1.2723589908530482
110	3	两	8.449261681470242
110	4	份	9.51087685604875
110	5	最新	9.23732239699596
110	6	的	1.4139029693565703
110	7	电视	11.565939580603128
110	8	。	7.928142723408612
111	1	这里	9.781923802038392
111	2	是	1.2723589908530482
111	3	两	8.449261681470242
111	4	份	9.51087685604875
111	5	最新	9.23732239699596
111	6	的	1.4139029693565703
111	7	订单	18.46479961054107
111	8	。	1.635553773677131
112	1	这里	9.781923802038392
112	2	是	1.2723589908530482
112	3	两	8.449261681470242
112	4	台	10.624156094621231
112	5	最新	11.9352400813337
112	6	的	0.6256805331718738
112	7	订单	16.31225291529885
112	8	。	2.092014077115387
113	1	他	5.549796273767723
113	2	很	8.859168137905606
113	3	欣赏	11.723467599664126
113	4	一	5.040069828306731
113	5	处	10.822865235584644
113	6	环保	14.979982713287676
113	7	的	5.896570186839007
113	8	景点	11.819507441125424
113	9	。	1.3848595414849
114	1	他	5.549796273767723
114	2	很	8.859168137905606
114	3	欣赏	11.723467599664126
114	4	一	5.040069828306731
114	5	位	4.995196570494187
114	6	环保	14.626926161604956
114	7	的	7.149736323134178
114	8	景点	12.358953035862513
114	9	。	1.3626430389917061
115	1	他	5.549796273767723
115	2	很	8.859168137905606
115	3	欣赏	11.723467599664126
115	4	一	5.040069828306731
115	5	位	4.995196570494187
115	6	环保	14.626926161604956
115	7	的	7.149736323134178
115	8	领导	11.109640051861874
115	9	。	3.349626332842689
116	1	他	5.549796273767723
116	2	很	8.859168137905606
116	3	欣赏	11.723467599664126
116	4	一	5.040069828306731
116	5	处	10.822865235584644
116	6	环保	14.979982713287676
116	7	的	5.896570186839007
116	8	领导	12.741905379390673
116	9	。	2.8380244880587924
117	1	那里	14.10201144531423
117	2	有	3.691166728168689
117	3	一	2.6412872711470676
117	4	支	6.96840381528277
117	5	海上	16.87795297497958
117	6	的	2.718220261624225
117	7	舰队	12.871011444178556
117	8	。	3.2553488411686686
118	1	那里	14.10201144531423
118	2	有	3.691166728168689
118	3	一	2.6412872711470676
118	4	艘	8.120651203888407
118	5	海上	15.002767504407025
118	6	的	3.180599193806799
118	7	舰队	12.239252140527505
118	8	。	8.951524836233148
119	1	那里	14.10201144531423
119	2	有	3.691166728168689
119	3	一	2.6412872711470676
119	4	艘	8.120651203888407
119	5	海上	15.002767504407025
119	6	的	3.180599193806799
119	7	渔船	9.707587836435586
119	8	。	10.626318968208153
120	1	那里	14.10201144531423
120	2	有	3.691166728168689
120	3	一	2.6412872711470676
120	4	支	6.96840381528277
120	5	海上	16.87795297497958
120	6	的	2.718220261624225
120	7	渔船	9.886087786941332
120	8	。	4.15886570109317
