sentence_id	token_id	token	surprisal
1	1	那	9.678359985351562
1	2	位	6.62550687789917
1	3	教授	7.430790424346924
1	4	写	11.210236549377441
1	5	了	1.9010688066482544
1	6	精彩	14.903284072875977
1	7	的	0.0972822979092598
1	8	书	2.3354454040527344
1	9	的	8.328285217285156
1	10	内容	6.91932487487793
1	11	。	1.4064610004425049
2	1	那	9.678359985351562
2	2	位	6.62550687789917
2	3	教授	7.430790424346924
2	4	打	13.547571182250977
2	5	了	2.2309987545013428
2	6	精彩	12.924392700195312
2	7	的	0.12934119999408722
2	8	书	6.663027286529541
2	9	的	9.30336856842041
2	10	内容	8.67996883392334
2	11	。	2.1445376873016357
3	1	弟弟	17.755962371826172
3	2	启动	21.99005889892578
3	3	了	0.9300159215927124
3	4	昂贵	17.687746047973633
3	5	的	0.15272101759910583
3	6	车	12.257572174072266
3	7	。	3.7197563648223877
4	1	弟弟	17.755962371826172
4	2	认识	17.917905807495117
4	3	了	4.503661632537842
4	4	昂贵	18.79262924194336
4	5	的	0.8399922251701355
4	6	车	13.21023178100586
4	7	。	4.897378921508789
5	1	他	4.431591987609863
5	2	拿	16.429649353027344
5	3	了	2.000465154647827
5	4	桌子	15.563384056091309
5	5	上	3.124840497970581
5	6	的	2.5782620906829834
5	7	好看	15.752119064331055
5	8	的	6.934499263763428
5	9	筷子	16.95331382751465
5	10	。	4.556756496429443
6	1	他	4.431591987609863
6	2	听	13.433377265930176
6	3	了	1.0915955305099487
6	4	桌子	14.835027694702148
6	5	上	3.5874085426330566
6	6	的	2.4844889640808105
6	7	好看	17.23215103149414
6	8	的	5.548644065856934
6	9	筷子	16.00937843322754
6	10	。	4.796915531158447
7	1	她	7.158329010009766
7	2	终于	11.760988235473633
7	3	实现	5.552668571472168
7	4	了	0.02944057807326317
7	5	重要	18.810710906982422
7	6	的	0.4258587062358856
7	7	理想	9.683013916015625
7	8	。	1.5441480875015259
8	1	她	7.158329010009766
8	2	终于	11.760988235473633
8	3	购买	13.84377670288086
8	4	了	0.0808214321732521
8	5	重要	19.985332489013672
8	6	的	0.4425635039806366
8	7	理想	15.982484817504883
8	8	。	9.034523963928223
9	1	我	7.607615947723389
9	2	修理	18.020212173461914
9	3	了	2.122307777404785
9	4	这个	6.616469860076904
9	5	新	7.063075542449951
9	6	的	3.2901461124420166
9	7	电脑	6.8953752517700195
9	8	。	2.7430260181427
10	1	我	7.607615947723389
10	2	阅读	14.951604843139648
10	3	了	2.126549005508423
10	4	这个	7.490394592285156
10	5	新	6.818552017211914
10	6	的	2.485839605331421
10	7	电脑	11.790666580200195
10	8	。	4.301512241363525
11	1	我	7.607615947723389
11	2	邀请	14.990860939025879
11	3	过	8.586506843566895
11	4	我	3.3064754009246826
11	5	的	1.0631269216537476
11	6	优秀	13.75662899017334
11	7	的	6.914826393127441
11	8	朋友	3.140890598297119
11	9	。	5.650868892669678
12	1	我	7.607615947723389
12	2	打开	16.750469207763672
12	3	过	10.705743789672852
12	4	我	6.876918315887451
12	5	的	0.9518553614616394
12	6	优秀	15.073249816894531
12	7	的	6.995055198669434
12	8	朋友	8.898538589477539
12	9	。	2.12984299659729
13	1	记者	8.504682540893555
13	2	采访	7.252151966094971
13	3	了	0.5490556955337524
13	4	有名	16.566654205322266
13	5	的	0.011478088796138763
13	6	艺术家	14.338570594787598
13	7	。	6.409515857696533
14	1	记者	8.504682540893555
14	2	制作	19.90911102294922
14	3	了	1.0759165287017822
14	4	有名	15.224020957946777
14	5	的	0.07222732156515121
14	6	艺术家	16.084617614746094
14	7	。	11.198776245117188
15	1	他	4.431591987609863
15	2	参与	14.802543640136719
15	3	了	0.8651069402694702
15	4	危险	16.966323852539062
15	5	的	3.5482234954833984
15	6	战争	6.261399745941162
15	7	。	2.8064346313476562
16	1	他	4.431591987609863
16	2	建造	18.210935592651367
16	3	了	4.638650417327881
16	4	危险	21.499996185302734
16	5	的	2.238521099090576
16	6	战争	10.963051795959473
16	7	。	7.830902576446533
17	1	她	7.158329010009766
17	2	批评	11.279106140136719
17	3	了	4.3974995613098145
17	4	淘气	23.71599769592285
17	5	的	0.9955716133117676
17	6	儿子	8.076790809631348
17	7	。	6.688710689544678
18	1	她	7.158329010009766
18	2	改正	22.166189193725586
18	3	了	3.8994922637939453
18	4	淘气	22.39697265625
18	5	的	1.0998347997665405
18	6	儿子	7.224320888519287
18	7	。	4.582981586456299
19	1	我	7.607615947723389
19	2	结束	15.757149696350098
19	3	了	0.42480263113975525
19	4	很	8.370100021362305
19	5	长	2.364309549331665
19	6	的	5.033356666564941
19	7	谈话	11.726083755493164
19	8	。	1.0855779647827148
20	1	我	7.607615947723389
20	2	表扬	18.748218536376953
20	3	了	0.5693707466125488
20	4	很	13.989594459533691
20	5	长	5.113977432250977
20	6	的	2.994684934616089
20	7	谈话	9.847112655639648
20	8	。	0.7383361458778381
21	1	他	4.431591987609863
21	2	买	14.669829368591309
21	3	了	0.5469017624855042
21	4	这些	9.852258682250977
21	5	红色	13.044690132141113
21	6	的	2.4833872318267822
21	7	笔	12.986451148986816
21	8	。	5.5787272453308105
22	1	他	4.431591987609863
22	2	种	19.453493118286133
22	3	了	2.408414363861084
22	4	这些	10.082430839538574
22	5	红色	12.501914024353027
22	6	的	0.9254552125930786
22	7	笔	12.388134002685547
22	8	。	4.015933036804199
23	1	他	4.431591987609863
23	2	提出	8.40802001953125
23	3	了	4.5975542068481445
23	4	很多	14.230443000793457
23	5	重要	8.247051239013672
23	6	的	1.0700197219848633
23	7	问题	6.450511932373047
23	8	。	3.388239860534668
24	1	他	4.431591987609863
24	2	申请	18.775882720947266
24	3	了	4.566744327545166
24	4	很多	13.029754638671875
24	5	重要	8.186274528503418
24	6	的	0.4018089175224304
24	7	问题	9.3956937789917
24	8	。	3.0469746589660645
25	1	这	6.208393573760986
25	2	款	15.802062034606934
25	3	药	13.716718673706055
25	4	治疗	10.66270923614502
25	5	了	7.604531288146973
25	6	他	8.483464241027832
25	7	的	1.3567776679992676
25	8	严重	13.676822662353516
25	9	的	11.997821807861328
25	10	疾病	6.1455607414245605
25	11	。	3.6124866008758545
26	1	这	6.208393573760986
26	2	款	15.802062034606934
26	3	药	13.716718673706055
26	4	缓解	18.38338279724121
26	5	了	0.030740035697817802
26	6	他	12.205842018127441
26	7	的	1.667879343032837
26	8	严重	11.649293899536133
26	9	的	7.826565265655518
26	10	疾病	5.4112749099731445
26	11	。	2.618549346923828
27	1	我	7.607615947723389
27	2	看	8.398971557617188
27	3	着	6.74872350692749
27	4	奶奶	13.121786117553711
27	5	的	4.282878875732422
27	6	亲切	11.521784782409668
27	7	的	5.44508171081543
27	8	面容	16.64975357055664
27	9	。	2.0366034507751465
28	1	我	7.607615947723389
28	2	听	9.467541694641113
28	3	着	8.922446250915527
28	4	奶奶	12.72319221496582
28	5	的	3.9580118656158447
28	6	亲切	9.536364555358887
28	7	的	5.434767246246338
28	8	面容	17.27165985107422
28	9	。	2.943239450454712
29	1	学者	15.845213890075684
29	2	发现	8.513996124267578
29	3	了	6.852055549621582
29	4	这个	9.248620986938477
29	5	有趣	12.38533878326416
29	6	的	0.28196099400520325
29	7	规律	13.285017013549805
29	8	。	2.7122678756713867
30	1	学者	15.845213890075684
30	2	发明	13.08067798614502
30	3	了	3.8783202171325684
30	4	这个	9.60302734375
30	5	有趣	11.51551628112793
30	6	的	0.33045780658721924
30	7	规律	12.185664176940918
30	8	。	3.0301742553710938
31	1	母亲	15.889859199523926
31	2	准备	12.325549125671387
31	3	了	6.410876274108887
31	4	美味	18.366836547851562
31	5	的	0.16058576107025146
31	6	晚饭	13.618401527404785
31	7	。	5.1982035636901855
32	1	母亲	15.889859199523926
32	2	责备	16.885181427001953
32	3	了	4.74973201751709
32	4	美味	18.908708572387695
32	5	的	0.4808138608932495
32	6	晚饭	15.299236297607422
32	7	。	3.7237460613250732
33	1	孩子	14.865800857543945
33	2	培养	13.19351577758789
33	3	了	4.037390232086182
33	4	这个	13.407906532287598
33	5	流行	14.085299491882324
33	6	的	3.201249361038208
33	7	特长	12.850284576416016
33	8	。	2.246243953704834
34	1	孩子	14.865800857543945
34	2	改正	19.7075252532959
34	3	了	4.911189079284668
34	4	这个	9.636630058288574
34	5	流行	14.156007766723633
34	6	的	2.839694023132324
34	7	特长	16.126384735107422
34	8	。	2.4113547801971436
35	1	政府	10.831175804138184
35	2	设立	11.535630226135254
35	3	了	2.293048858642578
35	4	最新	17.785736083984375
35	5	的	1.5598150491714478
35	6	项目	10.236235618591309
35	7	。	7.365973472595215
36	1	政府	10.831175804138184
36	2	引发	16.036808013916016
36	3	了	1.2563320398330688
36	4	最新	14.89222526550293
36	5	的	1.3182815313339233
36	6	项目	15.4207181930542
36	7	。	6.63604736328125
37	1	我	7.607615947723389
37	2	回忆	12.374958038330078
37	3	了	3.4011526107788086
37	4	之前	14.081445693969727
37	5	的	4.397587776184082
37	6	可怕	13.968539237976074
37	7	的	3.5616674423217773
37	8	经历	4.298851013183594
37	9	。	1.7859166860580444
38	1	我	7.607615947723389
38	2	帮助	14.725534439086914
38	3	了	7.56979513168335
38	4	之前	15.092690467834473
38	5	的	5.075544357299805
38	6	可怕	15.698780059814453
38	7	的	1.506171464920044
38	8	经历	7.902581214904785
38	9	。	3.188042640686035
39	1	花园	16.945249557495117
39	2	长满	21.31230926513672
39	3	了	2.86126446723938
39	4	美丽	9.488001823425293
39	5	的	0.23200349509716034
39	6	草	13.994685173034668
39	7	。	3.6793906688690186
40	1	花园	16.945249557495117
40	2	吸引	13.941304206848145
40	3	了	0.6154918074607849
40	4	美丽	16.56585121154785
40	5	的	0.33960768580436707
40	6	草	16.178953170776367
40	7	。	5.633195400238037
41	1	雨水	17.434106826782227
41	2	清洗	16.36383819580078
41	3	了	5.1289753913879395
41	4	高	13.40599536895752
41	5	的	1.7709885835647583
41	6	大楼	13.749180793762207
41	7	。	4.470141887664795
42	1	雨水	17.434106826782227
42	2	灌溉	10.607257843017578
42	3	了	8.062915802001953
42	4	高	13.509980201721191
42	5	的	2.6017796993255615
42	6	大楼	16.265159606933594
42	7	。	4.879147052764893
43	1	我	7.607615947723389
43	2	听从	18.53523063659668
43	3	了	5.656116485595703
43	4	老师	14.023128509521484
43	5	的	1.7413146495819092
43	6	中肯	17.974966049194336
43	7	的	2.6841351985931396
43	8	建议	6.346477031707764
43	9	。	0.8517784476280212
44	1	我	7.607615947723389
44	2	安装	16.25395393371582
44	3	了	0.6169794201850891
44	4	老师	16.50762176513672
44	5	的	4.71999454498291
44	6	中肯	19.61434555053711
44	7	的	0.6230971217155457
44	8	建议	7.310579299926758
44	9	。	1.8955427408218384
45	1	警官	18.874300003051758
45	2	疏散	17.350942611694336
45	3	了	3.840089797973633
45	4	紧张	14.021284103393555
45	5	的	0.7573468089103699
45	6	人群	9.719326972961426
45	7	。	2.8701112270355225
46	1	警官	18.874300003051758
46	2	解除	21.32090950012207
46	3	了	0.6221559643745422
46	4	紧张	15.227544784545898
46	5	的	0.6045164465904236
46	6	人群	11.129531860351562
46	7	。	2.9145798683166504
47	1	他	4.431591987609863
47	2	卖	18.772144317626953
47	3	过	8.25174617767334
47	4	一些	9.639593124389648
47	5	便宜	12.523919105529785
47	6	的	0.1217295303940773
47	7	化肥	9.92391586303711
47	8	。	3.3567402362823486
48	1	他	4.431591987609863
48	2	摘	23.711515426635742
48	3	过	7.6431756019592285
48	4	一些	8.75851058959961
48	5	便宜	12.455883026123047
48	6	的	0.18936416506767273
48	7	化肥	9.218896865844727
48	8	。	3.686497688293457
49	1	她	7.158329010009766
49	2	戴	13.483436584472656
49	3	过	7.300326824188232
49	4	白色	10.881217956542969
49	5	的	0.9063912034034729
49	6	耳机	15.01846694946289
49	7	。	6.741183757781982
50	1	她	7.158329010009766
50	2	穿	15.246636390686035
50	3	过	6.378288745880127
50	4	白色	11.512728691101074
50	5	的	1.5526039600372314
50	6	耳机	15.012961387634277
50	7	。	6.3987226486206055
51	1	他	4.431591987609863
51	2	在	5.2924323081970215
51	3	学校	12.908368110656738
51	4	里	2.5134501457214355
51	5	吃	10.117368698120117
51	6	过	5.1586995124816895
51	7	好吃	16.469501495361328
51	8	的	0.6282323598861694
51	9	饭	8.8875732421875
51	10	。	3.2773597240448
52	1	他	4.431591987609863
52	2	在	5.2924323081970215
52	3	学校	12.908368110656738
52	4	里	2.5134501457214355
52	5	讲	7.310626029968262
52	6	过	5.27769660949707
52	7	好吃	20.11853790283203
52	8	的	0.3450438976287842
52	9	饭	11.836175918579102
52	10	。	3.6291282176971436
53	1	他	4.431591987609863
53	2	见	17.17966651916504
53	3	过	0.698071300983429
53	4	热心	16.240198135375977
53	5	的	3.5469040870666504
53	6	店长	20.07500648498535
53	7	。	19.116113662719727
54	1	他	4.431591987609863
54	2	去	14.160931587219238
54	3	过	6.636096954345703
54	4	热心	18.12849235534668
54	5	的	5.214264869689941
54	6	店长	21.932518005371094
54	7	。	16.61202049255371
55	1	我	7.607615947723389
55	2	听	9.467541694641113
55	3	过	0.6759406328201294
55	4	这些	7.186028003692627
55	5	熟悉	17.445085525512695
55	6	的	1.1949939727783203
55	7	声音	8.560354232788086
55	8	。	2.936184883117676
56	1	我	7.607615947723389
56	2	见	12.541717529296875
56	3	过	0.14034581184387207
56	4	这些	8.01899528503418
56	5	熟悉	18.227880477905273
56	6	的	1.27785062789917
56	7	声音	9.679329872131348
56	8	。	2.749149799346924
57	1	爷爷	17.82335090637207
57	2	安装	15.52322769165039
57	3	过	7.147134304046631
57	4	复杂	15.153645515441895
57	5	的	0.1723206788301468
57	6	机器	7.934377670288086
57	7	。	5.829671859741211
58	1	爷爷	17.82335090637207
58	2	种植	16.86124610900879
58	3	过	8.024881362915039
58	4	复杂	18.408727645874023
58	5	的	0.31719881296157837
58	6	机器	10.734354019165039
58	7	。	7.122014045715332
59	1	她	7.158329010009766
59	2	说	1.3883111476898193
59	3	过	11.962148666381836
59	4	这	7.289822101593018
59	5	些	14.587055206298828
59	6	真诚	14.060039520263672
59	7	的	0.17366234958171844
59	8	话	11.577475547790527
59	9	。	5.9885711669921875
60	1	她	7.158329010009766
60	2	吃	15.689105987548828
60	3	过	4.820813179016113
60	4	这	7.733367443084717
60	5	些	14.201446533203125
60	6	真诚	13.983264923095703
60	7	的	0.18202662467956543
60	8	话	11.658349990844727
60	9	。	2.7362687587738037
61	1	母亲	15.889859199523926
61	2	买	11.292789459228516
61	3	了	1.3636012077331543
61	4	彩色	14.532049179077148
61	5	的	4.712519645690918
61	6	纸	12.624247550964355
61	7	。	9.003023147583008
62	1	母亲	15.889859199523926
62	2	喝	9.119872093200684
62	3	了	2.189340829849243
62	4	彩色	15.700355529785156
62	5	的	2.405925989151001
62	6	纸	13.668233871459961
62	7	。	7.917555332183838
