sentence_id	token_id	token	surprisal
1	1	那	9.678359985351562
1	2	家	10.234410285949707
1	3	亲切	17.305191040039062
1	4	的	0.29287850856781006
1	5	老板	9.37855339050293
1	6	投资	17.002988815307617
1	7	的	3.387411594390869
1	8	饭店	10.17138671875
1	9	很	10.356677055358887
1	10	受	3.862990379333496
1	11	欢迎	0.26837965846061707
1	12	。	0.90761399269104
2	1	那	9.678359985351562
2	2	个	8.759618759155273
2	3	亲切	14.240647315979004
2	4	的	0.5056281685829163
2	5	老板	14.628695487976074
2	6	投资	18.045103073120117
2	7	的	3.4652247428894043
2	8	饭店	14.732599258422852
2	9	很	9.866304397583008
2	10	受	4.173219680786133
2	11	欢迎	0.2092992514371872
2	12	。	0.9449307322502136
3	1	那	9.678359985351562
3	2	幅	12.540840148925781
3	3	聪明	15.073908805847168
3	4	的	0.41643083095550537
3	5	朋友	9.930354118347168
3	6	喜欢	11.831079483032227
3	7	的	6.769512176513672
3	8	画	11.0449857711792
3	9	吸引	11.870612144470215
3	10	了	2.624397039413452
3	11	我	4.933792591094971
3	12	。	5.004017353057861
4	1	那	9.678359985351562
4	2	个	8.759618759155273
4	3	聪明	14.877140045166016
4	4	的	0.2811979651451111
4	5	朋友	4.068243026733398
4	6	喜欢	12.496589660644531
4	7	的	4.580611705780029
4	8	画	18.10366439819336
4	9	吸引	13.225419044494629
4	10	了	3.8729395866394043
4	11	我	2.657061815261841
4	12	。	4.592960834503174
5	1	那	9.678359985351562
5	2	件	7.598521709442139
5	3	细心	20.108661651611328
5	4	的	0.19191525876522064
5	5	老师	12.819765090942383
5	6	收藏	15.877922058105469
5	7	的	2.7322120666503906
5	8	艺术品	10.47928237915039
5	9	获	15.804913520812988
5	10	了	4.098355293273926
5	11	奖	9.435796737670898
5	12	。	0.9875096678733826
6	1	那	9.678359985351562
6	2	个	8.759618759155273
6	3	细心	14.516693115234375
6	4	的	0.164009690284729
6	5	老师	8.890006065368652
6	6	收藏	17.63247299194336
6	7	的	3.2327351570129395
6	8	艺术品	13.52855110168457
6	9	获	15.692877769470215
6	10	了	3.6138877868652344
6	11	奖	7.200024127960205
6	12	。	1.302432656288147
7	1	那	9.678359985351562
7	2	只	6.807433128356934
7	3	负责	13.686973571777344
7	4	的	3.6658475399017334
7	5	店长	24.663822174072266
7	6	喜欢	15.78797435760498
7	7	的	8.595176696777344
7	8	宠物	15.008942604064941
7	9	生病	16.220714569091797
7	10	了	4.658169269561768
7	11	。	2.2112059593200684
8	1	那	9.678359985351562
8	2	个	8.759618759155273
8	3	负责	13.623326301574707
8	4	的	1.263563632965088
8	5	店长	23.697425842285156
8	6	喜欢	16.25454330444336
8	7	的	8.38658618927002
8	8	宠物	16.756040573120117
8	9	生病	16.604629516601562
8	10	了	4.03825569152832
8	11	。	2.114126205444336
9	1	那	9.678359985351562
9	2	首	10.577648162841797
9	3	有名	16.662006378173828
9	4	的	0.17244750261306763
9	5	明星	11.331785202026367
9	6	唱	14.341436386108398
9	7	的	2.623544931411743
9	8	歌	3.324155569076538
9	9	很	9.240508079528809
9	10	好听	17.055313110351562
9	11	。	2.2032179832458496
10	1	那	9.678359985351562
10	2	个	8.759618759155273
10	3	有名	14.975203514099121
10	4	的	0.05497437343001366
10	5	明星	11.924453735351562
10	6	唱	15.940095901489258
10	7	的	2.36014986038208
10	8	歌	3.8186473846435547
10	9	很	9.019509315490723
10	10	好听	17.610666275024414
10	11	。	2.058953285217285
11	1	那	9.678359985351562
11	2	所	9.994178771972656
11	3	富有	14.660542488098145
11	4	的	3.165651321411133
11	5	老人	13.03465747833252
11	6	去	11.993041038513184
11	7	的	5.874661922454834
11	8	学校	9.779709815979004
11	9	关闭	15.183866500854492
11	10	了	0.8365810513496399
11	11	。	5.1637654304504395
12	1	那	9.678359985351562
12	2	个	8.759618759155273
12	3	富有	14.867374420166016
12	4	的	5.76296329498291
12	5	老人	14.29115104675293
12	6	去	10.2456693649292
12	7	的	7.693678855895996
12	8	学校	10.322822570800781
12	9	关闭	14.849767684936523
12	10	了	0.3706928491592407
12	11	。	4.654664993286133
13	1	那	9.678359985351562
13	2	件	7.598521709442139
13	3	紧张	19.223674774169922
13	4	的	0.8757215142250061
13	5	司机	19.989376068115234
13	6	带	9.415881156921387
13	7	的	8.291351318359375
13	8	行李	6.832655906677246
13	9	丢	13.078861236572266
13	10	了	0.4414891004562378
13	11	。	5.979491233825684
14	1	那	9.678359985351562
14	2	个	8.759618759155273
14	3	紧张	13.823445320129395
14	4	的	0.7223702073097229
14	5	司机	19.554916381835938
14	6	带	9.176097869873047
14	7	的	8.09726619720459
14	8	行李	8.149650573730469
14	9	丢	12.189615249633789
14	10	了	0.3438563644886017
14	11	。	5.759914875030518
15	1	那	9.678359985351562
15	2	本	7.634148597717285
15	3	有名	19.661725997924805
15	4	的	0.10450069606304169
15	5	作家	12.339592933654785
15	6	写	9.362627029418945
15	7	的	2.765733480453491
15	8	书	5.18833589553833
15	9	很	7.877903938293457
15	10	受	5.045249938964844
15	11	欢迎	0.779955267906189
15	12	。	0.9636814594268799
16	1	那	9.678359985351562
16	2	个	8.759618759155273
16	3	有名	14.975203514099121
16	4	的	0.05497437343001366
16	5	作家	13.698701858520508
16	6	写	9.449742317199707
16	7	的	2.4641294479370117
16	8	书	6.668590545654297
16	9	很	7.3482537269592285
16	10	受	5.766854286193848
16	11	欢迎	0.9380360841751099
16	12	。	1.0553802251815796
17	1	那	9.678359985351562
17	2	辆	9.039594650268555
17	3	熟悉	19.109821319580078
17	4	的	1.6293144226074219
17	5	朋友	14.384735107421875
17	6	开	10.860831260681152
17	7	的	4.4642252922058105
17	8	车	5.034229278564453
17	9	坏	14.752257347106934
17	10	了	0.18295606970787048
17	11	。	2.766911029815674
18	1	那	9.678359985351562
18	2	个	8.759618759155273
18	3	熟悉	17.984743118286133
18	4	的	0.48502305150032043
18	5	朋友	5.291072845458984
18	6	开	12.452069282531738
18	7	的	5.690929412841797
18	8	车	8.415654182434082
18	9	坏	14.218250274658203
18	10	了	0.13873739540576935
18	11	。	2.889755964279175
19	1	那	9.678359985351562
19	2	份	8.443988800048828
19	3	淘气	20.2177677154541
19	4	的	0.4182799756526947
19	5	孩子	7.684647560119629
19	6	做	9.761109352111816
19	7	的	2.0094287395477295
19	8	作业	13.483135223388672
19	9	获	17.12957000732422
19	10	了	1.9328364133834839
19	11	奖	10.615177154541016
19	12	。	3.307088851928711
20	1	那	9.678359985351562
20	2	个	8.759618759155273
20	3	淘气	19.686399459838867
20	4	的	0.29474443197250366
20	5	孩子	5.661643028259277
20	6	做	9.750639915466309
20	7	的	2.862332344055176
20	8	作业	14.987868309020996
20	9	获	18.399696350097656
20	10	了	2.105722427368164
20	11	奖	11.250490188598633
20	12	。	3.399738311767578
21	1	那	9.678359985351562
21	2	份	8.443988800048828
21	3	严格	17.865055084228516
21	4	的	0.3000142574310303
21	5	老板	15.734232902526855
21	6	制定	11.827542304992676
21	7	的	3.008171558380127
21	8	合同	7.403449058532715
21	9	到期	13.999174118041992
21	10	了	6.517779350280762
21	11	。	4.7314839363098145
22	1	那	9.678359985351562
22	2	个	8.759618759155273
22	3	严格	14.312007904052734
22	4	的	0.152035653591156
22	5	老板	16.097375869750977
22	6	制定	12.638740539550781
22	7	的	3.375868082046509
22	8	合同	11.028023719787598
22	9	到期	14.606728553771973
22	10	了	4.419660568237305
22	11	。	4.032917499542236
23	1	那	9.678359985351562
23	2	间	12.4174165725708
23	3	负责	13.465418815612793
23	4	的	2.50000262260437
23	5	朋友	14.470754623413086
23	6	开	11.529192924499512
23	7	的	4.7141618728637695
23	8	工厂	13.970046043395996
23	9	倒闭	13.11880874633789
23	10	了	1.3361583948135376
23	11	。	3.0485434532165527
24	1	那	9.678359985351562
24	2	个	8.759618759155273
24	3	负责	13.623326301574707
24	4	的	1.263563632965088
24	5	朋友	11.39609146118164
24	6	开	12.199355125427246
24	7	的	5.486184120178223
24	8	工厂	13.514959335327148
24	9	倒闭	13.428121566772461
24	10	了	0.6072341203689575
24	11	。	3.024914503097534
25	1	那	9.678359985351562
25	2	张	7.894223690032959
25	3	聪明	16.279664993286133
25	4	的	0.25052759051322937
25	5	孩子	6.488616466522217
25	6	照	14.491531372070312
25	7	的	8.815450668334961
25	8	照片	10.951035499572754
25	9	丢	15.161569595336914
25	10	了	0.290495902299881
25	11	。	7.106751441955566
26	1	那	9.678359985351562
26	2	个	8.759618759155273
26	3	聪明	14.877140045166016
26	4	的	0.2811979651451111
26	5	孩子	3.2784464359283447
26	6	照	15.66800308227539
26	7	的	7.443436622619629
26	8	照片	15.45866870880127
26	9	丢	15.075821876525879
26	10	了	0.3272302746772766
26	11	。	5.257081508636475
27	1	那	9.678359985351562
27	2	台	11.886992454528809
27	3	负责	15.32044792175293
27	4	的	5.34372091293335
27	5	老师	12.020354270935059
27	6	用	9.04171085357666
27	7	的	8.055632591247559
27	8	手机	8.32194709777832
27	9	很	9.798797607421875
27	10	好用	17.050695419311523
27	11	。	3.32452130317688
28	1	那	9.678359985351562
28	2	个	8.759618759155273
28	3	负责	13.623326301574707
28	4	的	1.263563632965088
28	5	老师	13.001033782958984
28	6	用	9.943313598632812
28	7	的	6.261135101318359
28	8	手机	8.627776145935059
28	9	很	10.045050621032715
28	10	好用	17.018152236938477
28	11	。	2.8828394412994385
29	1	那	9.678359985351562
29	2	朵	20.857566833496094
29	3	细心	18.665843963623047
29	4	的	0.821439802646637
29	5	邻居	13.007933616638184
29	6	种	18.847747802734375
29	7	的	6.70851469039917
29	8	花	6.345518589019775
29	9	很	6.112696647644043
29	10	好看	11.323173522949219
29	11	。	2.335204839706421
30	1	那	9.678359985351562
30	2	个	8.759618759155273
30	3	细心	14.516693115234375
30	4	的	0.164009690284729
30	5	邻居	10.345235824584961
30	6	种	19.106876373291016
30	7	的	5.385867595672607
30	8	花	10.980647087097168
30	9	很	6.0588202476501465
30	10	好看	12.18522834777832
30	11	。	2.581267833709717
31	1	那	9.678359985351562
31	2	台	11.886992454528809
31	3	优秀	14.969911575317383
31	4	的	2.4939017295837402
31	5	科学家	14.766220092773438
31	6	做	12.953028678894043
31	7	的	4.13498067855835
31	8	电视	15.435887336730957
31	9	坏	20.057430267333984
31	10	了	4.064592361450195
31	11	。	5.836426734924316
32	1	那	9.678359985351562
32	2	个	8.759618759155273
32	3	优秀	14.155210494995117
32	4	的	0.3120611310005188
32	5	科学家	9.662541389465332
32	6	做	12.543943405151367
32	7	的	3.6641769409179688
32	8	电视	17.795488357543945
32	9	坏	19.133892059326172
32	10	了	2.685056686401367
32	11	。	5.330092906951904
33	1	那	9.678359985351562
33	2	栋	11.80289363861084
33	3	富有	13.835643768310547
33	4	的	7.828380584716797
33	5	男人	14.171998023986816
33	6	买	14.271682739257812
33	7	的	3.044309139251709
33	8	房子	1.9181180000305176
33	9	起火	15.101394653320312
33	10	了	1.8423817157745361
33	11	。	2.541393280029297
34	1	那	9.678359985351562
34	2	个	8.759618759155273
34	3	富有	14.867374420166016
34	4	的	5.76296329498291
34	5	男人	10.495765686035156
34	6	买	15.04472827911377
34	7	的	3.3241171836853027
34	8	房子	4.612650394439697
34	9	起火	16.547740936279297
34	10	了	1.457354187965393
34	11	。	2.8626534938812256
35	1	那	9.678359985351562
35	2	条	9.258888244628906
35	3	紧张	13.572080612182617
35	4	的	0.6217676401138306
35	5	朋友	14.738090515136719
35	6	给	5.587122440338135
35	7	的	10.483362197875977
35	8	建议	13.603727340698242
35	9	很	7.339689254760742
35	10	真诚	12.9365234375
35	11	。	1.4046036005020142
36	1	那	9.678359985351562
36	2	个	8.759618759155273
36	3	紧张	13.823445320129395
36	4	的	0.7223702073097229
36	5	朋友	9.857723236083984
36	6	给	6.211069583892822
36	7	的	9.213258743286133
36	8	建议	13.087708473205566
36	9	很	7.15517520904541
36	10	真诚	12.955114364624023
36	11	。	1.8512592315673828
37	1	那	9.678359985351562
37	2	支	11.419636726379395
37	3	负责	12.453145027160645
37	4	的	5.220193862915039
37	5	老师	15.89287281036377
37	6	用	7.553996562957764
37	7	的	7.4783172607421875
37	8	笔	10.088496208190918
37	9	坏	16.830810546875
37	10	了	3.3193325996398926
37	11	。	7.026699066162109
38	1	那	9.678359985351562
38	2	个	8.759618759155273
38	3	负责	13.623326301574707
38	4	的	1.263563632965088
38	5	老师	13.001033782958984
38	6	用	9.943313598632812
38	7	的	6.261135101318359
38	8	笔	11.738764762878418
38	9	坏	17.00575065612793
38	10	了	3.1378014087677
38	11	。	5.856196403503418
39	1	那	9.678359985351562
39	2	只	6.807433128356934
39	3	内向	23.159893035888672
39	4	的	9.711840629577637
39	5	女人	11.810321807861328
39	6	丢	17.123619079589844
39	7	的	11.302046775817871
39	8	鞋子	14.864729881286621
39	9	被	11.048181533813477
39	10	找到	12.80778694152832
39	11	了	0.7712051868438721
39	12	。	3.08661150932312
40	1	那	9.678359985351562
40	2	个	8.759618759155273
40	3	内向	19.60930824279785
40	4	的	4.797682762145996
40	5	女人	12.097810745239258
40	6	丢	17.4206485748291
40	7	的	7.397691249847412
40	8	鞋子	15.488482475280762
40	9	被	9.860480308532715
40	10	找到	12.467904090881348
40	11	了	0.6556824445724487
40	12	。	3.0724117755889893
41	1	那	9.678359985351562
41	2	条	9.258888244628906
41	3	孤独	18.824970245361328
41	4	的	0.37607207894325256
41	5	邻居	10.028870582580566
41	6	养	12.855238914489746
41	7	的	6.042667388916016
41	8	狗	9.178247451782227
41	9	生病	16.37373924255371
41	10	了	2.1704652309417725
41	11	。	3.207002639770508
42	1	那	9.678359985351562
42	2	个	8.759618759155273
42	3	孤独	17.56464195251465
42	4	的	0.5303601622581482
42	5	邻居	9.632283210754395
42	6	养	14.118636131286621
42	7	的	5.614246845245361
42	8	狗	9.612126350402832
42	9	生病	15.663244247436523
42	10	了	1.395919919013977
42	11	。	3.487330675125122
43	1	那	9.678359985351562
43	2	座	10.391833305358887
43	3	幽默	18.27526092529297
43	4	的	0.7531116604804993
43	5	老人	10.80190372467041
43	6	修	14.981729507446289
43	7	的	2.6358816623687744
43	8	桥	8.95540714263916
43	9	帮助	19.30097198486328
43	10	了	6.067337512969971
43	11	我	5.0354766845703125
43	12	。	4.2214579582214355
44	1	那	9.678359985351562
44	2	个	8.759618759155273
44	3	幽默	20.003681182861328
44	4	的	0.2868271768093109
44	5	老人	13.018141746520996
44	6	修	17.094528198242188
44	7	的	2.4838755130767822
44	8	桥	13.5132474899292
44	9	帮助	17.851844787597656
44	10	了	6.192351341247559
44	11	我	3.355794906616211
44	12	。	3.6237032413482666
45	1	那	9.678359985351562
45	2	篇	8.933149337768555
45	3	认真	15.467373847961426
45	4	的	0.9081170558929443
45	5	学生	17.478160858154297
45	6	准备	11.860283851623535
45	7	的	4.415635108947754
45	8	报告	9.572579383850098
45	9	感动	17.173574447631836
45	10	了	0.6394766569137573
45	11	我	4.336101531982422
45	12	。	2.2817423343658447
46	1	那	9.678359985351562
46	2	个	8.759618759155273
46	3	认真	15.253107070922852
46	4	的	0.6412141919136047
46	5	学生	14.15776538848877
46	6	准备	10.61043930053711
46	7	的	3.9158554077148438
46	8	报告	14.493375778198242
46	9	感动	17.298189163208008
46	10	了	0.7195444703102112
46	11	我	2.98857045173645
46	12	。	2.3242404460906982
47	1	那	9.678359985351562
47	2	封	9.989850044250488
47	3	亲切	15.602264404296875
47	4	的	0.30723094940185547
47	5	朋友	12.135194778442383
47	6	写	9.40029239654541
47	7	的	5.021507263183594
47	8	信	3.516157627105713
47	9	很	7.80131721496582
47	10	真诚	12.764835357666016
47	11	。	1.5251493453979492
48	1	那	9.678359985351562
48	2	个	8.759618759155273
48	3	亲切	14.240647315979004
48	4	的	0.5056281685829163
48	5	朋友	6.108856201171875
48	6	写	10.529677391052246
48	7	的	4.17172908782959
48	8	信	7.929284572601318
48	9	很	7.413347244262695
48	10	真诚	12.204466819763184
48	11	。	1.6904919147491455
49	1	那	9.678359985351562
49	2	堂	17.92534065246582
49	3	有名	18.10483169555664
49	4	的	0.49494943022727966
49	5	老师	7.0139923095703125
49	6	教	10.279533386230469
49	7	的	11.03564739227295
49	8	课	7.877758979797363
49	9	获	15.410825729370117
49	10	了	2.8574748039245605
49	11	奖	8.728673934936523
49	12	。	2.169389247894287
50	1	那	9.678359985351562
50	2	个	8.759618759155273
50	3	有名	14.975203514099121
50	4	的	0.05497437343001366
50	5	老师	10.390939712524414
50	6	教	11.897958755493164
50	7	的	9.338890075683594
50	8	课	9.939846992492676
50	9	获	15.658952713012695
50	10	了	3.4003500938415527
50	11	奖	7.5778913497924805
50	12	。	2.682406425476074
51	1	那	9.678359985351562
51	2	块	12.763644218444824
51	3	细心	17.40363883972168
51	4	的	0.23323962092399597
51	5	医生	11.366991996765137
51	6	喜欢	13.570566177368164
51	7	的	5.664490222930908
51	8	手表	15.8392333984375
51	9	丢	15.736818313598633
51	10	了	1.2746164798736572
51	11	。	4.878019332885742
52	1	那	9.678359985351562
52	2	个	8.759618759155273
52	3	细心	14.516693115234375
52	4	的	0.164009690284729
52	5	医生	9.616600036621094
52	6	喜欢	14.344086647033691
52	7	的	5.306159973144531
52	8	手表	17.44892120361328
52	9	丢	15.339963912963867
52	10	了	1.1657682657241821
52	11	。	5.010681629180908
53	1	那	9.678359985351562
53	2	篇	8.933149337768555
53	3	优秀	19.04045867919922
53	4	的	1.1432570219039917
53	5	学生	15.912525177001953
53	6	写	7.313413619995117
53	7	的	3.0733299255371094
53	8	论文	6.016391754150391
53	9	感动	18.63300323486328
53	10	了	0.27193355560302734
53	11	我	3.584888458251953
53	12	。	2.2189688682556152
54	1	那	9.678359985351562
54	2	个	8.759618759155273
54	3	优秀	14.155210494995117
54	4	的	0.3120611310005188
54	5	学生	7.751955032348633
54	6	写	10.860278129577637
54	7	的	3.129293441772461
54	8	论文	8.084944725036621
54	9	感动	18.63846778869629
54	10	了	0.3882971704006195
54	11	我	2.0841262340545654
54	12	。	1.7023389339447021
55	1	那	9.678359985351562
55	2	场	8.421915054321289
55	3	专业	17.458599090576172
55	4	的	3.8536877632141113
55	5	演员	16.669939041137695
55	6	准备	12.474489212036133
55	7	的	6.523138046264648
55	8	表演	6.760142803192139
55	9	很	7.2983808517456055
55	10	受	5.508218765258789
55	11	欢迎	0.5150849223136902
55	12	。	0.8505463600158691
56	1	那	9.678359985351562
56	2	个	8.759618759155273
56	3	专业	13.871732711791992
56	4	的	2.653703212738037
56	5	演员	12.080361366271973
56	6	准备	11.960380554199219
56	7	的	6.5691237449646
56	8	表演	9.121586799621582
56	9	很	8.088461875915527
56	10	受	6.191127777099609
56	11	欢迎	0.372525691986084
56	12	。	0.7673162221908569
57	1	那	9.678359985351562
57	2	间	12.4174165725708
57	3	勇敢	16.093868255615234
57	4	的	0.35800158977508545
57	5	警察	12.303364753723145
57	6	工作	11.016114234924316
57	7	的	5.542715072631836
57	8	办公室	13.924803733825684
57	9	起火	16.798770904541016
57	10	了	1.6766263246536255
57	11	。	2.9098191261291504
58	1	那	9.678359985351562
58	2	个	8.759618759155273
58	3	勇敢	15.602317810058594
58	4	的	0.2521069645881653
58	5	警察	14.096941947937012
58	6	工作	11.079798698425293
58	7	的	4.493015766143799
58	8	办公室	14.550985336303711
58	9	起火	17.896883010864258
58	10	了	1.4599862098693848
58	11	。	3.0990090370178223
59	1	那	9.678359985351562
59	2	首	10.577648162841797
59	3	聪明	19.075550079345703
59	4	的	0.8711689114570618
59	5	孩子	5.421361923217773
59	6	写	8.480069160461426
59	7	的	3.9881513118743896
59	8	诗	12.417335510253906
59	9	很	7.694488525390625
59	10	有趣	9.289607048034668
59	11	。	1.6435102224349976
60	1	那	9.678359985351562
60	2	个	8.759618759155273
60	3	聪明	14.877140045166016
60	4	的	0.2811979651451111
60	5	孩子	3.2784464359283447
60	6	写	10.31320571899414
60	7	的	3.0330357551574707
60	8	诗	14.209826469421387
60	9	很	6.790920734405518
60	10	有趣	9.161968231201172
60	11	。	1.7217692136764526
61	1	那	9.678359985351562
61	2	家	10.234410285949707
61	3	细心	16.605878829956055
61	4	的	0.3426028788089752
61	5	朋友	2.5124220848083496
61	6	去	8.8646240234375
61	7	的	9.301233291625977
61	8	银行	12.047684669494629
61	9	帮助	10.8286771774292
61	10	了	4.643969535827637
61	11	我	2.473571300506592
61	12	。	3.332336902618408
62	1	那	9.678359985351562
62	2	个	8.759618759155273
62	3	细心	14.516693115234375
62	4	的	0.164009690284729
62	5	朋友	3.8648903369903564
62	6	去	7.780483245849609
62	7	的	10.71072769165039
62	8	银行	12.825273513793945
62	9	帮助	9.18566608428955
62	10	了	5.2177252769470215
62	11	我	2.267650842666626
62	12	。	3.1895008087158203
