sentence_id	token_id	token	surprisal
1	1	记者	8.504682540893555
1	2	采访	7.252151966094971
1	3	了	0.5490556955337524
1	4	研发	20.144582748413086
1	5	产品	12.320025444030762
1	6	并且	13.3196382522583
1	7	获	12.43317699432373
1	8	了	3.138245105743408
1	9	奖	10.303544044494629
1	10	。	0.917454183101654
2	1	记者	8.504682540893555
2	2	采访	7.252151966094971
2	3	了	0.5490556955337524
2	4	研发	20.144582748413086
2	5	产品	12.320025444030762
2	6	并且	13.3196382522583
2	7	获	12.43317699432373
2	8	了	3.138245105743408
2	9	奖	10.303544044494629
2	10	的	5.72664213180542
2	11	科学家	7.5970540046691895
2	12	。	2.11224102973938
3	1	他	4.431591987609863
3	2	认识	15.419783592224121
3	3	了	6.798752784729004
3	4	写	18.093305587768555
3	5	书	11.162750244140625
3	6	并且	13.470118522644043
3	7	教	11.306694030761719
3	8	课	15.94777774810791
3	9	。	5.519920349121094
4	1	他	4.431591987609863
4	2	认识	15.419783592224121
4	3	了	6.798752784729004
4	4	写	18.093305587768555
4	5	书	11.162750244140625
4	6	并且	13.470118522644043
4	7	教	11.306694030761719
4	8	课	15.94777774810791
4	9	的	6.104302406311035
4	10	老师	9.573087692260742
4	11	。	4.597194194793701
5	1	他	4.431591987609863
5	2	拍	15.686833381652832
5	3	下	10.391542434692383
5	4	了	2.7010011672973633
5	5	获得	22.45903778076172
5	6	大奖	9.498897552490234
5	7	并且	16.360849380493164
5	8	吸引	11.615044593811035
5	9	游客	17.16063690185547
5	10	。	2.0030460357666016
6	1	他	4.431591987609863
6	2	拍	15.686833381652832
6	3	下	10.391542434692383
6	4	了	2.7010011672973633
6	5	获得	22.45903778076172
6	6	大奖	9.498897552490234
6	7	并且	16.360849380493164
6	8	吸引	11.615044593811035
6	9	游客	17.16063690185547
6	10	的	5.481212139129639
6	11	艺术品	15.968879699707031
6	12	。	1.1557388305664062
7	1	我们	7.795909404754639
7	2	参加	11.11649227142334
7	3	了	3.643728256225586
7	4	吸引	15.021394729614258
7	5	学生	14.67507266998291
7	6	并且	15.47842025756836
7	7	受到	12.034610748291016
7	8	好评	8.948129653930664
7	9	。	1.2664709091186523
8	1	我们	7.795909404754639
8	2	参加	11.11649227142334
8	3	了	3.643728256225586
8	4	吸引	15.021394729614258
8	5	学生	14.67507266998291
8	6	并且	15.47842025756836
8	7	受到	12.034610748291016
8	8	好评	8.948129653930664
8	9	的	1.5866957902908325
8	10	活动	2.5077857971191406
8	11	。	0.8088370561599731
9	1	他	4.431591987609863
9	2	想起	17.731033325195312
9	3	了	2.8769798278808594
9	4	写	13.501596450805664
9	5	过	6.675052642822266
9	6	歌	15.576577186584473
9	7	而且	17.244287490844727
9	8	写	2.1792447566986084
9	9	过	2.937700033187866
9	10	书	7.279707908630371
9	11	。	3.2793281078338623
10	1	他	4.431591987609863
10	2	想起	17.731033325195312
10	3	了	2.8769798278808594
10	4	写	13.501596450805664
10	5	过	6.675052642822266
10	6	歌	15.576577186584473
10	7	而且	17.244287490844727
10	8	写	2.1792447566986084
10	9	过	2.937700033187866
10	10	书	7.279707908630371
10	11	的	1.5026028156280518
10	12	同学	11.994912147521973
10	13	。	2.1558120250701904
11	1	司机	16.757728576660156
11	2	启动	18.670625686645508
11	3	了	1.8731579780578613
11	4	装有	13.117733001708984
11	5	音响	12.878756523132324
11	6	并且	14.852173805236816
11	7	配备	7.849082946777344
11	8	屏幕	14.7418851852417
11	9	。	8.56517505645752
12	1	司机	16.757728576660156
12	2	启动	18.670625686645508
12	3	了	1.8731579780578613
12	4	装有	13.117733001708984
12	5	音响	12.878756523132324
12	6	并且	14.852173805236816
12	7	配备	7.849082946777344
12	8	屏幕	14.7418851852417
12	9	的	3.524367570877075
12	10	车	10.012392044067383
12	11	。	3.5867578983306885
13	1	爸爸	14.413990020751953
13	2	买	7.665614604949951
13	3	了	1.3688026666641235
13	4	带	13.116679191589355
13	5	家具	13.653036117553711
13	6	还	9.357239723205566
13	7	配	16.788541793823242
13	8	保险	17.947330474853516
13	9	。	4.631240367889404
14	1	爸爸	14.413990020751953
14	2	买	7.665614604949951
14	3	了	1.3688026666641235
14	4	带	13.116679191589355
14	5	家具	13.653036117553711
14	6	还	9.357239723205566
14	7	配	16.788541793823242
14	8	保险	17.947330474853516
14	9	的	5.542843341827393
14	10	房子	6.788765907287598
14	11	。	2.560206651687622
15	1	他	4.431591987609863
15	2	损失	22.03024673461914
15	3	了	3.281137228012085
15	4	买	14.796178817749023
15	5	药	11.158252716064453
15	6	和	3.4854354858398438
15	7	买	6.634527683258057
15	8	菜	5.023870468139648
15	9	。	2.959843158721924
16	1	他	4.431591987609863
16	2	损失	22.03024673461914
16	3	了	3.281137228012085
16	4	买	14.796178817749023
16	5	药	11.158252716064453
16	6	和	3.4854354858398438
16	7	买	6.634527683258057
16	8	菜	5.023870468139648
16	9	的	2.4247567653656006
16	10	现金	7.167613506317139
16	11	。	0.9082070589065552
17	1	我	7.607615947723389
17	2	拜访	17.97085189819336
17	3	了	1.3344625234603882
17	4	去	14.312681198120117
17	5	过	9.017353057861328
17	6	中国	4.388073444366455
17	7	并且	11.593822479248047
17	8	去	5.286082744598389
17	9	过	6.019069194793701
17	10	美国	3.558821201324463
17	11	。	4.645285606384277
18	1	我	7.607615947723389
18	2	拜访	17.97085189819336
18	3	了	1.3344625234603882
18	4	去	14.312681198120117
18	5	过	9.017353057861328
18	6	中国	4.388073444366455
18	7	并且	11.593822479248047
18	8	去	5.286082744598389
18	9	过	6.019069194793701
18	10	美国	3.558821201324463
18	11	的	1.551184058189392
18	12	邻居	11.576820373535156
18	13	。	2.7702720165252686
19	1	爷爷	17.82335090637207
19	2	中止	18.822124481201172
19	3	了	0.6424058675765991
19	4	引发	18.73137092590332
19	5	争吵	17.326702117919922
19	6	并且	11.279500961303711
19	7	伤害	10.977456092834473
19	8	亲情	17.06532096862793
19	9	。	3.467883586883545
20	1	爷爷	17.82335090637207
20	2	中止	18.822124481201172
20	3	了	0.6424058675765991
20	4	引发	18.73137092590332
20	5	争吵	17.326702117919922
20	6	并且	11.279500961303711
20	7	伤害	10.977456092834473
20	8	亲情	17.06532096862793
20	9	的	0.5203046798706055
20	10	谈话	11.222848892211914
20	11	。	1.4219423532485962
21	1	她	7.158329010009766
21	2	提到	13.432982444763184
21	3	了	5.287966251373291
21	4	看	15.517386436462402
21	5	着	7.183603286743164
21	6	电视	7.037444591522217
21	7	和	5.856903553009033
21	8	听	8.669212341308594
21	9	着	8.283945083618164
21	10	歌	14.091358184814453
21	11	。	7.944007396697998
22	1	她	7.158329010009766
22	2	提到	13.432982444763184
22	3	了	5.287966251373291
22	4	看	15.517386436462402
22	5	着	7.183603286743164
22	6	电视	7.037444591522217
22	7	和	5.856903553009033
22	8	听	8.669212341308594
22	9	着	8.283945083618164
22	10	歌	14.091358184814453
22	11	的	1.3813447952270508
22	12	女儿	11.275763511657715
22	13	。	3.8487284183502197
23	1	医生	14.68613338470459
23	2	表扬	17.273509979248047
23	3	了	0.5142936706542969
23	4	帮助	14.566696166992188
23	5	老人	9.637467384338379
23	6	并且	11.239299774169922
23	7	关心	9.619858741760254
23	8	同学	14.288324356079102
23	9	。	4.884385108947754
24	1	医生	14.68613338470459
24	2	表扬	17.273509979248047
24	3	了	0.5142936706542969
24	4	帮助	14.566696166992188
24	5	老人	9.637467384338379
24	6	并且	11.239299774169922
24	7	关心	9.619858741760254
24	8	同学	14.288324356079102
24	9	的	1.44035005569458
24	10	孩子	8.23339557647705
24	11	。	1.4045021533966064
25	1	她	7.158329010009766
25	2	介绍	7.867932319641113
25	3	了	5.122143268585205
25	4	生产	14.549661636352539
25	5	电视	11.857458114624023
25	6	并且	16.021194458007812
25	7	安装	6.100247859954834
25	8	电视	5.899213790893555
25	9	。	9.505008697509766
26	1	她	7.158329010009766
26	2	介绍	7.867932319641113
26	3	了	5.122143268585205
26	4	生产	14.549661636352539
26	5	电视	11.857458114624023
26	6	并且	16.021194458007812
26	7	安装	6.100247859954834
26	8	电视	5.899213790893555
26	9	的	6.83340311050415
26	10	工厂	13.288420677185059
26	11	。	4.911822319030762
27	1	我	7.607615947723389
27	2	洗	16.14334487915039
27	3	了	2.0597991943359375
27	4	陪伴	17.083837509155273
27	5	过	8.030492782592773
27	6	母亲	10.292539596557617
27	7	也	9.529531478881836
27	8	陪伴	14.294578552246094
27	9	过	5.607973575592041
27	10	我	3.72816801071167
27	11	。	2.8417460918426514
28	1	我	7.607615947723389
28	2	洗	16.14334487915039
28	3	了	2.0597991943359375
28	4	陪伴	17.083837509155273
28	5	过	8.030492782592773
28	6	母亲	10.292539596557617
28	7	也	9.529531478881836
28	8	陪伴	14.294578552246094
28	9	过	5.607973575592041
28	10	我	3.72816801071167
28	11	的	1.8355265855789185
28	12	衣服	11.872725486755371
28	13	。	1.8804651498794556
29	1	学生	14.125157356262207
29	2	们	17.29754638671875
29	3	写	10.229631423950195
29	4	着	5.345811367034912
29	5	困扰	21.087528228759766
29	6	他们	6.3673319816589355
29	7	还	12.364751815795898
29	8	困扰	12.910282135009766
29	9	家长	12.251608848571777
29	10	。	4.060825824737549
30	1	学生	14.125157356262207
30	2	们	17.29754638671875
30	3	写	10.229631423950195
30	4	着	5.345811367034912
30	5	困扰	21.087528228759766
30	6	他们	6.3673319816589355
30	7	还	12.364751815795898
30	8	困扰	12.910282135009766
30	9	家长	12.251608848571777
30	10	的	1.3718949556350708
30	11	作业	14.263686180114746
30	12	。	2.263415575027466
31	1	店长	22.240894317626953
31	2	拿	16.70139503479004
31	3	着	1.5930862426757812
31	4	开	12.165661811828613
31	5	大门	13.056445121765137
31	6	和	6.518032073974609
31	7	开	9.420714378356934
31	8	仓库	13.16669750213623
31	9	。	5.850200176239014
32	1	店长	22.240894317626953
32	2	拿	16.70139503479004
32	3	着	1.5930862426757812
32	4	开	12.165661811828613
32	5	大门	13.056445121765137
32	6	和	6.518032073974609
32	7	开	9.420714378356934
32	8	仓库	13.16669750213623
32	9	的	2.6032755374908447
32	10	钥匙	10.699278831481934
32	11	。	2.5183322429656982
33	1	有人	13.735942840576172
33	2	听	11.325841903686523
33	3	着	5.284186363220215
33	4	打扰	18.646549224853516
33	5	了	11.442649841308594
33	6	邻居	12.902544021606445
33	7	而且	16.806671142578125
33	8	触发	17.571870803833008
33	9	了	0.22818808257579803
33	10	警报	14.663069725036621
33	11	。	2.457845687866211
34	1	有人	13.735942840576172
34	2	听	11.325841903686523
34	3	着	5.284186363220215
34	4	打扰	18.646549224853516
34	5	了	11.442649841308594
34	6	邻居	12.902544021606445
34	7	而且	16.806671142578125
34	8	触发	17.571870803833008
34	9	了	0.22818808257579803
34	10	警报	14.663069725036621
34	11	的	7.421353816986084
34	12	音乐	14.395591735839844
34	13	。	1.993065595626831
35	1	我	7.607615947723389
35	2	观察	13.088022232055664
35	3	着	9.39139175415039
35	4	经营	16.629026412963867
35	5	商店	10.157404899597168
35	6	还	11.989866256713867
35	7	经营	8.768430709838867
35	8	餐厅	11.388057708740234
35	9	。	6.824997901916504
36	1	我	7.607615947723389
36	2	观察	13.088022232055664
36	3	着	9.39139175415039
36	4	经营	16.629026412963867
36	5	商店	10.157404899597168
36	6	还	11.989866256713867
36	7	经营	8.768430709838867
36	8	餐厅	11.388057708740234
36	9	的	0.6029174327850342
36	10	男人	15.952439308166504
36	11	。	1.7319061756134033
37	1	学生	14.125157356262207
37	2	们	17.29754638671875
37	3	读	14.567602157592773
37	4	着	7.33774995803833
37	5	描述	14.267477989196777
37	6	故事	10.220520973205566
37	7	并且	12.975610733032227
37	8	带来	12.461150169372559
37	9	乐趣	13.477542877197266
37	10	。	1.9487165212631226
38	1	学生	14.125157356262207
38	2	们	17.29754638671875
38	3	读	14.567602157592773
38	4	着	7.33774995803833
38	5	描述	14.267477989196777
38	6	故事	10.220520973205566
38	7	并且	12.975610733032227
38	8	带来	12.461150169372559
38	9	乐趣	13.477542877197266
38	10	的	5.422628402709961
38	11	书	7.439793109893799
38	12	。	1.4965806007385254
39	1	教练	13.22214412689209
39	2	创办	19.024864196777344
39	3	过	12.142924308776855
39	4	教	16.378742218017578
39	5	动作	15.495003700256348
39	6	并且	14.35851764678955
39	7	辅导	9.802704811096191
39	8	孩子	8.824616432189941
39	9	。	3.3457119464874268
40	1	教练	13.22214412689209
40	2	创办	19.024864196777344
40	3	过	12.142924308776855
40	4	教	16.378742218017578
40	5	动作	15.495003700256348
40	6	并且	14.35851764678955
40	7	辅导	9.802704811096191
40	8	孩子	8.824616432189941
40	9	的	3.6149075031280518
40	10	健身房	13.62978744506836
40	11	。	5.099456787109375
41	1	我	7.607615947723389
41	2	喜欢	8.039031028747559
41	3	过	6.5389790534973145
41	4	给	13.042287826538086
41	5	我	2.227036237716675
41	6	信心	14.175156593322754
41	7	并且	10.98144817352295
41	8	帮助	10.594157218933105
41	9	过	8.914772987365723
41	10	我	0.5858854055404663
41	11	。	2.301729679107666
42	1	我	7.607615947723389
42	2	喜欢	8.039031028747559
42	3	过	6.5389790534973145
42	4	给	13.042287826538086
42	5	我	2.227036237716675
42	6	信心	14.175156593322754
42	7	并且	10.98144817352295
42	8	帮助	10.594157218933105
42	9	过	8.914772987365723
42	10	我	0.5858854055404663
42	11	的	1.9588390588760376
42	12	音乐	12.600438117980957
42	13	。	2.6904916763305664
43	1	她	7.158329010009766
43	2	开	12.926576614379883
43	3	过	7.51520299911499
43	4	容纳	18.766050338745117
43	5	很多	13.540152549743652
43	6	人	0.6960813403129578
43	7	并且	14.453235626220703
43	8	通过	10.22323226928711
43	9	安全	14.891107559204102
43	10	测试	10.441291809082031
43	11	。	4.4738450050354
44	1	她	7.158329010009766
44	2	开	12.926576614379883
44	3	过	7.51520299911499
44	4	容纳	18.766050338745117
44	5	很多	13.540152549743652
44	6	人	0.6960813403129578
44	7	并且	14.453235626220703
44	8	通过	10.22323226928711
44	9	安全	14.891107559204102
44	10	测试	10.441291809082031
44	11	的	4.553801536560059
44	12	车	11.95322322845459
44	13	。	3.9942712783813477
45	1	他	4.431591987609863
45	2	修理	21.49202537536621
45	3	过	6.996129035949707
45	4	丢失	17.35410499572754
45	5	了	2.5706775188446045
45	6	芯片	13.013144493103027
45	7	还	12.127530097961426
45	8	丢失	12.966740608215332
45	9	了	0.29332080483436584
45	10	屏幕	12.658967018127441
45	11	。	3.85205078125
46	1	他	4.431591987609863
46	2	修理	21.49202537536621
46	3	过	6.996129035949707
46	4	丢失	17.35410499572754
46	5	了	2.5706775188446045
46	6	芯片	13.013144493103027
46	7	还	12.127530097961426
46	8	丢失	12.966740608215332
46	9	了	0.29332080483436584
46	10	屏幕	12.658967018127441
46	11	的	7.114675998687744
46	12	电脑	7.4972920417785645
46	13	。	2.2685301303863525
47	1	他	4.431591987609863
47	2	讲	13.161552429199219
47	3	过	5.238231182098389
47	4	介绍	14.949029922485352
47	5	画家	18.1361141204834
47	6	并且	15.240257263183594
47	7	介绍	9.315668106079102
47	8	博物馆	15.544196128845215
47	9	。	7.490006923675537
48	1	他	4.431591987609863
48	2	讲	13.161552429199219
48	3	过	5.238231182098389
48	4	介绍	14.949029922485352
48	5	画家	18.1361141204834
48	6	并且	15.240257263183594
48	7	介绍	9.315668106079102
48	8	博物馆	15.544196128845215
48	9	的	1.1824711561203003
48	10	课	12.729366302490234
48	11	。	1.5509955883026123
49	1	我	7.607615947723389
49	2	邀请	14.990860939025879
49	3	过	8.586506843566895
49	4	喜欢	16.06106948852539
49	5	明星	10.922411918640137
49	6	而且	15.267927169799805
49	7	喜欢	4.099437713623047
49	8	作家	12.080881118774414
49	9	。	3.0464882850646973
50	1	我	7.607615947723389
50	2	邀请	14.990860939025879
50	3	过	8.586506843566895
50	4	喜欢	16.06106948852539
50	5	明星	10.922411918640137
50	6	而且	15.267927169799805
50	7	喜欢	4.099437713623047
50	8	作家	12.080881118774414
50	9	的	2.7824959754943848
50	10	朋友	6.551764965057373
50	11	。	2.8428750038146973
51	1	她	7.158329010009766
51	2	申请	18.479036331176758
51	3	过	10.847484588623047
51	4	减轻	16.68914794921875
51	5	她	7.278169631958008
51	6	负担	4.293914794921875
51	7	同时	15.349226951599121
51	8	缓解	12.278942108154297
51	9	她	3.8274552822113037
51	10	压力	9.95879077911377
51	11	。	2.7081427574157715
52	1	她	7.158329010009766
52	2	申请	18.479036331176758
52	3	过	10.847484588623047
52	4	减轻	16.68914794921875
52	5	她	7.278169631958008
52	6	负担	4.293914794921875
52	7	同时	15.349226951599121
52	8	缓解	12.278942108154297
52	9	她	3.8274552822113037
52	10	压力	9.95879077911377
52	11	的	2.8323252201080322
52	12	奖金	14.855796813964844
52	13	。	1.202689528465271
53	1	她	7.158329010009766
53	2	去	12.907523155212402
53	3	卖	13.334439277648926
53	4	礼物	11.402737617492676
53	5	并且	9.55147933959961
53	6	回收	15.006400108337402
53	7	报纸	12.633996963500977
53	8	。	2.507791519165039
54	1	她	7.158329010009766
54	2	去	12.907523155212402
54	3	卖	13.334439277648926
54	4	礼物	11.402737617492676
54	5	并且	9.55147933959961
54	6	回收	15.006400108337402
54	7	报纸	12.633996963500977
54	8	的	7.1402587890625
54	9	商店	11.887014389038086
54	10	。	3.6993753910064697
55	1	弟弟	17.755962371826172
55	2	需要	16.876535415649414
55	3	用于	12.929171562194824
55	4	游戏	15.283581733703613
55	5	和	4.126555919647217
55	6	买	12.161198616027832
55	7	书	6.5673298835754395
55	8	。	3.978020668029785
56	1	弟弟	17.755962371826172
56	2	需要	16.876535415649414
56	3	用于	12.929171562194824
56	4	游戏	15.283581733703613
56	5	和	4.126555919647217
56	6	买	12.161198616027832
56	7	书	6.5673298835754395
56	8	的	2.8751041889190674
56	9	钱	7.350341796875
56	10	。	2.1170542240142822
57	1	他	4.431591987609863
57	2	很	11.355636596679688
57	3	欣赏	9.649391174316406
57	4	写	14.757319450378418
57	5	小说	7.522782325744629
57	6	并且	10.428121566772461
57	7	做	8.20479965209961
57	8	慈善	16.793258666992188
57	9	。	4.85661506652832
58	1	他	4.431591987609863
58	2	很	11.355636596679688
58	3	欣赏	9.649391174316406
58	4	写	14.757319450378418
58	5	小说	7.522782325744629
58	6	并且	10.428121566772461
58	7	做	8.20479965209961
58	8	慈善	16.793258666992188
58	9	的	2.0601370334625244
58	10	作家	11.080854415893555
58	11	。	1.66848886013031
59	1	我	7.607615947723389
59	2	经常	11.031758308410645
59	3	去	3.4961600303649902
59	4	提供	12.881935119628906
59	5	停车位	22.619354248046875
59	6	并且	11.418329238891602
59	7	帮助	9.559919357299805
59	8	残疾人	16.418428421020508
59	9	。	7.7389631271362305
60	1	我	7.607615947723389
60	2	经常	11.031758308410645
60	3	去	3.4961600303649902
60	4	提供	12.881935119628906
60	5	停车位	22.619354248046875
60	6	并且	11.418329238891602
60	7	帮助	9.559919357299805
60	8	残疾人	16.418428421020508
60	9	的	7.435442924499512
60	10	医院	16.042598724365234
60	11	。	4.09824275970459
