sentence_id	token_id	token	surprisal
1	1	我	7.607615947723389
1	2	很	6.691575050354004
1	3	喜欢	4.617727279663086
1	4	一	6.799455165863037
1	5	位	3.0107333660125732
1	6	国内	13.283991813659668
1	7	的	2.5122642517089844
1	8	明星	9.953274726867676
1	9	。	3.2734248638153076
2	1	我	7.607615947723389
2	2	很	6.691575050354004
2	3	喜欢	4.617727279663086
2	4	一	6.799455165863037
2	5	首	9.738525390625
2	6	国内	12.304343223571777
2	7	的	2.2313055992126465
2	8	明星	11.503341674804688
2	9	。	1.4782923460006714
3	1	我	7.607615947723389
3	2	很	6.691575050354004
3	3	喜欢	4.617727279663086
3	4	一	6.799455165863037
3	5	首	9.738525390625
3	6	国内	12.304343223571777
3	7	的	2.2313055992126465
3	8	歌曲	9.044137001037598
3	9	。	1.886618733406067
4	1	我	7.607615947723389
4	2	很	6.691575050354004
4	3	喜欢	4.617727279663086
4	4	一	6.799455165863037
4	5	位	3.0107333660125732
4	6	国内	13.283991813659668
4	7	的	2.5122642517089844
4	8	歌曲	15.952430725097656
4	9	。	3.417069911956787
5	1	她	7.158329010009766
5	2	开车	18.035686492919922
5	3	去	3.7213382720947266
5	4	了	3.946227788925171
5	5	一	5.23183012008667
5	6	家	5.6964287757873535
5	7	郊外	14.750338554382324
5	8	的	1.3629848957061768
5	9	店	8.140667915344238
5	10	。	2.9925715923309326
6	1	她	7.158329010009766
6	2	开车	18.035686492919922
6	3	去	3.7213382720947266
6	4	了	3.946227788925171
6	5	一	5.23183012008667
6	6	座	7.381972789764404
6	7	郊外	15.797429084777832
6	8	的	2.2298645973205566
6	9	店	11.642904281616211
6	10	。	3.056065559387207
7	1	她	7.158329010009766
7	2	开车	18.035686492919922
7	3	去	3.7213382720947266
7	4	了	3.946227788925171
7	5	一	5.23183012008667
7	6	座	7.381972789764404
7	7	郊外	15.797429084777832
7	8	的	2.2298645973205566
7	9	山	12.378417015075684
7	10	。	3.3975508213043213
8	1	她	7.158329010009766
8	2	开车	18.035686492919922
8	3	去	3.7213382720947266
8	4	了	3.946227788925171
8	5	一	5.23183012008667
8	6	家	5.6964287757873535
8	7	郊外	14.750338554382324
8	8	的	1.3629848957061768
8	9	山	13.301567077636719
8	10	。	3.927473545074463
9	1	他	4.431591987609863
9	2	有	11.862107276916504
9	3	一	2.2884974479675293
9	4	双	7.217141151428223
9	5	蓝色	13.317190170288086
9	6	的	0.7768264412879944
9	7	手套	15.928211212158203
9	8	。	6.1644606590271
10	1	他	4.431591987609863
10	2	有	11.862107276916504
10	3	一	2.2884974479675293
10	4	枚	10.03396987915039
10	5	蓝色	12.606380462646484
10	6	的	0.43758079409599304
10	7	手套	16.483871459960938
10	8	。	6.194549560546875
11	1	他	4.431591987609863
11	2	有	11.862107276916504
11	3	一	2.2884974479675293
11	4	枚	10.03396987915039
11	5	蓝色	12.606380462646484
11	6	的	0.43758079409599304
11	7	纽扣	21.122520446777344
11	8	。	6.37910270690918
12	1	他	4.431591987609863
12	2	有	11.862107276916504
12	3	一	2.2884974479675293
12	4	双	7.217141151428223
12	5	蓝色	13.317190170288086
12	6	的	0.7768264412879944
12	7	纽扣	21.218036651611328
12	8	。	4.968287944793701
13	1	店长	22.240894317626953
13	2	拿	16.70139503479004
13	3	着	1.5930862426757812
13	4	一	4.130255699157715
13	5	只	5.045746803283691
13	6	便宜	12.833141326904297
13	7	的	0.4197804629802704
13	8	兔子	15.65696907043457
13	9	。	9.40976333618164
14	1	店长	22.240894317626953
14	2	拿	16.70139503479004
14	3	着	1.5930862426757812
14	4	一	4.130255699157715
14	5	根	6.633733749389648
14	6	便宜	13.25423526763916
14	7	的	0.2020958662033081
14	8	兔子	14.990206718444824
14	9	。	8.744556427001953
15	1	店长	22.240894317626953
15	2	拿	16.70139503479004
15	3	着	1.5930862426757812
15	4	一	4.130255699157715
15	5	根	6.633733749389648
15	6	便宜	13.25423526763916
15	7	的	0.2020958662033081
15	8	萝卜	14.968570709228516
15	9	。	5.492623329162598
16	1	店长	22.240894317626953
16	2	拿	16.70139503479004
16	3	着	1.5930862426757812
16	4	一	4.130255699157715
16	5	只	5.045746803283691
16	6	便宜	12.833141326904297
16	7	的	0.4197804629802704
16	8	萝卜	14.81476879119873
16	9	。	6.012151718139648
17	1	他	4.431591987609863
17	2	认识	15.419783592224121
17	3	了	6.798752784729004
17	4	一	7.659404277801514
17	5	名	7.24522590637207
17	6	幸运	15.223140716552734
17	7	的	0.13860803842544556
17	8	男孩	10.99902057647705
17	9	。	4.083731651306152
18	1	他	4.431591987609863
18	2	认识	15.419783592224121
18	3	了	6.798752784729004
18	4	一	7.659404277801514
18	5	本	7.011553764343262
18	6	幸运	14.461830139160156
18	7	的	0.7007547616958618
18	8	男孩	13.566946029663086
18	9	。	4.634053707122803
19	1	他	4.431591987609863
19	2	认识	15.419783592224121
19	3	了	6.798752784729004
19	4	一	7.659404277801514
19	5	本	7.011553764343262
19	6	幸运	14.461830139160156
19	7	的	0.7007547616958618
19	8	小说	13.455018043518066
19	9	。	3.742410182952881
20	1	他	4.431591987609863
20	2	认识	15.419783592224121
20	3	了	6.798752784729004
20	4	一	7.659404277801514
20	5	名	7.24522590637207
20	6	幸运	15.223140716552734
20	7	的	0.13860803842544556
20	8	小说	17.400774002075195
20	9	。	5.382185459136963
21	1	男人	17.711986541748047
21	2	在	5.782447338104248
21	3	扫描	19.351652145385742
21	4	一	8.910238265991211
21	5	篇	4.25930118560791
21	6	很	9.885420799255371
21	7	短	6.901772975921631
21	8	的	0.1092945784330368
21	9	文章	7.200765132904053
21	10	。	12.137630462646484
22	1	男人	17.711986541748047
22	2	在	5.782447338104248
22	3	扫描	19.351652145385742
22	4	一	8.910238265991211
22	5	张	4.132606506347656
22	6	很	13.184329986572266
22	7	短	6.993747234344482
22	8	的	0.0921146497130394
22	9	文章	12.221981048583984
22	10	。	12.572035789489746
23	1	男人	17.711986541748047
23	2	在	5.782447338104248
23	3	扫描	19.351652145385742
23	4	一	8.910238265991211
23	5	张	4.132606506347656
23	6	很	13.184329986572266
23	7	短	6.993747234344482
23	8	的	0.0921146497130394
23	9	图片	8.475577354431152
23	10	。	13.186788558959961
24	1	男人	17.711986541748047
24	2	在	5.782447338104248
24	3	扫描	19.351652145385742
24	4	一	8.910238265991211
24	5	篇	4.25930118560791
24	6	很	9.885420799255371
24	7	短	6.901772975921631
24	8	的	0.1092945784330368
24	9	图片	8.188262939453125
24	10	。	12.76449203491211
25	1	演员	15.550759315490723
25	2	在	4.7081193923950195
25	3	看	14.13172435760498
25	4	一	9.812783241271973
25	5	张	5.292296886444092
25	6	干净	15.326147079467773
25	7	的	0.64178466796875
25	8	旧	11.739729881286621
25	9	照片	7.791384220123291
25	10	。	10.920093536376953
26	1	演员	15.550759315490723
26	2	在	4.7081193923950195
26	3	看	14.13172435760498
26	4	一	9.812783241271973
26	5	位	4.943027496337891
26	6	干净	17.624446868896484
26	7	的	0.8902912139892578
26	8	旧	12.943604469299316
26	9	照片	11.675577163696289
26	10	。	10.686360359191895
27	1	演员	15.550759315490723
27	2	在	4.7081193923950195
27	3	看	14.13172435760498
27	4	一	9.812783241271973
27	5	位	4.943027496337891
27	6	干净	17.624446868896484
27	7	的	0.8902912139892578
27	8	老师	8.44511890411377
27	9	。	6.766674041748047
28	1	演员	15.550759315490723
28	2	在	4.7081193923950195
28	3	看	14.13172435760498
28	4	一	9.812783241271973
28	5	张	5.292296886444092
28	6	干净	15.326147079467773
28	7	的	0.64178466796875
28	8	老师	12.632713317871094
28	9	。	7.64148473739624
29	1	他	4.431591987609863
29	2	在	5.2924323081970215
29	3	修理	14.576650619506836
29	4	一	7.39360237121582
29	5	辆	3.6869938373565674
29	6	倒霉	17.82938003540039
29	7	的	0.05153755098581314
29	8	汽车	2.0268137454986572
29	9	。	8.647381782531738
30	1	他	4.431591987609863
30	2	在	5.2924323081970215
30	3	修理	14.576650619506836
30	4	一	7.39360237121582
30	5	套	4.316043376922607
30	6	倒霉	17.630767822265625
30	7	的	0.039717961102724075
30	8	汽车	5.0320611000061035
30	9	。	7.974280834197998
31	1	他	4.431591987609863
31	2	在	5.2924323081970215
31	3	修理	14.576650619506836
31	4	一	7.39360237121582
31	5	套	4.316043376922607
31	6	倒霉	17.630767822265625
31	7	的	0.039717961102724075
31	8	系统	10.158668518066406
31	9	。	8.549424171447754
32	1	他	4.431591987609863
32	2	在	5.2924323081970215
32	3	修理	14.576650619506836
32	4	一	7.39360237121582
32	5	辆	3.6869938373565674
32	6	倒霉	17.82938003540039
32	7	的	0.05153755098581314
32	8	系统	14.413477897644043
32	9	。	8.519261360168457
33	1	学生	14.125157356262207
33	2	们	17.29754638671875
33	3	在	5.767790794372559
33	4	写	11.282540321350098
33	5	一	6.404369831085205
33	6	部	3.7763283252716064
33	7	精彩	12.488692283630371
33	8	的	0.41179659962654114
33	9	电影	1.402409315109253
33	10	。	5.649482727050781
34	1	学生	14.125157356262207
34	2	们	17.29754638671875
34	3	在	5.767790794372559
34	4	写	11.282540321350098
34	5	一	6.404369831085205
34	6	首	5.1928253173828125
34	7	精彩	11.375675201416016
34	8	的	0.6085270047187805
34	9	电影	2.20635724067688
34	10	。	5.7991414070129395
35	1	学生	14.125157356262207
35	2	们	17.29754638671875
35	3	在	5.767790794372559
35	4	写	11.282540321350098
35	5	一	6.404369831085205
35	6	首	5.1928253173828125
35	7	精彩	11.375675201416016
35	8	的	0.6085270047187805
35	9	戏曲	13.583762168884277
35	10	。	10.671902656555176
36	1	学生	14.125157356262207
36	2	们	17.29754638671875
36	3	在	5.767790794372559
36	4	写	11.282540321350098
36	5	一	6.404369831085205
36	6	部	3.7763283252716064
36	7	精彩	12.488692283630371
36	8	的	0.41179659962654114
36	9	戏曲	13.770485877990723
36	10	。	10.84327507019043
37	1	我们	7.795909404754639
37	2	在	5.870713710784912
37	3	看	9.930535316467285
37	4	一	5.031733989715576
37	5	场	5.190402507781982
37	6	神奇	16.574934005737305
37	7	的	0.06254801899194717
37	8	他	17.382343292236328
37	9	的	2.1982927322387695
37	10	表演	6.653226375579834
37	11	。	6.146588325500488
38	1	我们	7.795909404754639
38	2	在	5.870713710784912
38	3	看	9.930535316467285
38	4	一	5.031733989715576
38	5	块	13.116843223571777
38	6	神奇	14.11815357208252
38	7	的	0.07602614164352417
38	8	他	17.233644485473633
38	9	的	2.344938278198242
38	10	表演	13.203744888305664
38	11	。	5.085084438323975
39	1	我们	7.795909404754639
39	2	在	5.870713710784912
39	3	看	9.930535316467285
39	4	一	5.031733989715576
39	5	块	13.116843223571777
39	6	神奇	14.11815357208252
39	7	的	0.07602614164352417
39	8	他	17.233644485473633
39	9	的	2.344938278198242
39	10	场地	14.781116485595703
39	11	。	4.319266319274902
40	1	我们	7.795909404754639
40	2	在	5.870713710784912
40	3	看	9.930535316467285
40	4	一	5.031733989715576
40	5	场	5.190402507781982
40	6	神奇	16.574934005737305
40	7	的	0.06254801899194717
40	8	他	17.382343292236328
40	9	的	2.1982927322387695
40	10	场地	14.93335247039795
40	11	。	5.153204441070557
41	1	他	4.431591987609863
41	2	最	12.229156494140625
41	3	喜欢	5.517524242401123
41	4	一	6.184289455413818
41	5	道	9.83259105682373
41	6	美味	16.112119674682617
41	7	的	0.18250679969787598
41	8	菜	10.872745513916016
41	9	。	2.8468217849731445
42	1	他	4.431591987609863
42	2	最	12.229156494140625
42	3	喜欢	5.517524242401123
42	4	一	6.184289455413818
42	5	瓶	14.320304870605469
42	6	美味	13.805538177490234
42	7	的	0.16089437901973724
42	8	菜	11.229752540588379
42	9	。	3.366434097290039
43	1	他	4.431591987609863
43	2	最	12.229156494140625
43	3	喜欢	5.517524242401123
43	4	一	6.184289455413818
43	5	瓶	14.320304870605469
43	6	美味	13.805538177490234
43	7	的	0.16089437901973724
43	8	醋	13.957865715026855
43	9	。	4.934953689575195
44	1	他	4.431591987609863
44	2	最	12.229156494140625
44	3	喜欢	5.517524242401123
44	4	一	6.184289455413818
44	5	道	9.83259105682373
44	6	美味	16.112119674682617
44	7	的	0.18250679969787598
44	8	醋	16.052000045776367
44	9	。	5.002508640289307
45	1	她	7.158329010009766
45	2	拿	13.788747787475586
45	3	了	1.0790480375289917
45	4	一	5.3827409744262695
45	5	份	6.972465515136719
45	6	今天	15.052976608276367
45	7	的	0.7067299485206604
45	8	饭	16.120885848999023
45	9	。	4.074405670166016
46	1	她	7.158329010009766
46	2	拿	13.788747787475586
46	3	了	1.0790480375289917
46	4	一	5.3827409744262695
46	5	卷	14.834331512451172
46	6	今天	17.673309326171875
46	7	的	1.9197325706481934
46	8	饭	17.676130294799805
46	9	。	4.989037990570068
47	1	她	7.158329010009766
47	2	拿	13.788747787475586
47	3	了	1.0790480375289917
47	4	一	5.3827409744262695
47	5	卷	14.834331512451172
47	6	今天	17.673309326171875
47	7	的	1.9197325706481934
47	8	纸	15.019111633300781
47	9	。	10.024306297302246
48	1	她	7.158329010009766
48	2	拿	13.788747787475586
48	3	了	1.0790480375289917
48	4	一	5.3827409744262695
48	5	份	6.972465515136719
48	6	今天	15.052976608276367
48	7	的	0.7067299485206604
48	8	纸	15.190296173095703
48	9	。	11.012076377868652
49	1	学生	14.125157356262207
49	2	们	17.29754638671875
49	3	在	5.767790794372559
49	4	写	11.282540321350098
49	5	一	6.404369831085205
49	6	部	3.7763283252716064
49	7	复杂	14.552816390991211
49	8	的	0.15734229981899261
49	9	戏剧	8.743559837341309
49	10	。	9.061148643493652
50	1	学生	14.125157356262207
50	2	们	17.29754638671875
50	3	在	5.767790794372559
50	4	写	11.282540321350098
50	5	一	6.404369831085205
50	6	篇	2.276676654815674
50	7	复杂	15.630166053771973
50	8	的	0.11040126532316208
50	9	戏剧	11.206923484802246
50	10	。	10.198244094848633
51	1	学生	14.125157356262207
51	2	们	17.29754638671875
51	3	在	5.767790794372559
51	4	写	11.282540321350098
51	5	一	6.404369831085205
51	6	篇	2.276676654815674
51	7	复杂	15.630166053771973
51	8	的	0.11040126532316208
51	9	文章	1.9840843677520752
51	10	。	5.109837055206299
52	1	学生	14.125157356262207
52	2	们	17.29754638671875
52	3	在	5.767790794372559
52	4	写	11.282540321350098
52	5	一	6.404369831085205
52	6	部	3.7763283252716064
52	7	复杂	14.552816390991211
52	8	的	0.15734229981899261
52	9	文章	6.93961763381958
52	10	。	5.6243696212768555
53	1	这	6.208393573760986
53	2	是	4.425318717956543
53	3	一	3.0913379192352295
53	4	架	12.121027946472168
53	5	红色	12.467185974121094
53	6	的	3.9678704738616943
53	7	火车	12.01839828491211
53	8	。	5.229640007019043
54	1	这	6.208393573760986
54	2	是	4.425318717956543
54	3	一	3.0913379192352295
54	4	扇	17.942123413085938
54	5	红色	10.097875595092773
54	6	的	1.6715707778930664
54	7	火车	14.242316246032715
54	8	。	4.720151424407959
55	1	这	6.208393573760986
55	2	是	4.425318717956543
55	3	一	3.0913379192352295
55	4	扇	17.942123413085938
55	5	红色	10.097875595092773
55	6	的	1.6715707778930664
55	7	窗户	11.96226978302002
55	8	。	2.6481196880340576
56	1	这	6.208393573760986
56	2	是	4.425318717956543
56	3	一	3.0913379192352295
56	4	架	12.121027946472168
56	5	红色	12.467185974121094
56	6	的	3.9678704738616943
56	7	窗户	14.685057640075684
56	8	。	3.3440866470336914
57	1	老师	14.85147476196289
57	2	在	5.626053333282471
57	3	责备	19.8837947845459
57	4	三	15.230806350708008
57	5	名	5.634748458862305
57	6	淘气	21.378976821899414
57	7	的	0.5716581344604492
57	8	学生	6.840109825134277
57	9	。	10.666114807128906
58	1	老师	14.85147476196289
58	2	在	5.626053333282471
58	3	责备	19.8837947845459
58	4	三	15.230806350708008
58	5	只	7.349283695220947
58	6	淘气	20.914228439331055
58	7	的	0.253366082906723
58	8	学生	10.951083183288574
58	9	。	10.364274978637695
59	1	老师	14.85147476196289
59	2	在	5.626053333282471
59	3	责备	19.8837947845459
59	4	三	15.230806350708008
59	5	只	7.349283695220947
59	6	淘气	20.914228439331055
59	7	的	0.253366082906723
59	8	宠物	19.60275650024414
59	9	。	7.445357322692871
60	1	老师	14.85147476196289
60	2	在	5.626053333282471
60	3	责备	19.8837947845459
60	4	三	15.230806350708008
60	5	名	5.634748458862305
60	6	淘气	21.378976821899414
60	7	的	0.5716581344604492
60	8	宠物	19.07278823852539
60	9	。	9.388882637023926
61	1	她	7.158329010009766
61	2	买	13.466805458068848
61	3	过	8.598681449890137
61	4	两	5.998823642730713
61	5	杯	7.129148006439209
61	6	热	15.296609878540039
61	7	的	6.448945045471191
61	8	咖啡	10.887149810791016
61	9	。	4.83413553237915
62	1	她	7.158329010009766
62	2	买	13.466805458068848
62	3	过	8.598681449890137
62	4	两	5.998823642730713
62	5	个	3.983659505844116
62	6	热	15.9191255569458
62	7	的	4.292874336242676
62	8	咖啡	10.822955131530762
62	9	。	4.536189556121826
63	1	她	7.158329010009766
63	2	买	13.466805458068848
63	3	过	8.598681449890137
63	4	两	5.998823642730713
63	5	个	3.983659505844116
63	6	热	15.9191255569458
63	7	的	4.292874336242676
63	8	杯子	17.843053817749023
63	9	。	6.297169208526611
64	1	她	7.158329010009766
64	2	买	13.466805458068848
64	3	过	8.598681449890137
64	4	两	5.998823642730713
64	5	杯	7.129148006439209
64	6	热	15.296609878540039
64	7	的	6.448945045471191
64	8	杯子	18.393138885498047
64	9	。	6.716224193572998
65	1	孩子	14.865800857543945
65	2	在	5.203820705413818
65	3	卖	12.247514724731445
65	4	五	12.168761253356934
65	5	台	10.893289566040039
65	6	贵	13.303848266601562
65	7	的	2.4222373962402344
65	8	桌子	12.437100410461426
65	9	。	13.083099365234375
66	1	孩子	14.865800857543945
66	2	在	5.203820705413818
66	3	卖	12.247514724731445
66	4	五	12.168761253356934
66	5	块	9.131683349609375
66	6	贵	13.768303871154785
66	7	的	1.2411973476409912
66	8	桌子	12.095947265625
66	9	。	12.259350776672363
67	1	孩子	14.865800857543945
67	2	在	5.203820705413818
67	3	卖	12.247514724731445
67	4	五	12.168761253356934
67	5	块	9.131683349609375
67	6	贵	13.768303871154785
67	7	的	1.2411973476409912
67	8	蛋糕	14.494283676147461
67	9	。	9.019355773925781
68	1	孩子	14.865800857543945
68	2	在	5.203820705413818
68	3	卖	12.247514724731445
68	4	五	12.168761253356934
68	5	台	10.893289566040039
68	6	贵	13.303848266601562
68	7	的	2.4222373962402344
68	8	蛋糕	13.134559631347656
68	9	。	9.234149932861328
69	1	妈妈	14.742623329162598
69	2	在	6.133031845092773
69	3	做	5.8826704025268555
69	4	一	6.884230136871338
69	5	张	7.908422470092773
69	6	好看	13.618729591369629
69	7	的	0.07495807111263275
69	8	地图	13.087505340576172
69	9	。	9.448138236999512
70	1	妈妈	14.742623329162598
70	2	在	6.133031845092773
70	3	做	5.8826704025268555
70	4	一	6.884230136871338
70	5	面	13.20622730255127
70	6	好看	14.957310676574707
70	7	的	0.33247819542884827
70	8	地图	14.990178108215332
70	9	。	8.620582580566406
71	1	妈妈	14.742623329162598
71	2	在	6.133031845092773
71	3	做	5.8826704025268555
71	4	一	6.884230136871338
71	5	面	13.20622730255127
71	6	好看	14.957310676574707
71	7	的	0.33247819542884827
71	8	镜子	16.115585327148438
71	9	。	6.756556510925293
72	1	妈妈	14.742623329162598
72	2	在	6.133031845092773
72	3	做	5.8826704025268555
72	4	一	6.884230136871338
72	5	张	7.908422470092773
72	6	好看	13.618729591369629
72	7	的	0.07495807111263275
72	8	镜子	16.027587890625
72	9	。	6.973647594451904
73	1	爸爸	14.413990020751953
73	2	买	7.665614604949951
73	3	了	1.3688026666641235
73	4	一	2.069753646850586
73	5	栋	9.723368644714355
73	6	很	12.527898788452148
73	7	大	3.277221441268921
73	8	的	0.14150160551071167
73	9	房子	1.1663310527801514
73	10	。	2.9514715671539307
74	1	爸爸	14.413990020751953
74	2	买	7.665614604949951
74	3	了	1.3688026666641235
74	4	一	2.069753646850586
74	5	条	5.249021053314209
74	6	很	11.524245262145996
74	7	大	3.9780962467193604
74	8	的	0.309398353099823
74	9	房子	2.5353586673736572
74	10	。	3.1449363231658936
75	1	爸爸	14.413990020751953
75	2	买	7.665614604949951
75	3	了	1.3688026666641235
75	4	一	2.069753646850586
75	5	条	5.249021053314209
75	6	很	11.524245262145996
75	7	大	3.9780962467193604
75	8	的	0.309398353099823
75	9	沙发	12.870518684387207
75	10	。	4.535403728485107
76	1	爸爸	14.413990020751953
76	2	买	7.665614604949951
76	3	了	1.3688026666641235
76	4	一	2.069753646850586
76	5	栋	9.723368644714355
76	6	很	12.527898788452148
76	7	大	3.277221441268921
76	8	的	0.14150160551071167
76	9	沙发	13.232206344604492
76	10	。	4.746485710144043
77	1	我	7.607615947723389
77	2	想	4.0653886795043945
77	3	种	15.152131080627441
77	4	一	5.348590850830078
77	5	朵	18.329425811767578
77	6	红色	8.386955261230469
77	7	的	1.9826586246490479
77	8	玫瑰	10.65443229675293
77	9	。	7.064308166503906
78	1	我	7.607615947723389
78	2	想	4.0653886795043945
78	3	种	15.152131080627441
78	4	一	5.348590850830078
78	5	颗	11.378670692443848
78	6	红色	12.462285041809082
78	7	的	0.7421369552612305
78	8	玫瑰	14.097005844116211
78	9	。	6.618408203125
79	1	我	7.607615947723389
79	2	想	4.0653886795043945
79	3	种	15.152131080627441
79	4	一	5.348590850830078
79	5	颗	11.378670692443848
79	6	红色	12.462285041809082
79	7	的	0.7421369552612305
79	8	种子	15.662693977355957
79	9	。	2.9760022163391113
80	1	我	7.607615947723389
80	2	想	4.0653886795043945
80	3	种	15.152131080627441
80	4	一	5.348590850830078
80	5	朵	18.329425811767578
80	6	红色	8.386955261230469
80	7	的	1.9826586246490479
80	8	种子	13.576447486877441
80	9	。	3.834263801574707
81	1	我	7.607615947723389
81	2	经常	11.031758308410645
81	3	去	3.4961600303649902
81	4	一	7.399248123168945
81	5	家	5.2780890464782715
81	6	有名	15.706534385681152
81	7	的	0.03825708478689194
81	8	医院	8.78915786743164
81	9	。	2.224698066711426
82	1	我	7.607615947723389
82	2	经常	11.031758308410645
82	3	去	3.4961600303649902
82	4	一	7.399248123168945
82	5	座	8.446377754211426
82	6	有名	13.731498718261719
82	7	的	0.023101193830370903
82	8	医院	9.270496368408203
82	9	。	1.6215014457702637
83	1	我	7.607615947723389
83	2	经常	11.031758308410645
83	3	去	3.4961600303649902
83	4	一	7.399248123168945
83	5	座	8.446377754211426
83	6	有名	13.731498718261719
83	7	的	0.023101193830370903
83	8	城市	10.593892097473145
83	9	。	2.8798177242279053
84	1	我	7.607615947723389
84	2	经常	11.031758308410645
84	3	去	3.4961600303649902
84	4	一	7.399248123168945
84	5	家	5.2780890464782715
84	6	有名	15.706534385681152
84	7	的	0.03825708478689194
84	8	城市	14.515106201171875
84	9	。	3.9053008556365967
85	1	我	7.607615947723389
85	2	拜访	17.97085189819336
85	3	了	1.3344625234603882
85	4	这	7.83185338973999
85	5	一	4.245798110961914
85	6	所	10.959490776062012
85	7	重要	13.153358459472656
85	8	的	0.5755380988121033
85	9	美丽	16.46415901184082
85	10	的	4.173502445220947
85	11	高中	13.661787033081055
85	12	。	3.7546346187591553
86	1	我	7.607615947723389
86	2	拜访	17.97085189819336
86	3	了	1.3344625234603882
86	4	这	7.83185338973999
86	5	一	4.245798110961914
86	6	位	2.977511167526245
86	7	重要	11.058185577392578
86	8	的	0.49347397685050964
86	9	美丽	17.120941162109375
86	10	的	3.7746658325195312
86	11	高中	14.924507141113281
86	12	。	5.970414161682129
87	1	我	7.607615947723389
87	2	拜访	17.97085189819336
87	3	了	1.3344625234603882
87	4	这	7.83185338973999
87	5	一	4.245798110961914
87	6	位	2.977511167526245
87	7	重要	11.058185577392578
87	8	的	0.49347397685050964
87	9	美丽	17.120941162109375
87	10	的	3.7746658325195312
87	11	老师	14.284135818481445
87	12	。	2.6397624015808105
88	1	我	7.607615947723389
88	2	拜访	17.97085189819336
88	3	了	1.3344625234603882
88	4	这	7.83185338973999
88	5	一	4.245798110961914
88	6	所	10.959490776062012
88	7	重要	13.153358459472656
88	8	的	0.5755380988121033
88	9	美丽	16.46415901184082
88	10	的	4.173502445220947
88	11	老师	15.78925609588623
88	12	。	2.6858978271484375
89	1	他	4.431591987609863
89	2	在	5.2924323081970215
89	3	读	11.959644317626953
89	4	一	6.953343868255615
89	5	条	10.691685676574707
89	6	很	10.531597137451172
89	7	长	2.499873638153076
89	8	的	0.6430686712265015
89	9	评论	9.046221733093262
89	10	。	7.1220808029174805
90	1	他	4.431591987609863
90	2	在	5.2924323081970215
90	3	读	11.959644317626953
90	4	一	6.953343868255615
90	5	首	6.743546962738037
90	6	很	15.152087211608887
90	7	长	4.795415878295898
90	8	的	0.5941774249076843
90	9	评论	7.746701717376709
90	10	。	6.270208835601807
91	1	他	4.431591987609863
91	2	在	5.2924323081970215
91	3	读	11.959644317626953
91	4	一	6.953343868255615
91	5	首	6.743546962738037
91	6	很	15.152087211608887
91	7	长	4.795415878295898
91	8	的	0.5941774249076843
91	9	诗歌	10.119568824768066
91	10	。	5.9604315757751465
92	1	他	4.431591987609863
92	2	在	5.2924323081970215
92	3	读	11.959644317626953
92	4	一	6.953343868255615
92	5	条	10.691685676574707
92	6	很	10.531597137451172
92	7	长	2.499873638153076
92	8	的	0.6430686712265015
92	9	诗歌	11.740936279296875
92	10	。	5.716616630554199
93	1	她	7.158329010009766
93	2	从来	14.37915325164795
93	3	没	4.475445747375488
93	4	见	7.705186367034912
93	5	过	0.01172068901360035
93	6	一	5.114961624145508
93	7	头	10.286184310913086
93	8	黄色	11.89156436920166
93	9	的	2.9415173530578613
93	10	老虎	11.041583061218262
93	11	。	1.5418877601623535
94	1	她	7.158329010009766
94	2	从来	14.37915325164795
94	3	没	4.475445747375488
94	4	见	7.705186367034912
94	5	过	0.01172068901360035
94	6	一	5.114961624145508
94	7	双	9.3284912109375
94	8	黄色	12.511249542236328
94	9	的	3.2965385913848877
94	10	老虎	11.744650840759277
94	11	。	1.314572811126709
95	1	她	7.158329010009766
95	2	从来	14.37915325164795
95	3	没	4.475445747375488
95	4	见	7.705186367034912
95	5	过	0.01172068901360035
95	6	一	5.114961624145508
95	7	双	9.3284912109375
95	8	黄色	12.511249542236328
95	9	的	3.2965385913848877
95	10	眼睛	8.499330520629883
95	11	。	2.305617570877075
96	1	她	7.158329010009766
96	2	从来	14.37915325164795
96	3	没	4.475445747375488
96	4	见	7.705186367034912
96	5	过	0.01172068901360035
96	6	一	5.114961624145508
96	7	头	10.286184310913086
96	8	黄色	11.89156436920166
96	9	的	2.9415173530578613
96	10	眼睛	9.251260757446289
96	11	。	2.2183456420898438
97	1	我	7.607615947723389
97	2	还	7.2846784591674805
97	3	没有	2.10536789894104
97	4	检查	14.39127254486084
97	5	一	5.611051559448242
97	6	份	10.076810836791992
97	7	很	9.901236534118652
97	8	难	4.871118545532227
97	9	的	6.126895427703857
97	10	作业	13.983366966247559
97	11	。	4.92438268661499
98	1	我	7.607615947723389
98	2	还	7.2846784591674805
98	3	没有	2.10536789894104
98	4	检查	14.39127254486084
98	5	一	5.611051559448242
98	6	行	12.628069877624512
98	7	很	14.218767166137695
98	8	难	3.3566038608551025
98	9	的	5.50148868560791
98	10	作业	12.265466690063477
98	11	。	1.5999542474746704
99	1	我	7.607615947723389
99	2	还	7.2846784591674805
99	3	没有	2.10536789894104
99	4	检查	14.39127254486084
99	5	一	5.611051559448242
99	6	行	12.628069877624512
99	7	很	14.218767166137695
99	8	难	3.3566038608551025
99	9	的	5.50148868560791
99	10	公式	20.271352767944336
99	11	。	0.7757124900817871
100	1	我	7.607615947723389
100	2	还	7.2846784591674805
100	3	没有	2.10536789894104
100	4	检查	14.39127254486084
100	5	一	5.611051559448242
100	6	份	10.076810836791992
100	7	很	9.901236534118652
100	8	难	4.871118545532227
100	9	的	6.126895427703857
100	10	公式	17.494958877563477
100	11	。	1.4793750047683716
101	1	孩子	14.865800857543945
101	2	听到	11.912379264831543
101	3	了	2.20426344871521
101	4	一	6.585344314575195
101	5	首	8.339278221130371
101	6	熟悉	13.722580909729004
101	7	的	1.6361957788467407
101	8	歌曲	8.100346565246582
101	9	。	4.096171855926514
102	1	孩子	14.865800857543945
102	2	听到	11.912379264831543
102	3	了	2.20426344871521
102	4	一	6.585344314575195
102	5	张	6.049233913421631
102	6	熟悉	15.921892166137695
102	7	的	1.0662760734558105
102	8	歌曲	10.20960807800293
102	9	。	4.49575662612915
103	1	孩子	14.865800857543945
103	2	听到	11.912379264831543
103	3	了	2.20426344871521
103	4	一	6.585344314575195
103	5	张	6.049233913421631
103	6	熟悉	15.921892166137695
103	7	的	1.0662760734558105
103	8	专辑	8.030197143554688
103	9	。	4.573096752166748
104	1	孩子	14.865800857543945
104	2	听到	11.912379264831543
104	3	了	2.20426344871521
104	4	一	6.585344314575195
104	5	首	8.339278221130371
104	6	熟悉	13.722580909729004
104	7	的	1.6361957788467407
104	8	专辑	11.123940467834473
104	9	。	3.9904866218566895
105	1	护士	18.288423538208008
105	2	做	11.252641677856445
105	3	了	1.3724513053894043
105	4	一	3.3270885944366455
105	5	次	2.7943015098571777
105	6	必需	16.44713592529297
105	7	的	0.41418468952178955
105	8	检查	7.893172740936279
105	9	。	4.039234161376953
106	1	护士	18.288423538208008
106	2	做	11.252641677856445
106	3	了	1.3724513053894043
106	4	一	3.3270885944366455
106	5	篇	6.573486328125
106	6	必需	15.944880485534668
106	7	的	0.27606913447380066
106	8	检查	11.32248592376709
106	9	。	4.665329456329346
107	1	护士	18.288423538208008
107	2	做	11.252641677856445
107	3	了	1.3724513053894043
107	4	一	3.3270885944366455
107	5	篇	6.573486328125
107	6	必需	15.944880485534668
107	7	的	0.27606913447380066
107	8	报告	9.145591735839844
107	9	。	2.0156726837158203
108	1	护士	18.288423538208008
108	2	做	11.252641677856445
108	3	了	1.3724513053894043
108	4	一	3.3270885944366455
108	5	次	2.7943015098571777
108	6	必需	16.44713592529297
108	7	的	0.41418468952178955
108	8	报告	13.321758270263672
108	9	。	3.0830087661743164
109	1	这里	9.447871208190918
109	2	是	2.9650800228118896
109	3	两	9.823454856872559
109	4	台	10.345580101013184
109	5	最新	10.388551712036133
109	6	的	4.914241313934326
109	7	电视	8.482298851013184
109	8	。	9.665449142456055
110	1	这里	9.447871208190918
110	2	是	2.9650800228118896
110	3	两	9.823454856872559
110	4	份	12.89444351196289
110	5	最新	7.507192611694336
110	6	的	3.135110855102539
110	7	电视	12.162065505981445
110	8	。	8.585297584533691
111	1	这里	9.447871208190918
111	2	是	2.9650800228118896
111	3	两	9.823454856872559
111	4	份	12.89444351196289
111	5	最新	7.507192611694336
111	6	的	3.135110855102539
111	7	订单	16.00551414489746
111	8	。	2.1688921451568604
112	1	这里	9.447871208190918
112	2	是	2.9650800228118896
112	3	两	9.823454856872559
112	4	台	10.345580101013184
112	5	最新	10.388551712036133
112	6	的	4.914241313934326
112	7	订单	13.685720443725586
112	8	。	1.5366836786270142
113	1	他	4.431591987609863
113	2	很	11.355636596679688
113	3	欣赏	9.649391174316406
113	4	一	8.247243881225586
113	5	处	9.837800979614258
113	6	环保	17.2537899017334
113	7	的	3.216750383377075
113	8	景点	10.304492950439453
113	9	。	2.4557621479034424
114	1	他	4.431591987609863
114	2	很	11.355636596679688
114	3	欣赏	9.649391174316406
114	4	一	8.247243881225586
114	5	位	2.939582109451294
114	6	环保	15.579878807067871
114	7	的	9.899914741516113
114	8	景点	15.106590270996094
114	9	。	2.7547054290771484
115	1	他	4.431591987609863
115	2	很	11.355636596679688
115	3	欣赏	9.649391174316406
115	4	一	8.247243881225586
115	5	位	2.939582109451294
115	6	环保	15.579878807067871
115	7	的	9.899914741516113
115	8	领导	14.277826309204102
115	9	。	3.0211021900177
116	1	他	4.431591987609863
116	2	很	11.355636596679688
116	3	欣赏	9.649391174316406
116	4	一	8.247243881225586
116	5	处	9.837800979614258
116	6	环保	17.2537899017334
116	7	的	3.216750383377075
116	8	领导	17.679523468017578
116	9	。	3.3751394748687744
117	1	那里	14.3976411819458
117	2	有	3.4130868911743164
117	3	一	3.2264673709869385
117	4	支	5.113463878631592
117	5	海上	13.771468162536621
117	6	的	7.0359296798706055
117	7	舰队	9.51852798461914
117	8	。	4.524991035461426
118	1	那里	14.3976411819458
118	2	有	3.4130868911743164
118	3	一	3.2264673709869385
118	4	艘	6.6469011306762695
118	5	海上	10.861242294311523
118	6	的	7.558593273162842
118	7	舰队	9.4550142288208
118	8	。	4.9561767578125
119	1	那里	14.3976411819458
119	2	有	3.4130868911743164
119	3	一	3.2264673709869385
119	4	艘	6.6469011306762695
119	5	海上	10.861242294311523
119	6	的	7.558593273162842
119	7	渔船	3.2795021533966064
119	8	。	7.9703288078308105
120	1	那里	14.3976411819458
120	2	有	3.4130868911743164
120	3	一	3.2264673709869385
120	4	支	5.113463878631592
120	5	海上	13.771468162536621
120	6	的	7.0359296798706055
120	7	渔船	9.71509075164795
120	8	。	6.941431045532227
