sentence_id	token_id	token	surprisal
1	1	我	7.607615947723389
1	2	很	6.691575050354004
1	3	喜欢	4.617727279663086
1	4	一	6.799455165863037
1	5	位	3.0107333660125732
1	6	让	11.873883247375488
1	7	人	4.623265266418457
1	8	开心	12.260751724243164
1	9	的	1.2858525514602661
1	10	明星	13.523614883422852
1	11	。	2.59525465965271
2	1	我	7.607615947723389
2	2	很	6.691575050354004
2	3	喜欢	4.617727279663086
2	4	一	6.799455165863037
2	5	首	9.738525390625
2	6	让	13.677131652832031
2	7	人	3.6938107013702393
2	8	开心	12.672248840332031
2	9	的	3.1852779388427734
2	10	明星	14.892023086547852
2	11	。	2.26631760597229
3	1	我	7.607615947723389
3	2	很	6.691575050354004
3	3	喜欢	4.617727279663086
3	4	一	6.799455165863037
3	5	首	9.738525390625
3	6	让	13.677131652832031
3	7	人	3.6938107013702393
3	8	开心	12.672248840332031
3	9	的	3.1852779388427734
3	10	歌曲	13.673705101013184
3	11	。	1.2211543321609497
4	1	我	7.607615947723389
4	2	很	6.691575050354004
4	3	喜欢	4.617727279663086
4	4	一	6.799455165863037
4	5	位	3.0107333660125732
4	6	让	11.873883247375488
4	7	人	4.623265266418457
4	8	开心	12.260751724243164
4	9	的	1.2858525514602661
4	10	歌曲	16.557479858398438
4	11	。	2.0279016494750977
5	1	她	7.158329010009766
5	2	开车	18.035686492919922
5	3	去	3.7213382720947266
5	4	了	3.946227788925171
5	5	一	5.23183012008667
5	6	家	5.6964287757873535
5	7	受	15.670252799987793
5	8	大家	13.655536651611328
5	9	欢迎	1.2774090766906738
5	10	的	0.11567188799381256
5	11	店	9.946537017822266
5	12	。	2.6284244060516357
6	1	她	7.158329010009766
6	2	开车	18.035686492919922
6	3	去	3.7213382720947266
6	4	了	3.946227788925171
6	5	一	5.23183012008667
6	6	座	7.381972789764404
6	7	受	15.868207931518555
6	8	大家	13.95274829864502
6	9	欢迎	1.4618593454360962
6	10	的	0.25907617807388306
6	11	店	11.760451316833496
6	12	。	2.500904083251953
7	1	她	7.158329010009766
7	2	开车	18.035686492919922
7	3	去	3.7213382720947266
7	4	了	3.946227788925171
7	5	一	5.23183012008667
7	6	座	7.381972789764404
7	7	受	15.868207931518555
7	8	大家	13.95274829864502
7	9	欢迎	1.4618593454360962
7	10	的	0.25907617807388306
7	11	山	15.587695121765137
7	12	。	2.771271228790283
8	1	她	7.158329010009766
8	2	开车	18.035686492919922
8	3	去	3.7213382720947266
8	4	了	3.946227788925171
8	5	一	5.23183012008667
8	6	家	5.6964287757873535
8	7	受	15.670252799987793
8	8	大家	13.655536651611328
8	9	欢迎	1.2774090766906738
8	10	的	0.11567188799381256
8	11	山	18.537721633911133
8	12	。	3.667057991027832
9	1	他	4.431591987609863
9	2	有	11.862107276916504
9	3	一	2.2884974479675293
9	4	双	7.217141151428223
9	5	被	11.458023071289062
9	6	我	9.338951110839844
9	7	丢	14.158886909484863
9	8	了	0.2738684415817261
9	9	的	7.569648265838623
9	10	手套	15.670295715332031
9	11	。	3.916658639907837
10	1	他	4.431591987609863
10	2	有	11.862107276916504
10	3	一	2.2884974479675293
10	4	枚	10.03396987915039
10	5	被	5.217958927154541
10	6	我	11.416686058044434
10	7	丢	14.566780090332031
10	8	了	0.7577551007270813
10	9	的	4.306872844696045
10	10	手套	16.77915382385254
10	11	。	3.6001880168914795
11	1	他	4.431591987609863
11	2	有	11.862107276916504
11	3	一	2.2884974479675293
11	4	枚	10.03396987915039
11	5	被	5.217958927154541
11	6	我	11.416686058044434
11	7	丢	14.566780090332031
11	8	了	0.7577551007270813
11	9	的	4.306872844696045
11	10	纽扣	20.38198471069336
11	11	。	4.693058490753174
12	1	他	4.431591987609863
12	2	有	11.862107276916504
12	3	一	2.2884974479675293
12	4	双	7.217141151428223
12	5	被	11.458023071289062
12	6	我	9.338951110839844
12	7	丢	14.158886909484863
12	8	了	0.2738684415817261
12	9	的	7.569648265838623
12	10	纽扣	20.211856842041016
12	11	。	3.7314369678497314
13	1	店长	22.240894317626953
13	2	拿	16.70139503479004
13	3	着	1.5930862426757812
13	4	一	4.130255699157715
13	5	只	5.045746803283691
13	6	已经	15.361347198486328
13	7	成熟	11.392170906066895
13	8	了	2.263718843460083
13	9	的	1.3209586143493652
13	10	兔子	17.607412338256836
13	11	。	7.577916622161865
14	1	店长	22.240894317626953
14	2	拿	16.70139503479004
14	3	着	1.5930862426757812
14	4	一	4.130255699157715
14	5	根	6.633733749389648
14	6	已经	13.034727096557617
14	7	成熟	10.20389175415039
14	8	了	1.6951777935028076
14	9	的	1.2728251218795776
14	10	兔子	16.044118881225586
14	11	。	7.291849613189697
15	1	店长	22.240894317626953
15	2	拿	16.70139503479004
15	3	着	1.5930862426757812
15	4	一	4.130255699157715
15	5	根	6.633733749389648
15	6	已经	13.034727096557617
15	7	成熟	10.20389175415039
15	8	了	1.6951777935028076
15	9	的	1.2728251218795776
15	10	萝卜	16.53890609741211
15	11	。	3.6802849769592285
16	1	店长	22.240894317626953
16	2	拿	16.70139503479004
16	3	着	1.5930862426757812
16	4	一	4.130255699157715
16	5	只	5.045746803283691
16	6	已经	15.361347198486328
16	7	成熟	11.392170906066895
16	8	了	2.263718843460083
16	9	的	1.3209586143493652
16	10	萝卜	17.812606811523438
16	11	。	3.9586141109466553
17	1	他	4.431591987609863
17	2	认识	15.419783592224121
17	3	了	6.798752784729004
17	4	一	7.659404277801514
17	5	名	7.24522590637207
17	6	会	14.566437721252441
17	7	讲	9.539112091064453
17	8	故事	9.513662338256836
17	9	的	1.1987130641937256
17	10	男孩	8.7671480178833
17	11	。	3.0689196586608887
18	1	他	4.431591987609863
18	2	认识	15.419783592224121
18	3	了	6.798752784729004
18	4	一	7.659404277801514
18	5	本	7.011553764343262
18	6	会	12.431413650512695
18	7	讲	12.199485778808594
18	8	故事	11.616007804870605
18	9	的	2.807192325592041
18	10	男孩	15.006171226501465
18	11	。	4.504058361053467
19	1	他	4.431591987609863
19	2	认识	15.419783592224121
19	3	了	6.798752784729004
19	4	一	7.659404277801514
19	5	本	7.011553764343262
19	6	会	12.431413650512695
19	7	讲	12.199485778808594
19	8	故事	11.616007804870605
19	9	的	2.807192325592041
19	10	小说	12.022115707397461
19	11	。	3.3017969131469727
20	1	他	4.431591987609863
20	2	认识	15.419783592224121
20	3	了	6.798752784729004
20	4	一	7.659404277801514
20	5	名	7.24522590637207
20	6	会	14.566437721252441
20	7	讲	9.539112091064453
20	8	故事	9.513662338256836
20	9	的	1.1987130641937256
20	10	小说	11.120038986206055
20	11	。	3.571071147918701
21	1	男人	17.711986541748047
21	2	在	5.782447338104248
21	3	扫描	19.351652145385742
21	4	一	8.910238265991211
21	5	篇	4.25930118560791
21	6	登报	22.56352996826172
21	7	了	12.779784202575684
21	8	的	11.951470375061035
21	9	文章	1.2788419723510742
21	10	。	4.029176235198975
22	1	男人	17.711986541748047
22	2	在	5.782447338104248
22	3	扫描	19.351652145385742
22	4	一	8.910238265991211
22	5	张	4.132606506347656
22	6	登报	18.671154022216797
22	7	了	13.725215911865234
22	8	的	12.029979705810547
22	9	文章	6.573509693145752
22	10	。	3.9713668823242188
23	1	男人	17.711986541748047
23	2	在	5.782447338104248
23	3	扫描	19.351652145385742
23	4	一	8.910238265991211
23	5	张	4.132606506347656
23	6	登报	18.671154022216797
23	7	了	13.725215911865234
23	8	的	12.029979705810547
23	9	图片	10.886594772338867
23	10	。	5.36017370223999
24	1	男人	17.711986541748047
24	2	在	5.782447338104248
24	3	扫描	19.351652145385742
24	4	一	8.910238265991211
24	5	篇	4.25930118560791
24	6	登报	22.56352996826172
24	7	了	12.779784202575684
24	8	的	11.951470375061035
24	9	图片	12.267672538757324
24	10	。	5.271671295166016
25	1	演员	15.550759315490723
25	2	在	4.7081193923950195
25	3	看	14.13172435760498
25	4	一	9.812783241271973
25	5	张	5.292296886444092
25	6	唤起	20.316743850708008
25	7	她	7.250607013702393
25	8	回忆	12.635760307312012
25	9	的	3.8986358642578125
25	10	旧	10.35273551940918
25	11	照片	12.69833755493164
25	12	。	11.106758117675781
26	1	演员	15.550759315490723
26	2	在	4.7081193923950195
26	3	看	14.13172435760498
26	4	一	9.812783241271973
26	5	位	4.943027496337891
26	6	唤起	20.253585815429688
26	7	她	5.710927486419678
26	8	回忆	12.300604820251465
26	9	的	4.413675308227539
26	10	旧	11.036822319030762
26	11	照片	14.56764030456543
26	12	。	11.008803367614746
27	1	演员	15.550759315490723
27	2	在	4.7081193923950195
27	3	看	14.13172435760498
27	4	一	9.812783241271973
27	5	位	4.943027496337891
27	6	唤起	20.253585815429688
27	7	她	5.710927486419678
27	8	回忆	12.300604820251465
27	9	的	4.413675308227539
27	10	老师	12.228391647338867
27	11	。	5.570810317993164
28	1	演员	15.550759315490723
28	2	在	4.7081193923950195
28	3	看	14.13172435760498
28	4	一	9.812783241271973
28	5	张	5.292296886444092
28	6	唤起	20.316743850708008
28	7	她	7.250607013702393
28	8	回忆	12.635760307312012
28	9	的	3.8986358642578125
28	10	老师	12.12333869934082
28	11	。	6.664018630981445
29	1	他	4.431591987609863
29	2	在	5.2924323081970215
29	3	修理	14.576650619506836
29	4	一	7.39360237121582
29	5	辆	3.6869938373565674
29	6	无法	14.636331558227539
29	7	启动	12.992648124694824
29	8	的	0.7532331943511963
29	9	汽车	2.5193262100219727
29	10	。	5.184732913970947
30	1	他	4.431591987609863
30	2	在	5.2924323081970215
30	3	修理	14.576650619506836
30	4	一	7.39360237121582
30	5	套	4.316043376922607
30	6	无法	12.842914581298828
30	7	启动	12.122110366821289
30	8	的	0.2752579152584076
30	9	汽车	7.031232833862305
30	10	。	5.652291774749756
31	1	他	4.431591987609863
31	2	在	5.2924323081970215
31	3	修理	14.576650619506836
31	4	一	7.39360237121582
31	5	套	4.316043376922607
31	6	无法	12.842914581298828
31	7	启动	12.122110366821289
31	8	的	0.2752579152584076
31	9	系统	8.145153045654297
31	10	。	9.205398559570312
32	1	他	4.431591987609863
32	2	在	5.2924323081970215
32	3	修理	14.576650619506836
32	4	一	7.39360237121582
32	5	辆	3.6869938373565674
32	6	无法	14.636331558227539
32	7	启动	12.992648124694824
32	8	的	0.7532331943511963
32	9	系统	9.775727272033691
32	10	。	8.901558876037598
33	1	学生	14.125157356262207
33	2	们	17.29754638671875
33	3	在	5.767790794372559
33	4	写	11.282540321350098
33	5	一	6.404369831085205
33	6	部	3.7763283252716064
33	7	长	11.420389175415039
33	8	一	7.424532413482666
33	9	个	3.681291103363037
33	10	小时	6.639375686645508
33	11	的	0.10244078934192657
33	12	电影	5.02361536026001
33	13	。	6.828461170196533
34	1	学生	14.125157356262207
34	2	们	17.29754638671875
34	3	在	5.767790794372559
34	4	写	11.282540321350098
34	5	一	6.404369831085205
34	6	首	5.1928253173828125
34	7	长	11.085245132446289
34	8	一	6.045862197875977
34	9	个	4.395174980163574
34	10	小时	7.5497212409973145
34	11	的	0.13240982592105865
34	12	电影	6.452689170837402
34	13	。	7.465896129608154
35	1	学生	14.125157356262207
35	2	们	17.29754638671875
35	3	在	5.767790794372559
35	4	写	11.282540321350098
35	5	一	6.404369831085205
35	6	首	5.1928253173828125
35	7	长	11.085245132446289
35	8	一	6.045862197875977
35	9	个	4.395174980163574
35	10	小时	7.5497212409973145
35	11	的	0.13240982592105865
35	12	戏曲	15.554743766784668
35	13	。	10.66958999633789
36	1	学生	14.125157356262207
36	2	们	17.29754638671875
36	3	在	5.767790794372559
36	4	写	11.282540321350098
36	5	一	6.404369831085205
36	6	部	3.7763283252716064
36	7	长	11.420389175415039
36	8	一	7.424532413482666
36	9	个	3.681291103363037
36	10	小时	6.639375686645508
36	11	的	0.10244078934192657
36	12	戏曲	14.974215507507324
36	13	。	11.356569290161133
37	1	我们	7.795909404754639
37	2	在	5.870713710784912
37	3	看	9.930535316467285
37	4	一	5.031733989715576
37	5	场	5.190402507781982
37	6	吸引	14.177906036376953
37	7	了	8.68471622467041
37	8	很多	7.566908359527588
37	9	观众	1.3696527481079102
37	10	的	2.29620361328125
37	11	表演	7.022418975830078
37	12	。	3.8177437782287598
38	1	我们	7.795909404754639
38	2	在	5.870713710784912
38	3	看	9.930535316467285
38	4	一	5.031733989715576
38	5	块	13.116843223571777
38	6	吸引	14.465554237365723
38	7	了	5.6487016677856445
38	8	很多	6.315702438354492
38	9	观众	2.785698175430298
38	10	的	2.766864538192749
38	11	表演	11.789578437805176
38	12	。	2.440000295639038
39	1	我们	7.795909404754639
39	2	在	5.870713710784912
39	3	看	9.930535316467285
39	4	一	5.031733989715576
39	5	块	13.116843223571777
39	6	吸引	14.465554237365723
39	7	了	5.6487016677856445
39	8	很多	6.315702438354492
39	9	观众	2.785698175430298
39	10	的	2.766864538192749
39	11	场地	11.187275886535645
39	12	。	2.6800389289855957
40	1	我们	7.795909404754639
40	2	在	5.870713710784912
40	3	看	9.930535316467285
40	4	一	5.031733989715576
40	5	场	5.190402507781982
40	6	吸引	14.177906036376953
40	7	了	8.68471622467041
40	8	很多	7.566908359527588
40	9	观众	1.3696527481079102
40	10	的	2.29620361328125
40	11	场地	12.628133773803711
40	12	。	3.212928295135498
41	1	他	4.431591987609863
41	2	最	12.229156494140625
41	3	喜欢	5.517524242401123
41	4	一	6.184289455413818
41	5	道	9.83259105682373
41	6	让	13.295248985290527
41	7	人	1.7284302711486816
41	8	想念	12.173673629760742
41	9	的	2.8045573234558105
41	10	菜	14.556259155273438
41	11	。	1.9829387664794922
42	1	他	4.431591987609863
42	2	最	12.229156494140625
42	3	喜欢	5.517524242401123
42	4	一	6.184289455413818
42	5	瓶	14.320304870605469
42	6	让	11.542563438415527
42	7	人	3.891583204269409
42	8	想念	12.01116943359375
42	9	的	4.271281719207764
42	10	菜	12.17205810546875
42	11	。	2.1974055767059326
43	1	他	4.431591987609863
43	2	最	12.229156494140625
43	3	喜欢	5.517524242401123
43	4	一	6.184289455413818
43	5	瓶	14.320304870605469
43	6	让	11.542563438415527
43	7	人	3.891583204269409
43	8	想念	12.01116943359375
43	9	的	4.271281719207764
43	10	醋	17.381877899169922
43	11	。	4.091111183166504
44	1	他	4.431591987609863
44	2	最	12.229156494140625
44	3	喜欢	5.517524242401123
44	4	一	6.184289455413818
44	5	道	9.83259105682373
44	6	让	13.295248985290527
44	7	人	1.7284302711486816
44	8	想念	12.173673629760742
44	9	的	2.8045573234558105
44	10	醋	21.277435302734375
44	11	。	4.256143569946289
45	1	她	7.158329010009766
45	2	拿	13.788747787475586
45	3	了	1.0790480375289917
45	4	一	5.3827409744262695
45	5	份	6.972465515136719
45	6	被	10.981637001037598
45	7	提供	16.061809539794922
45	8	给	0.7982856035232544
45	9	客人	8.351655006408691
45	10	的	0.4574602544307709
45	11	饭	16.481325149536133
45	12	。	3.3366894721984863
46	1	她	7.158329010009766
46	2	拿	13.788747787475586
46	3	了	1.0790480375289917
46	4	一	5.3827409744262695
46	5	卷	14.834331512451172
46	6	被	10.203570365905762
46	7	提供	17.757335662841797
46	8	给	0.4882095158100128
46	9	客人	8.440262794494629
46	10	的	1.00957190990448
46	11	饭	16.8431453704834
46	12	。	3.432532787322998
47	1	她	7.158329010009766
47	2	拿	13.788747787475586
47	3	了	1.0790480375289917
47	4	一	5.3827409744262695
47	5	卷	14.834331512451172
47	6	被	10.203570365905762
47	7	提供	17.757335662841797
47	8	给	0.4882095158100128
47	9	客人	8.440262794494629
47	10	的	1.00957190990448
47	11	纸	13.36558723449707
47	12	。	8.478555679321289
48	1	她	7.158329010009766
48	2	拿	13.788747787475586
48	3	了	1.0790480375289917
48	4	一	5.3827409744262695
48	5	份	6.972465515136719
48	6	被	10.981637001037598
48	7	提供	16.061809539794922
48	8	给	0.7982856035232544
48	9	客人	8.351655006408691
48	10	的	0.4574602544307709
48	11	纸	14.113348960876465
48	12	。	8.731488227844238
49	1	学生	14.125157356262207
49	2	们	17.29754638671875
49	3	在	5.767790794372559
49	4	写	11.282540321350098
49	5	一	6.404369831085205
49	6	部	3.7763283252716064
49	7	令	12.306089401245117
49	8	人	0.8306590914726257
49	9	感动	6.528641700744629
49	10	的	0.37665680050849915
49	11	戏剧	11.075970649719238
49	12	。	7.874294281005859
50	1	学生	14.125157356262207
50	2	们	17.29754638671875
50	3	在	5.767790794372559
50	4	写	11.282540321350098
50	5	一	6.404369831085205
50	6	篇	2.276676654815674
50	7	令	14.057908058166504
50	8	人	1.2513636350631714
50	9	感动	6.874093532562256
50	10	的	0.43757760524749756
50	11	戏剧	13.979068756103516
50	12	。	8.74160385131836
51	1	学生	14.125157356262207
51	2	们	17.29754638671875
51	3	在	5.767790794372559
51	4	写	11.282540321350098
51	5	一	6.404369831085205
51	6	篇	2.276676654815674
51	7	令	14.057908058166504
51	8	人	1.2513636350631714
51	9	感动	6.874093532562256
51	10	的	0.43757760524749756
51	11	文章	1.30624520778656
51	12	。	4.554498672485352
52	1	学生	14.125157356262207
52	2	们	17.29754638671875
52	3	在	5.767790794372559
52	4	写	11.282540321350098
52	5	一	6.404369831085205
52	6	部	3.7763283252716064
52	7	令	12.306089401245117
52	8	人	0.8306590914726257
52	9	感动	6.528641700744629
52	10	的	0.37665680050849915
52	11	文章	3.9920337200164795
52	12	。	5.1048173904418945
53	1	这	6.208393573760986
53	2	是	4.425318717956543
53	3	一	3.0913379192352295
53	4	辆	11.07391357421875
53	5	有	8.685100555419922
53	6	历史	12.134724617004395
53	7	的	2.4371109008789062
53	8	火车	8.325955390930176
53	9	。	5.112801551818848
54	1	这	6.208393573760986
54	2	是	4.425318717956543
54	3	一	3.0913379192352295
54	4	扇	17.942123413085938
54	5	有	8.586002349853516
54	6	历史	9.417167663574219
54	7	的	1.3949426412582397
54	8	火车	16.401390075683594
54	9	。	5.503366470336914
55	1	这	6.208393573760986
55	2	是	4.425318717956543
55	3	一	3.0913379192352295
55	4	扇	17.942123413085938
55	5	有	8.586002349853516
55	6	历史	9.417167663574219
55	7	的	1.3949426412582397
55	8	窗户	13.329866409301758
55	9	。	2.730386972427368
56	1	这	6.208393573760986
56	2	是	4.425318717956543
56	3	一	3.0913379192352295
56	4	辆	11.07391357421875
56	5	有	8.685100555419922
56	6	历史	12.134724617004395
56	7	的	2.4371109008789062
56	8	窗户	13.949145317077637
56	9	。	3.282200813293457
57	1	老师	14.85147476196289
57	2	在	5.626053333282471
57	3	责备	19.8837947845459
57	4	三	15.230806350708008
57	5	名	5.634748458862305
57	6	不	10.247199058532715
57	7	睡觉	16.791034698486328
57	8	的	2.349580764770508
57	9	学生	8.485620498657227
57	10	。	9.498054504394531
58	1	老师	14.85147476196289
58	2	在	5.626053333282471
58	3	责备	19.8837947845459
58	4	三	15.230806350708008
58	5	只	7.349283695220947
58	6	不	14.617606163024902
58	7	睡觉	15.344269752502441
58	8	的	2.1514077186584473
58	9	学生	10.972888946533203
58	10	。	9.112422943115234
59	1	老师	14.85147476196289
59	2	在	5.626053333282471
59	3	责备	19.8837947845459
59	4	三	15.230806350708008
59	5	只	7.349283695220947
59	6	不	14.617606163024902
59	7	睡觉	15.344269752502441
59	8	的	2.1514077186584473
59	9	宠物	21.58488655090332
59	10	。	6.495317459106445
60	1	老师	14.85147476196289
60	2	在	5.626053333282471
60	3	责备	19.8837947845459
60	4	三	15.230806350708008
60	5	名	5.634748458862305
60	6	不	10.247199058532715
60	7	睡觉	16.791034698486328
60	8	的	2.349580764770508
60	9	宠物	21.570188522338867
60	10	。	8.277545928955078
61	1	她	7.158329010009766
61	2	买	13.466805458068848
61	3	过	8.598681449890137
61	4	两	5.998823642730713
61	5	杯	7.129148006439209
61	6	正在	18.56401824951172
61	7	打折	15.961073875427246
61	8	的	5.421087741851807
61	9	咖啡	12.182804107666016
61	10	。	3.5878195762634277
62	1	她	7.158329010009766
62	2	买	13.466805458068848
62	3	过	8.598681449890137
62	4	两	5.998823642730713
62	5	个	3.983659505844116
62	6	正在	15.308271408081055
62	7	打折	16.628114700317383
62	8	的	4.627727508544922
62	9	咖啡	12.805877685546875
62	10	。	3.675020217895508
63	1	她	7.158329010009766
63	2	买	13.466805458068848
63	3	过	8.598681449890137
63	4	两	5.998823642730713
63	5	个	3.983659505844116
63	6	正在	15.308271408081055
63	7	打折	16.628114700317383
63	8	的	4.627727508544922
63	9	杯子	19.485794067382812
63	10	。	4.074174880981445
64	1	她	7.158329010009766
64	2	买	13.466805458068848
64	3	过	8.598681449890137
64	4	两	5.998823642730713
64	5	杯	7.129148006439209
64	6	正在	18.56401824951172
64	7	打折	15.961073875427246
64	8	的	5.421087741851807
64	9	杯子	19.459196090698242
64	10	。	3.997093677520752
65	1	孩子	14.865800857543945
65	2	在	5.203820705413818
65	3	卖	12.247514724731445
65	4	五	12.168761253356934
65	5	台	10.893289566040039
65	6	有	12.121785163879395
65	7	花纹	18.471384048461914
65	8	的	0.8952479362487793
65	9	桌子	10.81238079071045
65	10	。	11.573976516723633
66	1	孩子	14.865800857543945
66	2	在	5.203820705413818
66	3	卖	12.247514724731445
66	4	五	12.168761253356934
66	5	块	9.131683349609375
66	6	有	10.487607955932617
66	7	花纹	17.628950119018555
66	8	的	0.8213149309158325
66	9	桌子	10.970527648925781
66	10	。	11.092409133911133
67	1	孩子	14.865800857543945
67	2	在	5.203820705413818
67	3	卖	12.247514724731445
67	4	五	12.168761253356934
67	5	块	9.131683349609375
67	6	有	10.487607955932617
67	7	花纹	17.628950119018555
67	8	的	0.8213149309158325
67	9	蛋糕	13.851022720336914
67	10	。	5.653288841247559
68	1	孩子	14.865800857543945
68	2	在	5.203820705413818
68	3	卖	12.247514724731445
68	4	五	12.168761253356934
68	5	台	10.893289566040039
68	6	有	12.121785163879395
68	7	花纹	18.471384048461914
68	8	的	0.8952479362487793
68	9	蛋糕	13.194061279296875
68	10	。	5.957468032836914
69	1	妈妈	14.742623329162598
69	2	在	6.133031845092773
69	3	做	5.8826704025268555
69	4	一	6.884230136871338
69	5	张	7.908422470092773
69	6	代表	16.629634857177734
69	7	幸运	16.55567169189453
69	8	的	0.2300037294626236
69	9	地图	13.140734672546387
69	10	。	11.041150093078613
70	1	妈妈	14.742623329162598
70	2	在	6.133031845092773
70	3	做	5.8826704025268555
70	4	一	6.884230136871338
70	5	面	13.20622730255127
70	6	代表	16.472564697265625
70	7	幸运	14.972043991088867
70	8	的	0.4864044189453125
70	9	地图	16.201467514038086
70	10	。	9.153307914733887
71	1	妈妈	14.742623329162598
71	2	在	6.133031845092773
71	3	做	5.8826704025268555
71	4	一	6.884230136871338
71	5	面	13.20622730255127
71	6	代表	16.472564697265625
71	7	幸运	14.972043991088867
71	8	的	0.4864044189453125
71	9	镜子	17.288618087768555
71	10	。	6.40350341796875
72	1	妈妈	14.742623329162598
72	2	在	6.133031845092773
72	3	做	5.8826704025268555
72	4	一	6.884230136871338
72	5	张	7.908422470092773
72	6	代表	16.629634857177734
72	7	幸运	16.55567169189453
72	8	的	0.2300037294626236
72	9	镜子	16.82505989074707
72	10	。	7.147289276123047
73	1	爸爸	14.413990020751953
73	2	买	7.665614604949951
73	3	了	1.3688026666641235
73	4	一	2.069753646850586
73	5	栋	9.723368644714355
73	6	令	13.679841041564941
73	7	人	2.699690580368042
73	8	满意	4.398589134216309
73	9	的	0.040244895964860916
73	10	房子	1.2810527086257935
73	11	。	2.4187140464782715
74	1	爸爸	14.413990020751953
74	2	买	7.665614604949951
74	3	了	1.3688026666641235
74	4	一	2.069753646850586
74	5	条	5.249021053314209
74	6	令	13.138076782226562
74	7	人	3.329465389251709
74	8	满意	4.368541717529297
74	9	的	0.051658689975738525
74	10	房子	2.91050124168396
74	11	。	2.4370436668395996
75	1	爸爸	14.413990020751953
75	2	买	7.665614604949951
75	3	了	1.3688026666641235
75	4	一	2.069753646850586
75	5	条	5.249021053314209
75	6	令	13.138076782226562
75	7	人	3.329465389251709
75	8	满意	4.368541717529297
75	9	的	0.051658689975738525
75	10	沙发	13.405492782592773
75	11	。	3.9871129989624023
76	1	爸爸	14.413990020751953
76	2	买	7.665614604949951
76	3	了	1.3688026666641235
76	4	一	2.069753646850586
76	5	栋	9.723368644714355
76	6	令	13.679841041564941
76	7	人	2.699690580368042
76	8	满意	4.398589134216309
76	9	的	0.040244895964860916
76	10	沙发	13.42313003540039
76	11	。	4.191847801208496
77	1	我	7.607615947723389
77	2	想	4.0653886795043945
77	3	种	15.152131080627441
77	4	一	5.348590850830078
77	5	朵	18.329425811767578
77	6	能	9.748001098632812
77	7	开花	15.56164264678955
77	8	的	0.5846908092498779
77	9	玫瑰	13.109801292419434
77	10	。	5.754021167755127
78	1	我	7.607615947723389
78	2	想	4.0653886795043945
78	3	种	15.152131080627441
78	4	一	5.348590850830078
78	5	颗	11.378670692443848
78	6	能	5.983096599578857
78	7	开花	17.80996322631836
78	8	的	0.7394711971282959
78	9	玫瑰	16.31845474243164
78	10	。	5.8623785972595215
79	1	我	7.607615947723389
79	2	想	4.0653886795043945
79	3	种	15.152131080627441
79	4	一	5.348590850830078
79	5	颗	11.378670692443848
79	6	能	5.983096599578857
79	7	开花	17.80996322631836
79	8	的	0.7394711971282959
79	9	种子	12.939136505126953
79	10	。	1.4993058443069458
80	1	我	7.607615947723389
80	2	想	4.0653886795043945
80	3	种	15.152131080627441
80	4	一	5.348590850830078
80	5	朵	18.329425811767578
80	6	能	9.748001098632812
80	7	开花	15.56164264678955
80	8	的	0.5846908092498779
80	9	种子	10.985208511352539
80	10	。	1.9457875490188599
81	1	我	7.607615947723389
81	2	经常	11.031758308410645
81	3	去	3.4961600303649902
81	4	一	7.399248123168945
81	5	家	5.2780890464782715
81	6	有	9.30069637298584
81	7	雕塑	17.147480010986328
81	8	的	2.660562753677368
81	9	医院	12.888956069946289
81	10	。	2.4325714111328125
82	1	我	7.607615947723389
82	2	经常	11.031758308410645
82	3	去	3.4961600303649902
82	4	一	7.399248123168945
82	5	座	8.446377754211426
82	6	有	7.793183326721191
82	7	雕塑	14.38150405883789
82	8	的	2.269263505935669
82	9	医院	12.79538631439209
82	10	。	1.647000789642334
83	1	我	7.607615947723389
83	2	经常	11.031758308410645
83	3	去	3.4961600303649902
83	4	一	7.399248123168945
83	5	座	8.446377754211426
83	6	有	7.793183326721191
83	7	雕塑	14.38150405883789
83	8	的	2.269263505935669
83	9	城市	10.711835861206055
83	10	。	2.9780006408691406
84	1	我	7.607615947723389
84	2	经常	11.031758308410645
84	3	去	3.4961600303649902
84	4	一	7.399248123168945
84	5	家	5.2780890464782715
84	6	有	9.30069637298584
84	7	雕塑	17.147480010986328
84	8	的	2.660562753677368
84	9	城市	14.353941917419434
84	10	。	4.471167087554932
85	1	我	7.607615947723389
85	2	拜访	17.97085189819336
85	3	了	1.3344625234603882
85	4	这	7.83185338973999
85	5	一	4.245798110961914
85	6	所	10.959490776062012
85	7	培养	13.002229690551758
85	8	了	4.829183578491211
85	9	我	3.532703399658203
85	10	的	0.7129623889923096
85	11	高中	11.770601272583008
85	12	。	5.31392240524292
86	1	我	7.607615947723389
86	2	拜访	17.97085189819336
86	3	了	1.3344625234603882
86	4	这	7.83185338973999
86	5	一	4.245798110961914
86	6	位	2.977511167526245
86	7	培养	15.08021354675293
86	8	了	3.6089627742767334
86	9	我	4.332205295562744
86	10	的	0.4161216616630554
86	11	高中	13.363014221191406
86	12	。	7.045375823974609
87	1	我	7.607615947723389
87	2	拜访	17.97085189819336
87	3	了	1.3344625234603882
87	4	这	7.83185338973999
87	5	一	4.245798110961914
87	6	位	2.977511167526245
87	7	培养	15.08021354675293
87	8	了	3.6089627742767334
87	9	我	4.332205295562744
87	10	的	0.4161216616630554
87	11	老师	7.338135719299316
87	12	。	2.055237293243408
88	1	我	7.607615947723389
88	2	拜访	17.97085189819336
88	3	了	1.3344625234603882
88	4	这	7.83185338973999
88	5	一	4.245798110961914
88	6	所	10.959490776062012
88	7	培养	13.002229690551758
88	8	了	4.829183578491211
88	9	我	3.532703399658203
88	10	的	0.7129623889923096
88	11	老师	8.253069877624512
88	12	。	2.136821746826172
89	1	他	4.431591987609863
89	2	在	5.2924323081970215
89	3	读	11.959644317626953
89	4	一	6.953343868255615
89	5	条	10.691685676574707
89	6	让	15.717384338378906
89	7	他	4.164463520050049
89	8	流泪	12.388723373413086
89	9	的	0.5080288052558899
89	10	评论	9.36257266998291
89	11	。	8.026243209838867
90	1	他	4.431591987609863
90	2	在	5.2924323081970215
90	3	读	11.959644317626953
90	4	一	6.953343868255615
90	5	首	6.743546962738037
90	6	让	16.59813117980957
90	7	他	3.829847574234009
90	8	流泪	12.521825790405273
90	9	的	0.810186505317688
90	10	评论	9.617281913757324
90	11	。	7.840017318725586
91	1	他	4.431591987609863
91	2	在	5.2924323081970215
91	3	读	11.959644317626953
91	4	一	6.953343868255615
91	5	首	6.743546962738037
91	6	让	16.59813117980957
91	7	他	3.829847574234009
91	8	流泪	12.521825790405273
91	9	的	0.810186505317688
91	10	诗歌	12.62798023223877
91	11	。	6.105621814727783
92	1	他	4.431591987609863
92	2	在	5.2924323081970215
92	3	读	11.959644317626953
92	4	一	6.953343868255615
92	5	条	10.691685676574707
92	6	让	15.717384338378906
92	7	他	4.164463520050049
92	8	流泪	12.388723373413086
92	9	的	0.5080288052558899
92	10	诗歌	12.608028411865234
92	11	。	5.245126724243164
93	1	她	7.158329010009766
93	2	从来	14.37915325164795
93	3	没	4.475445747375488
93	4	见	7.705186367034912
93	5	过	0.01172068901360035
93	6	一	5.114961624145508
93	7	头	10.286184310913086
93	8	受伤	12.818938255310059
93	9	了	7.963122844696045
93	10	的	10.270746231079102
93	11	老虎	10.235822677612305
93	12	。	1.436061978340149
94	1	她	7.158329010009766
94	2	从来	14.37915325164795
94	3	没	4.475445747375488
94	4	见	7.705186367034912
94	5	过	0.01172068901360035
94	6	一	5.114961624145508
94	7	双	9.3284912109375
94	8	受伤	13.374645233154297
94	9	了	7.765125274658203
94	10	的	10.545327186584473
94	11	老虎	11.580636978149414
94	12	。	1.451698660850525
95	1	她	7.158329010009766
95	2	从来	14.37915325164795
95	3	没	4.475445747375488
95	4	见	7.705186367034912
95	5	过	0.01172068901360035
95	6	一	5.114961624145508
95	7	双	9.3284912109375
95	8	受伤	13.374645233154297
95	9	了	7.765125274658203
95	10	的	10.545327186584473
95	11	眼睛	10.066238403320312
95	12	。	1.8911572694778442
96	1	她	7.158329010009766
96	2	从来	14.37915325164795
96	3	没	4.475445747375488
96	4	见	7.705186367034912
96	5	过	0.01172068901360035
96	6	一	5.114961624145508
96	7	头	10.286184310913086
96	8	受伤	12.818938255310059
96	9	了	7.963122844696045
96	10	的	10.270746231079102
96	11	眼睛	10.500283241271973
96	12	。	1.7144534587860107
97	1	我	7.607615947723389
97	2	还	7.2846784591674805
97	3	没有	2.10536789894104
97	4	检查	14.39127254486084
97	5	一	5.611051559448242
97	6	份	10.076810836791992
97	7	要	14.114007949829102
97	8	被	8.041483879089355
97	9	上交	17.34772300720215
97	10	的	0.4370141923427582
97	11	作业	16.493574142456055
97	12	。	4.117185592651367
98	1	我	7.607615947723389
98	2	还	7.2846784591674805
98	3	没有	2.10536789894104
98	4	检查	14.39127254486084
98	5	一	5.611051559448242
98	6	行	12.628069877624512
98	7	要	9.60615062713623
98	8	被	9.407146453857422
98	9	上交	16.74310874938965
98	10	的	1.122100591659546
98	11	作业	15.949701309204102
98	12	。	2.6364006996154785
99	1	我	7.607615947723389
99	2	还	7.2846784591674805
99	3	没有	2.10536789894104
99	4	检查	14.39127254486084
99	5	一	5.611051559448242
99	6	行	12.628069877624512
99	7	要	9.60615062713623
99	8	被	9.407146453857422
99	9	上交	16.74310874938965
99	10	的	1.122100591659546
99	11	公式	17.830421447753906
99	12	。	0.8318071365356445
100	1	我	7.607615947723389
100	2	还	7.2846784591674805
100	3	没有	2.10536789894104
100	4	检查	14.39127254486084
100	5	一	5.611051559448242
100	6	份	10.076810836791992
100	7	要	14.114007949829102
100	8	被	8.041483879089355
100	9	上交	17.34772300720215
100	10	的	0.4370141923427582
100	11	公式	17.671382904052734
100	12	。	1.3404110670089722
101	1	孩子	14.865800857543945
101	2	听到	11.912379264831543
101	3	了	2.20426344871521
101	4	一	6.585344314575195
101	5	首	8.339278221130371
101	6	令	11.3124418258667
101	7	他	4.724910259246826
101	8	熟悉	13.720191955566406
101	9	的	0.12676432728767395
101	10	歌曲	9.52734661102295
101	11	。	3.587357759475708
102	1	孩子	14.865800857543945
102	2	听到	11.912379264831543
102	3	了	2.20426344871521
102	4	一	6.585344314575195
102	5	张	6.049233913421631
102	6	令	9.380456924438477
102	7	他	4.887714862823486
102	8	熟悉	13.397300720214844
102	9	的	0.11734315752983093
102	10	歌曲	10.473418235778809
102	11	。	4.076448917388916
103	1	孩子	14.865800857543945
103	2	听到	11.912379264831543
103	3	了	2.20426344871521
103	4	一	6.585344314575195
103	5	张	6.049233913421631
103	6	令	9.380456924438477
103	7	他	4.887714862823486
103	8	熟悉	13.397300720214844
103	9	的	0.11734315752983093
103	10	专辑	7.907479286193848
103	11	。	3.9299569129943848
104	1	孩子	14.865800857543945
104	2	听到	11.912379264831543
104	3	了	2.20426344871521
104	4	一	6.585344314575195
104	5	首	8.339278221130371
104	6	令	11.3124418258667
104	7	他	4.724910259246826
104	8	熟悉	13.720191955566406
104	9	的	0.12676432728767395
104	10	专辑	10.690160751342773
104	11	。	3.405465841293335
105	1	护士	18.288423538208008
105	2	做	11.252641677856445
105	3	了	1.3724513053894043
105	4	一	3.3270885944366455
105	5	次	2.7943015098571777
105	6	需要	13.584759712219238
105	7	仪器	13.23326587677002
105	8	的	3.9067203998565674
105	9	检查	8.136295318603516
105	10	。	3.1445870399475098
106	1	护士	18.288423538208008
106	2	做	11.252641677856445
106	3	了	1.3724513053894043
106	4	一	3.3270885944366455
106	5	篇	6.573486328125
106	6	需要	16.855600357055664
106	7	仪器	14.661747932434082
106	8	的	3.380150318145752
106	9	检查	12.725053787231445
106	10	。	3.339998722076416
107	1	护士	18.288423538208008
107	2	做	11.252641677856445
107	3	了	1.3724513053894043
107	4	一	3.3270885944366455
107	5	篇	6.573486328125
107	6	需要	16.855600357055664
107	7	仪器	14.661747932434082
107	8	的	3.380150318145752
107	9	报告	7.319438457489014
107	10	。	1.7493362426757812
108	1	护士	18.288423538208008
108	2	做	11.252641677856445
108	3	了	1.3724513053894043
108	4	一	3.3270885944366455
108	5	次	2.7943015098571777
108	6	需要	13.584759712219238
108	7	仪器	13.23326587677002
108	8	的	3.9067203998565674
108	9	报告	13.247708320617676
108	10	。	2.746061325073242
109	1	这里	9.447871208190918
109	2	是	2.9650800228118896
109	3	两	9.823454856872559
109	4	台	10.345580101013184
109	5	出现	18.693065643310547
109	6	问题	9.605128288269043
109	7	的	0.13873879611492157
109	8	电视	14.89908218383789
109	9	。	7.086280822753906
110	1	这里	9.447871208190918
110	2	是	2.9650800228118896
110	3	两	9.823454856872559
110	4	份	12.89444351196289
110	5	出现	19.278959274291992
110	6	问题	6.256567001342773
110	7	的	0.11830094456672668
110	8	电视	14.787806510925293
110	9	。	6.1606950759887695
111	1	这里	9.447871208190918
111	2	是	2.9650800228118896
111	3	两	9.823454856872559
111	4	份	12.89444351196289
111	5	出现	19.278959274291992
111	6	问题	6.256567001342773
111	7	的	0.11830094456672668
111	8	订单	14.955617904663086
111	9	。	1.9339195489883423
112	1	这里	9.447871208190918
112	2	是	2.9650800228118896
112	3	两	9.823454856872559
112	4	台	10.345580101013184
112	5	出现	18.693065643310547
112	6	问题	9.605128288269043
112	7	的	0.13873879611492157
112	8	订单	16.933761596679688
112	9	。	1.8197251558303833
113	1	他	4.431591987609863
113	2	很	11.355636596679688
113	3	欣赏	9.649391174316406
113	4	一	8.247243881225586
113	5	处	9.837800979614258
113	6	有	8.288784980773926
113	7	名气	8.584183692932129
113	8	的	0.03698902204632759
113	9	景点	12.595780372619629
113	10	。	3.232337236404419
114	1	他	4.431591987609863
114	2	很	11.355636596679688
114	3	欣赏	9.649391174316406
114	4	一	8.247243881225586
114	5	位	2.939582109451294
114	6	有	7.467874526977539
114	7	名气	7.918738842010498
114	8	的	0.029840560629963875
114	9	景点	17.6070613861084
114	10	。	3.873891592025757
115	1	他	4.431591987609863
115	2	很	11.355636596679688
115	3	欣赏	9.649391174316406
115	4	一	8.247243881225586
115	5	位	2.939582109451294
115	6	有	7.467874526977539
115	7	名气	7.918738842010498
115	8	的	0.029840560629963875
115	9	领导	14.32543659210205
115	10	。	9.67855453491211
116	1	他	4.431591987609863
116	2	很	11.355636596679688
116	3	欣赏	9.649391174316406
116	4	一	8.247243881225586
116	5	处	9.837800979614258
116	6	有	8.288784980773926
116	7	名气	8.584183692932129
116	8	的	0.03698902204632759
116	9	领导	16.494586944580078
116	10	。	8.748160362243652
117	1	那里	14.3976411819458
117	2	有	3.4130868911743164
117	3	一	3.2264673709869385
117	4	支	5.113463878631592
117	5	完成	17.607683181762695
117	6	任务	3.5657100677490234
117	7	了	10.011785507202148
117	8	的	9.193886756896973
117	9	舰队	16.57550048828125
117	10	。	3.214223623275757
118	1	那里	14.3976411819458
118	2	有	3.4130868911743164
118	3	一	3.2264673709869385
118	4	艘	6.6469011306762695
118	5	完成	21.808353424072266
118	6	任务	8.087885856628418
118	7	了	9.002943992614746
118	8	的	11.233396530151367
118	9	舰队	10.144415855407715
118	10	。	3.4454524517059326
119	1	那里	14.3976411819458
119	2	有	3.4130868911743164
119	3	一	3.2264673709869385
119	4	艘	6.6469011306762695
119	5	完成	21.808353424072266
119	6	任务	8.087885856628418
119	7	了	9.002943992614746
119	8	的	11.233396530151367
119	9	渔船	6.501505374908447
119	10	。	4.536481857299805
120	1	那里	14.3976411819458
120	2	有	3.4130868911743164
120	3	一	3.2264673709869385
120	4	支	5.113463878631592
120	5	完成	17.607683181762695
120	6	任务	3.5657100677490234
120	7	了	10.011785507202148
120	8	的	9.193886756896973
120	9	渔船	16.3548526763916
120	10	。	4.208322525024414
