sentence_id	token_id	token	surprisal
1	1	记者	8.504682540893555
1	2	采访	7.252151966094971
1	3	了	0.5490556955337524
1	4	研发	20.144582748413086
1	5	产品	12.320025444030762
1	6	。	9.110079765319824
2	1	记者	8.504682540893555
2	2	采访	7.252151966094971
2	3	了	0.5490556955337524
2	4	研发	20.144582748413086
2	5	产品	12.320025444030762
2	6	的	1.5950267314910889
2	7	科学家	9.978814125061035
2	8	。	2.3044674396514893
3	1	他	4.431591987609863
3	2	认识	15.419783592224121
3	3	了	6.798752784729004
3	4	写	18.093305587768555
3	5	书	11.162750244140625
3	6	。	8.798365592956543
4	1	他	4.431591987609863
4	2	认识	15.419783592224121
4	3	了	6.798752784729004
4	4	写	18.093305587768555
4	5	书	11.162750244140625
4	6	的	2.0106852054595947
4	7	老师	13.820226669311523
4	8	。	6.201656341552734
5	1	他	4.431591987609863
5	2	拍	15.686833381652832
5	3	下	10.391542434692383
5	4	了	2.7010011672973633
5	5	获得	22.45903778076172
5	6	大奖	9.498897552490234
5	7	。	6.851982116699219
6	1	他	4.431591987609863
6	2	拍	15.686833381652832
6	3	下	10.391542434692383
6	4	了	2.7010011672973633
6	5	获得	22.45903778076172
6	6	大奖	9.498897552490234
6	7	的	0.38099589943885803
6	8	艺术品	16.13188362121582
6	9	。	4.50480318069458
7	1	我们	7.795909404754639
7	2	参加	11.11649227142334
7	3	了	3.643728256225586
7	4	吸引	15.021394729614258
7	5	学生	14.67507266998291
7	6	。	9.9158353805542
8	1	我们	7.795909404754639
8	2	参加	11.11649227142334
8	3	了	3.643728256225586
8	4	吸引	15.021394729614258
8	5	学生	14.67507266998291
8	6	的	4.115999698638916
8	7	活动	3.607398748397827
8	8	。	0.8818563222885132
9	1	他	4.431591987609863
9	2	想起	17.731033325195312
9	3	了	2.8769798278808594
9	4	写	13.501596450805664
9	5	过	6.675052642822266
9	6	歌	15.576577186584473
9	7	。	8.528119087219238
10	1	他	4.431591987609863
10	2	想起	17.731033325195312
10	3	了	2.8769798278808594
10	4	写	13.501596450805664
10	5	过	6.675052642822266
10	6	歌	15.576577186584473
10	7	的	1.0692286491394043
10	8	同学	11.622204780578613
10	9	。	3.264064073562622
11	1	司机	16.757728576660156
11	2	启动	18.670625686645508
11	3	了	1.8731579780578613
11	4	装有	13.117733001708984
11	5	音响	12.878756523132324
11	6	。	9.906826972961426
12	1	司机	16.757728576660156
12	2	启动	18.670625686645508
12	3	了	1.8731579780578613
12	4	装有	13.117733001708984
12	5	音响	12.878756523132324
12	6	的	3.673903703689575
12	7	车	10.586451530456543
12	8	。	3.4536843299865723
13	1	爸爸	14.413990020751953
13	2	买	7.665614604949951
13	3	了	1.3688026666641235
13	4	带	13.116679191589355
13	5	家具	13.653036117553711
13	6	。	6.2256550788879395
14	1	爸爸	14.413990020751953
14	2	买	7.665614604949951
14	3	了	1.3688026666641235
14	4	带	13.116679191589355
14	5	家具	13.653036117553711
14	6	的	4.973026752471924
14	7	房子	5.931316375732422
14	8	。	4.577143669128418
15	1	他	4.431591987609863
15	2	损失	22.03024673461914
15	3	了	3.281137228012085
15	4	买	14.796178817749023
15	5	药	11.158252716064453
15	6	。	5.600945949554443
16	1	他	4.431591987609863
16	2	损失	22.03024673461914
16	3	了	3.281137228012085
16	4	买	14.796178817749023
16	5	药	11.158252716064453
16	6	的	3.955348491668701
16	7	现金	8.225064277648926
16	8	。	1.405704140663147
17	1	我	7.607615947723389
17	2	拜访	17.97085189819336
17	3	了	1.3344625234603882
17	4	去	14.312681198120117
17	5	过	9.017353057861328
17	6	中国	4.388073444366455
17	7	。	4.694146633148193
18	1	我	7.607615947723389
18	2	拜访	17.97085189819336
18	3	了	1.3344625234603882
18	4	去	14.312681198120117
18	5	过	9.017353057861328
18	6	中国	4.388073444366455
18	7	的	0.953639805316925
18	8	邻居	11.392913818359375
18	9	。	3.071830987930298
19	1	爷爷	17.82335090637207
19	2	中止	18.822124481201172
19	3	了	0.6424058675765991
19	4	引发	18.73137092590332
19	5	争吵	17.326702117919922
19	6	。	5.575105667114258
20	1	爷爷	17.82335090637207
20	2	中止	18.822124481201172
20	3	了	0.6424058675765991
20	4	引发	18.73137092590332
20	5	争吵	17.326702117919922
20	6	的	0.7125661373138428
20	7	谈话	12.707155227661133
20	8	。	2.2682595252990723
21	1	她	7.158329010009766
21	2	提到	13.432982444763184
21	3	了	5.287966251373291
21	4	看	15.517386436462402
21	5	着	7.183603286743164
21	6	电视	7.037444591522217
21	7	。	6.202543258666992
22	1	她	7.158329010009766
22	2	提到	13.432982444763184
22	3	了	5.287966251373291
22	4	看	15.517386436462402
22	5	着	7.183603286743164
22	6	电视	7.037444591522217
22	7	的	3.754757881164551
22	8	女儿	15.022457122802734
22	9	。	4.652904033660889
23	1	医生	14.68613338470459
23	2	表扬	17.273509979248047
23	3	了	0.5142936706542969
23	4	帮助	14.566696166992188
23	5	老人	9.637467384338379
23	6	。	4.093466281890869
24	1	医生	14.68613338470459
24	2	表扬	17.273509979248047
24	3	了	0.5142936706542969
24	4	帮助	14.566696166992188
24	5	老人	9.637467384338379
24	6	的	3.1998252868652344
24	7	孩子	7.186873435974121
24	8	。	1.4408105611801147
25	1	她	7.158329010009766
25	2	介绍	7.867932319641113
25	3	了	5.122143268585205
25	4	生产	14.549661636352539
25	5	电视	11.857458114624023
25	6	。	11.969067573547363
26	1	她	7.158329010009766
26	2	介绍	7.867932319641113
26	3	了	5.122143268585205
26	4	生产	14.549661636352539
26	5	电视	11.857458114624023
26	6	的	4.711081027984619
26	7	工厂	16.325586318969727
26	8	。	7.713364124298096
27	1	我	7.607615947723389
27	2	洗	16.14334487915039
27	3	了	2.0597991943359375
27	4	陪伴	17.083837509155273
27	5	过	8.030492782592773
27	6	母亲	10.292539596557617
27	7	。	4.274656772613525
28	1	我	7.607615947723389
28	2	洗	16.14334487915039
28	3	了	2.0597991943359375
28	4	陪伴	17.083837509155273
28	5	过	8.030492782592773
28	6	母亲	10.292539596557617
28	7	的	2.6067278385162354
28	8	衣服	9.118391990661621
28	9	。	3.128978967666626
29	1	学生	14.125157356262207
29	2	们	17.29754638671875
29	3	写	10.229631423950195
29	4	着	5.345811367034912
29	5	困扰	21.087528228759766
29	6	他们	6.3673319816589355
29	7	。	3.3353586196899414
30	1	学生	14.125157356262207
30	2	们	17.29754638671875
30	3	写	10.229631423950195
30	4	着	5.345811367034912
30	5	困扰	21.087528228759766
30	6	他们	6.3673319816589355
30	7	的	1.6332560777664185
30	8	作业	13.615734100341797
30	9	。	3.528756856918335
31	1	店长	22.240894317626953
31	2	拿	16.70139503479004
31	3	着	1.5930862426757812
31	4	开	12.165661811828613
31	5	大门	13.056445121765137
31	6	。	9.035111427307129
32	1	店长	22.240894317626953
32	2	拿	16.70139503479004
32	3	着	1.5930862426757812
32	4	开	12.165661811828613
32	5	大门	13.056445121765137
32	6	的	1.7923505306243896
32	7	钥匙	10.844186782836914
32	8	。	4.815911293029785
33	1	有人	13.735942840576172
33	2	听	11.325841903686523
33	3	着	5.284186363220215
33	4	打扰	18.646549224853516
33	5	了	11.442649841308594
33	6	邻居	12.902544021606445
33	7	。	5.194420337677002
34	1	有人	13.735942840576172
34	2	听	11.325841903686523
34	3	着	5.284186363220215
34	4	打扰	18.646549224853516
34	5	了	11.442649841308594
34	6	邻居	12.902544021606445
34	7	的	3.9559431076049805
34	8	音乐	15.272436141967773
34	9	。	5.176855087280273
35	1	我	7.607615947723389
35	2	观察	13.088022232055664
35	3	着	9.39139175415039
35	4	经营	16.629026412963867
35	5	商店	10.157404899597168
35	6	。	9.138471603393555
36	1	我	7.607615947723389
36	2	观察	13.088022232055664
36	3	着	9.39139175415039
36	4	经营	16.629026412963867
36	5	商店	10.157404899597168
36	6	的	0.7446671724319458
36	7	男人	15.52889633178711
36	8	。	3.555910587310791
37	1	学生	14.125157356262207
37	2	们	17.29754638671875
37	3	读	14.567602157592773
37	4	着	7.33774995803833
37	5	描述	14.267477989196777
37	6	故事	10.220520973205566
37	7	。	3.424833297729492
38	1	学生	14.125157356262207
38	2	们	17.29754638671875
38	3	读	14.567602157592773
38	4	着	7.33774995803833
38	5	描述	14.267477989196777
38	6	故事	10.220520973205566
38	7	的	3.740846633911133
38	8	书	9.737305641174316
38	9	。	2.9149274826049805
39	1	教练	13.22214412689209
39	2	创办	19.024864196777344
39	3	过	12.142924308776855
39	4	教	16.378742218017578
39	5	动作	15.495003700256348
39	6	。	8.951327323913574
40	1	教练	13.22214412689209
40	2	创办	19.024864196777344
40	3	过	12.142924308776855
40	4	教	16.378742218017578
40	5	动作	15.495003700256348
40	6	的	2.409264326095581
40	7	健身房	13.285650253295898
40	8	。	8.478867530822754
41	1	我	7.607615947723389
41	2	喜欢	8.039031028747559
41	3	过	6.5389790534973145
41	4	给	13.042287826538086
41	5	我	2.227036237716675
41	6	信心	14.175156593322754
41	7	。	4.055844306945801
42	1	我	7.607615947723389
42	2	喜欢	8.039031028747559
42	3	过	6.5389790534973145
42	4	给	13.042287826538086
42	5	我	2.227036237716675
42	6	信心	14.175156593322754
42	7	的	2.7701146602630615
42	8	音乐	15.215685844421387
42	9	。	2.943269729614258
43	1	她	7.158329010009766
43	2	开	12.926576614379883
43	3	过	7.51520299911499
43	4	容纳	18.766050338745117
43	5	很多	13.540152549743652
43	6	人	0.6960813403129578
43	7	。	7.610144138336182
44	1	她	7.158329010009766
44	2	开	12.926576614379883
44	3	过	7.51520299911499
44	4	容纳	18.766050338745117
44	5	很多	13.540152549743652
44	6	人	0.6960813403129578
44	7	的	0.3101233243942261
44	8	车	8.935317039489746
44	9	。	3.55523419380188
45	1	他	4.431591987609863
45	2	修理	21.49202537536621
45	3	过	6.996129035949707
45	4	丢失	17.35410499572754
45	5	了	2.5706775188446045
45	6	芯片	13.013144493103027
45	7	。	3.6914660930633545
46	1	他	4.431591987609863
46	2	修理	21.49202537536621
46	3	过	6.996129035949707
46	4	丢失	17.35410499572754
46	5	了	2.5706775188446045
46	6	芯片	13.013144493103027
46	7	的	6.343083381652832
46	8	电脑	8.014849662780762
46	9	。	3.086615562438965
47	1	他	4.431591987609863
47	2	讲	13.161552429199219
47	3	过	5.238231182098389
47	4	介绍	14.949029922485352
47	5	画家	18.1361141204834
47	6	。	9.957976341247559
48	1	他	4.431591987609863
48	2	讲	13.161552429199219
48	3	过	5.238231182098389
48	4	介绍	14.949029922485352
48	5	画家	18.1361141204834
48	6	的	1.6623862981796265
48	7	课	12.4230318069458
48	8	。	3.560415744781494
49	1	我	7.607615947723389
49	2	邀请	14.990860939025879
49	3	过	8.586506843566895
49	4	喜欢	16.06106948852539
49	5	明星	10.922411918640137
49	6	。	6.673492431640625
50	1	我	7.607615947723389
50	2	邀请	14.990860939025879
50	3	过	8.586506843566895
50	4	喜欢	16.06106948852539
50	5	明星	10.922411918640137
50	6	的	2.747581958770752
50	7	朋友	4.112846851348877
50	8	。	6.018702507019043
51	1	她	7.158329010009766
51	2	申请	18.479036331176758
51	3	过	10.847484588623047
51	4	减轻	16.68914794921875
51	5	负担	6.389615058898926
51	6	。	5.494348526000977
52	1	她	7.158329010009766
52	2	申请	18.479036331176758
52	3	过	10.847484588623047
52	4	减轻	16.68914794921875
52	5	负担	6.389615058898926
52	6	的	1.9450793266296387
52	7	奖金	12.09118938446045
52	8	。	3.8695669174194336
53	1	她	7.158329010009766
53	2	去	12.907523155212402
53	3	买	9.760072708129883
53	4	带来	19.512907028198242
53	5	好运	14.976791381835938
53	6	。	5.5474700927734375
54	1	她	7.158329010009766
54	2	去	12.907523155212402
54	3	买	9.760072708129883
54	4	带来	19.512907028198242
54	5	好运	14.976791381835938
54	6	的	0.9994961023330688
54	7	礼物	5.649513244628906
54	8	。	3.070939064025879
55	1	弟弟	17.755962371826172
55	2	需要	16.876535415649414
55	3	用于	12.929171562194824
55	4	游戏	15.283581733703613
55	5	。	3.724207639694214
56	1	弟弟	17.755962371826172
56	2	需要	16.876535415649414
56	3	用于	12.929171562194824
56	4	游戏	15.283581733703613
56	5	的	4.036728858947754
56	6	钱	8.571582794189453
56	7	。	4.01627779006958
57	1	他	4.431591987609863
57	2	很	11.355636596679688
57	3	欣赏	9.649391174316406
57	4	写	14.757319450378418
57	5	小说	7.522782325744629
57	6	。	4.808873176574707
58	1	他	4.431591987609863
58	2	很	11.355636596679688
58	3	欣赏	9.649391174316406
58	4	写	14.757319450378418
58	5	小说	7.522782325744629
58	6	的	1.7561110258102417
58	7	作家	12.511078834533691
58	8	。	4.279300689697266
59	1	我	7.607615947723389
59	2	经常	11.031758308410645
59	3	去	3.4961600303649902
59	4	提供	12.881935119628906
59	5	停车位	22.619354248046875
59	6	。	5.251821994781494
60	1	我	7.607615947723389
60	2	经常	11.031758308410645
60	3	去	3.4961600303649902
60	4	提供	12.881935119628906
60	5	停车位	22.619354248046875
60	6	的	10.026398658752441
60	7	医院	18.729612350463867
60	8	。	3.778686761856079
