sentence_id	token_id	token	surprisal
1	1	随着	8.406139373779297
1	2	支持	17.583667755126953
1	3	国际	7.251625061035156
1	4	贸易	5.378983020782471
1	5	的	2.0118701457977295
1	6	政府	19.11594009399414
1	7	发展	8.464780807495117
1	8	，	0.31466206908226013
1	9	经济	11.33716106414795
1	10	变	21.049468994140625
1	11	好	12.845600128173828
1	12	了	3.40600323677063
1	13	。	5.403400421142578
2	1	随着	8.406139373779297
2	2	支持	17.583667755126953
2	3	国际	7.251625061035156
2	4	贸易	5.378983020782471
2	5	的	2.0118701457977295
2	6	政府	19.11594009399414
2	7	发展	8.464780807495117
2	8	。	10.676690101623535
3	1	随着	8.406139373779297
3	2	缩短	17.011030197143555
3	3	人们	9.857749938964844
3	4	距离	9.541784286499023
3	5	的	1.2648853063583374
3	6	互联网	15.72406005859375
3	7	的	3.766622304916382
3	8	出现	10.28296947479248
3	9	，	0.17349873483181
3	10	生活	14.029324531555176
3	11	质量	4.016061305999756
3	12	提高	6.58502721786499
3	13	了	1.5701892375946045
3	14	。	3.0186567306518555
4	1	随着	8.406139373779297
4	2	缩短	17.011030197143555
4	3	人们	9.857749938964844
4	4	距离	9.541784286499023
4	5	的	1.2648853063583374
4	6	互联网	15.72406005859375
4	7	的	3.766622304916382
4	8	出现	10.28296947479248
4	9	。	11.940631866455078
5	1	随着	8.406139373779297
5	2	一阵	14.071277618408203
5	3	提醒	19.330734252929688
5	4	乘客	11.72790241241455
5	5	的	2.1416876316070557
5	6	铃声	17.22582244873047
5	7	，	3.2406013011932373
5	8	火车	11.3783540725708
5	9	开	12.182193756103516
5	10	了	2.475008726119995
5	11	。	9.4842529296875
6	1	随着	8.406139373779297
6	2	一阵	14.071277618408203
6	3	提醒	19.330734252929688
6	4	乘客	11.72790241241455
6	5	的	2.1416876316070557
6	6	铃声	17.22582244873047
6	7	。	9.134997367858887
7	1	随着	8.406139373779297
7	2	不	15.980634689331055
7	3	敢	11.263999938964844
7	4	说话	12.717364311218262
7	5	的	1.6698460578918457
7	6	他	10.58204460144043
7	7	的	5.910009860992432
7	8	年龄	9.676019668579102
7	9	增长	12.074630737304688
7	10	，	0.3850272595882416
7	11	他	5.119956016540527
7	12	更	8.700607299804688
7	13	有	5.332724094390869
7	14	自信	9.788614273071289
7	15	了	9.414480209350586
7	16	。	1.2387065887451172
8	1	随着	8.406139373779297
8	2	不	15.980634689331055
8	3	敢	11.263999938964844
8	4	说话	12.717364311218262
8	5	的	1.6698460578918457
8	6	他	10.58204460144043
8	7	的	5.910009860992432
8	8	年龄	9.676019668579102
8	9	增长	12.074630737304688
8	10	。	6.537993907928467
9	1	随着	8.406139373779297
9	2	下	12.294775009155273
9	3	很多	19.049510955810547
9	4	雪	17.19285011291504
9	5	的	1.8679689168930054
9	6	冬天	12.559966087341309
9	7	的	9.281352996826172
9	8	到来	2.2523412704467773
9	9	，	0.037108033895492554
9	10	树木	15.172840118408203
9	11	凋零	19.749835968017578
9	12	了	12.192999839782715
9	13	。	2.1559064388275146
10	1	随着	8.406139373779297
10	2	下	12.294775009155273
10	3	很多	19.049510955810547
10	4	雪	17.19285011291504
10	5	的	1.8679689168930054
10	6	冬天	12.559966087341309
10	7	的	9.281352996826172
10	8	到来	2.2523412704467773
10	9	。	10.676032066345215
11	1	随着	8.406139373779297
11	2	提高	16.334121704101562
11	3	人们	6.72907018661499
11	4	生活	1.4598504304885864
11	5	质量	3.2421655654907227
11	6	的	0.8853538036346436
11	7	科技	11.39683723449707
11	8	发展	12.704339027404785
11	9	，	0.7060748338699341
11	10	电脑	11.285470008850098
11	11	功能	12.784323692321777
11	12	变得	10.874326705932617
11	13	更	6.330667018890381
11	14	多	7.286673545837402
11	15	了	2.332611083984375
11	16	。	0.8865808844566345
12	1	随着	8.406139373779297
12	2	提高	16.334121704101562
12	3	人们	6.72907018661499
12	4	生活	1.4598504304885864
12	5	质量	3.2421655654907227
12	6	的	0.8853538036346436
12	7	科技	11.39683723449707
12	8	发展	12.704339027404785
12	9	。	10.751583099365234
13	1	自从	12.063105583190918
13	2	见	17.221019744873047
13	3	了	5.1219000816345215
13	4	学习	16.377714157104492
13	5	文学	13.364331245422363
13	6	的	1.8115333318710327
13	7	他	10.920430183410645
13	8	，	1.7652509212493896
13	9	她	7.888120174407959
13	10	一直	5.960003852844238
13	11	在	2.865426778793335
13	12	写	5.962947845458984
13	13	信	11.03421688079834
13	14	。	4.695919990539551
14	1	自从	12.063105583190918
14	2	见	17.221019744873047
14	3	了	5.1219000816345215
14	4	学习	16.377714157104492
14	5	文学	13.364331245422363
14	6	的	1.8115333318710327
14	7	他	10.920430183410645
14	8	。	10.689144134521484
15	1	自从	12.063105583190918
15	2	修	16.896617889404297
15	3	了	4.742025375366211
15	4	通往	12.787659645080566
15	5	城市	11.951781272888184
15	6	的	0.5082464218139648
15	7	公路	3.2720773220062256
15	8	，	2.276622772216797
15	9	农村	8.585697174072266
15	10	经济	6.496311664581299
15	11	变	11.479463577270508
15	12	好	15.614948272705078
15	13	了	0.10120772570371628
15	14	。	2.0705602169036865
16	1	自从	12.063105583190918
16	2	修	16.896617889404297
16	3	了	4.742025375366211
16	4	通往	12.787659645080566
16	5	城市	11.951781272888184
16	6	的	0.5082464218139648
16	7	公路	3.2720773220062256
16	8	。	6.191455364227295
17	1	自从	12.063105583190918
17	2	离开	16.151870727539062
17	3	培养	18.045053482055664
17	4	了	8.221624374389648
17	5	她	11.109485626220703
17	6	的	1.976449728012085
17	7	家乡	6.697446823120117
17	8	，	6.4717488288879395
17	9	她	3.3300247192382812
17	10	一直	6.589138984680176
17	11	想念	15.255544662475586
17	12	父母	5.847702503204346
17	13	。	1.4725192785263062
18	1	自从	12.063105583190918
18	2	离开	16.151870727539062
18	3	培养	18.045053482055664
18	4	了	8.221624374389648
18	5	她	11.109485626220703
18	6	的	1.976449728012085
18	7	家乡	6.697446823120117
18	8	。	12.335089683532715
19	1	自从	12.063105583190918
19	2	打	16.827117919921875
19	3	游戏	12.749382019042969
19	4	的	7.8069658279418945
19	5	他	11.214187622070312
19	6	开始	5.848979949951172
19	7	读书	11.19216537475586
19	8	，	0.5943333506584167
19	9	他	6.113098621368408
19	10	的	2.4734158515930176
19	11	成绩	7.858238220214844
19	12	提高	8.94874382019043
19	13	了	0.3148195445537567
19	14	。	4.246465682983398
20	1	自从	12.063105583190918
20	2	打	16.827117919921875
20	3	游戏	12.749382019042969
20	4	的	7.8069658279418945
20	5	他	11.214187622070312
20	6	开始	5.848979949951172
20	7	读书	11.19216537475586
20	8	。	5.060678958892822
21	1	自从	12.063105583190918
21	2	认识	19.152328491210938
21	3	科学家	18.346220016479492
21	4	的	5.156374454498291
21	5	他	12.699230194091797
21	6	获得	10.293603897094727
21	7	大奖	16.146034240722656
21	8	，	10.768519401550293
21	9	他	3.833388328552246
21	10	不	8.765727043151855
21	11	学习	14.989213943481445
21	12	了	6.796634674072266
21	13	。	7.36637544631958
22	1	自从	12.063105583190918
22	2	认识	19.152328491210938
22	3	科学家	18.346220016479492
22	4	的	5.156374454498291
22	5	他	12.699230194091797
22	6	获得	10.293603897094727
22	7	大奖	16.146034240722656
22	8	。	14.75748062133789
23	1	自从	12.063105583190918
23	2	热爱	19.026716232299805
23	3	艺术	6.398573398590088
23	4	的	2.447465181350708
23	5	她	10.700543403625488
23	6	认识	8.612527847290039
23	7	了	6.1720499992370605
23	8	老师	13.27376937866211
23	9	，	2.8616862297058105
23	10	她	5.067876815795898
23	11	努力	12.465535163879395
23	12	训练	11.252090454101562
23	13	。	5.88903284072876
24	1	自从	12.063105583190918
24	2	热爱	19.026716232299805
24	3	艺术	6.398573398590088
24	4	的	2.447465181350708
24	5	她	10.700543403625488
24	6	认识	8.612527847290039
24	7	了	6.1720499992370605
24	8	老师	13.27376937866211
24	9	。	7.575301170349121
25	1	自从	12.063105583190918
25	2	设立	14.186053276062012
25	3	了	6.003150463104248
25	4	目标	15.333487510681152
25	5	的	8.229728698730469
25	6	她	18.6064395904541
25	7	参与	11.181314468383789
25	8	了	1.3746976852416992
25	9	活动	12.22529125213623
25	10	，	0.9133508205413818
25	11	她	4.748449325561523
25	12	认识	12.590164184570312
25	13	了	3.1194279193878174
25	14	很多	8.973615646362305
25	15	人	3.198936700820923
25	16	。	3.2126758098602295
26	1	自从	12.063105583190918
26	2	设立	14.186053276062012
26	3	了	6.003150463104248
26	4	目标	15.333487510681152
26	5	的	8.229728698730469
26	6	她	18.6064395904541
26	7	参与	11.181314468383789
26	8	了	1.3746976852416992
26	9	活动	12.22529125213623
26	10	。	1.9861634969711304
27	1	自从	12.063105583190918
27	2	申请	16.232166290283203
27	3	留学	9.283227920532227
27	4	的	5.133621692657471
27	5	她	13.633527755737305
27	6	学习	11.781723976135254
27	7	了	5.2615203857421875
27	8	外语	9.325736045837402
27	9	，	2.27303147315979
27	10	她	6.259152412414551
27	11	看	10.629055976867676
27	12	了	2.0194685459136963
27	13	很多	6.0192999839782715
27	14	电影	10.29621696472168
27	15	。	3.154782295227051
28	1	自从	12.063105583190918
28	2	申请	16.232166290283203
28	3	留学	9.283227920532227
28	4	的	5.133621692657471
28	5	她	13.633527755737305
28	6	学习	11.781723976135254
28	7	了	5.2615203857421875
28	8	外语	9.325736045837402
28	9	。	5.169418811798096
29	1	因为	9.737828254699707
29	2	喝	12.297462463378906
29	3	了	3.346886157989502
29	4	让	13.198142051696777
29	5	他	6.29916524887085
29	6	开心	13.043710708618164
29	7	的	1.5966724157333374
29	8	酒	8.179678916931152
29	9	，	0.6597331166267395
29	10	他	3.9574074745178223
29	11	摔	13.758008003234863
29	12	了	0.5392693281173706
29	13	。	6.479940414428711
30	1	因为	9.737828254699707
30	2	喝	12.297462463378906
30	3	了	3.346886157989502
30	4	让	13.198142051696777
30	5	他	6.29916524887085
30	6	开心	13.043710708618164
30	7	的	1.5966724157333374
30	8	酒	8.179678916931152
30	9	。	3.6794826984405518
31	1	因为	9.737828254699707
31	2	需要	11.519416809082031
31	3	工作	11.95888900756836
31	4	的	1.1986387968063354
31	5	他	8.490582466125488
31	6	要	7.323705196380615
31	7	迟到	17.49704360961914
31	8	了	4.503724575042725
31	9	，	1.6152160167694092
31	10	他	4.839137554168701
31	11	结束	16.968582153320312
31	12	了	0.5118186473846436
31	13	谈话	12.705735206604004
31	14	。	1.799027442932129
32	1	因为	9.737828254699707
32	2	需要	11.519416809082031
32	3	工作	11.95888900756836
32	4	的	1.1986387968063354
32	5	他	8.490582466125488
32	6	要	7.323705196380615
32	7	迟到	17.49704360961914
32	8	了	4.503724575042725
32	9	。	2.371755361557007
33	1	因为	9.737828254699707
33	2	不	8.733750343322754
33	3	读书	17.834646224975586
33	4	的	4.23364782333374
33	5	他	10.374079704284668
33	6	没有	8.003623962402344
33	7	练习	14.220107078552246
33	8	题目	16.112337112426758
33	9	，	0.45040932297706604
33	10	他	6.328300952911377
33	11	没有	6.926003456115723
33	12	成功	10.988367080688477
33	13	。	2.0720713138580322
34	1	因为	9.737828254699707
34	2	不	8.733750343322754
34	3	读书	17.834646224975586
34	4	的	4.23364782333374
34	5	他	10.374079704284668
34	6	没有	8.003623962402344
34	7	练习	14.220107078552246
34	8	题目	16.112337112426758
34	9	。	2.3723278045654297
35	1	因为	9.737828254699707
35	2	困扰	17.768356323242188
35	3	着	1.425091028213501
35	4	她	7.727612495422363
35	5	的	0.4468197822570801
35	6	疾病	11.853911399841309
35	7	，	0.585681676864624
35	8	她	2.0100502967834473
35	9	拒绝	10.418569564819336
35	10	了	2.2740495204925537
35	11	演出	20.249143600463867
35	12	。	1.644878625869751
36	1	因为	9.737828254699707
36	2	困扰	17.768356323242188
36	3	着	1.425091028213501
36	4	她	7.727612495422363
36	5	的	0.4468197822570801
36	6	疾病	11.853911399841309
36	7	。	4.761377811431885
37	1	因为	9.737828254699707
37	2	听	13.728524208068848
37	3	着	6.565103054046631
37	4	吸引	15.266112327575684
37	5	她	4.3614020347595215
37	6	的	1.2648282051086426
37	7	音乐	9.782777786254883
37	8	，	3.286254405975342
37	9	她	2.5134713649749756
37	10	错过	16.821239471435547
37	11	了	1.0930275917053223
37	12	广播	17.561397552490234
37	13	。	3.6907620429992676
38	1	因为	9.737828254699707
38	2	听	13.728524208068848
38	3	着	6.565103054046631
38	4	吸引	15.266112327575684
38	5	她	4.3614020347595215
38	6	的	1.2648282051086426
38	7	音乐	9.782777786254883
38	8	。	9.352361679077148
39	1	尽管	9.284855842590332
39	2	负责	17.967018127441406
39	3	工程	8.84211254119873
39	4	的	0.8356335163116455
39	5	领导	10.511154174804688
39	6	已经	6.3511505126953125
39	7	离去	17.81947898864746
39	8	，	0.20248153805732727
39	9	工人	20.281469345092773
39	10	还	4.799385070800781
39	11	在	3.8120529651641846
39	12	工作	9.680119514465332
39	13	。	5.5537896156311035
40	1	尽管	9.284855842590332
40	2	负责	17.967018127441406
40	3	工程	8.84211254119873
40	4	的	0.8356335163116455
40	5	领导	10.511154174804688
40	6	已经	6.3511505126953125
40	7	离去	17.81947898864746
40	8	。	8.540786743164062
41	1	尽管	9.284855842590332
41	2	努力	12.831070899963379
41	3	工作	5.063050746917725
41	4	的	5.725979328155518
41	5	他	13.788521766662598
41	6	年纪	17.181686401367188
41	7	小	4.216360092163086
41	8	，	0.28051549196243286
41	9	他	10.071137428283691
41	10	有	8.195267677307129
41	11	能力	3.9877774715423584
41	12	。	12.612839698791504
42	1	尽管	9.284855842590332
42	2	努力	12.831070899963379
42	3	工作	5.063050746917725
42	4	的	5.725979328155518
42	5	他	13.788521766662598
42	6	年纪	17.181686401367188
42	7	小	4.216360092163086
42	8	。	10.899845123291016
43	1	尽管	9.284855842590332
43	2	支持	16.349422454833984
43	3	环保	12.174005508422852
43	4	活动	10.246024131774902
43	5	的	3.050997018814087
43	6	她	13.745336532592773
43	7	会	13.658268928527832
43	8	开车	16.098466873168945
43	9	，	3.498379945755005
43	10	她	5.728344440460205
43	11	今天	7.7349162101745605
43	12	没有	7.790235996246338
43	13	开车	10.144264221191406
43	14	。	6.803043842315674
44	1	尽管	9.284855842590332
44	2	支持	16.349422454833984
44	3	环保	12.174005508422852
44	4	活动	10.246024131774902
44	5	的	3.050997018814087
44	6	她	13.745336532592773
44	7	会	13.658268928527832
44	8	开车	16.098466873168945
44	9	。	10.522677421569824
45	1	尽管	9.284855842590332
45	2	买	14.01322078704834
45	3	了	2.7021708488464355
45	4	房子	5.518951892852783
45	5	的	4.550220489501953
45	6	作家	18.236282348632812
45	7	很	7.18216609954834
45	8	年轻	8.31325626373291
45	9	，	0.02986515685915947
45	10	他	7.175853729248047
45	11	写	11.871929168701172
45	12	了	3.277630090713501
45	13	很多	4.487540245056152
45	14	作品	6.950082778930664
45	15	。	3.898611307144165
46	1	尽管	9.284855842590332
46	2	买	14.01322078704834
46	3	了	2.7021708488464355
46	4	房子	5.518951892852783
46	5	的	4.550220489501953
46	6	作家	18.236282348632812
46	7	很	7.18216609954834
46	8	年轻	8.31325626373291
46	9	。	9.729389190673828
47	1	尽管	9.284855842590332
47	2	热爱	20.101802825927734
47	3	文学	10.903876304626465
47	4	的	3.903886079788208
47	5	父亲	10.02152156829834
47	6	不	6.069577693939209
47	7	同意	7.869532585144043
47	8	他	3.856215476989746
47	9	唱歌	18.879150390625
47	10	，	0.23332886397838593
47	11	他	7.410213470458984
47	12	还是	5.733354091644287
47	13	买	11.54259204864502
47	14	了	1.5584968328475952
47	15	吉他	14.100645065307617
47	16	。	3.5610177516937256
48	1	尽管	9.284855842590332
48	2	热爱	20.101802825927734
48	3	文学	10.903876304626465
48	4	的	3.903886079788208
48	5	父亲	10.02152156829834
48	6	不	6.069577693939209
48	7	同意	7.869532585144043
48	8	他	3.856215476989746
48	9	唱歌	18.879150390625
48	10	。	8.712389945983887
49	1	尽管	9.284855842590332
49	2	影响	12.173316955566406
49	3	他	11.061749458312988
49	4	收入	12.620536804199219
49	5	的	0.828044056892395
49	6	经济	14.229662895202637
49	7	不	8.785085678100586
49	8	好	3.3144454956054688
49	9	，	0.1541411578655243
49	10	他	9.085631370544434
49	11	还是	6.060629844665527
49	12	关心	6.695648193359375
49	13	慈善	12.69371223449707
49	14	。	7.96143102645874
50	1	尽管	9.284855842590332
50	2	影响	12.173316955566406
50	3	他	11.061749458312988
50	4	收入	12.620536804199219
50	5	的	0.828044056892395
50	6	经济	14.229662895202637
50	7	不	8.785085678100586
50	8	好	3.3144454956054688
50	9	。	11.136417388916016
51	1	如果	8.37178897857666
51	2	准备	12.086052894592285
51	3	比赛	10.632124900817871
51	4	的	6.069079399108887
51	5	她	14.068465232849121
51	6	做	12.503318786621094
51	7	完	7.380300998687744
51	8	作业	15.030550003051758
51	9	，	0.8368019461631775
51	10	她	2.539348602294922
51	11	去	9.887834548950195
51	12	健身房	13.874341011047363
51	13	。	7.562016487121582
52	1	如果	8.37178897857666
52	2	准备	12.086052894592285
52	3	比赛	10.632124900817871
52	4	的	6.069079399108887
52	5	她	14.068465232849121
52	6	做	12.503318786621094
52	7	完	7.380300998687744
52	8	作业	15.030550003051758
52	9	。	9.728189468383789
53	1	如果	8.37178897857666
53	2	即将	14.893939971923828
53	3	离开	9.169339179992676
53	4	的	4.75255823135376
53	5	她们	17.30402374267578
53	6	照	17.387784957885742
53	7	了	5.042154312133789
53	8	相	18.359039306640625
53	9	，	6.547418117523193
53	10	她们	5.016829013824463
53	11	就	4.304873466491699
53	12	留下	17.549558639526367
53	13	了	0.11762154847383499
53	14	回忆	14.686969757080078
53	15	。	1.7288291454315186
54	1	如果	8.37178897857666
54	2	即将	14.893939971923828
54	3	离开	9.169339179992676
54	4	的	4.75255823135376
54	5	她们	17.30402374267578
54	6	照	17.387784957885742
54	7	了	5.042154312133789
54	8	相	18.359039306640625
54	9	。	13.301995277404785
55	1	如果	8.37178897857666
55	2	培养	16.41478157043457
55	3	了	5.468130588531494
55	4	支撑	17.07088851928711
55	5	她	6.965311527252197
55	6	努力	12.341253280639648
55	7	的	1.347802996635437
55	8	信心	9.429694175720215
55	9	，	0.22543135285377502
55	10	她	2.4341213703155518
55	11	可以	5.98599100112915
55	12	实现	8.975220680236816
55	13	梦想	11.176278114318848
55	14	。	0.725105345249176
56	1	如果	8.37178897857666
56	2	培养	16.41478157043457
56	3	了	5.468130588531494
56	4	支撑	17.07088851928711
56	5	她	6.965311527252197
56	6	努力	12.341253280639648
56	7	的	1.347802996635437
56	8	信心	9.429694175720215
56	9	。	10.643119812011719
57	1	如果	8.37178897857666
57	2	没有	5.2867279052734375
57	3	工作	10.705781936645508
57	4	的	3.0734620094299316
57	5	他	8.560113906860352
57	6	不	5.451517581939697
57	7	尝试	13.911953926086426
57	8	，	3.4294981956481934
57	9	他	2.149346113204956
57	10	将	2.7048144340515137
57	11	失去	6.620202541351318
57	12	机会	4.896275043487549
57	13	。	0.6026471257209778
58	1	如果	8.37178897857666
58	2	没有	5.2867279052734375
58	3	工作	10.705781936645508
58	4	的	3.0734620094299316
58	5	他	8.560113906860352
58	6	不	5.451517581939697
58	7	尝试	13.911953926086426
58	8	。	10.687891006469727
59	1	如果	8.37178897857666
59	2	喜欢	14.99817180633545
59	3	水果	12.763082504272461
59	4	的	3.4392311573028564
59	5	她	9.916828155517578
59	6	来	8.544340133666992
59	7	，	5.812236309051514
59	8	母亲	8.521407127380371
59	9	会	3.7784037590026855
59	10	准备	10.626090049743652
59	11	水果	10.14188289642334
59	12	。	6.536775588989258
60	1	如果	8.37178897857666
60	2	喜欢	14.99817180633545
60	3	水果	12.763082504272461
60	4	的	3.4392311573028564
60	5	她	9.916828155517578
60	6	来	8.544340133666992
60	7	。	13.929842948913574
