sentence_id	token_id	token	surprisal
1	1	他	4.431591987609863
1	2	喜欢	12.005131721496582
1	3	那	9.312650680541992
1	4	家	7.291368007659912
1	5	亲切	17.314931869506836
1	6	的	0.2832101881504059
1	7	老板	8.618278503417969
1	8	投资	16.905200958251953
1	9	的	2.8971071243286133
1	10	饭店	7.961878776550293
1	11	。	2.9784178733825684
2	1	他	4.431591987609863
2	2	喜欢	12.005131721496582
2	3	那	9.312650680541992
2	4	个	5.275484561920166
2	5	亲切	14.0358247756958
2	6	的	0.28385379910469055
2	7	老板	12.448845863342285
2	8	投资	18.368797302246094
2	9	的	2.631405830383301
2	10	饭店	11.421788215637207
2	11	。	2.3687267303466797
3	1	她	7.158329010009766
3	2	在	4.4502644538879395
3	3	看	13.818106651306152
3	4	那	8.916358947753906
3	5	幅	9.585007667541504
3	6	聪明	15.253791809082031
3	7	的	0.373065322637558
3	8	朋友	11.450728416442871
3	9	喜欢	14.797639846801758
3	10	的	5.842920780181885
3	11	画	10.25283432006836
3	12	。	7.627281188964844
4	1	她	7.158329010009766
4	2	在	4.4502644538879395
4	3	看	13.818106651306152
4	4	那	8.916358947753906
4	5	个	5.9237751960754395
4	6	聪明	17.1120662689209
4	7	的	0.3400217592716217
4	8	朋友	5.877033233642578
4	9	喜欢	15.781335830688477
4	10	的	4.964406967163086
4	11	画	16.177175521850586
4	12	。	5.480729579925537
5	1	我	7.607615947723389
5	2	欣赏	14.626138687133789
5	3	那	7.343357086181641
5	4	件	4.6973161697387695
5	5	细心	17.67277717590332
5	6	的	0.15799802541732788
5	7	老师	10.894213676452637
5	8	收藏	18.515600204467773
5	9	的	1.5606852769851685
5	10	艺术品	10.426511764526367
5	11	。	2.86602783203125
6	1	我	7.607615947723389
6	2	欣赏	14.626138687133789
6	3	那	7.343357086181641
6	4	个	5.998331546783447
6	5	细心	16.716323852539062
6	6	的	0.1896841824054718
6	7	老师	9.085395812988281
6	8	收藏	19.602354049682617
6	9	的	1.8687669038772583
6	10	艺术品	12.45297908782959
6	11	。	2.2276341915130615
7	1	他	4.431591987609863
7	2	打	13.748929023742676
7	3	了	1.9974530935287476
7	4	那	10.927434921264648
7	5	只	11.752239227294922
7	6	负责	16.938505172729492
7	7	的	0.41358646750450134
7	8	店长	23.447349548339844
7	9	喜欢	17.215030670166016
7	10	的	5.569646835327148
7	11	宠物	14.859853744506836
7	12	。	3.172973871231079
8	1	他	4.431591987609863
8	2	打	13.748929023742676
8	3	了	1.9974530935287476
8	4	那	10.927434921264648
8	5	个	5.153257846832275
8	6	负责	17.820615768432617
8	7	的	0.14729826152324677
8	8	店长	23.601778030395508
8	9	喜欢	17.98648452758789
8	10	的	5.342635154724121
8	11	宠物	15.969661712646484
8	12	。	3.0984036922454834
9	1	我	7.607615947723389
9	2	在	6.230135917663574
9	3	思念	15.85462474822998
9	4	那	5.905124187469482
9	5	首	7.950397968292236
9	6	有名	15.70052719116211
9	7	的	0.0549175925552845
9	8	明星	11.493142127990723
9	9	唱	14.171768188476562
9	10	的	2.40079665184021
9	11	歌	1.874154806137085
9	12	。	3.365652561187744
10	1	我	7.607615947723389
10	2	在	6.230135917663574
10	3	思念	15.85462474822998
10	4	那	5.905124187469482
10	5	个	4.997788429260254
10	6	有名	12.33620548248291
10	7	的	0.030466599389910698
10	8	明星	13.18760871887207
10	9	唱	16.17945098876953
10	10	的	2.5760648250579834
10	11	歌	2.516545057296753
10	12	。	3.0912694931030273
11	1	她	7.158329010009766
11	2	拜访	17.568918228149414
11	3	了	0.46403127908706665
11	4	那	10.877692222595215
11	5	所	6.455367565155029
11	6	富有	14.289661407470703
11	7	的	3.79360294342041
11	8	老人	10.369988441467285
11	9	去	11.858241081237793
11	10	的	3.5999321937561035
11	11	学校	5.534201622009277
11	12	。	2.4062891006469727
12	1	她	7.158329010009766
12	2	拜访	17.568918228149414
12	3	了	0.46403127908706665
12	4	那	10.877692222595215
12	5	个	5.539386749267578
12	6	富有	16.15559959411621
12	7	的	7.503890514373779
12	8	老人	11.295090675354004
12	9	去	11.317535400390625
12	10	的	4.83806037902832
12	11	学校	7.279392719268799
12	12	。	2.2071754932403564
13	1	他	4.431591987609863
13	2	检查	17.531723022460938
13	3	了	0.48119261860847473
13	4	那	12.760613441467285
13	5	件	4.842299938201904
13	6	紧张	22.486000061035156
13	7	的	1.390572428703308
13	8	司机	18.620389938354492
13	9	带	13.317221641540527
13	10	的	4.756143093109131
13	11	行李	5.118895530700684
13	12	。	3.0368170738220215
14	1	他	4.431591987609863
14	2	检查	17.531723022460938
14	3	了	0.48119261860847473
14	4	那	12.760613441467285
14	5	个	5.873470783233643
14	6	紧张	17.29300308227539
14	7	的	1.1683117151260376
14	8	司机	18.768991470336914
14	9	带	12.598697662353516
14	10	的	4.447043418884277
14	11	行李	5.088977813720703
14	12	。	3.1240036487579346
15	1	我	7.607615947723389
15	2	听说	9.739665031433105
15	3	过	2.847158193588257
15	4	那	6.064694881439209
15	5	本	5.095406532287598
15	6	有名	16.89643096923828
15	7	的	0.04491768404841423
15	8	作家	11.906084060668945
15	9	写	10.020148277282715
15	10	的	2.4447858333587646
15	11	书	4.410485744476318
15	12	。	5.940973281860352
16	1	我	7.607615947723389
16	2	听说	9.739665031433105
16	3	过	2.847158193588257
16	4	那	6.064694881439209
16	5	个	5.90669059753418
16	6	有名	14.627483367919922
16	7	的	0.0632176399230957
16	8	作家	13.18165111541748
16	9	写	10.949213027954102
16	10	的	2.7797276973724365
16	11	书	5.402259826660156
16	12	。	5.6676154136657715
17	1	她	7.158329010009766
17	2	撞	21.0957088470459
17	3	了	1.0803322792053223
17	4	那	7.93134880065918
17	5	辆	4.218483924865723
17	6	熟悉	18.595294952392578
17	7	的	1.1068600416183472
17	8	朋友	17.57103157043457
17	9	开	13.652482032775879
17	10	的	4.382302761077881
17	11	车	4.849069595336914
17	12	。	3.9417150020599365
18	1	她	7.158329010009766
18	2	撞	21.0957088470459
18	3	了	1.0803322792053223
18	4	那	7.93134880065918
18	5	个	4.779696464538574
18	6	熟悉	16.70951271057129
18	7	的	1.128746747970581
18	8	朋友	7.2143874168396
18	9	开	14.060400009155273
18	10	的	5.7689409255981445
18	11	车	6.202115535736084
18	12	。	3.744858980178833
19	1	我们	7.795909404754639
19	2	认可	18.022605895996094
19	3	了	2.5305795669555664
19	4	那	7.482117652893066
19	5	份	7.434108257293701
19	6	淘气	20.401641845703125
19	7	的	0.18570800125598907
19	8	孩子	7.155112266540527
19	9	做	11.905852317810059
19	10	的	1.102426528930664
19	11	作业	13.249944686889648
19	12	。	3.2213523387908936
20	1	我们	7.795909404754639
20	2	认可	18.022605895996094
20	3	了	2.5305795669555664
20	4	那	7.482117652893066
20	5	个	5.179067134857178
20	6	淘气	20.49170684814453
20	7	的	0.10164360702037811
20	8	孩子	5.1371989250183105
20	9	做	11.869762420654297
20	10	的	1.800686240196228
20	11	作业	14.229290962219238
20	12	。	2.952864408493042
21	1	他们	7.378721714019775
21	2	接受	12.893623352050781
21	3	了	1.6786974668502808
21	4	那	9.567445755004883
21	5	份	3.4728331565856934
21	6	严格	15.190784454345703
21	7	的	0.10806065052747726
21	8	老板	15.235652923583984
21	9	制定	11.6099214553833
21	10	的	1.0997655391693115
21	11	合同	6.99699068069458
21	12	。	5.443713665008545
22	1	他们	7.378721714019775
22	2	接受	12.893623352050781
22	3	了	1.6786974668502808
22	4	那	9.567445755004883
22	5	个	5.941063404083252
22	6	严格	12.6947603225708
22	7	的	0.06977196037769318
22	8	老板	17.035110473632812
22	9	制定	11.438265800476074
22	10	的	1.4852471351623535
22	11	合同	8.889198303222656
22	12	。	4.728321075439453
23	1	他	4.431591987609863
23	2	离开	13.405238151550293
23	3	了	2.607980966567993
23	4	那	8.011378288269043
23	5	间	8.901410102844238
23	6	负责	11.925525665283203
23	7	的	1.9048925638198853
23	8	朋友	14.796087265014648
23	9	开	13.745750427246094
23	10	的	6.127201557159424
23	11	工厂	13.24798583984375
23	12	。	3.7704923152923584
24	1	他	4.431591987609863
24	2	离开	13.405238151550293
24	3	了	2.607980966567993
24	4	那	8.011378288269043
24	5	个	4.99191951751709
24	6	负责	14.5997953414917
24	7	的	0.7561978101730347
24	8	朋友	11.873971939086914
24	9	开	14.257980346679688
24	10	的	7.131183624267578
24	11	工厂	11.992369651794434
24	12	。	3.3930323123931885
25	1	她	7.158329010009766
25	2	找	17.26119613647461
25	3	了	1.4661675691604614
25	4	那	11.362521171569824
25	5	张	4.7986531257629395
25	6	聪明	14.827925682067871
25	7	的	0.08610738813877106
25	8	孩子	5.421743869781494
25	9	照	16.42424201965332
25	10	的	9.270684242248535
25	11	照片	8.198773384094238
25	12	。	6.408088684082031
26	1	她	7.158329010009766
26	2	找	17.26119613647461
26	3	了	1.4661675691604614
26	4	那	11.362521171569824
26	5	个	5.189251899719238
26	6	聪明	12.586057662963867
26	7	的	0.14619699120521545
26	8	孩子	1.3602584600448608
26	9	照	17.244712829589844
26	10	的	8.89798355102539
26	11	照片	12.027178764343262
26	12	。	5.555969715118408
27	1	我	7.607615947723389
27	2	需要	9.012733459472656
27	3	那	11.296927452087402
27	4	台	11.690282821655273
27	5	负责	15.72897720336914
27	6	的	0.9433265328407288
27	7	老师	12.125737190246582
27	8	用	9.499825477600098
27	9	的	7.862234115600586
27	10	手机	8.251228332519531
27	11	。	7.867537498474121
28	1	我	7.607615947723389
28	2	需要	9.012733459472656
28	3	那	11.296927452087402
28	4	个	4.8131585121154785
28	5	负责	13.02315616607666
28	6	的	0.33421435952186584
28	7	老师	15.04845142364502
28	8	用	9.5962553024292
28	9	的	7.719322204589844
28	10	手机	8.596210479736328
28	11	。	6.834605693817139
29	1	他	4.431591987609863
29	2	在	5.2924323081970215
29	3	画	15.955945014953613
29	4	那	11.056605339050293
29	5	朵	10.888350486755371
29	6	细心	18.665761947631836
29	7	的	0.5362844467163086
29	8	邻居	12.916781425476074
29	9	种	16.60162925720215
29	10	的	6.951655387878418
29	11	花	9.153951644897461
29	12	。	12.613862037658691
30	1	他	4.431591987609863
30	2	在	5.2924323081970215
30	3	画	15.955945014953613
30	4	那	11.056605339050293
30	5	个	6.225350856781006
30	6	细心	16.184423446655273
30	7	的	0.21536828577518463
30	8	邻居	10.182825088500977
30	9	种	16.889774322509766
30	10	的	6.443750858306885
30	11	花	10.317885398864746
30	12	。	9.185356140136719
31	1	她	7.158329010009766
31	2	在	4.4502644538879395
31	3	介绍	7.070122241973877
31	4	那	14.183223724365234
31	5	台	11.041243553161621
31	6	优秀	13.798115730285645
31	7	的	3.262899875640869
31	8	科学家	12.924491882324219
31	9	做	16.641769409179688
31	10	的	2.7612109184265137
31	11	电视	12.757875442504883
31	12	。	11.030783653259277
32	1	她	7.158329010009766
32	2	在	4.4502644538879395
32	3	介绍	7.070122241973877
32	4	那	14.183223724365234
32	5	个	5.985166549682617
32	6	优秀	13.934677124023438
32	7	的	0.5766244530677795
32	8	科学家	7.956242084503174
32	9	做	15.325494766235352
32	10	的	2.5225353240966797
32	11	电视	14.321697235107422
32	12	。	10.303022384643555
33	1	我	7.607615947723389
33	2	见	12.541717529296875
33	3	过	0.14034581184387207
33	4	那	4.70941686630249
33	5	栋	8.023870468139648
33	6	富有	15.096245765686035
33	7	的	5.67588996887207
33	8	男人	13.33052921295166
33	9	买	16.284276962280273
33	10	的	2.2239766120910645
33	11	房子	1.9773645401000977
33	12	。	4.23841667175293
34	1	我	7.607615947723389
34	2	见	12.541717529296875
34	3	过	0.14034581184387207
34	4	那	4.70941686630249
34	5	个	5.822712421417236
34	6	富有	17.265918731689453
34	7	的	4.793015480041504
34	8	男人	10.574427604675293
34	9	买	17.523582458496094
34	10	的	2.961392879486084
34	11	房子	4.464323043823242
34	12	。	4.843505859375
35	1	我	7.607615947723389
35	2	拒绝	13.147806167602539
35	3	了	4.51042366027832
35	4	那	6.166957378387451
35	5	条	7.438058376312256
35	6	紧张	16.111169815063477
35	7	的	1.2817213535308838
35	8	朋友	12.116683006286621
35	9	给	5.261441230773926
35	10	的	9.789033889770508
35	11	建议	10.610608100891113
35	12	。	0.699967622756958
36	1	我	7.607615947723389
36	2	拒绝	13.147806167602539
36	3	了	4.51042366027832
36	4	那	6.166957378387451
36	5	个	5.395421981811523
36	6	紧张	15.98548412322998
36	7	的	0.8650835752487183
36	8	朋友	9.361412048339844
36	9	给	6.064317226409912
36	10	的	8.94963550567627
36	11	建议	10.648123741149902
36	12	。	1.187159538269043
37	1	他	4.431591987609863
37	2	在	5.2924323081970215
37	3	看	13.824117660522461
37	4	那	8.64828872680664
37	5	支	12.721224784851074
37	6	负责	15.697614669799805
37	7	的	1.1783908605575562
37	8	老师	13.401753425598145
37	9	用	8.303163528442383
37	10	的	5.6691975593566895
37	11	笔	9.658641815185547
37	12	。	13.904117584228516
38	1	他	4.431591987609863
38	2	在	5.2924323081970215
38	3	看	13.824117660522461
38	4	那	8.64828872680664
38	5	个	6.203533172607422
38	6	负责	17.155433654785156
38	7	的	0.5348008275032043
38	8	老师	11.638797760009766
38	9	用	9.302285194396973
38	10	的	5.55709171295166
38	11	笔	10.65806770324707
38	12	。	12.501049995422363
39	1	她	7.158329010009766
39	2	在	4.4502644538879395
39	3	找	15.283452987670898
39	4	那	10.409689903259277
39	5	只	6.219361782073975
39	6	内向	21.094491958618164
39	7	的	7.007358074188232
39	8	女人	8.844891548156738
39	9	丢	15.911391258239746
39	10	的	9.63061809539795
39	11	鞋子	14.809771537780762
39	12	。	10.607013702392578
40	1	她	7.158329010009766
40	2	在	4.4502644538879395
40	3	找	15.283452987670898
40	4	那	10.409689903259277
40	5	个	4.9949469566345215
40	6	内向	20.82218360900879
40	7	的	4.919528484344482
40	8	女人	8.880213737487793
40	9	丢	16.032461166381836
40	10	的	7.877195835113525
40	11	鞋子	14.520440101623535
40	12	。	9.221630096435547
41	1	我	7.607615947723389
41	2	讨厌	13.994184494018555
41	3	那	5.738887786865234
41	4	条	7.727331638336182
41	5	孤独	17.936382293701172
41	6	的	0.6727025508880615
41	7	邻居	10.249031066894531
41	8	养	16.09306526184082
41	9	的	5.095541477203369
41	10	狗	9.9058198928833
41	11	。	2.0008370876312256
42	1	我	7.607615947723389
42	2	讨厌	13.994184494018555
42	3	那	5.738887786865234
42	4	个	6.952091693878174
42	5	孤独	16.732219696044922
42	6	的	1.1797688007354736
42	7	邻居	9.649858474731445
42	8	养	16.386533737182617
42	9	的	5.146430492401123
42	10	狗	9.937103271484375
42	11	。	2.4299373626708984
43	1	他	4.431591987609863
43	2	发现	11.390987396240234
43	3	了	5.4160284996032715
43	4	那	10.096090316772461
43	5	座	5.665708541870117
43	6	幽默	17.50247573852539
43	7	的	0.2777959108352661
43	8	老人	11.017078399658203
43	9	修	18.139150619506836
43	10	的	4.291306495666504
43	11	桥	10.143799781799316
43	12	。	1.641252040863037
44	1	他	4.431591987609863
44	2	发现	11.390987396240234
44	3	了	5.4160284996032715
44	4	那	10.096090316772461
44	5	个	6.8371453285217285
44	6	幽默	16.37495994567871
44	7	的	0.15479756891727448
44	8	老人	11.573465347290039
44	9	修	20.17772102355957
44	10	的	3.6556966304779053
44	11	桥	12.89322280883789
44	12	。	1.8124862909317017
45	1	她	7.158329010009766
45	2	评价	13.841238021850586
45	3	了	6.929157733917236
45	4	那	12.806811332702637
45	5	篇	9.204151153564453
45	6	认真	14.268561363220215
45	7	的	2.13512921333313
45	8	学生	17.31352424621582
45	9	准备	12.442512512207031
45	10	的	3.961379289627075
45	11	报告	7.760932922363281
45	12	。	0.31186261773109436
46	1	她	7.158329010009766
46	2	评价	13.841238021850586
46	3	了	6.929157733917236
46	4	那	12.806811332702637
46	5	个	7.976544380187988
46	6	认真	14.420695304870605
46	7	的	1.3623522520065308
46	8	学生	15.120713233947754
46	9	准备	11.891486167907715
46	10	的	3.804511308670044
46	11	报告	13.589746475219727
46	12	。	0.3625358045101166
47	1	我	7.607615947723389
47	2	在	6.230135917663574
47	3	等	10.093762397766113
47	4	那	7.030178546905518
47	5	封	8.762803077697754
47	6	亲切	14.271210670471191
47	7	的	0.4105058014392853
47	8	朋友	12.917489051818848
47	9	写	10.790047645568848
47	10	的	4.881914138793945
47	11	信	3.5685505867004395
47	12	。	9.262959480285645
48	1	我	7.607615947723389
48	2	在	6.230135917663574
48	3	等	10.093762397766113
48	4	那	7.030178546905518
48	5	个	4.966531276702881
48	6	亲切	15.474906921386719
48	7	的	0.45909035205841064
48	8	朋友	8.544609069824219
48	9	写	10.004754066467285
48	10	的	4.557369709014893
48	11	信	6.72406530380249
48	12	。	8.405972480773926
49	1	他	4.431591987609863
49	2	提到	14.165450096130371
49	3	了	5.365979194641113
49	4	那	11.716513633728027
49	5	堂	19.5681095123291
49	6	有名	17.049531936645508
49	7	的	0.22838275134563446
49	8	老师	7.432580947875977
49	9	教	13.917075157165527
49	10	的	9.324812889099121
49	11	课	6.766977310180664
49	12	。	2.4150989055633545
50	1	他	4.431591987609863
50	2	提到	14.165450096130371
50	3	了	5.365979194641113
50	4	那	11.716513633728027
50	5	个	6.538254737854004
50	6	有名	14.929800033569336
50	7	的	0.0610741563141346
50	8	老师	11.730538368225098
50	9	教	15.794794082641602
50	10	的	9.421364784240723
50	11	课	9.302644729614258
50	12	。	2.615654945373535
51	1	她	7.158329010009766
51	2	推荐	17.343229293823242
51	3	了	1.7146893739700317
51	4	那	13.368614196777344
51	5	块	10.375753402709961
51	6	细心	18.327281951904297
51	7	的	0.12107119709253311
51	8	医生	12.479928016662598
51	9	喜欢	15.225143432617188
51	10	的	5.52394437789917
51	11	手表	14.613385200500488
51	12	。	3.367499351501465
52	1	她	7.158329010009766
52	2	推荐	17.343229293823242
52	3	了	1.7146893739700317
52	4	那	13.368614196777344
52	5	个	6.4467034339904785
52	6	细心	16.373029708862305
52	7	的	0.08326619118452072
52	8	医生	9.258935928344727
52	9	喜欢	17.450965881347656
52	10	的	5.550391674041748
52	11	手表	17.209365844726562
52	12	。	4.3225789070129395
53	1	我	7.607615947723389
53	2	选择	11.101524353027344
53	3	了	1.865592122077942
53	4	那	8.500985145568848
53	5	篇	8.670957565307617
53	6	优秀	17.516286849975586
53	7	的	0.5614480376243591
53	8	学生	15.204099655151367
53	9	写	8.227315902709961
53	10	的	3.5465433597564697
53	11	论文	7.690706253051758
53	12	。	3.5322916507720947
54	1	我	7.607615947723389
54	2	选择	11.101524353027344
54	3	了	1.865592122077942
54	4	那	8.500985145568848
54	5	个	4.482144832611084
54	6	优秀	11.781994819641113
54	7	的	0.1906466782093048
54	8	学生	7.986947059631348
54	9	写	11.745471000671387
54	10	的	4.149499893188477
54	11	论文	8.723299980163574
54	12	。	3.3615598678588867
55	1	她	7.158329010009766
55	2	喜欢	10.334497451782227
55	3	那	9.801835060119629
55	4	场	6.3796000480651855
55	5	专业	13.872786521911621
55	6	的	2.702023506164551
55	7	演员	11.426424980163574
55	8	准备	12.67837142944336
55	9	的	6.122918128967285
55	10	表演	4.001518726348877
55	11	。	2.8244240283966064
56	1	她	7.158329010009766
56	2	喜欢	10.334497451782227
56	3	那	9.801835060119629
56	4	个	4.698352813720703
56	5	专业	12.73227596282959
56	6	的	1.7279434204101562
56	7	演员	9.909759521484375
56	8	准备	13.400858879089355
56	9	的	5.952381610870361
56	10	表演	6.103730201721191
56	11	。	2.8295845985412598
57	1	他	4.431591987609863
57	2	称赞	9.939199447631836
57	3	了	7.993058681488037
57	4	那	10.962739944458008
57	5	间	12.448691368103027
57	6	勇敢	14.970759391784668
57	7	的	0.3120006024837494
57	8	警察	15.294417381286621
57	9	工作	6.4649338722229
57	10	的	6.230175495147705
57	11	办公室	18.550504684448242
57	12	。	2.4295670986175537
58	1	他	4.431591987609863
58	2	称赞	9.939199447631836
58	3	了	7.993058681488037
58	4	那	10.962739944458008
58	5	个	8.154348373413086
58	6	勇敢	13.233795166015625
58	7	的	0.2494913786649704
58	8	警察	14.67415714263916
58	9	工作	7.440197944641113
58	10	的	6.97197151184082
58	11	办公室	18.490018844604492
58	12	。	1.8983814716339111
59	1	我	7.607615947723389
59	2	听说	9.739665031433105
59	3	过	2.847158193588257
59	4	那	6.064694881439209
59	5	首	7.356051445007324
59	6	聪明	18.59065055847168
59	7	的	0.5891025066375732
59	8	孩子	4.175180912017822
59	9	写	12.224709510803223
59	10	的	3.7159337997436523
59	11	诗	13.184743881225586
59	12	。	6.262649059295654
60	1	我	7.607615947723389
60	2	听说	9.739665031433105
60	3	过	2.847158193588257
60	4	那	6.064694881439209
60	5	个	5.90669059753418
60	6	聪明	17.02207374572754
60	7	的	0.3211219012737274
60	8	孩子	2.7921576499938965
60	9	写	13.028162002563477
60	10	的	3.9705586433410645
60	11	诗	14.200349807739258
60	12	。	5.65362548828125
61	1	我	7.607615947723389
61	2	选择	11.101524353027344
61	3	了	1.865592122077942
61	4	那	8.500985145568848
61	5	家	7.358492851257324
61	6	细心	17.631471633911133
61	7	的	0.10915569961071014
61	8	朋友	2.9602572917938232
61	9	去	6.44705867767334
61	10	的	10.259071350097656
61	11	银行	10.509965896606445
61	12	。	2.577104330062866
62	1	我	7.607615947723389
62	2	选择	11.101524353027344
62	3	了	1.865592122077942
62	4	那	8.500985145568848
62	5	个	4.482144832611084
62	6	细心	16.178781509399414
62	7	的	0.066783607006073
62	8	朋友	4.000391960144043
62	9	去	5.713769435882568
62	10	的	10.931445121765137
62	11	银行	11.309699058532715
62	12	。	3.005005359649658
