sentence_id	token_id	token	surprisal
1	1	随着	8.406139373779297
1	2	政府	9.126639366149902
1	3	发展	9.166620254516602
1	4	，	3.6902241706848145
1	5	经济	7.6827263832092285
1	6	变	18.081680297851562
1	7	好	14.260148048400879
1	8	了	0.4915759265422821
1	9	。	5.059518814086914
2	1	随着	8.406139373779297
2	2	政府	9.126639366149902
2	3	发展	9.166620254516602
2	4	。	13.609456062316895
3	1	随着	8.406139373779297
3	2	互联网	13.368782043457031
3	3	的	1.21513831615448
3	4	出现	7.7384843826293945
3	5	，	0.22668001055717468
3	6	生活	14.69417667388916
3	7	质量	6.290637016296387
3	8	提高	7.228886604309082
3	9	了	4.0310235023498535
3	10	。	3.3726613521575928
4	1	随着	8.406139373779297
4	2	互联网	13.368782043457031
4	3	的	1.21513831615448
4	4	出现	7.7384843826293945
4	5	。	15.738755226135254
5	1	随着	8.406139373779297
5	2	一阵	14.071277618408203
5	3	铃声	17.444644927978516
5	4	，	4.160543918609619
5	5	火车	14.361702919006348
5	6	开	11.342013359069824
5	7	了	2.498753547668457
5	8	。	7.057184219360352
6	1	随着	8.406139373779297
6	2	一阵	14.071277618408203
6	3	铃声	17.444644927978516
6	4	。	9.334124565124512
7	1	随着	8.406139373779297
7	2	他	12.685837745666504
7	3	的	1.6294420957565308
7	4	年龄	9.992258071899414
7	5	增长	8.728976249694824
7	6	，	0.3766893744468689
7	7	他	5.024320125579834
7	8	更	8.78022289276123
7	9	有	5.477969169616699
7	10	自信	8.790966987609863
7	11	了	8.669466972351074
7	12	。	1.1718871593475342
8	1	随着	8.406139373779297
8	2	他	12.685837745666504
8	3	的	1.6294420957565308
8	4	年龄	9.992258071899414
8	5	增长	8.728976249694824
8	6	。	11.347113609313965
9	1	随着	8.406139373779297
9	2	冬天	15.703824996948242
9	3	的	2.456317663192749
9	4	到来	2.472013473510742
9	5	，	0.09723807871341705
9	6	树木	15.621896743774414
9	7	凋零	19.95380401611328
9	8	了	13.659672737121582
9	9	。	1.7728804349899292
10	1	随着	8.406139373779297
10	2	冬天	15.703824996948242
10	3	的	2.456317663192749
10	4	到来	2.472013473510742
10	5	。	13.141392707824707
11	1	随着	8.406139373779297
11	2	科技	8.275933265686035
11	3	发展	7.415518760681152
11	4	，	1.860709547996521
11	5	电脑	13.293846130371094
11	6	功能	11.886033058166504
11	7	变得	14.327743530273438
11	8	更	7.438482761383057
11	9	多	9.257762908935547
11	10	了	3.125926971435547
11	11	。	1.6088688373565674
12	1	随着	8.406139373779297
12	2	科技	8.275933265686035
12	3	发展	7.415518760681152
12	4	。	12.573370933532715
13	1	自从	12.063105583190918
13	2	见	17.221019744873047
13	3	了	5.1219000816345215
13	4	他	7.406553745269775
13	5	，	6.0707173347473145
13	6	她	7.495870113372803
13	7	一直	6.477348327636719
13	8	在	1.923930287361145
13	9	写信	14.693754196166992
13	10	。	4.917436599731445
14	1	自从	12.063105583190918
14	2	见	17.221019744873047
14	3	了	5.1219000816345215
14	4	他	7.406553745269775
14	5	。	12.18661880493164
15	1	自从	12.063105583190918
15	2	修	16.896617889404297
15	3	了	4.742025375366211
15	4	公路	6.630368709564209
15	5	，	3.051257371902466
15	6	农村	9.003812789916992
15	7	经济	5.915034770965576
15	8	变	11.242246627807617
15	9	好	15.81912612915039
15	10	了	0.05156908184289932
15	11	。	2.5011041164398193
16	1	自从	12.063105583190918
16	2	修	16.896617889404297
16	3	了	4.742025375366211
16	4	公路	6.630368709564209
16	5	。	8.658910751342773
17	1	自从	12.063105583190918
17	2	离开	16.151870727539062
17	3	家乡	9.519500732421875
17	4	，	6.634607791900635
17	5	她	5.8413920402526855
17	6	一直	5.59083890914917
17	7	想念	15.281657218933105
17	8	父母	6.093013763427734
17	9	。	3.2230138778686523
18	1	自从	12.063105583190918
18	2	离开	16.151870727539062
18	3	家乡	9.519500732421875
18	4	。	16.891481399536133
19	1	自从	12.063105583190918
19	2	他	6.46872615814209
19	3	开始	7.639787197113037
19	4	读书	9.519453048706055
19	5	，	2.6790058612823486
19	6	他	4.321348667144775
19	7	的	3.4650259017944336
19	8	成绩	9.108972549438477
19	9	提高	7.462645053863525
19	10	了	0.26923128962516785
19	11	。	4.836419582366943
20	1	自从	12.063105583190918
20	2	他	6.46872615814209
20	3	开始	7.639787197113037
20	4	读书	9.519453048706055
20	5	。	8.243648529052734
21	1	自从	12.063105583190918
21	2	他	6.46872615814209
21	3	获得	7.410539627075195
21	4	大奖	14.821354866027832
21	5	，	11.720563888549805
21	6	他	5.679576873779297
21	7	不	10.512377738952637
21	8	学习	14.92478084564209
21	9	了	7.961155414581299
21	10	。	5.572411060333252
22	1	自从	12.063105583190918
22	2	他	6.46872615814209
22	3	获得	7.410539627075195
22	4	大奖	14.821354866027832
22	5	。	15.519774436950684
23	1	自从	12.063105583190918
23	2	她	10.095226287841797
23	3	认识	13.287323951721191
23	4	了	8.498412132263184
23	5	老师	13.830820083618164
23	6	，	3.979288339614868
23	7	她	4.185914039611816
23	8	努力	13.331443786621094
23	9	训练	11.437746047973633
23	10	。	6.360918045043945
24	1	自从	12.063105583190918
24	2	她	10.095226287841797
24	3	认识	13.287323951721191
24	4	了	8.498412132263184
24	5	老师	13.830820083618164
24	6	。	9.49808406829834
25	1	自从	12.063105583190918
25	2	她	10.095226287841797
25	3	参与	12.415513038635254
25	4	了	4.824137210845947
25	5	活动	13.283050537109375
25	6	，	4.52336311340332
25	7	她	3.3520429134368896
25	8	认识	12.074313163757324
25	9	了	3.74713397026062
25	10	很多	8.241060256958008
25	11	人	2.8440141677856445
25	12	。	4.544028282165527
26	1	自从	12.063105583190918
26	2	她	10.095226287841797
26	3	参与	12.415513038635254
26	4	了	4.824137210845947
26	5	活动	13.283050537109375
26	6	。	9.01640796661377
27	1	自从	12.063105583190918
27	2	她	10.095226287841797
27	3	学习	13.37216854095459
27	4	了	5.824061870574951
27	5	外语	10.50427532196045
27	6	，	4.317296981811523
27	7	她	5.633716106414795
27	8	看	10.511550903320312
27	9	了	1.5686237812042236
27	10	很多	6.130351543426514
27	11	电影	8.395612716674805
27	12	。	3.653794050216675
28	1	自从	12.063105583190918
28	2	她	10.095226287841797
28	3	学习	13.37216854095459
28	4	了	5.824061870574951
28	5	外语	10.50427532196045
28	6	。	7.783888816833496
29	1	因为	9.737828254699707
29	2	喝	12.297462463378906
29	3	了	3.346886157989502
29	4	酒	5.710747241973877
29	5	，	0.5125522613525391
29	6	他	7.0046796798706055
29	7	摔	13.329354286193848
29	8	了	0.35683342814445496
29	9	。	5.404238224029541
30	1	因为	9.737828254699707
30	2	喝	12.297462463378906
30	3	了	3.346886157989502
30	4	酒	5.710747241973877
30	5	。	5.9523210525512695
31	1	因为	9.737828254699707
31	2	他	5.186984062194824
31	3	要	7.043449401855469
31	4	迟到	18.532730102539062
31	5	了	3.7785069942474365
31	6	，	1.1961058378219604
31	7	他	3.7720890045166016
31	8	结束	15.619482040405273
31	9	了	0.39525654911994934
31	10	谈话	13.057354927062988
31	11	。	2.1256589889526367
32	1	因为	9.737828254699707
32	2	他	5.186984062194824
32	3	要	7.043449401855469
32	4	迟到	18.532730102539062
32	5	了	3.7785069942474365
32	6	。	4.002134799957275
33	1	因为	9.737828254699707
33	2	他	5.186984062194824
33	3	没有	6.689842224121094
33	4	练习	14.263754844665527
33	5	题目	17.22420883178711
33	6	，	0.873376190662384
33	7	他	4.667405605316162
33	8	没有	4.737423896789551
33	9	成功	9.849428176879883
33	10	。	1.6547846794128418
34	1	因为	9.737828254699707
34	2	他	5.186984062194824
34	3	没有	6.689842224121094
34	4	练习	14.263754844665527
34	5	题目	17.22420883178711
34	6	。	2.6017909049987793
35	1	因为	9.737828254699707
35	2	疾病	15.05912971496582
35	3	，	4.962730407714844
35	4	她	8.266122817993164
35	5	拒绝	10.173356056213379
35	6	了	1.398618221282959
35	7	演出	21.518474578857422
35	8	。	3.2309317588806152
36	1	因为	9.737828254699707
36	2	疾病	15.05912971496582
36	3	。	12.01165771484375
37	1	因为	9.737828254699707
37	2	听	13.728524208068848
37	3	着	6.565103054046631
37	4	音乐	10.45001220703125
37	5	，	3.45461368560791
37	6	她	5.753789901733398
37	7	错过	16.772249221801758
37	8	了	0.6623188257217407
37	9	广播	15.6183500289917
37	10	。	4.8633832931518555
38	1	因为	9.737828254699707
38	2	听	13.728524208068848
38	3	着	6.565103054046631
38	4	音乐	10.45001220703125
38	5	。	11.128145217895508
39	1	尽管	9.284855842590332
39	2	领导	15.106595039367676
39	3	已经	7.445642948150635
39	4	离去	19.46294403076172
39	5	，	0.45157960057258606
39	6	工人	15.726593017578125
39	7	还	4.813377857208252
39	8	在	4.231159210205078
39	9	工作	9.159317016601562
39	10	。	5.986114978790283
40	1	尽管	9.284855842590332
40	2	领导	15.106595039367676
40	3	已经	7.445642948150635
40	4	离去	19.46294403076172
40	5	。	12.046542167663574
41	1	尽管	9.284855842590332
41	2	他	7.581676006317139
41	3	年纪	14.878125190734863
41	4	小	4.965543746948242
41	5	，	0.21663738787174225
41	6	他	8.193992614746094
41	7	有	7.266972541809082
41	8	能力	5.151306629180908
41	9	。	12.320427894592285
42	1	尽管	9.284855842590332
42	2	他	7.581676006317139
42	3	年纪	14.878125190734863
42	4	小	4.965543746948242
42	5	。	13.844549179077148
43	1	尽管	9.284855842590332
43	2	她	8.183673858642578
43	3	会	13.40785026550293
43	4	开车	13.083939552307129
43	5	，	2.239025592803955
43	6	她	4.37669563293457
43	7	今天	7.267030715942383
43	8	没有	7.0607709884643555
43	9	开车	9.903884887695312
43	10	。	6.0835795402526855
44	1	尽管	9.284855842590332
44	2	她	8.183673858642578
44	3	会	13.40785026550293
44	4	开车	13.083939552307129
44	5	。	11.643059730529785
45	1	尽管	9.284855842590332
45	2	作家	14.344797134399414
45	3	很	9.28941535949707
45	4	年轻	7.229076862335205
45	5	，	0.03284851089119911
45	6	他	7.258035182952881
45	7	写	12.31427001953125
45	8	了	3.052560567855835
45	9	很多	4.624364852905273
45	10	作品	6.430365085601807
45	11	。	5.9497761726379395
46	1	尽管	9.284855842590332
46	2	作家	14.344797134399414
46	3	很	9.28941535949707
46	4	年轻	7.229076862335205
46	5	。	14.29360294342041
47	1	尽管	9.284855842590332
47	2	父亲	15.208257675170898
47	3	不	6.642472267150879
47	4	同意	7.466629505157471
47	5	他	2.398576259613037
47	6	唱歌	18.827056884765625
47	7	，	0.14910267293453217
47	8	他	6.142946243286133
47	9	还是	5.646446228027344
47	10	买	10.690189361572266
47	11	了	1.600420594215393
47	12	吉他	14.527498245239258
47	13	。	3.7556979656219482
48	1	尽管	9.284855842590332
48	2	父亲	15.208257675170898
48	3	不	6.642472267150879
48	4	同意	7.466629505157471
48	5	他	2.398576259613037
48	6	唱歌	18.827056884765625
48	7	。	9.392813682556152
49	1	尽管	9.284855842590332
49	2	经济	9.32895278930664
49	3	不	5.955503940582275
49	4	好	8.77824878692627
49	5	，	0.16405895352363586
49	6	他	11.167874336242676
49	7	还是	5.635662078857422
49	8	关心	7.215817451477051
49	9	慈善	13.073267936706543
49	10	。	7.504255771636963
50	1	尽管	9.284855842590332
50	2	经济	9.32895278930664
50	3	不	5.955503940582275
50	4	好	8.77824878692627
50	5	。	13.755891799926758
51	1	如果	8.37178897857666
51	2	她	8.511691093444824
51	3	做	10.42920970916748
51	4	完	8.645139694213867
51	5	作业	13.07116985321045
51	6	，	0.5250930190086365
51	7	她	3.111217737197876
51	8	去	9.752490997314453
51	9	健身房	15.498857498168945
51	10	。	8.230143547058105
52	1	如果	8.37178897857666
52	2	她	8.511691093444824
52	3	做	10.42920970916748
52	4	完	8.645139694213867
52	5	作业	13.07116985321045
52	6	。	12.948580741882324
53	1	如果	8.37178897857666
53	2	她们	11.631577491760254
53	3	照	16.18585205078125
53	4	了	5.216801166534424
53	5	相	18.189167022705078
53	6	，	6.540943145751953
53	7	她们	4.948062419891357
53	8	就	2.6064279079437256
53	9	留下	17.41901397705078
53	10	了	0.13127687573432922
53	11	回忆	16.55682945251465
53	12	。	1.609947681427002
54	1	如果	8.37178897857666
54	2	她们	11.631577491760254
54	3	照	16.18585205078125
54	4	了	5.216801166534424
54	5	相	18.189167022705078
54	6	。	13.656036376953125
55	1	如果	8.37178897857666
55	2	培养	16.41478157043457
55	3	了	5.468130588531494
55	4	信心	14.550155639648438
55	5	，	0.8556868433952332
55	6	她	8.287450790405273
55	7	可以	6.232309341430664
55	8	实现	8.846060752868652
55	9	梦想	11.664325714111328
55	10	。	1.1299347877502441
56	1	如果	8.37178897857666
56	2	培养	16.41478157043457
56	3	了	5.468130588531494
56	4	信心	14.550155639648438
56	5	。	10.966731071472168
57	1	如果	8.37178897857666
57	2	他	6.349599838256836
57	3	不	4.248939514160156
57	4	尝试	10.485027313232422
57	5	，	3.7298991680145264
57	6	他	2.074277639389038
57	7	将	1.9061987400054932
57	8	失去	6.829474449157715
57	9	机会	3.9912962913513184
57	10	。	1.2818593978881836
58	1	如果	8.37178897857666
58	2	他	6.349599838256836
58	3	不	4.248939514160156
58	4	尝试	10.485027313232422
58	5	。	14.196332931518555
59	1	如果	8.37178897857666
59	2	她	8.511691093444824
59	3	来	10.672436714172363
59	4	，	5.306405544281006
59	5	母亲	8.591153144836426
59	6	会	4.144239902496338
59	7	准备	11.808481216430664
59	8	水果	15.161423683166504
59	9	。	6.580071449279785
60	1	如果	8.37178897857666
60	2	她	8.511691093444824
60	3	来	10.672436714172363
60	4	。	12.79301643371582
