sentence_id	token_id	token	surprisal
1	1	那	9.678359985351562
1	2	位	6.62550687789917
1	3	教授	7.430790424346924
1	4	写	11.210236549377441
1	5	了	1.9010688066482544
1	6	读者	17.554929733276367
1	7	喜欢	12.037761688232422
1	8	的	2.0993707180023193
1	9	书	2.375816822052002
1	10	的	8.632254600524902
1	11	内容	6.229231357574463
1	12	。	1.4378081560134888
2	1	那	9.678359985351562
2	2	位	6.62550687789917
2	3	教授	7.430790424346924
2	4	打	13.547571182250977
2	5	了	2.2309987545013428
2	6	读者	21.9614200592041
2	7	喜欢	12.205336570739746
2	8	的	1.982625126838684
2	9	书	4.170233726501465
2	10	的	8.844633102416992
2	11	内容	7.667444705963135
2	12	。	2.0119755268096924
3	1	弟弟	17.755962371826172
3	2	启动	21.99005889892578
3	3	了	0.9300159215927124
3	4	父亲	12.106484413146973
3	5	买	9.880087852478027
3	6	的	5.8842267990112305
3	7	车	8.527318000793457
3	8	。	4.589330673217773
4	1	弟弟	17.755962371826172
4	2	认识	17.917905807495117
4	3	了	4.503661632537842
4	4	父亲	10.304265022277832
4	5	买	11.379281997680664
4	6	的	4.673832893371582
4	7	车	9.0753812789917
4	8	。	6.544907093048096
5	1	他	4.431591987609863
5	2	拿	16.429649353027344
5	3	了	2.000465154647827
5	4	桌子	15.563384056091309
5	5	上	3.124840497970581
5	6	的	2.5782620906829834
5	7	妈妈	9.985037803649902
5	8	放	14.125750541687012
5	9	的	2.6112277507781982
5	10	筷子	17.067739486694336
5	11	。	5.005157947540283
6	1	他	4.431591987609863
6	2	听	13.433377265930176
6	3	了	1.0915955305099487
6	4	桌子	14.835027694702148
6	5	上	3.5874085426330566
6	6	的	2.4844889640808105
6	7	妈妈	11.789000511169434
6	8	放	15.745366096496582
6	9	的	1.741937279701233
6	10	筷子	16.88777732849121
6	11	。	4.6826701164245605
7	1	她	7.158329010009766
7	2	终于	11.760988235473633
7	3	实现	5.552668571472168
7	4	了	0.02944057807326317
7	5	她	3.4581844806671143
7	6	设立	16.95237922668457
7	7	的	0.1698237955570221
7	8	理想	8.773676872253418
7	9	。	7.1078057289123535
8	1	她	7.158329010009766
8	2	终于	11.760988235473633
8	3	购买	13.84377670288086
8	4	了	0.0808214321732521
8	5	她	6.128495216369629
8	6	设立	16.313318252563477
8	7	的	0.05726926028728485
8	8	理想	13.271982192993164
8	9	。	12.994967460632324
9	1	我	7.607615947723389
9	2	修理	18.020212173461914
9	3	了	2.122307777404785
9	4	这个	6.616469860076904
9	5	父亲	14.734612464904785
9	6	使用	11.641242980957031
9	7	的	0.5431973934173584
9	8	电脑	8.824081420898438
9	9	。	2.5356640815734863
10	1	我	7.607615947723389
10	2	阅读	14.951604843139648
10	3	了	2.126549005508423
10	4	这个	7.490394592285156
10	5	父亲	11.361392974853516
10	6	使用	14.005873680114746
10	7	的	1.68463933467865
10	8	电脑	10.794398307800293
10	9	。	4.164165496826172
11	1	我	7.607615947723389
11	2	邀请	14.990860939025879
11	3	过	8.586506843566895
11	4	母亲	12.086466789245605
11	5	认识	16.484333038330078
11	6	的	3.3366167545318604
11	7	我	6.891656398773193
11	8	的	6.5478410720825195
11	9	朋友	4.089934825897217
11	10	。	5.582399368286133
12	1	我	7.607615947723389
12	2	打开	16.750469207763672
12	3	过	10.705743789672852
12	4	母亲	15.762772560119629
12	5	认识	14.894702911376953
12	6	的	2.064484119415283
12	7	我	9.621235847473145
12	8	的	4.897031307220459
12	9	朋友	5.895889759063721
12	10	。	4.333674430847168
13	1	记者	8.504682540893555
13	2	采访	7.252151966094971
13	3	了	0.5490556955337524
13	4	人民	11.874595642089844
13	5	喜爱	13.83149242401123
13	6	的	0.5765390396118164
13	7	艺术家	14.723559379577637
13	8	。	5.0969767570495605
14	1	记者	8.504682540893555
14	2	制作	19.90911102294922
14	3	了	1.0759165287017822
14	4	人民	17.04828453063965
14	5	喜爱	12.190731048583984
14	6	的	0.4364575147628784
14	7	艺术家	17.161170959472656
14	8	。	9.056445121765137
15	1	他	4.431591987609863
15	2	参与	14.802543640136719
15	3	了	0.8651069402694702
15	4	宗教	14.387036323547363
15	5	引发	20.771257400512695
15	6	的	0.7456691265106201
15	7	战争	11.13248062133789
15	8	。	3.008371114730835
16	1	他	4.431591987609863
16	2	建造	18.210935592651367
16	3	了	4.638650417327881
16	4	宗教	17.701000213623047
16	5	引发	19.598520278930664
16	6	的	3.5914597511291504
16	7	战争	9.837577819824219
16	8	。	5.413362979888916
17	1	她	7.158329010009766
17	2	批评	11.279106140136719
17	3	了	4.3974995613098145
17	4	她	7.13854455947876
17	5	爱	12.63614273071289
17	6	的	5.114924907684326
17	7	儿子	10.083189010620117
17	8	。	4.025260925292969
18	1	她	7.158329010009766
18	2	改正	22.166189193725586
18	3	了	3.8994922637939453
18	4	她	3.8889577388763428
18	5	爱	13.859152793884277
18	6	的	3.313544988632202
18	7	儿子	6.808687210083008
18	8	。	2.964493751525879
19	1	我	7.607615947723389
19	2	结束	15.757149696350098
19	3	了	0.42480263113975525
19	4	我	6.103753089904785
19	5	正在	13.753727912902832
19	6	进行	4.817615985870361
19	7	的	0.1876390278339386
19	8	谈话	13.754325866699219
19	9	。	1.3271393775939941
20	1	我	7.607615947723389
20	2	表扬	18.748218536376953
20	3	了	0.5693707466125488
20	4	我	3.4998514652252197
20	5	正在	12.317872047424316
20	6	进行	2.9438459873199463
20	7	的	0.1147071048617363
20	8	谈话	17.24268913269043
20	9	。	1.176766037940979
21	1	他	4.431591987609863
21	2	买	14.669829368591309
21	3	了	0.5469017624855042
21	4	这些	9.852258682250977
21	5	我	13.010446548461914
21	6	喜欢	7.585216522216797
21	7	的	1.6525427103042603
21	8	笔	13.088688850402832
21	9	。	3.02044939994812
22	1	他	4.431591987609863
22	2	种	19.453493118286133
22	3	了	2.408414363861084
22	4	这些	10.082430839538574
22	5	我	11.160118103027344
22	6	喜欢	8.92195987701416
22	7	的	1.0961875915527344
22	8	笔	13.204071044921875
22	9	。	1.844050407409668
23	1	他	4.431591987609863
23	2	提出	8.40802001953125
23	3	了	4.5975542068481445
23	4	很多	14.230443000793457
23	5	他	15.07455062866211
23	6	不	3.387070417404175
23	7	理解	7.69434118270874
23	8	的	3.5595297813415527
23	9	问题	7.707828998565674
23	10	。	1.9552308320999146
24	1	他	4.431591987609863
24	2	申请	18.775882720947266
24	3	了	4.566744327545166
24	4	很多	13.029754638671875
24	5	他	11.776914596557617
24	6	不	4.601813316345215
24	7	理解	8.624665260314941
24	8	的	1.919424057006836
24	9	问题	9.430951118469238
24	10	。	1.869016408920288
25	1	这	6.208393573760986
25	2	款	15.802062034606934
25	3	药	13.716718673706055
25	4	治疗	10.66270923614502
25	5	了	7.604531288146973
25	6	医生	11.232929229736328
25	7	诊断	10.107606887817383
25	8	的	3.5510599613189697
25	9	他	16.74920654296875
25	10	的	4.5513200759887695
25	11	疾病	7.668470859527588
25	12	。	4.607572555541992
26	1	这	6.208393573760986
26	2	款	15.802062034606934
26	3	药	13.716718673706055
26	4	缓解	18.38338279724121
26	5	了	0.030740035697817802
26	6	医生	11.58317756652832
26	7	诊断	9.165545463562012
26	8	的	2.7984862327575684
26	9	他	21.667224884033203
26	10	的	1.716156244277954
26	11	疾病	7.189027309417725
26	12	。	2.755980968475342
27	1	我	7.607615947723389
27	2	看	8.398971557617188
27	3	着	6.74872350692749
27	4	我	2.5913379192352295
27	5	想念	14.295324325561523
27	6	的	8.525371551513672
27	7	奶奶	17.332748413085938
27	8	的	8.017928123474121
27	9	面容	17.996219635009766
27	10	。	1.728607177734375
28	1	我	7.607615947723389
28	2	听	9.467541694641113
28	3	着	8.922446250915527
28	4	我	3.135568141937256
28	5	想念	13.938556671142578
28	6	的	9.057306289672852
28	7	奶奶	17.16352653503418
28	8	的	7.891279220581055
28	9	面容	17.8458194732666
28	10	。	2.1353609561920166
29	1	学者	15.845213890075684
29	2	发现	8.513996124267578
29	3	了	6.852055549621582
29	4	这个	9.248620986938477
29	5	古人	13.199085235595703
29	6	留下	9.249397277832031
29	7	的	0.41137081384658813
29	8	规律	13.097880363464355
29	9	。	2.6213910579681396
30	1	学者	15.845213890075684
30	2	发明	13.08067798614502
30	3	了	3.8783202171325684
30	4	这个	9.60302734375
30	5	古人	15.699753761291504
30	6	留下	9.889106750488281
30	7	的	0.2844012379646301
30	8	规律	12.009541511535645
30	9	。	2.7783992290496826
31	1	母亲	15.889859199523926
31	2	准备	12.325549125671387
31	3	了	6.410876274108887
31	4	儿子	9.594669342041016
31	5	喜欢	12.004233360290527
31	6	的	3.1111176013946533
31	7	晚饭	14.293458938598633
31	8	。	4.836933135986328
32	1	母亲	15.889859199523926
32	2	责备	16.885181427001953
32	3	了	4.74973201751709
32	4	儿子	8.309042930603027
32	5	喜欢	15.060758590698242
32	6	的	2.382599115371704
32	7	晚饭	16.786685943603516
32	8	。	3.505779504776001
33	1	孩子	14.865800857543945
33	2	培养	13.19351577758789
33	3	了	4.037390232086182
33	4	这个	13.407906532287598
33	5	母亲	13.467859268188477
33	6	欣赏	20.792924880981445
33	7	的	2.7881786823272705
33	8	特长	13.01457405090332
33	9	。	1.6239933967590332
34	1	孩子	14.865800857543945
34	2	改正	19.7075252532959
34	3	了	4.911189079284668
34	4	这个	9.636630058288574
34	5	母亲	13.682339668273926
34	6	欣赏	20.734689712524414
34	7	的	2.3286426067352295
34	8	特长	15.402595520019531
34	9	。	1.8726071119308472
35	1	政府	10.831175804138184
35	2	设立	11.535630226135254
35	3	了	2.293048858642578
35	4	媒体	18.30377960205078
35	5	提倡	13.525443077087402
35	6	的	3.382707118988037
35	7	项目	11.529662132263184
35	8	。	6.7560319900512695
36	1	政府	10.831175804138184
36	2	引发	16.036808013916016
36	3	了	1.2563320398330688
36	4	媒体	9.098186492919922
36	5	提倡	14.088491439819336
36	6	的	2.900249719619751
36	7	项目	14.080643653869629
36	8	。	5.227784633636475
37	1	我	7.607615947723389
37	2	回忆	12.374958038330078
37	3	了	3.4011526107788086
37	4	同学	17.798145294189453
37	5	提到	15.795729637145996
37	6	的	0.7650715112686157
37	7	之前	15.167481422424316
37	8	的	6.358132362365723
37	9	经历	8.8665771484375
37	10	。	1.753320336341858
38	1	我	7.607615947723389
38	2	帮助	14.725534439086914
38	3	了	7.56979513168335
38	4	同学	14.807266235351562
38	5	提到	16.151100158691406
38	6	的	1.974941611289978
38	7	之前	15.8130464553833
38	8	的	8.514967918395996
38	9	经历	13.480101585388184
38	10	。	2.390104293823242
39	1	花园	16.945249557495117
39	2	长满	21.31230926513672
39	3	了	2.86126446723938
39	4	爷爷	14.336060523986816
39	5	种	14.349163055419922
39	6	的	4.790184497833252
39	7	草	12.663883209228516
39	8	。	4.0389204025268555
40	1	花园	16.945249557495117
40	2	吸引	13.941304206848145
40	3	了	0.6154918074607849
40	4	爷爷	20.060033798217773
40	5	种	12.248174667358398
40	6	的	6.0729804039001465
40	7	草	13.309292793273926
40	8	。	4.507144927978516
41	1	雨水	17.434106826782227
41	2	清洗	16.36383819580078
41	3	了	5.1289753913879395
41	4	父亲	16.187694549560547
41	5	建造	14.287312507629395
41	6	的	0.8995457887649536
41	7	大楼	10.14222526550293
41	8	。	3.598242998123169
42	1	雨水	17.434106826782227
42	2	灌溉	10.607257843017578
42	3	了	8.062915802001953
42	4	父亲	17.875526428222656
42	5	建造	12.348461151123047
42	6	的	0.39381682872772217
42	7	大楼	11.880668640136719
42	8	。	4.881420612335205
43	1	我	7.607615947723389
43	2	听从	18.53523063659668
43	3	了	5.656116485595703
43	4	母亲	12.599188804626465
43	5	认同	17.255483627319336
43	6	的	3.6929397583007812
43	7	老师	10.680647850036621
43	8	的	5.31430721282959
43	9	建议	8.775591850280762
43	10	。	0.8402963876724243
44	1	我	7.607615947723389
44	2	安装	16.25395393371582
44	3	了	0.6169794201850891
44	4	母亲	16.682178497314453
44	5	认同	18.553157806396484
44	6	的	1.9228483438491821
44	7	老师	11.651093482971191
44	8	的	7.8119707107543945
44	9	建议	9.101799011230469
44	10	。	1.6527676582336426
45	1	警官	18.874300003051758
45	2	疏散	17.350942611694336
45	3	了	3.840089797973633
45	4	他	7.100316047668457
45	5	看到	12.43761157989502
45	6	的	1.500994086265564
45	7	人群	10.726531982421875
45	8	。	2.920771598815918
46	1	警官	18.874300003051758
46	2	解除	21.32090950012207
46	3	了	0.6221559643745422
46	4	他	5.005648136138916
46	5	看到	15.497204780578613
46	6	的	0.6938082575798035
46	7	人群	12.448227882385254
46	8	。	2.930004358291626
47	1	他	4.431591987609863
47	2	卖	18.772144317626953
47	3	过	8.25174617767334
47	4	一些	9.639593124389648
47	5	奶奶	13.15556526184082
47	6	买	5.576960563659668
47	7	了	2.160123348236084
47	8	的	8.958870887756348
47	9	化肥	10.167685508728027
47	10	。	4.000828266143799
48	1	他	4.431591987609863
48	2	摘	23.711515426635742
48	3	过	7.6431756019592285
48	4	一些	8.75851058959961
48	5	奶奶	14.868172645568848
48	6	买	7.35158109664917
48	7	了	2.1042516231536865
48	8	的	8.945547103881836
48	9	化肥	9.530253410339355
48	10	。	4.2415971755981445
49	1	她	7.158329010009766
49	2	戴	13.483436584472656
49	3	过	7.300326824188232
49	4	我	11.604787826538086
49	5	买	14.283905029296875
49	6	的	2.4388370513916016
49	7	耳机	18.637170791625977
49	8	。	8.774103164672852
50	1	她	7.158329010009766
50	2	穿	15.246636390686035
50	3	过	6.378288745880127
50	4	我	8.720474243164062
50	5	买	13.616188049316406
50	6	的	2.5838842391967773
50	7	耳机	19.09775733947754
50	8	。	7.201054573059082
51	1	他	4.431591987609863
51	2	在	5.2924323081970215
51	3	学校	12.908368110656738
51	4	里	2.5134501457214355
51	5	吃	10.117368698120117
51	6	过	5.1586995124816895
51	7	厨师	16.120540618896484
51	8	做	11.905962944030762
51	9	的	1.3650742769241333
51	10	饭	14.422986030578613
51	11	。	6.853086948394775
52	1	他	4.431591987609863
52	2	在	5.2924323081970215
52	3	学校	12.908368110656738
52	4	里	2.5134501457214355
52	5	讲	7.310626029968262
52	6	过	5.27769660949707
52	7	厨师	19.09087562561035
52	8	做	8.996830940246582
52	9	的	0.9913753271102905
52	10	饭	17.41231346130371
52	11	。	7.740086555480957
53	1	他	4.431591987609863
53	2	见	17.17966651916504
53	3	过	0.698071300983429
53	4	我	7.79114294052124
53	5	认识	12.133105278015137
53	6	的	2.4307022094726562
53	7	店长	23.87492561340332
53	8	。	17.832626342773438
54	1	他	4.431591987609863
54	2	去	14.160931587219238
54	3	过	6.636096954345703
54	4	我	9.246320724487305
54	5	认识	13.311738014221191
54	6	的	2.6979012489318848
54	7	店长	24.900245666503906
54	8	。	15.395615577697754
55	1	我	7.607615947723389
55	2	听	9.467541694641113
55	3	过	0.6759406328201294
55	4	这些	7.186028003692627
55	5	孩子	9.643472671508789
55	6	制造	18.80144500732422
55	7	的	0.4403281509876251
55	8	声音	6.031285762786865
55	9	。	3.418513536453247
56	1	我	7.607615947723389
56	2	见	12.541717529296875
56	3	过	0.14034581184387207
56	4	这些	8.01899528503418
56	5	孩子	6.415609836578369
56	6	制造	19.20787239074707
56	7	的	0.774359941482544
56	8	声音	8.102723121643066
56	9	。	4.470303535461426
57	1	爷爷	17.82335090637207
57	2	安装	15.52322769165039
57	3	过	7.147134304046631
57	4	他	7.450556755065918
57	5	设计	9.689751625061035
57	6	的	0.06829118728637695
57	7	机器	8.284014701843262
57	8	。	6.008452415466309
58	1	爷爷	17.82335090637207
58	2	种植	16.86124610900879
58	3	过	8.024881362915039
58	4	他	10.360615730285645
58	5	设计	13.492734909057617
58	6	的	0.06473421305418015
58	7	机器	11.973834037780762
58	8	。	7.373968124389648
59	1	她	7.158329010009766
59	2	说	1.3883111476898193
59	3	过	11.962148666381836
59	4	这	7.289822101593018
59	5	些	14.587055206298828
59	6	我	7.695220470428467
59	7	听	11.079804420471191
59	8	过	0.853525698184967
59	9	的	4.2667012214660645
59	10	话	5.147904872894287
59	11	。	5.086673259735107
60	1	她	7.158329010009766
60	2	吃	15.689105987548828
60	3	过	4.820813179016113
60	4	这	7.733367443084717
60	5	些	14.201446533203125
60	6	我	9.459917068481445
60	7	听	12.460602760314941
60	8	过	0.9925101399421692
60	9	的	1.5014150142669678
60	10	话	6.296520709991455
60	11	。	3.111382484436035
61	1	母亲	15.889859199523926
61	2	买	11.292789459228516
61	3	了	1.3636012077331543
61	4	她	8.958699226379395
61	5	用	6.198904037475586
61	6	过	7.162057876586914
61	7	的	0.4759426712989807
61	8	纸	12.619187355041504
61	9	。	10.679765701293945
62	1	母亲	15.889859199523926
62	2	喝	9.119872093200684
62	3	了	2.189340829849243
62	4	她	9.45623779296875
62	5	用	7.755819797515869
62	6	过	7.598926544189453
62	7	的	0.38953498005867004
62	8	纸	12.705940246582031
62	9	。	9.791712760925293
