sentence_id	token_id	token	surprisal
1	1	那	9.678359031677246
1	2	家	10.23440933227539
1	3	老板	9.064929962158203
1	4	在	4.572681427001953
1	5	市中心	9.320919036865234
1	6	投资	8.076216697692871
1	7	的	3.037476062774658
1	8	饭店	4.982213973999023
1	9	很	10.647713661193848
1	10	受	4.08227014541626
1	11	欢迎	0.11921091377735138
1	12	。	0.8137681484222412
2	1	那	9.678359031677246
2	2	个	8.759618759155273
2	3	老板	13.53583812713623
2	4	在	4.510027885437012
2	5	市中心	10.561240196228027
2	6	投资	9.236018180847168
2	7	的	2.6565558910369873
2	8	饭店	6.9304094314575195
2	9	很	10.863472938537598
2	10	受	4.022271156311035
2	11	欢迎	0.08521519601345062
2	12	。	0.9061431288719177
3	1	那	9.678359031677246
3	2	幅	12.540841102600098
3	3	朋友	18.464338302612305
3	4	非常	9.506667137145996
3	5	喜欢	3.804274797439575
3	6	的	6.862239837646484
3	7	画	10.481739044189453
3	8	吸引	14.580972671508789
3	9	了	3.3789925575256348
3	10	我	3.920259952545166
3	11	。	3.870778799057007
4	1	那	9.678359031677246
4	2	个	8.759618759155273
4	3	朋友	8.968297958374023
4	4	非常	9.757683753967285
4	5	喜欢	4.2989182472229
4	6	的	3.8536479473114014
4	7	画	17.300296783447266
4	8	吸引	16.48064613342285
4	9	了	5.636034965515137
4	10	我	1.8990370035171509
4	11	。	3.8365635871887207
5	1	那	9.678359031677246
5	2	件	7.598520755767822
5	3	老师	16.402353286743164
5	4	为	9.997087478637695
5	5	他	6.37586784362793
5	6	的	3.5143024921417236
5	7	学生	8.854032516479492
5	8	收藏	11.446884155273438
5	9	的	4.018002510070801
5	10	艺术品	9.961775779724121
5	11	获	12.702919006347656
5	12	了	3.4845163822174072
5	13	奖	8.247147560119629
5	14	。	0.8321448564529419
6	1	那	9.678359031677246
6	2	个	8.759618759155273
6	3	老师	12.88175106048584
6	4	为	10.218986511230469
6	5	他	6.522329807281494
6	6	的	3.8560614585876465
6	7	学生	6.996273517608643
6	8	收藏	12.893583297729492
6	9	的	3.866036891937256
6	10	艺术品	11.466409683227539
6	11	获	13.392038345336914
6	12	了	3.5377626419067383
6	13	奖	6.59490442276001
6	14	。	1.0696768760681152
7	1	那	9.678359031677246
7	2	只	6.807432174682617
7	3	店长	25.904855728149414
7	4	特别	13.000123977661133
7	5	喜欢	6.45441198348999
7	6	的	6.336767196655273
7	7	宠物	14.693532943725586
7	8	生病	16.682832717895508
7	9	了	2.883312225341797
7	10	。	1.4658769369125366
8	1	那	9.678359031677246
8	2	个	8.759618759155273
8	3	店长	22.214298248291016
8	4	特别	13.711274147033691
8	5	喜欢	8.056086540222168
8	6	的	4.225539684295654
8	7	宠物	16.95618438720703
8	8	生病	17.340654373168945
8	9	了	2.976300001144409
8	10	。	1.7478201389312744
9	1	那	9.678359031677246
9	2	首	10.57764720916748
9	3	明星	16.37919044494629
9	4	在	5.419844627380371
9	5	商场	14.040609359741211
9	6	唱	14.997660636901855
9	7	的	2.6502246856689453
9	8	歌	6.6504340171813965
9	9	很	9.553414344787598
9	10	好听	17.643470764160156
9	11	。	2.6070425510406494
10	1	那	9.678359031677246
10	2	个	8.759618759155273
10	3	明星	14.611706733703613
10	4	在	3.4572536945343018
10	5	商场	14.264942169189453
10	6	唱	15.261899948120117
10	7	的	2.826106071472168
10	8	歌	6.295869827270508
10	9	很	9.748754501342773
10	10	好听	17.90557289123535
10	11	。	2.3783774375915527
11	1	那	9.678359031677246
11	2	所	9.994178771972656
11	3	老人	13.85521411895752
11	4	在	4.691934108734131
11	5	冬天	12.62508773803711
11	6	去	8.451519966125488
11	7	的	5.073457717895508
11	8	学校	12.904726028442383
11	9	关闭	15.121859550476074
11	10	了	1.234236717224121
11	11	。	5.051267147064209
12	1	那	9.678359031677246
12	2	个	8.759618759155273
12	3	老人	13.911604881286621
12	4	在	3.791522979736328
12	5	冬天	11.668037414550781
12	6	去	7.22806978225708
12	7	的	7.065093994140625
12	8	学校	12.392921447753906
12	9	关闭	15.07336711883545
12	10	了	0.7055668830871582
12	11	。	4.35909366607666
13	1	那	9.678359031677246
13	2	件	7.598520755767822
13	3	司机	20.147279739379883
13	4	给	6.276062488555908
13	5	朋友	9.633158683776855
13	6	带	7.537120342254639
13	7	的	5.305043697357178
13	8	行李	11.075444221496582
13	9	丢	13.365350723266602
13	10	了	0.2860342860221863
13	11	。	5.574351787567139
14	1	那	9.678359031677246
14	2	个	8.759618759155273
14	3	司机	17.648422241210938
14	4	给	6.888040542602539
14	5	朋友	9.573739051818848
14	6	带	7.678879261016846
14	7	的	5.783421516418457
14	8	行李	11.961650848388672
14	9	丢	12.732779502868652
14	10	了	0.2592659890651703
14	11	。	5.2151103019714355
15	1	那	9.678359031677246
15	2	本	7.634147644042969
15	3	作家	16.638240814208984
15	4	为	8.790034294128418
15	5	我	5.119281768798828
15	6	写	4.918581008911133
15	7	的	2.8446109294891357
15	8	书	4.245368480682373
15	9	很	8.217304229736328
15	10	受	5.4910125732421875
15	11	欢迎	0.7687417268753052
15	12	。	0.956265389919281
16	1	那	9.678359031677246
16	2	个	8.759618759155273
16	3	作家	16.028499603271484
16	4	为	9.299845695495605
16	5	我	3.199103593826294
16	6	写	5.423595428466797
16	7	的	2.6190006732940674
16	8	书	5.729433059692383
16	9	很	7.780157089233398
16	10	受	6.396494388580322
16	11	欢迎	0.6462256908416748
16	12	。	1.3033183813095093
17	1	那	9.678359031677246
17	2	辆	9.039593696594238
17	3	朋友	18.66120147705078
17	4	昨天	6.853657245635986
17	5	开	12.740640640258789
17	6	的	4.206015110015869
17	7	车	3.5683717727661133
17	8	坏	14.415570259094238
17	9	了	0.19253934919834137
17	10	。	4.922750473022461
18	1	那	9.678359031677246
18	2	个	8.759618759155273
18	3	朋友	8.968297958374023
18	4	昨天	9.757424354553223
18	5	开	12.298925399780273
18	6	的	4.096920967102051
18	7	车	7.319056034088135
18	8	坏	13.4239501953125
18	9	了	0.13824133574962616
18	10	。	4.799560070037842
19	1	那	9.678359031677246
19	2	份	8.443987846374512
19	3	孩子	18.62820053100586
19	4	在	3.900315761566162
19	5	学校	6.961965084075928
19	6	做	8.153717041015625
19	7	的	2.8214035034179688
19	8	作业	11.932877540588379
19	9	获	14.725112915039062
19	10	了	1.6540937423706055
19	11	奖	10.57878589630127
19	12	。	2.2986462116241455
20	1	那	9.678359031677246
20	2	个	8.759618759155273
20	3	孩子	7.928607940673828
20	4	在	4.170238018035889
20	5	学校	6.403212547302246
20	6	做	7.327792644500732
20	7	的	3.068027973175049
20	8	作业	12.582237243652344
20	9	获	16.169862747192383
20	10	了	1.7835997343063354
20	11	奖	11.004372596740723
20	12	。	2.6787710189819336
21	1	那	9.678359031677246
21	2	份	8.443987846374512
21	3	老板	15.704936981201172
21	4	给	5.927109718322754
21	5	员工	6.920496940612793
21	6	制定	11.466036796569824
21	7	的	4.911812782287598
21	8	合同	7.0799126625061035
21	9	到期	13.454401016235352
21	10	了	5.090590953826904
21	11	。	4.0014238357543945
22	1	那	9.678359031677246
22	2	个	8.759618759155273
22	3	老板	13.53583812713623
22	4	给	7.522548675537109
22	5	员工	8.225131034851074
22	6	制定	11.837949752807617
22	7	的	5.750222206115723
22	8	合同	9.914843559265137
22	9	到期	14.061838150024414
22	10	了	2.7605135440826416
22	11	。	3.565793991088867
23	1	那	9.678359031677246
23	2	间	12.417415618896484
23	3	朋友	11.73763656616211
23	4	在	4.924654483795166
23	5	公园	10.733467102050781
23	6	旁边	8.05808162689209
23	7	开	5.96409797668457
23	8	的	5.674446105957031
23	9	工厂	14.152864456176758
23	10	倒闭	15.035257339477539
23	11	了	1.531559705734253
23	12	。	3.142507553100586
24	1	那	9.678359031677246
24	2	个	8.759618759155273
24	3	朋友	8.968297958374023
24	4	在	4.437448978424072
24	5	公园	12.346619606018066
24	6	旁边	7.953869342803955
24	7	开	6.163676738739014
24	8	的	5.517833232879639
24	9	工厂	12.548613548278809
24	10	倒闭	14.568988800048828
24	11	了	1.022578477859497
24	12	。	3.1366019248962402
25	1	那	9.678359031677246
25	2	张	7.894223690032959
25	3	孩子	15.65963077545166
25	4	在	4.317901134490967
25	5	公园	8.320507049560547
25	6	照	13.48745346069336
25	7	的	6.082257270812988
25	8	照片	9.76593017578125
25	9	丢	15.586613655090332
25	10	了	0.3353641927242279
25	11	。	6.039456367492676
26	1	那	9.678359031677246
26	2	个	8.759618759155273
26	3	孩子	7.928607940673828
26	4	在	4.170238018035889
26	5	公园	9.47754192352295
26	6	照	13.212928771972656
26	7	的	5.217567443847656
26	8	照片	13.488216400146484
26	9	丢	15.09821891784668
26	10	了	0.42095091938972473
26	11	。	5.248683929443359
27	1	那	9.678359031677246
27	2	台	11.886992454528809
27	3	老师	11.063304901123047
27	4	经常	9.973894119262695
27	5	用	5.081475734710693
27	6	的	8.482024192810059
27	7	手机	7.066237449645996
27	8	很	11.968259811401367
27	9	好用	16.389705657958984
27	10	。	3.7215216159820557
28	1	那	9.678359031677246
28	2	个	8.759618759155273
28	3	老师	12.88175106048584
28	4	经常	10.548673629760742
28	5	用	6.080977439880371
28	6	的	6.762595176696777
28	7	手机	7.083917140960693
28	8	很	11.851930618286133
28	9	好用	16.46748924255371
28	10	。	3.6535539627075195
29	1	那	9.678359031677246
29	2	朵	20.85756492614746
29	3	邻居	19.117868423461914
29	4	在	3.2912113666534424
29	5	家	7.757446765899658
29	6	种	17.2735538482666
29	7	的	7.128474235534668
29	8	花	8.6094331741333
29	9	很	8.852131843566895
29	10	好看	11.12278938293457
29	11	。	2.6234498023986816
30	1	那	9.678359031677246
30	2	个	8.759618759155273
30	3	邻居	12.760490417480469
30	4	在	3.7465975284576416
30	5	家	6.868765354156494
30	6	种	15.776413917541504
30	7	的	5.1809916496276855
30	8	花	12.097818374633789
30	9	很	7.509669780731201
30	10	好看	11.81230640411377
30	11	。	3.413386344909668
