sentence_id	token_id	token	surprisal
1	1	他	4.431591987609863
1	2	喜欢	12.005131721496582
1	3	那	9.312650680541992
1	4	家	7.291368007659912
1	5	老板	10.676858901977539
1	6	投资	13.255208969116211
1	7	的	1.757746934890747
1	8	饭店	7.949132919311523
1	9	。	2.8676931858062744
2	1	他	4.431591987609863
2	2	喜欢	12.005131721496582
2	3	那	9.312650680541992
2	4	个	5.275484561920166
2	5	老板	13.649713516235352
2	6	投资	15.425339698791504
2	7	的	1.567034125328064
2	8	饭店	12.059256553649902
2	9	。	2.320150852203369
3	1	她	7.158329010009766
3	2	在	4.4502644538879395
3	3	看	13.818106651306152
3	4	那	8.916358947753906
3	5	幅	9.585007667541504
3	6	朋友	17.008270263671875
3	7	喜欢	14.233256340026855
3	8	的	3.188368320465088
3	9	画	9.663397789001465
3	10	。	8.988378524780273
4	1	她	7.158329010009766
4	2	在	4.4502644538879395
4	3	看	13.818106651306152
4	4	那	8.916358947753906
4	5	个	5.9237751960754395
4	6	朋友	10.369965553283691
4	7	喜欢	14.480083465576172
4	8	的	2.12302827835083
4	9	画	16.931034088134766
4	10	。	6.322774410247803
5	1	我	7.607615947723389
5	2	欣赏	14.626138687133789
5	3	那	7.343357086181641
5	4	件	4.6973161697387695
5	5	老师	13.992743492126465
5	6	收藏	15.536920547485352
5	7	的	0.19175158441066742
5	8	艺术品	10.72244644165039
5	9	。	2.800323247909546
6	1	我	7.607615947723389
6	2	欣赏	14.626138687133789
6	3	那	7.343357086181641
6	4	个	5.998331546783447
6	5	老师	13.134839057922363
6	6	收藏	16.778024673461914
6	7	的	0.34061554074287415
6	8	艺术品	13.040595054626465
6	9	。	2.142462968826294
7	1	他	4.431591987609863
7	2	打	13.748929023742676
7	3	了	1.9974530935287476
7	4	那	10.927434921264648
7	5	只	11.752239227294922
7	6	店长	22.67205238342285
7	7	喜欢	17.055049896240234
7	8	的	1.7403564453125
7	9	宠物	13.97072982788086
7	10	。	2.934404134750366
8	1	他	4.431591987609863
8	2	打	13.748929023742676
8	3	了	1.9974530935287476
8	4	那	10.927434921264648
8	5	个	5.153257846832275
8	6	店长	21.99953842163086
8	7	喜欢	17.963205337524414
8	8	的	1.0182137489318848
8	9	宠物	15.058577537536621
8	10	。	3.0692291259765625
9	1	我	7.607615947723389
9	2	在	6.230135917663574
9	3	思念	15.85462474822998
9	4	那	5.905124187469482
9	5	首	7.950397968292236
9	6	明星	15.842645645141602
9	7	唱	16.952632904052734
9	8	的	1.3527113199234009
9	9	歌	1.9961684942245483
9	10	。	3.8958442211151123
10	1	我	7.607615947723389
10	2	在	6.230135917663574
10	3	思念	15.85462474822998
10	4	那	5.905124187469482
10	5	个	4.997788429260254
10	6	明星	13.996193885803223
10	7	唱	16.97832679748535
10	8	的	1.4072273969650269
10	9	歌	3.0864288806915283
10	10	。	3.5519180297851562
11	1	她	7.158329010009766
11	2	拜访	17.568918228149414
11	3	了	0.46403127908706665
11	4	那	10.877692222595215
11	5	所	6.455367565155029
11	6	老人	13.045080184936523
11	7	去	12.859971046447754
11	8	的	0.967246413230896
11	9	学校	7.553747653961182
11	10	。	2.674163818359375
12	1	她	7.158329010009766
12	2	拜访	17.568918228149414
12	3	了	0.46403127908706665
12	4	那	10.877692222595215
12	5	个	5.539386749267578
12	6	老人	12.79582405090332
12	7	去	12.088321685791016
12	8	的	5.099817752838135
12	9	学校	8.815482139587402
12	10	。	2.2629828453063965
13	1	他	4.431591987609863
13	2	检查	17.531723022460938
13	3	了	0.48119261860847473
13	4	那	12.760613441467285
13	5	件	4.842299938201904
13	6	司机	20.00340461730957
13	7	带	11.853493690490723
13	8	的	3.585101366043091
13	9	行李	7.601133823394775
13	10	。	3.8790764808654785
14	1	他	4.431591987609863
14	2	检查	17.531723022460938
14	3	了	0.48119261860847473
14	4	那	12.760613441467285
14	5	个	5.873470783233643
14	6	司机	16.652206420898438
14	7	带	11.667933464050293
14	8	的	3.0044538974761963
14	9	行李	7.070370197296143
14	10	。	3.8148162364959717
15	1	我	7.607615947723389
15	2	听说	9.739665031433105
15	3	过	2.847158193588257
15	4	那	6.064694881439209
15	5	本	5.095406532287598
15	6	作家	16.277700424194336
15	7	写	10.042950630187988
15	8	的	1.1477062702178955
15	9	书	4.412022113800049
15	10	。	6.5641560554504395
16	1	我	7.607615947723389
16	2	听说	9.739665031433105
16	3	过	2.847158193588257
16	4	那	6.064694881439209
16	5	个	5.90669059753418
16	6	作家	16.639667510986328
16	7	写	10.552749633789062
16	8	的	1.6027591228485107
16	9	书	5.909506797790527
16	10	。	6.189918518066406
17	1	她	7.158329010009766
17	2	撞	21.0957088470459
17	3	了	1.0803322792053223
17	4	那	7.93134880065918
17	5	辆	4.218483924865723
17	6	朋友	17.23719024658203
17	7	开	12.01114273071289
17	8	的	2.805004596710205
17	9	车	4.27304220199585
17	10	。	4.275469779968262
18	1	她	7.158329010009766
18	2	撞	21.0957088470459
18	3	了	1.0803322792053223
18	4	那	7.93134880065918
18	5	个	4.779696464538574
18	6	朋友	11.30950927734375
18	7	开	11.699576377868652
18	8	的	3.8472952842712402
18	9	车	6.571012496948242
18	10	。	4.010313510894775
19	1	我们	7.795909404754639
19	2	认可	18.022605895996094
19	3	了	2.5305795669555664
19	4	那	7.482117652893066
19	5	份	7.434108257293701
19	6	孩子	16.506851196289062
19	7	做	12.053583145141602
19	8	的	0.8387842178344727
19	9	作业	12.874431610107422
19	10	。	3.338594913482666
20	1	我们	7.795909404754639
20	2	认可	18.022605895996094
20	3	了	2.5305795669555664
20	4	那	7.482117652893066
20	5	个	5.179067134857178
20	6	孩子	9.706571578979492
20	7	做	11.645607948303223
20	8	的	1.2039709091186523
20	9	作业	13.591973304748535
20	10	。	3.183600664138794
21	1	他们	7.378721714019775
21	2	接受	12.893623352050781
21	3	了	1.6786974668502808
21	4	那	9.567445755004883
21	5	份	3.4728331565856934
21	6	老板	18.35752296447754
21	7	制定	15.160337448120117
21	8	的	0.34345871210098267
21	9	合同	8.351458549499512
21	10	。	6.233218193054199
22	1	他们	7.378721714019775
22	2	接受	12.893623352050781
22	3	了	1.6786974668502808
22	4	那	9.567445755004883
22	5	个	5.941063404083252
22	6	老板	18.194955825805664
22	7	制定	14.89024829864502
22	8	的	0.8965081572532654
22	9	合同	9.85264778137207
22	10	。	5.324117183685303
23	1	他	4.431591987609863
23	2	离开	13.405238151550293
23	3	了	2.607980966567993
23	4	那	8.011378288269043
23	5	间	8.901410102844238
23	6	朋友	12.568103790283203
23	7	开	13.359050750732422
23	8	的	4.588935375213623
23	9	工厂	12.54604721069336
23	10	。	3.5247933864593506
24	1	他	4.431591987609863
24	2	离开	13.405238151550293
24	3	了	2.607980966567993
24	4	那	8.011378288269043
24	5	个	4.99191951751709
24	6	朋友	9.80705738067627
24	7	开	14.053536415100098
24	8	的	6.1133527755737305
24	9	工厂	10.56318187713623
24	10	。	3.4745073318481445
25	1	她	7.158329010009766
25	2	找	17.26119613647461
25	3	了	1.4661675691604614
25	4	那	11.362521171569824
25	5	张	4.7986531257629395
25	6	孩子	11.365080833435059
25	7	照	16.17310333251953
25	8	的	5.044304847717285
25	9	照片	6.042475700378418
25	10	。	4.659879684448242
26	1	她	7.158329010009766
26	2	找	17.26119613647461
26	3	了	1.4661675691604614
26	4	那	11.362521171569824
26	5	个	5.189251899719238
26	6	孩子	5.1133928298950195
26	7	照	15.898582458496094
26	8	的	5.130537509918213
26	9	照片	11.321920394897461
26	10	。	4.410683631896973
27	1	我	7.607615947723389
27	2	需要	9.012733459472656
27	3	那	11.296927452087402
27	4	台	11.690282821655273
27	5	老师	11.661746978759766
27	6	用	6.844130516052246
27	7	的	5.831033706665039
27	8	手机	8.688386917114258
27	9	。	7.5713701248168945
28	1	我	7.607615947723389
28	2	需要	9.012733459472656
28	3	那	11.296927452087402
28	4	个	4.8131585121154785
28	5	老师	13.998726844787598
28	6	用	7.336025714874268
28	7	的	5.506430149078369
28	8	手机	9.146463394165039
28	9	。	6.541369438171387
29	1	他	4.431591987609863
29	2	在	5.2924323081970215
29	3	画	15.955945014953613
29	4	那	11.056605339050293
29	5	朵	10.888350486755371
29	6	邻居	18.700315475463867
29	7	种	16.257091522216797
29	8	的	7.6083292961120605
29	9	花	9.088238716125488
29	10	。	14.142305374145508
30	1	他	4.431591987609863
30	2	在	5.2924323081970215
30	3	画	15.955945014953613
30	4	那	11.056605339050293
30	5	个	6.225350856781006
30	6	邻居	14.595477104187012
30	7	种	15.604109764099121
30	8	的	5.276750087738037
30	9	花	10.389269828796387
30	10	。	9.502413749694824
31	1	她	7.158329010009766
31	2	在	4.4502644538879395
31	3	介绍	7.070122241973877
31	4	那	14.183223724365234
31	5	台	11.041243553161621
31	6	科学家	19.870302200317383
31	7	做	14.279794692993164
31	8	的	1.3538094758987427
31	9	电视	14.733131408691406
31	10	。	11.273146629333496
32	1	她	7.158329010009766
32	2	在	4.4502644538879395
32	3	介绍	7.070122241973877
32	4	那	14.183223724365234
32	5	个	5.985166549682617
32	6	科学家	15.986649513244629
32	7	做	12.866503715515137
32	8	的	1.353563666343689
32	9	电视	15.679740905761719
32	10	。	10.141268730163574
33	1	我	7.607615947723389
33	2	见	12.541717529296875
33	3	过	0.14034581184387207
33	4	那	4.70941686630249
33	5	栋	8.023870468139648
33	6	男人	15.575196266174316
33	7	买	14.551130294799805
33	8	的	1.6924210786819458
33	9	房子	2.6777076721191406
33	10	。	5.08793830871582
34	1	我	7.607615947723389
34	2	见	12.541717529296875
34	3	过	0.14034581184387207
34	4	那	4.70941686630249
34	5	个	5.822712421417236
34	6	男人	9.421579360961914
34	7	买	15.290539741516113
34	8	的	2.0650572776794434
34	9	房子	5.289885520935059
34	10	。	5.677812576293945
35	1	我	7.607615947723389
35	2	拒绝	13.147806167602539
35	3	了	4.51042366027832
35	4	那	6.166957378387451
35	5	条	7.438058376312256
35	6	朋友	12.575907707214355
35	7	给	4.636146068572998
35	8	的	7.5182929039001465
35	9	建议	8.860215187072754
35	10	。	0.753009021282196
36	1	我	7.607615947723389
36	2	拒绝	13.147806167602539
36	3	了	4.51042366027832
36	4	那	6.166957378387451
36	5	个	5.395421981811523
36	6	朋友	10.08971118927002
36	7	给	4.636238098144531
36	8	的	6.419185638427734
36	9	建议	9.069250106811523
36	10	。	1.23187255859375
37	1	他	4.431591987609863
37	2	在	5.2924323081970215
37	3	看	13.824117660522461
37	4	那	8.64828872680664
37	5	支	12.721224784851074
37	6	老师	12.928472518920898
37	7	用	6.93789005279541
37	8	的	4.162649154663086
37	9	笔	10.052647590637207
37	10	。	12.872306823730469
38	1	他	4.431591987609863
38	2	在	5.2924323081970215
38	3	看	13.824117660522461
38	4	那	8.64828872680664
38	5	个	6.203533172607422
38	6	老师	12.667804718017578
38	7	用	8.760512351989746
38	8	的	3.9830338954925537
38	9	笔	10.805996894836426
38	10	。	11.453107833862305
39	1	她	7.158329010009766
39	2	在	4.4502644538879395
39	3	找	15.283452987670898
39	4	那	10.409689903259277
39	5	只	6.219361782073975
39	6	女人	11.306495666503906
39	7	丢	18.11271858215332
39	8	的	7.85866641998291
39	9	鞋子	16.120887756347656
39	10	。	11.568180084228516
40	1	她	7.158329010009766
40	2	在	4.4502644538879395
40	3	找	15.283452987670898
40	4	那	10.409689903259277
40	5	个	4.9949469566345215
40	6	女人	10.024916648864746
40	7	丢	19.308128356933594
40	8	的	6.38870906829834
40	9	鞋子	16.270374298095703
40	10	。	9.735636711120605
41	1	我	7.607615947723389
41	2	讨厌	13.994184494018555
41	3	那	5.738887786865234
41	4	条	7.727331638336182
41	5	邻居	15.4952392578125
41	6	养	16.37041473388672
41	7	的	3.22175931930542
41	8	狗	10.311333656311035
41	9	。	1.8051494359970093
42	1	我	7.607615947723389
42	2	讨厌	13.994184494018555
42	3	那	5.738887786865234
42	4	个	6.952091693878174
42	5	邻居	12.959088325500488
42	6	养	16.193519592285156
42	7	的	3.434938907623291
42	8	狗	10.082880020141602
42	9	。	2.2023768424987793
43	1	他	4.431591987609863
43	2	发现	11.390987396240234
43	3	了	5.4160284996032715
43	4	那	10.096090316772461
43	5	座	5.665708541870117
43	6	老人	13.874195098876953
43	7	修	14.384435653686523
43	8	的	3.861082077026367
43	9	桥	9.533404350280762
43	10	。	2.6171975135803223
44	1	他	4.431591987609863
44	2	发现	11.390987396240234
44	3	了	5.4160284996032715
44	4	那	10.096090316772461
44	5	个	6.8371453285217285
44	6	老人	15.690155982971191
44	7	修	15.678756713867188
44	8	的	3.301372766494751
44	9	桥	12.615997314453125
44	10	。	2.5862948894500732
45	1	她	7.158329010009766
45	2	评价	13.841238021850586
45	3	了	6.929157733917236
45	4	那	12.806811332702637
45	5	篇	9.204151153564453
45	6	学生	16.817768096923828
45	7	准备	14.049614906311035
45	8	的	3.3570892810821533
45	9	报告	10.404631614685059
45	10	。	0.2893892526626587
46	1	她	7.158329010009766
46	2	评价	13.841238021850586
46	3	了	6.929157733917236
46	4	那	12.806811332702637
46	5	个	7.976544380187988
46	6	学生	12.020474433898926
46	7	准备	12.169690132141113
46	8	的	3.3996357917785645
46	9	报告	16.2995662689209
46	10	。	0.42787325382232666
47	1	我	7.607615947723389
47	2	在	6.230135917663574
47	3	等	10.093762397766113
47	4	那	7.030178546905518
47	5	封	8.762803077697754
47	6	朋友	12.94580364227295
47	7	写	7.991827964782715
47	8	的	3.0719516277313232
47	9	信	3.8933145999908447
47	10	。	10.377482414245605
48	1	我	7.607615947723389
48	2	在	6.230135917663574
48	3	等	10.093762397766113
48	4	那	7.030178546905518
48	5	个	4.966531276702881
48	6	朋友	9.418878555297852
48	7	写	8.260163307189941
48	8	的	3.2203726768493652
48	9	信	8.258537292480469
48	10	。	9.112046241760254
49	1	他	4.431591987609863
49	2	提到	14.165450096130371
49	3	了	5.365979194641113
49	4	那	11.716513633728027
49	5	堂	19.5681095123291
49	6	老师	9.883367538452148
49	7	教	12.630802154541016
49	8	的	5.944239616394043
49	9	课	6.853915691375732
49	10	。	2.066204786300659
50	1	他	4.431591987609863
50	2	提到	14.165450096130371
50	3	了	5.365979194641113
50	4	那	11.716513633728027
50	5	个	6.538254737854004
50	6	老师	16.842506408691406
50	7	教	14.499481201171875
50	8	的	6.3347978591918945
50	9	课	9.29313850402832
50	10	。	2.392301559448242
51	1	她	7.158329010009766
51	2	推荐	17.343229293823242
51	3	了	1.7146893739700317
51	4	那	13.368614196777344
51	5	块	10.375753402709961
51	6	医生	18.271385192871094
51	7	喜欢	12.53091812133789
51	8	的	4.128575801849365
51	9	手表	14.325937271118164
51	10	。	4.054869651794434
52	1	她	7.158329010009766
52	2	推荐	17.343229293823242
52	3	了	1.7146893739700317
52	4	那	13.368614196777344
52	5	个	6.4467034339904785
52	6	医生	13.83770751953125
52	7	喜欢	14.770755767822266
52	8	的	3.4378414154052734
52	9	手表	16.466354370117188
52	10	。	4.487820625305176
53	1	我	7.607615947723389
53	2	选择	11.101524353027344
53	3	了	1.865592122077942
53	4	那	8.500985145568848
53	5	篇	8.670957565307617
53	6	学生	18.212600708007812
53	7	写	8.071316719055176
53	8	的	1.481776475906372
53	9	论文	8.313801765441895
53	10	。	4.044482707977295
54	1	我	7.607615947723389
54	2	选择	11.101524353027344
54	3	了	1.865592122077942
54	4	那	8.500985145568848
54	5	个	4.482144832611084
54	6	学生	10.879966735839844
54	7	写	11.232098579406738
54	8	的	2.6785478591918945
54	9	论文	9.767592430114746
54	10	。	3.996539354324341
55	1	她	7.158329010009766
55	2	喜欢	10.334497451782227
55	3	那	9.801835060119629
55	4	场	6.3796000480651855
55	5	演员	16.714956283569336
55	6	准备	13.963043212890625
55	7	的	3.7007510662078857
55	8	表演	3.236163377761841
55	9	。	2.57841157913208
56	1	她	7.158329010009766
56	2	喜欢	10.334497451782227
56	3	那	9.801835060119629
56	4	个	4.698352813720703
56	5	演员	14.49791431427002
56	6	准备	14.503095626831055
56	7	的	3.3170979022979736
56	8	表演	6.746984004974365
56	9	。	2.7831501960754395
57	1	他	4.431591987609863
57	2	称赞	9.939199447631836
57	3	了	7.993058681488037
57	4	那	10.962739944458008
57	5	间	12.448691368103027
57	6	警察	15.460972785949707
57	7	工作	7.232660293579102
57	8	的	2.41455078125
57	9	办公室	17.298194885253906
57	10	。	2.655104875564575
58	1	他	4.431591987609863
58	2	称赞	9.939199447631836
58	3	了	7.993058681488037
58	4	那	10.962739944458008
58	5	个	8.154348373413086
58	6	警察	15.1431245803833
58	7	工作	5.644991874694824
58	8	的	4.8029985427856445
58	9	办公室	16.54309844970703
58	10	。	2.1942458152770996
59	1	我	7.607615947723389
59	2	听说	9.739665031433105
59	3	过	2.847158193588257
59	4	那	6.064694881439209
59	5	首	7.356051445007324
59	6	孩子	11.038158416748047
59	7	写	12.249250411987305
59	8	的	1.4285550117492676
59	9	诗	12.877239227294922
59	10	。	6.455963134765625
60	1	我	7.607615947723389
60	2	听说	9.739665031433105
60	3	过	2.847158193588257
60	4	那	6.064694881439209
60	5	个	5.90669059753418
60	6	孩子	7.958788871765137
60	7	写	12.365876197814941
60	8	的	2.03239107131958
60	9	诗	14.409916877746582
60	10	。	5.911341667175293
61	1	我	7.607615947723389
61	2	选择	11.101524353027344
61	3	了	1.865592122077942
61	4	那	8.500985145568848
61	5	家	7.358492851257324
61	6	朋友	11.897823333740234
61	7	去	6.125576019287109
61	8	的	8.22529411315918
61	9	银行	10.758440971374512
61	10	。	2.0009703636169434
62	1	我	7.607615947723389
62	2	选择	11.101524353027344
62	3	了	1.865592122077942
62	4	那	8.500985145568848
62	5	个	4.482144832611084
62	6	朋友	10.218363761901855
62	7	去	6.327863693237305
62	8	的	8.300847053527832
62	9	银行	11.279073715209961
62	10	。	2.5701100826263428
