sentence_id	token_id	token	surprisal
1	1	那	9.678359985351562
1	2	家	10.234410285949707
1	3	亲切	17.305191040039062
1	4	的	0.29287850856781006
1	5	老板	9.37855339050293
1	6	在	5.600028038024902
1	7	市中心	8.672111511230469
1	8	投资	9.548002243041992
1	9	的	3.083163261413574
1	10	饭店	4.325518608093262
1	11	很	11.477822303771973
1	12	受	3.9035234451293945
1	13	欢迎	0.11602883785963058
1	14	。	0.773980975151062
2	1	那	9.678359985351562
2	2	个	8.759618759155273
2	3	亲切	14.240647315979004
2	4	的	0.5056281685829163
2	5	老板	14.628695487976074
2	6	在	4.797922611236572
2	7	市中心	9.881644248962402
2	8	投资	10.632210731506348
2	9	的	2.880829334259033
2	10	饭店	5.599057674407959
2	11	很	11.49402141571045
2	12	受	4.050436019897461
2	13	欢迎	0.10650447010993958
2	14	。	0.810720682144165
3	1	那	9.678359985351562
3	2	幅	12.540840148925781
3	3	聪明	15.073908805847168
3	4	的	0.41643083095550537
3	5	朋友	9.930354118347168
3	6	非常	9.504928588867188
3	7	喜欢	4.193878173828125
3	8	的	7.827490329742432
3	9	画	12.832975387573242
3	10	吸引	13.783023834228516
3	11	了	4.456532955169678
3	12	我	4.1728715896606445
3	13	。	3.7649788856506348
4	1	那	9.678359985351562
4	2	个	8.759618759155273
4	3	聪明	14.877140045166016
4	4	的	0.2811979651451111
4	5	朋友	4.068243026733398
4	6	非常	10.157873153686523
4	7	喜欢	4.452533721923828
4	8	的	5.0977959632873535
4	9	画	18.422962188720703
4	10	吸引	15.1883544921875
4	11	了	5.104615211486816
4	12	我	2.3432183265686035
4	13	。	3.626985788345337
5	1	那	9.678359985351562
5	2	件	7.598521709442139
5	3	细心	20.108661651611328
5	4	的	0.19191525876522064
5	5	老师	12.819765090942383
5	6	为	9.842906951904297
5	7	他	4.468086242675781
5	8	的	3.5202488899230957
5	9	收藏	13.876335144042969
5	10	的	9.453938484191895
5	11	艺术品	10.041621208190918
5	12	获	12.753043174743652
5	13	了	2.67252516746521
5	14	奖	8.515181541442871
5	15	。	0.5607890486717224
6	1	那	9.678359985351562
6	2	个	8.759618759155273
6	3	细心	14.516693115234375
6	4	的	0.164009690284729
6	5	老师	8.890006065368652
6	6	为	10.195629119873047
6	7	他	5.13277006149292
6	8	的	3.5034399032592773
6	9	收藏	15.09433650970459
6	10	的	8.497488975524902
6	11	艺术品	11.922797203063965
6	12	获	13.288251876831055
6	13	了	2.725870370864868
6	14	奖	6.825066566467285
6	15	。	0.7204740047454834
7	1	那	9.678359985351562
7	2	只	6.807433128356934
7	3	负责	13.686973571777344
7	4	的	3.6658475399017334
7	5	店长	24.663822174072266
7	6	特别	15.524575233459473
7	7	喜欢	9.613443374633789
7	8	的	7.691983699798584
7	9	宠物	15.477937698364258
7	10	生病	16.668546676635742
7	11	了	5.284938812255859
7	12	。	1.6957404613494873
8	1	那	9.678359985351562
8	2	个	8.759618759155273
8	3	负责	13.623326301574707
8	4	的	1.263563632965088
8	5	店长	23.697425842285156
8	6	特别	14.56771469116211
8	7	喜欢	10.247007369995117
8	8	的	6.836469650268555
8	9	宠物	16.99244499206543
8	10	生病	17.04839515686035
8	11	了	5.101295471191406
8	12	。	1.728645920753479
9	1	那	9.678359985351562
9	2	首	10.577648162841797
9	3	有名	16.662006378173828
9	4	的	0.17244750261306763
9	5	明星	11.331785202026367
9	6	在	6.848636627197266
9	7	商场	13.149051666259766
9	8	唱	15.373598098754883
9	9	的	4.02665376663208
9	10	歌	5.459750175476074
9	11	很	10.465902328491211
9	12	好听	17.1227970123291
9	13	。	2.0987565517425537
10	1	那	9.678359985351562
10	2	个	8.759618759155273
10	3	有名	14.975203514099121
10	4	的	0.05497437343001366
10	5	明星	11.924453735351562
10	6	在	3.9439620971679688
10	7	商场	13.309106826782227
10	8	唱	15.684264183044434
10	9	的	4.2777018547058105
10	10	歌	5.43368673324585
10	11	很	10.880616188049316
10	12	好听	17.522642135620117
10	13	。	2.1021389961242676
11	1	那	9.678359985351562
11	2	所	9.994178771972656
11	3	富有	14.660542488098145
11	4	的	3.165651321411133
11	5	老人	13.03465747833252
11	6	在	3.5007383823394775
11	7	冬天	12.510482788085938
11	8	去	7.169296741485596
11	9	的	5.6612982749938965
11	10	学校	11.240925788879395
11	11	关闭	14.437206268310547
11	12	了	0.9892880320549011
11	13	。	4.7823381423950195
12	1	那	9.678359985351562
12	2	个	8.759618759155273
12	3	富有	14.867374420166016
12	4	的	5.76296329498291
12	5	老人	14.29115104675293
12	6	在	3.448859930038452
12	7	冬天	11.789870262145996
12	8	去	6.365458965301514
12	9	的	6.394151210784912
12	10	学校	10.475892066955566
12	11	关闭	14.185909271240234
12	12	了	0.6245392560958862
12	13	。	4.372877597808838
13	1	那	9.678359985351562
13	2	件	7.598521709442139
13	3	紧张	19.223674774169922
13	4	的	0.8757215142250061
13	5	司机	19.989376068115234
13	6	给	6.973508358001709
13	7	朋友	9.33114242553711
13	8	带	8.100533485412598
13	9	的	7.136294841766357
13	10	行李	8.908597946166992
13	11	丢	12.725401878356934
13	12	了	0.25244009494781494
13	13	。	6.222599029541016
14	1	那	9.678359985351562
14	2	个	8.759618759155273
14	3	紧张	13.823445320129395
14	4	的	0.7223702073097229
14	5	司机	19.554916381835938
14	6	给	7.1369428634643555
14	7	朋友	9.118375778198242
14	8	带	8.138920783996582
14	9	的	7.219130516052246
14	10	行李	10.333364486694336
14	11	丢	12.116802215576172
14	12	了	0.22503867745399475
14	13	。	6.007901668548584
15	1	那	9.678359985351562
15	2	本	7.634148597717285
15	3	有名	19.661725997924805
15	4	的	0.10450069606304169
15	5	作家	12.339592933654785
15	6	为	10.967548370361328
15	7	我	5.279926300048828
15	8	写	4.286766052246094
15	9	的	4.481320381164551
15	10	书	4.282870769500732
15	11	很	8.598531723022461
15	12	受	5.740381240844727
15	13	欢迎	0.5226091742515564
15	14	。	0.8666053414344788
16	1	那	9.678359985351562
16	2	个	8.759618759155273
16	3	有名	14.975203514099121
16	4	的	0.05497437343001366
16	5	作家	13.698701858520508
16	6	为	10.251551628112793
16	7	我	3.4975504875183105
16	8	写	4.848816394805908
16	9	的	4.508387088775635
16	10	书	4.934481620788574
16	11	很	8.236579895019531
16	12	受	6.367486953735352
16	13	欢迎	0.5848337411880493
16	14	。	1.03286874294281
17	1	那	9.678359985351562
17	2	辆	9.039594650268555
17	3	熟悉	19.109821319580078
17	4	的	1.6293144226074219
17	5	朋友	14.384735107421875
17	6	昨天	9.06480598449707
17	7	开	12.96743392944336
17	8	的	5.827291488647461
17	9	车	4.640314102172852
17	10	坏	15.751626968383789
17	11	了	0.2173205465078354
17	12	。	4.516873836517334
18	1	那	9.678359985351562
18	2	个	8.759618759155273
18	3	熟悉	17.984743118286133
18	4	的	0.48502305150032043
18	5	朋友	5.291072845458984
18	6	昨天	10.674671173095703
18	7	开	13.402841567993164
18	8	的	6.881515026092529
18	9	车	7.444680213928223
18	10	坏	14.779898643493652
18	11	了	0.15814059972763062
18	12	。	4.403369426727295
19	1	那	9.678359985351562
19	2	份	8.443988800048828
19	3	淘气	20.2177677154541
19	4	的	0.4182799756526947
19	5	孩子	7.684647560119629
19	6	在	4.306269645690918
19	7	学校	9.062705039978027
19	8	做	6.933139324188232
19	9	的	3.1618776321411133
19	10	作业	11.804430961608887
19	11	获	15.41121768951416
19	12	了	1.741860270500183
19	13	奖	10.049981117248535
19	14	。	2.629638433456421
20	1	那	9.678359985351562
20	2	个	8.759618759155273
20	3	淘气	19.686399459838867
20	4	的	0.29474443197250366
20	5	孩子	5.661643028259277
20	6	在	4.470763206481934
20	7	学校	8.475409507751465
20	8	做	6.788865089416504
20	9	的	3.6635544300079346
20	10	作业	12.467798233032227
20	11	获	16.6387939453125
20	12	了	2.04659104347229
20	13	奖	10.747855186462402
20	14	。	2.899731397628784
21	1	那	9.678359985351562
21	2	份	8.443988800048828
21	3	严格	17.865055084228516
21	4	的	0.3000142574310303
21	5	老板	15.734232902526855
21	6	给	8.853105545043945
21	7	员工	5.8947553634643555
21	8	制定	9.153486251831055
21	9	的	5.699573993682861
21	10	合同	7.694365501403809
21	11	到期	13.647478103637695
21	12	了	5.13316011428833
21	13	。	3.6624128818511963
22	1	那	9.678359985351562
22	2	个	8.759618759155273
22	3	严格	14.312007904052734
22	4	的	0.152035653591156
22	5	老板	16.097375869750977
22	6	给	8.814929008483887
22	7	员工	6.342648506164551
22	8	制定	8.995149612426758
22	9	的	6.11346435546875
22	10	合同	9.334214210510254
22	11	到期	14.238666534423828
22	12	了	3.21152663230896
22	13	。	3.31788969039917
23	1	那	9.678359985351562
23	2	间	12.4174165725708
23	3	负责	13.465418815612793
23	4	的	2.50000262260437
23	5	朋友	14.470754623413086
23	6	在	4.378710746765137
23	7	公园	11.284672737121582
23	8	旁边	8.704207420349121
23	9	开	6.376156330108643
23	10	的	7.031721115112305
23	11	工厂	13.463690757751465
23	12	倒闭	14.656485557556152
23	13	了	1.6002923250198364
23	14	。	2.5691018104553223
24	1	那	9.678359985351562
24	2	个	8.759618759155273
24	3	负责	13.623326301574707
24	4	的	1.263563632965088
24	5	朋友	11.39609146118164
24	6	在	4.133395195007324
24	7	公园	13.153670310974121
24	8	旁边	8.297410011291504
24	9	开	6.174758434295654
24	10	的	7.843557834625244
24	11	工厂	12.236433029174805
24	12	倒闭	14.543624877929688
24	13	了	0.9178314805030823
24	14	。	2.4696903228759766
25	1	那	9.678359985351562
25	2	张	7.894223690032959
25	3	聪明	16.279664993286133
25	4	的	0.25052759051322937
25	5	孩子	6.488616466522217
25	6	在	3.956995964050293
25	7	公园	8.20423412322998
25	8	照	13.479467391967773
25	9	的	7.154745578765869
25	10	照片	9.541559219360352
25	11	丢	14.663593292236328
25	12	了	0.5012938976287842
25	13	。	6.569759845733643
26	1	那	9.678359985351562
26	2	个	8.759618759155273
26	3	聪明	14.877140045166016
26	4	的	0.2811979651451111
26	5	孩子	3.2784464359283447
26	6	在	4.461650848388672
26	7	公园	9.619720458984375
26	8	照	13.343862533569336
26	9	的	5.851469993591309
26	10	照片	12.744521141052246
26	11	丢	14.385022163391113
26	12	了	0.5701836943626404
26	13	。	5.545513153076172
27	1	那	9.678359985351562
27	2	台	11.886992454528809
27	3	负责	15.32044792175293
27	4	的	5.34372091293335
27	5	老师	12.020354270935059
27	6	经常	10.670019149780273
27	7	用	5.758448600769043
27	8	的	10.255120277404785
27	9	手机	6.802036285400391
27	10	很	13.0180082321167
27	11	好用	16.46070098876953
27	12	。	3.717226028442383
28	1	那	9.678359985351562
28	2	个	8.759618759155273
28	3	负责	13.623326301574707
28	4	的	1.263563632965088
28	5	老师	13.001033782958984
28	6	经常	10.375417709350586
28	7	用	6.572325229644775
28	8	的	8.512527465820312
28	9	手机	6.706379413604736
28	10	很	13.231303215026855
28	11	好用	16.35776710510254
28	12	。	3.313356399536133
29	1	那	9.678359985351562
29	2	朵	20.857566833496094
29	3	细心	18.665843963623047
29	4	的	0.821439802646637
29	5	邻居	13.007933616638184
29	6	在	4.091805458068848
29	7	家	6.859231472015381
29	8	种	17.162540435791016
29	9	的	6.539205551147461
29	10	花	9.115791320800781
29	11	很	10.406689643859863
29	12	好看	11.325907707214355
29	13	。	2.241205930709839
30	1	那	9.678359985351562
30	2	个	8.759618759155273
30	3	细心	14.516693115234375
30	4	的	0.164009690284729
30	5	邻居	10.345235824584961
30	6	在	4.197440147399902
30	7	家	6.5138068199157715
30	8	种	16.546815872192383
30	9	的	5.019315719604492
30	10	花	10.978741645812988
30	11	很	9.018625259399414
30	12	好看	11.759354591369629
30	13	。	2.795975923538208
