sentence_id	token_id	token	surprisal
1	1	记者	8.504682540893555
1	2	采访	7.252151966094971
1	3	了	0.5490556955337524
1	4	研发	20.144582748413086
1	5	帮助	16.7273006439209
1	6	老人	18.436742782592773
1	7	的	2.3961362838745117
1	8	产品	10.962132453918457
1	9	。	1.9843789339065552
2	1	记者	8.504682540893555
2	2	采访	7.252151966094971
2	3	了	0.5490556955337524
2	4	研发	20.144582748413086
2	5	帮助	16.7273006439209
2	6	老人	18.436742782592773
2	7	的	2.3961362838745117
2	8	产品	10.962132453918457
2	9	的	12.198816299438477
2	10	科学家	12.434890747070312
2	11	。	0.8493642807006836
3	1	他	4.431591987609863
3	2	认识	15.419783592224121
3	3	了	6.798752784729004
3	4	写	18.093305587768555
3	5	介绍	13.142931938171387
3	6	名人	13.474504470825195
3	7	的	1.8921152353286743
3	8	书	7.268374919891357
3	9	。	4.572000980377197
4	1	他	4.431591987609863
4	2	认识	15.419783592224121
4	3	了	6.798752784729004
4	4	写	18.093305587768555
4	5	介绍	13.142931938171387
4	6	名人	13.474504470825195
4	7	的	1.8921152353286743
4	8	书	7.268374919891357
4	9	的	6.592604637145996
4	10	老师	16.094463348388672
4	11	。	4.689437389373779
5	1	他	4.431591987609863
5	2	拍	15.686833381652832
5	3	下	10.391542434692383
5	4	了	2.7010011672973633
5	5	获得	22.45903778076172
5	6	代表	15.41296100616455
5	7	实力	16.522024154663086
5	8	的	0.4463571310043335
5	9	大奖	12.462063789367676
5	10	。	1.85987389087677
6	1	他	4.431591987609863
6	2	拍	15.686833381652832
6	3	下	10.391542434692383
6	4	了	2.7010011672973633
6	5	获得	22.45903778076172
6	6	代表	15.41296100616455
6	7	实力	16.522024154663086
6	8	的	0.4463571310043335
6	9	大奖	12.462063789367676
6	10	的	6.584460258483887
6	11	艺术品	17.73579216003418
6	12	。	4.087411403656006
7	1	我们	7.795909404754639
7	2	参加	11.11649227142334
7	3	了	3.643728256225586
7	4	吸引	15.021394729614258
7	5	学习	19.633991241455078
7	6	历史	13.355018615722656
7	7	的	0.8735483884811401
7	8	学生	9.766844749450684
7	9	。	3.3672523498535156
8	1	我们	7.795909404754639
8	2	参加	11.11649227142334
8	3	了	3.643728256225586
8	4	吸引	15.021394729614258
8	5	学习	19.633991241455078
8	6	历史	13.355018615722656
8	7	的	0.8735483884811401
8	8	学生	9.766844749450684
8	9	的	6.681065082550049
8	10	活动	1.1902941465377808
8	11	。	0.748441219329834
9	1	他	4.431591987609863
9	2	想起	17.731033325195312
9	3	了	2.8769798278808594
9	4	写	13.501596450805664
9	5	过	6.675052642822266
9	6	宣传	13.85978889465332
9	7	环保	12.36266040802002
9	8	的	3.676396608352661
9	9	歌	7.268347263336182
9	10	。	2.8924286365509033
10	1	他	4.431591987609863
10	2	想起	17.731033325195312
10	3	了	2.8769798278808594
10	4	写	13.501596450805664
10	5	过	6.675052642822266
10	6	宣传	13.85978889465332
10	7	环保	12.36266040802002
10	8	的	3.676396608352661
10	9	歌	7.268347263336182
10	10	的	9.17236328125
10	11	同学	12.013812065124512
10	12	。	2.6823511123657227
11	1	司机	16.757728576660156
11	2	启动	18.670625686645508
11	3	了	1.8731579780578613
11	4	装有	13.117733001708984
11	5	支持	20.111555099487305
11	6	互联网	15.81875991821289
11	7	功能	12.612205505371094
11	8	的	0.799297034740448
11	9	音响	12.726188659667969
11	10	。	3.8700478076934814
12	1	司机	16.757728576660156
12	2	启动	18.670625686645508
12	3	了	1.8731579780578613
12	4	装有	13.117733001708984
12	5	支持	20.111555099487305
12	6	互联网	15.81875991821289
12	7	功能	12.612205505371094
12	8	的	0.799297034740448
12	9	音响	12.726188659667969
12	10	的	9.713876724243164
12	11	车	12.71969223022461
12	12	。	2.5026047229766846
13	1	爸爸	14.413990020751953
13	2	买	7.665614604949951
13	3	了	1.3688026666641235
13	4	带	13.116679191589355
13	5	配备	17.771955490112305
13	6	保险	14.272838592529297
13	7	的	4.1549577713012695
13	8	家具	9.91705322265625
13	9	。	4.555122375488281
14	1	爸爸	14.413990020751953
14	2	买	7.665614604949951
14	3	了	1.3688026666641235
14	4	带	13.116679191589355
14	5	配备	17.771955490112305
14	6	保险	14.272838592529297
14	7	的	4.1549577713012695
14	8	家具	9.91705322265625
14	9	的	12.056984901428223
14	10	房子	6.795153617858887
14	11	。	4.121283531188965
15	1	他	4.431591987609863
15	2	损失	22.03024673461914
15	3	了	3.281137228012085
15	4	买	14.796178817749023
15	5	治疗	18.36333465576172
15	6	疾病	8.904829978942871
15	7	的	1.1056021451950073
15	8	药	14.769755363464355
15	9	。	4.421145439147949
16	1	他	4.431591987609863
16	2	损失	22.03024673461914
16	3	了	3.281137228012085
16	4	买	14.796178817749023
16	5	治疗	18.36333465576172
16	6	疾病	8.904829978942871
16	7	的	1.1056021451950073
16	8	药	14.769755363464355
16	9	的	9.728687286376953
16	10	现金	8.377453804016113
16	11	。	1.2095909118652344
17	1	我	7.607615947723389
17	2	拜访	17.97085189819336
17	3	了	1.3344625234603882
17	4	去	14.312681198120117
17	5	过	9.017353057861328
17	6	支持	15.070548057556152
17	7	贸易	15.857467651367188
17	8	的	2.921765089035034
17	9	中国	4.7312726974487305
17	10	。	10.421018600463867
18	1	我	7.607615947723389
18	2	拜访	17.97085189819336
18	3	了	1.3344625234603882
18	4	去	14.312681198120117
18	5	过	9.017353057861328
18	6	支持	15.070548057556152
18	7	贸易	15.857467651367188
18	8	的	2.921765089035034
18	9	中国	4.7312726974487305
18	10	的	7.819921016693115
18	11	邻居	12.764057159423828
18	12	。	2.839524745941162
19	1	爷爷	17.82335090637207
19	2	中止	18.822124481201172
19	3	了	0.6424058675765991
19	4	引发	18.73137092590332
19	5	伤害	13.233198165893555
19	6	亲情	16.162324905395508
19	7	的	0.1623249351978302
19	8	争吵	11.760662078857422
19	9	。	3.617006540298462
20	1	爷爷	17.82335090637207
20	2	中止	18.822124481201172
20	3	了	0.6424058675765991
20	4	引发	18.73137092590332
20	5	伤害	13.233198165893555
20	6	亲情	16.162324905395508
20	7	的	0.1623249351978302
20	8	争吵	11.760662078857422
20	9	的	7.7440571784973145
20	10	谈话	12.244115829467773
20	11	。	2.414824962615967
21	1	她	7.158329010009766
21	2	提到	13.432982444763184
21	3	了	5.287966251373291
21	4	看	15.517386436462402
21	5	着	7.183603286743164
21	6	带来	17.478668212890625
21	7	欢乐	9.124734878540039
21	8	的	0.7956980466842651
21	9	电视	13.997544288635254
21	10	。	5.640120029449463
22	1	她	7.158329010009766
22	2	提到	13.432982444763184
22	3	了	5.287966251373291
22	4	看	15.517386436462402
22	5	着	7.183603286743164
22	6	带来	17.478668212890625
22	7	欢乐	9.124734878540039
22	8	的	0.7956980466842651
22	9	电视	13.997544288635254
22	10	的	10.726248741149902
22	11	女儿	14.303177833557129
22	12	。	3.323085308074951
23	1	医生	14.68613338470459
23	2	表扬	17.273509979248047
23	3	了	0.5142936706542969
23	4	帮助	14.566696166992188
23	5	种	18.28875160217285
23	6	菜	8.793482780456543
23	7	的	1.2652114629745483
23	8	老人	8.316827774047852
23	9	。	2.5085928440093994
24	1	医生	14.68613338470459
24	2	表扬	17.273509979248047
24	3	了	0.5142936706542969
24	4	帮助	14.566696166992188
24	5	种	18.28875160217285
24	6	菜	8.793482780456543
24	7	的	1.2652114629745483
24	8	老人	8.316827774047852
24	9	的	5.609240531921387
24	10	孩子	7.3290791511535645
24	11	。	1.0094332695007324
25	1	她	7.158329010009766
25	2	介绍	7.867932319641113
25	3	了	5.122143268585205
25	4	生产	14.549661636352539
25	5	装有	16.602191925048828
25	6	音响	10.428529739379883
25	7	的	2.5648841857910156
25	8	电视	11.324490547180176
25	9	。	8.21046257019043
26	1	她	7.158329010009766
26	2	介绍	7.867932319641113
26	3	了	5.122143268585205
26	4	生产	14.549661636352539
26	5	装有	16.602191925048828
26	6	音响	10.428529739379883
26	7	的	2.5648841857910156
26	8	电视	11.324490547180176
26	9	的	9.722967147827148
26	10	工厂	12.167597770690918
26	11	。	5.122742176055908
27	1	我	7.607615947723389
27	2	洗	16.14334487915039
27	3	了	2.0597991943359375
27	4	陪伴	17.083837509155273
27	5	过	8.030492782592773
27	6	卖	14.32075023651123
27	7	衣服	4.893777847290039
27	8	的	1.1647570133209229
27	9	母亲	9.756016731262207
27	10	。	2.7367444038391113
28	1	我	7.607615947723389
28	2	洗	16.14334487915039
28	3	了	2.0597991943359375
28	4	陪伴	17.083837509155273
28	5	过	8.030492782592773
28	6	卖	14.32075023651123
28	7	衣服	4.893777847290039
28	8	的	1.1647570133209229
28	9	母亲	9.756016731262207
28	10	的	9.961629867553711
28	11	衣服	9.336841583251953
28	12	。	3.541156768798828
29	1	学生	14.125157356262207
29	2	们	17.29754638671875
29	3	写	10.229631423950195
29	4	着	5.345811367034912
29	5	困扰	21.087528228759766
29	6	努力	20.9578914642334
29	7	学习	3.908538579940796
29	8	的	2.8272364139556885
29	9	他们	15.92302131652832
29	10	。	1.8738200664520264
30	1	学生	14.125157356262207
30	2	们	17.29754638671875
30	3	写	10.229631423950195
30	4	着	5.345811367034912
30	5	困扰	21.087528228759766
30	6	努力	20.9578914642334
30	7	学习	3.908538579940796
30	8	的	2.8272364139556885
30	9	他们	15.92302131652832
30	10	的	6.000294208526611
30	11	作业	13.1334867477417
30	12	。	2.101809501647949
31	1	店长	22.240894317626953
31	2	拿	16.70139503479004
31	3	着	1.5930862426757812
31	4	开	12.165661811828613
31	5	通往	17.578166961669922
31	6	仓库	14.476879119873047
31	7	的	0.8375584483146667
31	8	大门	7.757790565490723
31	9	。	4.598133087158203
32	1	店长	22.240894317626953
32	2	拿	16.70139503479004
32	3	着	1.5930862426757812
32	4	开	12.165661811828613
32	5	通往	17.578166961669922
32	6	仓库	14.476879119873047
32	7	的	0.8375584483146667
32	8	大门	7.757790565490723
32	9	的	10.297877311706543
32	10	钥匙	9.681299209594727
32	11	。	2.6483964920043945
33	1	有人	13.735942840576172
33	2	听	11.325841903686523
33	3	着	5.284186363220215
33	4	打扰	18.646549224853516
33	5	了	11.442649841308594
33	6	写	14.017622947692871
33	7	书	10.511987686157227
33	8	的	2.215015411376953
33	9	邻居	13.090864181518555
33	10	。	4.945134162902832
34	1	有人	13.735942840576172
34	2	听	11.325841903686523
34	3	着	5.284186363220215
34	4	打扰	18.646549224853516
34	5	了	11.442649841308594
34	6	写	14.017622947692871
34	7	书	10.511987686157227
34	8	的	2.215015411376953
34	9	邻居	13.090864181518555
34	10	的	7.4947919845581055
34	11	音乐	15.552621841430664
34	12	。	5.314459800720215
35	1	我	7.607615947723389
35	2	观察	13.088022232055664
35	3	着	9.39139175415039
35	4	经营	16.629026412963867
35	5	卖	13.355652809143066
35	6	食品	6.61445426940918
35	7	的	0.6177756786346436
35	8	商店	10.161699295043945
35	9	。	3.5755534172058105
36	1	我	7.607615947723389
36	2	观察	13.088022232055664
36	3	着	9.39139175415039
36	4	经营	16.629026412963867
36	5	卖	13.355652809143066
36	6	食品	6.61445426940918
36	7	的	0.6177756786346436
36	8	商店	10.161699295043945
36	9	的	4.70263671875
36	10	男人	14.664576530456543
36	11	。	3.1625301837921143
37	1	学生	14.125157356262207
37	2	们	17.29754638671875
37	3	读	14.567602157592773
37	4	着	7.33774995803833
37	5	描述	14.267477989196777
37	6	启发	18.87090301513672
37	7	读者	12.632063865661621
37	8	的	3.163196325302124
37	9	故事	2.6420249938964844
37	10	。	1.8078505992889404
38	1	学生	14.125157356262207
38	2	们	17.29754638671875
38	3	读	14.567602157592773
38	4	着	7.33774995803833
38	5	描述	14.267477989196777
38	6	启发	18.87090301513672
38	7	读者	12.632063865661621
38	8	的	3.163196325302124
38	9	故事	2.6420249938964844
38	10	的	10.728875160217285
38	11	书	9.065200805664062
38	12	。	2.0300440788269043
39	1	教练	13.22214412689209
39	2	创办	19.024864196777344
39	3	过	12.142924308776855
39	4	教	16.378742218017578
39	5	治疗	12.792174339294434
39	6	失眠	18.234968185424805
39	7	的	1.0873963832855225
39	8	动作	13.658600807189941
39	9	。	7.280743598937988
40	1	教练	13.22214412689209
40	2	创办	19.024864196777344
40	3	过	12.142924308776855
40	4	教	16.378742218017578
40	5	治疗	12.792174339294434
40	6	失眠	18.234968185424805
40	7	的	1.0873963832855225
40	8	动作	13.658600807189941
40	9	的	8.082074165344238
40	10	健身房	14.817374229431152
40	11	。	7.775047779083252
41	1	我	7.607615947723389
41	2	喜欢	8.039031028747559
41	3	过	6.5389790534973145
41	4	给	13.042287826538086
41	5	我	2.227036237716675
41	6	克服	17.50920295715332
41	7	困难	2.901322841644287
41	8	的	1.1207797527313232
41	9	信心	10.702033042907715
41	10	。	0.8317540287971497
42	1	我	7.607615947723389
42	2	喜欢	8.039031028747559
42	3	过	6.5389790534973145
42	4	给	13.042287826538086
42	5	我	2.227036237716675
42	6	克服	17.50920295715332
42	7	困难	2.901322841644287
42	8	的	1.1207797527313232
42	9	信心	10.702033042907715
42	10	的	9.25779914855957
42	11	音乐	16.76939582824707
42	12	。	2.154670476913452
43	1	她	7.158329010009766
43	2	开	12.926576614379883
43	3	过	7.51520299911499
43	4	容纳	18.766050338745117
43	5	很多	13.540152549743652
43	6	学习	16.9947509765625
43	7	舞蹈	14.1426420211792
43	8	的	1.1616650819778442
43	9	人	6.46743106842041
43	10	。	2.980027198791504
44	1	她	7.158329010009766
44	2	开	12.926576614379883
44	3	过	7.51520299911499
44	4	容纳	18.766050338745117
44	5	很多	13.540152549743652
44	6	学习	16.9947509765625
44	7	舞蹈	14.1426420211792
44	8	的	1.1616650819778442
44	9	人	6.46743106842041
44	10	的	6.721218109130859
44	11	车	9.93280029296875
44	12	。	3.9054501056671143
45	1	他	4.431591987609863
45	2	修理	21.49202537536621
45	3	过	6.996129035949707
45	4	丢失	17.35410499572754
45	5	了	2.5706775188446045
45	6	处理	11.921360969543457
45	7	程序	8.220444679260254
45	8	的	2.3038907051086426
45	9	芯片	11.329894065856934
45	10	。	2.831482172012329
46	1	他	4.431591987609863
46	2	修理	21.49202537536621
46	3	过	6.996129035949707
46	4	丢失	17.35410499572754
46	5	了	2.5706775188446045
46	6	处理	11.921360969543457
46	7	程序	8.220444679260254
46	8	的	2.3038907051086426
46	9	芯片	11.329894065856934
46	10	的	8.434453964233398
46	11	电脑	9.817612648010254
46	12	。	2.7889630794525146
47	1	他	4.431591987609863
47	2	讲	13.161552429199219
47	3	过	5.238231182098389
47	4	介绍	14.949029922485352
47	5	写	11.861701965332031
47	6	诗	14.01047134399414
47	7	的	1.9921969175338745
47	8	画家	15.216176986694336
47	9	。	8.615629196166992
48	1	他	4.431591987609863
48	2	讲	13.161552429199219
48	3	过	5.238231182098389
48	4	介绍	14.949029922485352
48	5	写	11.861701965332031
48	6	诗	14.01047134399414
48	7	的	1.9921969175338745
48	8	画家	15.216176986694336
48	9	的	6.933476448059082
48	10	课	10.897531509399414
48	11	。	4.002633571624756
49	1	我	7.607615947723389
49	2	邀请	14.990860939025879
49	3	过	8.586506843566895
49	4	喜欢	16.06106948852539
49	5	唱	9.395545959472656
49	6	歌	4.184988498687744
49	7	的	0.9976098537445068
49	8	明星	10.438753128051758
49	9	。	5.23336124420166
50	1	我	7.607615947723389
50	2	邀请	14.990860939025879
50	3	过	8.586506843566895
50	4	喜欢	16.06106948852539
50	5	唱	9.395545959472656
50	6	歌	4.184988498687744
50	7	的	0.9976098537445068
50	8	明星	10.438753128051758
50	9	的	9.822627067565918
50	10	朋友	5.038969993591309
50	11	。	4.606457710266113
51	1	她	7.158329010009766
51	2	申请	18.479036331176758
51	3	过	10.847484588623047
51	4	减轻	16.68914794921875
51	5	困扰	13.446256637573242
51	6	父母	12.355632781982422
51	7	的	0.3084143102169037
51	8	负担	8.631555557250977
51	9	。	3.4013400077819824
52	1	她	7.158329010009766
52	2	申请	18.479036331176758
52	3	过	10.847484588623047
52	4	减轻	16.68914794921875
52	5	困扰	13.446256637573242
52	6	父母	12.355632781982422
52	7	的	0.3084143102169037
52	8	负担	8.631555557250977
52	9	的	8.195693969726562
52	10	奖金	13.561074256896973
52	11	。	2.868175506591797
53	1	她	7.158329010009766
53	2	去	12.907523155212402
53	3	卖	13.334439277648926
53	4	陪伴	19.746810913085938
53	5	孩子	4.1730122566223145
53	6	的	1.7057055234909058
53	7	礼物	7.152223110198975
53	8	。	3.811675786972046
54	1	她	7.158329010009766
54	2	去	12.907523155212402
54	3	卖	13.334439277648926
54	4	陪伴	19.746810913085938
54	5	孩子	4.1730122566223145
54	6	的	1.7057055234909058
54	7	礼物	7.152223110198975
54	8	的	10.835033416748047
54	9	商店	13.830304145812988
54	10	。	6.167762756347656
55	1	弟弟	17.755962371826172
55	2	需要	16.876535415649414
55	3	用于	12.929171562194824
55	4	锻炼	14.132920265197754
55	5	记忆力	20.39566421508789
55	6	的	6.277504920959473
55	7	游戏	16.229248046875
55	8	。	2.074509382247925
56	1	弟弟	17.755962371826172
56	2	需要	16.876535415649414
56	3	用于	12.929171562194824
56	4	锻炼	14.132920265197754
56	5	记忆力	20.39566421508789
56	6	的	6.277504920959473
56	7	游戏	16.229248046875
56	8	的	9.347817420959473
56	9	钱	11.03064250946045
56	10	。	3.1463441848754883
57	1	他	4.431591987609863
57	2	很	11.355636596679688
57	3	欣赏	9.649391174316406
57	4	写	14.757319450378418
57	5	吸引	18.92806053161621
57	6	读者	4.355720520019531
57	7	的	0.5007975101470947
57	8	小说	7.282787322998047
57	9	。	1.9251481294631958
58	1	他	4.431591987609863
58	2	很	11.355636596679688
58	3	欣赏	9.649391174316406
58	4	写	14.757319450378418
58	5	吸引	18.92806053161621
58	6	读者	4.355720520019531
58	7	的	0.5007975101470947
58	8	小说	7.282787322998047
58	9	的	9.488365173339844
58	10	作家	13.967286109924316
58	11	。	2.20283842086792
59	1	我	7.607615947723389
59	2	经常	11.031758308410645
59	3	去	3.4961600303649902
59	4	提供	12.881935119628906
59	5	帮助	2.2925407886505127
59	6	残疾人	16.323144912719727
59	7	的	4.434369087219238
59	8	停车位	21.779582977294922
59	9	。	4.861886024475098
60	1	我	7.607615947723389
60	2	经常	11.031758308410645
60	3	去	3.4961600303649902
60	4	提供	12.881935119628906
60	5	帮助	2.2925407886505127
60	6	残疾人	16.323144912719727
60	7	的	4.434369087219238
60	8	停车位	21.779582977294922
60	9	的	15.500814437866211
60	10	医院	18.01461410522461
60	11	。	3.032799482345581
