sentence_id	token_id	token	surprisal
1	1	那	9.539643297791976
1	2	家	9.148546417530898
1	3	老板	9.563187712695214
1	4	投资	12.750460801015343
1	5	的	5.04547216472784
1	6	饭店	5.526278699913945
1	7	很	8.006982771197698
1	8	受	4.268149407515033
1	9	欢迎	0.5002856765763113
1	10	。	3.6702315152139704
2	1	那	9.539643297791976
2	2	个	7.253094603758985
2	3	老板	11.85299974147005
2	4	投资	15.155984090303239
2	5	的	2.7901092252242066
2	6	饭店	10.166130555488124
2	7	很	7.115802938635369
2	8	受	4.513917893623912
2	9	欢迎	0.6174116060170434
2	10	。	1.9973207053554347
3	1	那	9.539643297791976
3	2	幅	9.959704783777426
3	3	朋友	17.654880736584893
3	4	喜欢	9.740600633641336
3	5	的	1.391633714381733
3	6	画	5.530655191445746
3	7	吸引	10.914165164629317
3	8	了	0.08779038271563877
3	9	我	7.371881115713322
3	10	。	3.58292325144528
4	1	那	9.539643297791976
4	2	个	7.253094603758985
4	3	朋友	9.415720021259563
4	4	喜欢	10.594130409240421
4	5	的	5.535956905340697
4	6	画	17.45082496101778
4	7	吸引	13.309707117817076
4	8	了	0.2115879254471622
4	9	我	5.706829741644967
4	10	。	2.903033463809521
5	1	那	9.539643297791976
5	2	件	8.364255214291934
5	3	老师	18.943179047499502
5	4	收藏	14.079774421705132
5	5	的	0.15765068795253967
5	6	艺术品	7.727529361134501
5	7	获	14.654089535136855
5	8	了	1.7560865500671952
5	9	奖	7.56794837463417
5	10	。	1.9912359049902904
6	1	那	9.539643297791976
6	2	个	7.253094603758985
6	3	老师	10.935131978516004
6	4	收藏	18.74775614150524
6	5	的	4.351185540500559
6	6	艺术品	9.549324579005834
6	7	获	15.985132503386403
6	8	了	1.4563253014337647
6	9	奖	6.882103524582334
6	10	。	3.1517097586812923
7	1	那	9.539643297791976
7	2	只	7.4231926708007165
7	3	店长	21.364089798716932
7	4	喜欢	12.333740593081636
7	5	的	3.5554039346236195
7	6	宠物	14.319257418703835
7	7	生病	17.01488888968541
7	8	了	5.315378385456057
7	9	。	0.9793767747496958
8	1	那	9.539643297791976
8	2	个	7.253094603758985
8	3	店长	20.693514150342462
8	4	喜欢	12.760755359553642
8	5	的	2.331088937132833
8	6	宠物	17.608068902473867
8	7	生病	17.02244107849974
8	8	了	5.5540035449983804
8	9	。	1.9062870414418995
9	1	那	9.539643297791976
9	2	首	10.62104457027472
9	3	明星	16.30994976228019
9	4	唱	10.859200335495224
9	5	的	1.818238959885555
9	6	歌	1.094248155939468
9	7	很	9.859258390647994
9	8	好听	17.22660882855179
9	9	。	1.1812911239093467
10	1	那	9.539643297791976
10	2	个	7.253094603758985
10	3	明星	15.414467647276371
10	4	唱	12.740823468831906
10	5	的	3.1728497939867424
10	6	歌	3.9273917511519443
10	7	很	7.554770911220672
10	8	好听	16.956172858086404
10	9	。	1.5673748619774557
11	1	那	9.539643297791976
11	2	所	10.878980808877074
11	3	老人	13.174150296495704
11	4	去	12.41132446415692
11	5	的	4.325371007576166
11	6	学校	1.7775089746225063
11	7	关闭	17.839227639110902
11	8	了	0.4044976225598873
11	9	。	2.7568818032444113
12	1	那	9.539643297791976
12	2	个	7.253094603758985
12	3	老人	13.724697546514715
12	4	去	9.972778338815907
12	5	的	8.201539380072418
12	6	学校	6.832042375309946
12	7	关闭	20.13705087084157
12	8	了	2.2345562870205526
12	9	。	2.0047110984486665
13	1	那	9.539643297791976
13	2	件	8.364255214291934
13	3	司机	19.727443702422878
13	4	带	6.02560820147157
13	5	的	3.884675364853706
13	6	行李	13.471805722876766
13	7	丢	14.92516152415044
13	8	了	1.1256098528963747
13	9	。	5.110521604297489
14	1	那	9.539643297791976
14	2	个	7.253094603758985
14	3	司机	17.99130872981686
14	4	带	7.134630736524336
14	5	的	4.187374048800507
14	6	行李	14.887748374461736
14	7	丢	14.605759310773422
14	8	了	1.180119993029379
14	9	。	5.664961844314945
15	1	那	9.539643297791976
15	2	本	8.33556673236242
15	3	作家	16.796657676667383
15	4	写	8.939091445339258
15	5	的	3.2117182055357745
15	6	书	1.4964174230882321
15	7	很	7.799001529085658
15	8	受	5.5038121302192025
15	9	欢迎	0.80786671512368
15	10	。	0.4193901079911839
16	1	那	9.539643297791976
16	2	个	7.253094603758985
16	3	作家	14.653253221738439
16	4	写	8.677338595249307
16	5	的	3.416647392374365
16	6	书	14.527993177056224
16	7	很	7.2407360064816615
16	8	受	9.18642098550231
16	9	欢迎	0.6714710327675846
16	10	。	1.0714793267497384
17	1	那	9.539643297791976
17	2	辆	10.18888968223176
17	3	朋友	18.987406079820026
17	4	开	7.091033971689768
17	5	的	2.3800458642093503
17	6	车	1.703432270625008
17	7	坏	15.737807810139053
17	8	了	0.20625606533289442
17	9	。	4.202359903653232
18	1	那	9.539643297791976
18	2	个	7.253094603758985
18	3	朋友	9.415720021259563
18	4	开	10.641412233149993
18	5	的	5.623447523886604
18	6	车	9.229915081352331
18	7	坏	15.538502388187077
18	8	了	0.21157442411659133
18	9	。	5.7581332683983675
19	1	那	9.539643297791976
19	2	份	8.066710396153514
19	3	孩子	15.555988946403094
19	4	做	8.31410774845208
19	5	的	1.302483674767096
19	6	作业	11.644719885985388
19	7	获	15.89903657241964
19	8	了	0.9180462545891999
19	9	奖	9.604273082569179
19	10	。	2.286434178986042
20	1	那	9.539643297791976
20	2	个	7.253094603758985
20	3	孩子	7.163731767424718
20	4	做	8.996627133470213
20	5	的	2.7401381235928
20	6	作业	14.659391857171777
20	7	获	16.93654295399645
20	8	了	0.6743373892361717
20	9	奖	9.76741798895793
20	10	。	4.030374234800547
21	1	那	9.539643297791976
21	2	份	8.066710396153514
21	3	老板	14.900236778908553
21	4	制定	16.34449213073676
21	5	的	0.8709758032956643
21	6	合同	11.17016482412376
21	7	到期	15.37793520586282
21	8	了	1.2813854294834783
21	9	。	1.8056702140099645
22	1	那	9.539643297791976
22	2	个	7.253094603758985
22	3	老板	11.85299974147005
22	4	制定	16.16962157386472
22	5	的	3.262806357521278
22	6	合同	13.36435446813033
22	7	到期	15.319285758226101
22	8	了	1.3286584830324841
22	9	。	3.0313455945251206
23	1	那	9.539643297791976
23	2	间	14.110180562709438
23	3	朋友	11.135137145436438
23	4	开	9.736041448815087
23	5	的	6.070493268282959
23	6	工厂	15.075080183758224
23	7	倒闭	15.9504314526352
23	8	了	1.3945063966398266
23	9	。	3.225122177600525
24	1	那	9.539643297791976
24	2	个	7.253094603758985
24	3	朋友	9.415720021259563
24	4	开	10.641412233149993
24	5	的	5.623447523886604
24	6	工厂	12.151023931651139
24	7	倒闭	15.521642007889035
24	8	了	1.243824979989597
24	9	。	8.230987721301986
25	1	那	9.539643297791976
25	2	张	8.494395752072094
25	3	孩子	14.265256262477003
25	4	照	14.557258300246431
25	5	的	4.838268471023731
25	6	照片	2.5642855792144914
25	7	丢	15.3609157983839
25	8	了	0.43673682599253993
25	9	。	4.07022386460342
26	1	那	9.539643297791976
26	2	个	7.253094603758985
26	3	孩子	7.163731767424718
26	4	照	15.532865768229925
26	5	的	7.513471769617972
26	6	照片	13.365398660603013
26	7	丢	16.844257822441797
26	8	了	0.7762375702611166
26	9	。	3.2323932060113947
27	1	那	9.539643297791976
27	2	台	11.93616832947206
27	3	老师	13.652098077425329
27	4	用	6.939455706933288
27	5	的	9.14877744402186
27	6	手机	13.15084075871355
27	7	很	5.720162455912231
27	8	好用	16.934141373826932
27	9	。	2.2237553189476245
28	1	那	9.539643297791976
28	2	个	7.253094603758985
28	3	老师	10.935131978516004
28	4	用	8.049973951911017
28	5	的	6.443336395112354
28	6	手机	14.388174572612762
28	7	很	5.663861795536491
28	8	好用	17.016779803256355
28	9	。	1.7988564820067978
29	1	那	9.539643297791976
29	2	朵	19.579042608836936
29	3	邻居	16.276054827763424
29	4	种	16.452964137250248
29	5	的	5.917048778104366
29	6	花	12.10873807256641
29	7	很	7.978626902415499
29	8	好看	12.740487966263899
29	9	。	1.093027727928174
30	1	那	9.539643297791976
30	2	个	7.253094603758985
30	3	邻居	13.719287811526272
30	4	种	14.759886589051693
30	5	的	5.5437032199919685
30	6	花	14.660491701923817
30	7	很	5.662170442208648
30	8	好看	13.358000746034492
30	9	。	2.6639625372957596
31	1	那	9.539643297791976
31	2	台	11.93616832947206
31	3	科学家	17.965780313244693
31	4	做	10.86653460153493
31	5	的	2.986801447593905
31	6	电视	9.978656511195013
31	7	坏	14.968977894339197
31	8	了	5.815114089859051
31	9	。	3.6179540434593918
32	1	那	9.539643297791976
32	2	个	7.253094603758985
32	3	科学家	16.28040156988902
32	4	做	10.672752803299232
32	5	的	1.1667873534335058
32	6	电视	15.021336742669021
32	7	坏	15.813478292592158
32	8	了	2.854528305451197
32	9	。	3.946253995223344
33	1	那	9.539643297791976
33	2	栋	10.74301182347281
33	3	男人	16.18153025093935
33	4	买	11.696128288411984
33	5	的	3.0167131422792792
33	6	房子	2.836334654125544
33	7	起火	14.004900605511871
33	8	了	1.3299366989102595
33	9	。	2.5399229454133803
34	1	那	9.539643297791976
34	2	个	7.253094603758985
34	3	男人	6.002027313921058
34	4	买	11.196616328367377
34	5	的	6.984773351239909
34	6	房子	8.355872848103786
34	7	起火	18.714401394275015
34	8	了	1.7635146492584965
34	9	。	1.601566534520444
35	1	那	9.539643297791976
35	2	条	8.132814904631452
35	3	朋友	12.937343398920984
35	4	给	5.863157436500234
35	5	的	8.914601425650382
35	6	建议	9.990342988292795
35	7	很	6.511098756895862
35	8	真诚	14.633325655900414
35	9	。	1.522084018432139
36	1	那	9.539643297791976
36	2	个	7.253094603758985
36	3	朋友	9.415720021259563
36	4	给	6.374953994972252
36	5	的	8.461204805412514
36	6	建议	11.772330886485378
36	7	很	5.626537845938515
36	8	真诚	15.38773234850865
36	9	。	2.235709372617876
37	1	那	9.539643297791976
37	2	支	10.13274356885827
37	3	老师	16.687597054081078
37	4	用	7.209661636661245
37	5	的	5.627945460081733
37	6	笔	11.28066573966477
37	7	坏	16.529955227966234
37	8	了	0.24267944690436138
37	9	。	3.5488009351325047
38	1	那	9.539643297791976
38	2	个	7.253094603758985
38	3	老师	10.935131978516004
38	4	用	8.049973951911017
38	5	的	6.443336395112354
38	6	笔	15.675281708835882
38	7	坏	15.379256521957593
38	8	了	2.14727246314267
38	9	。	2.9169311531808972
39	1	那	9.539643297791976
39	2	只	7.4231926708007165
39	3	女人	15.398910055509582
39	4	丢	17.050631171910453
39	5	的	10.714607751574334
39	6	鞋子	20.973729771187394
39	7	被	8.63956626086501
39	8	找到	11.783302840392267
39	9	了	1.8297387833620746
39	10	。	1.2406288528196825
40	1	那	9.539643297791976
40	2	个	7.253094603758985
40	3	女人	8.4498271304363
40	4	丢	17.114792264019485
40	5	的	8.735304764993309
40	6	鞋子	21.29020608968483
40	7	被	9.366752888890389
40	8	找到	11.418085701898974
40	9	了	1.0667712768997433
40	10	。	1.7918148124964262
41	1	那	9.539643297791976
41	2	条	8.132814904631452
41	3	邻居	16.30000566109794
41	4	养	12.862180499032945
41	5	的	3.164509208644823
41	6	狗	12.908744715293494
41	7	生病	17.967779338092136
41	8	了	1.1968832672623364
41	9	。	3.0879428371737276
42	1	那	9.539643297791976
42	2	个	7.253094603758985
42	3	邻居	13.719287811526272
42	4	养	13.889368096172095
42	5	的	5.241096414354807
42	6	狗	11.858081164607476
42	7	生病	17.793765246543785
42	8	了	0.9242829566826316
42	9	。	5.420208905956443
43	1	那	9.539643297791976
43	2	座	9.15657842951288
43	3	老人	14.80342332650898
43	4	修	14.983520817176306
43	5	的	4.4743381362503385
43	6	桥	8.328261922675367
43	7	帮助	15.568146398301117
43	8	了	5.072656351577251
43	9	我	4.971452364582419
43	10	。	2.3807658232050954
44	1	那	9.539643297791976
44	2	个	7.253094603758985
44	3	老人	13.724697546514715
44	4	修	15.077237973509497
44	5	的	7.196933376169355
44	6	桥	15.258628258990704
44	7	帮助	17.493509145113023
44	8	了	5.335970433488782
44	9	我	2.6841062300981804
44	10	。	1.1535718388620495
45	1	那	9.539643297791976
45	2	篇	9.06904458706467
45	3	学生	13.341276113505387
45	4	准备	13.374166234268696
45	5	的	5.750544813444883
45	6	报告	6.909825095776149
45	7	感动	17.292693951148202
45	8	了	0.2626424932723097
45	9	我	5.8451660879624825
45	10	。	3.2657595286769805
46	1	那	9.539643297791976
46	2	个	7.253094603758985
46	3	学生	8.571040941278909
46	4	准备	10.288016938124311
46	5	的	6.464826868188489
46	6	报告	18.24004218182663
46	7	感动	18.810065720616414
46	8	了	2.0021577169429605
46	9	我	4.599030536669659
46	10	。	3.746126412611062
47	1	那	9.539643297791976
47	2	封	10.496579796265454
47	3	朋友	16.80930034189748
47	4	写	10.405828988590194
47	5	的	3.201349361036627
47	6	信	0.9730534078937652
47	7	很	6.473135634946537
47	8	真诚	13.240945659809832
47	9	。	3.0053894593602593
48	1	那	9.539643297791976
48	2	个	7.253094603758985
48	3	朋友	9.415720021259563
48	4	写	10.802887854295719
48	5	的	3.7258970365214665
48	6	信	13.032681806407453
48	7	很	5.585390495097123
48	8	真诚	13.717095897046292
48	9	。	1.5580259542534804
49	1	那	9.539643297791976
49	2	堂	20.631486866268006
49	3	老师	12.467268868316197
49	4	教	11.509243712473925
49	5	的	6.265224283455822
49	6	课	16.424043436514566
49	7	获	20.290958087022517
49	8	了	3.3254515970091347
49	9	奖	8.852411923327736
49	10	。	0.42430940914159976
50	1	那	9.539643297791976
50	2	个	7.253094603758985
50	3	老师	10.935131978516004
50	4	教	9.531668835683686
50	5	的	6.832561774462256
50	6	课	13.492780148405153
50	7	获	18.686843302144084
50	8	了	0.8039933549005269
50	9	奖	7.666568085689988
50	10	。	0.6437389904837119
51	1	那	9.539643297791976
51	2	块	12.381487340038877
51	3	医生	17.792386683075488
51	4	喜欢	11.032259975842628
51	5	的	1.5828396913315004
51	6	手表	15.109646406610906
51	7	丢	16.00812605998601
51	8	了	0.6894274062076846
51	9	。	2.3818827787100787
52	1	那	9.539643297791976
52	2	个	7.253094603758985
52	3	医生	12.57298867240091
52	4	喜欢	10.931117894610747
52	5	的	5.256891906010345
52	6	手表	18.15155769658834
52	7	丢	16.48739555261058
52	8	了	0.9084521609236589
52	9	。	2.1936896787564706
53	1	那	9.539643297791976
53	2	篇	9.06904458706467
53	3	学生	13.341276113505387
53	4	写	7.863052542809417
53	5	的	2.5486071180095493
53	6	论文	8.31764679293697
53	7	感动	15.275493137549994
53	8	了	0.21276801577046456
53	9	我	8.191122627610852
53	10	。	4.335253660362696
54	1	那	9.539643297791976
54	2	个	7.253094603758985
54	3	学生	8.571040941278909
54	4	写	10.311702388365145
54	5	的	4.140159889739159
54	6	论文	15.047492307873895
54	7	感动	15.902370587398622
54	8	了	0.709309705511032
54	9	我	6.627709525224816
54	10	。	3.9545684347246066
55	1	那	9.539643297791976
55	2	场	8.15382200693836
55	3	演员	19.268789133211616
55	4	准备	14.242345357772919
55	5	的	3.6642860367610766
55	6	表演	8.979805411876434
55	7	很	8.38643952051828
55	8	受	4.6822844381525925
55	9	欢迎	0.5169349225302113
55	10	。	0.27066384018512224
56	1	那	9.539643297791976
56	2	个	7.253094603758985
56	3	演员	15.64967079721853
56	4	准备	11.552077878760585
56	5	的	6.68714278663294
56	6	表演	16.815684329897763
56	7	很	6.7613188101662445
56	8	受	7.938943879952603
56	9	欢迎	0.21660949274597385
56	10	。	0.35629999477104946
57	1	那	9.539643297791976
57	2	间	14.110180562709438
57	3	警察	14.622004528884979
57	4	工作	12.849034748423513
57	5	的	2.3314174529283562
57	6	办公室	9.247889704329744
57	7	起火	14.977633795505483
57	8	了	0.9535388421848126
57	9	。	3.701942172107451
58	1	那	9.539643297791976
58	2	个	7.253094603758985
58	3	警察	13.900467036945614
58	4	工作	12.770204258638312
58	5	的	3.538163499894303
58	6	办公室	10.376890950668312
58	7	起火	15.263204076090801
58	8	了	0.9272580384279792
58	9	。	3.199259648274662
59	1	那	9.539643297791976
59	2	首	10.62104457027472
59	3	孩子	14.92794461432765
59	4	写	9.537493249622791
59	5	的	4.133077510969002
59	6	诗	6.024377098206152
59	7	很	8.69582367956584
59	8	有趣	7.306208852932464
59	9	。	1.3805280224871836
60	1	那	9.539643297791976
60	2	个	7.253094603758985
60	3	孩子	7.163731767424718
60	4	写	10.357058214859663
60	5	的	3.986549532025485
60	6	诗	16.222319515059638
60	7	很	7.282668207456531
60	8	有趣	6.903341584115175
60	9	。	2.435379227986232
61	1	那	9.539643297791976
61	2	家	9.148546417530898
61	3	朋友	9.82650050776688
61	4	去	9.111679763921128
61	5	的	9.813148875457252
61	6	银行	10.665168083700145
61	7	帮助	10.616991120447743
61	8	了	5.471448532872401
61	9	我	2.067925735812196
61	10	。	2.606270405105164
62	1	那	9.539643297791976
62	2	个	7.253094603758985
62	3	朋友	9.415720021259563
62	4	去	8.559994383231171
62	5	的	9.365237050810492
62	6	银行	11.267880269927865
62	7	帮助	11.005680744032766
62	8	了	5.230956521291745
62	9	我	2.0180967542540174
62	10	。	2.464039788124694
