sentence_id	token_id	token	surprisal
1	1	他	4.426465589791614
1	2	喜欢	13.859044412594965
1	3	那	9.583645804879755
1	4	家	7.294691105136561
1	5	老板	11.368570406470475
1	6	投资	15.357266585255154
1	7	的	2.390799910783734
1	8	饭店	4.995920633163479
1	9	。	6.774673248257685
2	1	他	4.426465589791614
2	2	喜欢	13.859044412594965
2	3	那	9.583645804879755
2	4	个	4.9941247113814065
2	5	老板	13.063642827082568
2	6	投资	17.067430555094795
2	7	的	1.3944048209275621
2	8	饭店	10.330609699528452
2	9	。	7.274472573091913
3	1	她	7.055911085821743
3	2	在	4.870700202410532
3	3	看	12.147201935665935
3	4	那	11.504839571749354
3	5	幅	6.239804553241832
3	6	朋友	15.474921268856043
3	7	喜欢	7.530911912012009
3	8	的	0.4719015343284667
3	9	画	6.785973233852843
3	10	。	17.77966013238307
4	1	她	7.055911085821743
4	2	在	4.870700202410532
4	3	看	12.147201935665935
4	4	那	11.504839571749354
4	5	个	6.161343653244494
4	6	朋友	8.18461462636295
4	7	喜欢	12.984289831053161
4	8	的	0.3186692855293458
4	9	画	15.980356429920576
4	10	。	16.739265348547207
5	1	我	7.333057007063052
5	2	欣赏	13.985738256053235
5	3	那	7.858899103316077
5	4	件	4.803543986316804
5	5	老师	17.27895227797935
5	6	收藏	11.703200278320224
5	7	的	0.06530604551925023
5	8	艺术品	7.897598600221997
5	9	。	2.5863599226198346
6	1	我	7.333057007063052
6	2	欣赏	13.985738256053235
6	3	那	7.858899103316077
6	4	个	6.14348000842044
6	5	老师	13.358627101943085
6	6	收藏	15.558458258203629
6	7	的	0.2672981371423191
6	8	艺术品	9.403277223068429
6	9	。	2.912616636830606
7	1	他	4.426465589791614
7	2	打	14.225718622464925
7	3	了	2.5275316574623403
7	4	那	10.46712708680181
7	5	只	9.999694337330201
7	6	店长	19.445468685977467
7	7	喜欢	19.028783389456194
7	8	的	4.897084524016336
7	9	宠物	14.996886351852567
7	10	。	8.644648325816704
8	1	他	4.426465589791614
8	2	打	14.225718622464925
8	3	了	2.5275316574623403
8	4	那	10.46712708680181
8	5	个	5.135005110845658
8	6	店长	20.65089190785249
8	7	喜欢	18.969408920468723
8	8	的	3.620807763049129
8	9	宠物	16.25748379648607
8	10	。	7.239609178561736
9	1	我	7.333057007063052
9	2	在	5.778581776954128
9	3	思念	19.119879149178338
9	4	那	8.617936071293805
9	5	首	7.827496063569271
9	6	明星	15.706015272319142
9	7	唱	15.308429396556704
9	8	的	2.2159937833502426
9	9	歌	0.6444530774306543
9	10	。	0.7025675280570169
10	1	我	7.333057007063052
10	2	在	5.778581776954128
10	3	思念	19.119879149178338
10	4	那	8.617936071293805
10	5	个	3.4740879310821526
10	6	明星	14.510414875626957
10	7	唱	16.5959137232652
10	8	的	3.0509500389802895
10	9	歌	2.0393637522184918
10	10	。	0.7576480903872351
11	1	她	7.055911085821743
11	2	拜访	18.13460534560864
11	3	了	1.0772448108988115
11	4	那	10.052542937931275
11	5	所	4.308213517808042
11	6	老人	12.190665841604002
11	7	去	12.274134502630623
11	8	的	1.8058486095496136
11	9	学校	2.5541783753184717
11	10	。	2.9605344133079114
12	1	她	7.055911085821743
12	2	拜访	18.13460534560864
12	3	了	1.0772448108988115
12	4	那	10.052542937931275
12	5	个	4.011456250146082
12	6	老人	12.765955840612008
12	7	去	10.989472018448659
12	8	的	1.8550092548207573
12	9	学校	9.663272265691418
12	10	。	5.234770854359155
13	1	他	4.426465589791614
13	2	检查	16.989685476168688
13	3	了	0.5738157395491825
13	4	那	9.463043567241623
13	5	件	3.4973527306327767
13	6	司机	19.714498370387417
13	7	带	7.3414834922465815
13	8	的	5.149127765685286
13	9	行李	13.747322623622651
13	10	。	3.222670627135116
14	1	他	4.426465589791614
14	2	检查	16.989685476168688
14	3	了	0.5738157395491825
14	4	那	9.463043567241623
14	5	个	4.796768954137178
14	6	司机	17.090266056292634
14	7	带	8.596549020944472
14	8	的	4.557952751442507
14	9	行李	12.609692856618054
14	10	。	4.440288666651355
15	1	我	7.333057007063052
15	2	听说	10.648943325280118
15	3	过	1.382404595030664
15	4	那	4.383501039797352
15	5	本	5.341990910705494
15	6	作家	16.346236094075383
15	7	写	16.315221022560557
15	8	的	2.1174651878787785
15	9	书	1.0953753677988445
15	10	。	4.808007254115992
16	1	我	7.333057007063052
16	2	听说	10.648943325280118
16	3	过	1.382404595030664
16	4	那	4.383501039797352
16	5	个	6.959917836217166
16	6	作家	13.170087543707488
16	7	写	10.301678829214673
16	8	的	5.22705467025726
16	9	书	12.262395292811263
16	10	。	4.8702340542342455
17	1	她	7.055911085821743
17	2	撞	22.017182843209874
17	3	了	5.121505292153792
17	4	那	8.628287778829694
17	5	辆	7.456642908749409
17	6	朋友	17.764875914553677
17	7	开	10.530516624549719
17	8	的	3.094627519892427
17	9	车	3.4257647159510896
17	10	。	0.5617301130752992
18	1	她	7.055911085821743
18	2	撞	22.017182843209874
18	3	了	5.121505292153792
18	4	那	8.628287778829694
18	5	个	5.388689315253366
18	6	朋友	9.22116533768115
18	7	开	17.247567786579765
18	8	的	4.072009227650099
18	9	车	7.884723548541885
18	10	。	1.3912569555980951
19	1	我们	7.334106389995036
19	2	认可	17.69553523815829
19	3	了	3.5151110637572565
19	4	那	6.377987657674069
19	5	份	5.7642530337176865
19	6	孩子	14.418678164344477
19	7	做	10.322393242597734
19	8	的	1.0751544408558544
19	9	作业	11.937222025201223
19	10	。	4.5484501697245605
20	1	我们	7.334106389995036
20	2	认可	17.69553523815829
20	3	了	3.5151110637572565
20	4	那	6.377987657674069
20	5	个	6.441228624015743
20	6	孩子	8.38881895782184
20	7	做	15.64886621848592
20	8	的	3.682567942541411
20	9	作业	12.586460614997819
20	10	。	3.8885644254119
21	1	他们	7.354407149300526
21	2	接受	12.561036315397798
21	3	了	0.8383292800494644
21	4	那	11.266852092870476
21	5	份	4.38511135841123
21	6	老板	15.85410031191941
21	7	制定	15.965231901352269
21	8	的	0.27486288730720787
21	9	合同	8.76400120276493
21	10	。	3.6360303882256773
22	1	他们	7.354407149300526
22	2	接受	12.561036315397798
22	3	了	0.8383292800494644
22	4	那	11.266852092870476
22	5	个	5.382307814218748
22	6	老板	13.782546080297891
22	7	制定	15.96284911474661
22	8	的	0.20851218274081873
22	9	合同	10.488081612334085
22	10	。	4.069128294341951
23	1	他	4.426465589791614
23	2	离开	12.819817090990625
23	3	了	3.4287663458295086
23	4	那	8.384966141420886
23	5	间	8.487851743048253
23	6	朋友	11.87882801913451
23	7	开	16.40491348606617
23	8	的	7.798862989161179
23	9	工厂	10.551929720373906
23	10	。	5.285896076491824
24	1	他	4.426465589791614
24	2	离开	12.819817090990625
24	3	了	3.4287663458295086
24	4	那	8.384966141420886
24	5	个	3.7634583953634575
24	6	朋友	10.308351513727096
24	7	开	16.489439855540468
24	8	的	3.4753532795506246
24	9	工厂	9.272079191617735
24	10	。	5.091843929785242
25	1	她	7.055911085821743
25	2	找	16.374029616614123
25	3	了	1.899163343522119
25	4	那	8.736754703709394
25	5	张	4.941977258913553
25	6	孩子	12.522804524765291
25	7	照	17.656049135927937
25	8	的	1.195525893989469
25	9	照片	1.9857563910534992
25	10	。	4.655904093710191
26	1	她	7.055911085821743
26	2	找	16.374029616614123
26	3	了	1.899163343522119
26	4	那	8.736754703709394
26	5	个	3.506644746783536
26	6	孩子	5.266610331027579
26	7	照	19.95123299543139
26	8	的	5.026164919867867
26	9	照片	11.558274101176963
26	10	。	2.615111437570036
27	1	我	7.333057007063052
27	2	需要	8.770366578050073
27	3	那	10.762984150003089
27	4	台	12.008650143377544
27	5	老师	12.800392872358437
27	6	用	8.838956247729548
27	7	的	7.527199872518487
27	8	手机	12.701158550436489
27	9	。	3.2769270250567644
28	1	我	7.333057007063052
28	2	需要	8.770366578050073
28	3	那	10.762984150003089
28	4	个	4.961401129758968
28	5	老师	11.235017854871067
28	6	用	9.800270140915025
28	7	的	7.981535483310587
28	8	手机	13.353481669016254
28	9	。	2.441201726260786
29	1	他	4.426465589791614
29	2	在	5.216108416100179
29	3	画	15.044762607678413
29	4	那	15.104589055725942
29	5	朵	15.081316541288487
29	6	邻居	16.75708410271102
29	7	种	18.560586803481783
29	8	的	3.9873816575146606
29	9	花	9.334025382406892
29	10	。	16.33965975440458
30	1	他	4.426465589791614
30	2	在	5.216108416100179
30	3	画	15.044762607678413
30	4	那	15.104589055725942
30	5	个	8.354279969070596
30	6	邻居	15.72274707686308
30	7	种	17.97497425607645
30	8	的	3.386303268647467
30	9	花	12.251039447959045
30	10	。	16.490190553937822
31	1	她	7.055911085821743
31	2	在	4.870700202410532
31	3	介绍	7.86644180569658
31	4	那	13.573407252970405
31	5	台	8.143104191548822
31	6	科学家	18.472658620749037
31	7	做	10.811738646424999
31	8	的	1.0324004928485522
31	9	电视	11.784447511365997
31	10	。	16.669789878570825
32	1	她	7.055911085821743
32	2	在	4.870700202410532
32	3	介绍	7.86644180569658
32	4	那	13.573407252970405
32	5	个	5.965041685261795
32	6	科学家	16.332412946697076
32	7	做	10.637660587023362
32	8	的	0.38957421299399186
32	9	电视	14.314572843643745
32	10	。	16.17119607105704
33	1	我	7.333057007063052
33	2	见	12.06214280194806
33	3	过	0.5188382084376109
33	4	那	4.675624687207325
33	5	栋	11.58294871139363
33	6	男人	15.582628508925588
33	7	买	11.975555964650852
33	8	的	2.7045570529329623
33	9	房子	1.6670252284665281
33	10	。	1.9897581824360344
34	1	我	7.333057007063052
34	2	见	12.06214280194806
34	3	过	0.5188382084376109
34	4	那	4.675624687207325
34	5	个	7.573592670356678
34	6	男人	7.99757344575233
34	7	买	11.867036434976782
34	8	的	7.065694393963852
34	9	房子	8.408439872618608
34	10	。	3.007078508285119
35	1	我	7.333057007063052
35	2	拒绝	12.354021249558468
35	3	了	2.7981728299156217
35	4	那	5.784142171832908
35	5	条	6.460772907614892
35	6	朋友	11.918183775665383
35	7	给	8.482316335431172
35	8	的	6.658151284275604
35	9	建议	8.910073399786931
35	10	。	1.4436056131872306
36	1	我	7.333057007063052
36	2	拒绝	12.354021249558468
36	3	了	2.7981728299156217
36	4	那	5.784142171832908
36	5	个	4.709995375554872
36	6	朋友	10.162522066314764
36	7	给	8.539800368647498
36	8	的	6.091357197638402
36	9	建议	6.88108011674565
36	10	。	3.398702043687905
37	1	他	4.426465589791614
37	2	在	5.216108416100179
37	3	看	12.323236168087815
37	4	那	8.359059338360002
37	5	支	11.947118602267757
37	6	老师	16.160000454251602
37	7	用	8.801323885778018
37	8	的	4.415851056238068
37	9	笔	10.717991013454267
37	10	。	2.6481276258441397
38	1	他	4.426465589791614
38	2	在	5.216108416100179
38	3	看	12.323236168087815
38	4	那	8.359059338360002
38	5	个	6.823026058512731
38	6	老师	11.67748065962973
38	7	用	9.87560863901193
38	8	的	5.09263298256154
38	9	笔	13.51453174844297
38	10	。	2.8696420437749453
39	1	她	7.055911085821743
39	2	在	4.870700202410532
39	3	找	15.765328343244443
39	4	那	10.767117866039388
39	5	只	8.983016396343146
39	6	女人	12.844471463276143
39	7	丢	19.02311624496383
39	8	的	7.953720569065368
39	9	鞋子	19.67921623021597
39	10	。	7.053090757742538
40	1	她	7.055911085821743
40	2	在	4.870700202410532
40	3	找	15.765328343244443
40	4	那	10.767117866039388
40	5	个	5.949687046952008
40	6	女人	8.717476477983169
40	7	丢	18.567949878837474
40	8	的	8.028805080681835
40	9	鞋子	21.188973720519726
40	10	。	5.828468369436152
41	1	我	7.333057007063052
41	2	讨厌	16.728569940327404
41	3	那	6.293432101211085
41	4	条	6.545502650351622
41	5	邻居	15.591601354160709
41	6	养	14.189742905025497
41	7	的	2.6051360426815364
41	8	狗	11.745608954383144
41	9	。	2.249993628614419
42	1	我	7.333057007063052
42	2	讨厌	16.728569940327404
42	3	那	6.293432101211085
42	4	个	3.8311266895456484
42	5	邻居	12.239926397249882
42	6	养	16.89493855465058
42	7	的	3.541837354658064
42	8	狗	10.688801395598276
42	9	。	3.1134150552172883
43	1	他	4.426465589791614
43	2	发现	12.64706429542889
43	3	了	4.3485753347739475
43	4	那	8.387333040326148
43	5	座	6.793034860249964
43	6	老人	15.349248606797069
43	7	修	16.44528031176852
43	8	的	2.9148891772739915
43	9	桥	8.112599257293894
43	10	。	3.3279024154871593
44	1	他	4.426465589791614
44	2	发现	12.64706429542889
44	3	了	4.3485753347739475
44	4	那	8.387333040326148
44	5	个	5.449737497958569
44	6	老人	15.373462781167966
44	7	修	17.607154674268095
44	8	的	3.2691655397130717
44	9	桥	10.896110053694287
44	10	。	7.913358355526199
45	1	她	7.055911085821743
45	2	评价	13.104172405797575
45	3	了	5.461071937942215
45	4	那	12.993868526386692
45	5	篇	8.28563353327575
45	6	学生	13.942787248514477
45	7	准备	15.619004316876996
45	8	的	3.1923938011617565
45	9	报告	6.861773458893069
45	10	。	2.9886189328320683
46	1	她	7.055911085821743
46	2	评价	13.104172405797575
46	3	了	5.461071937942215
46	4	那	12.993868526386692
46	5	个	6.110286581578038
46	6	学生	10.311266205475327
46	7	准备	13.090693136128678
46	8	的	2.4002636700302276
46	9	报告	18.039026295558116
46	10	。	2.640252892167524
47	1	我	7.333057007063052
47	2	在	5.778581776954128
47	3	等	7.064215590098145
47	4	那	8.324391029108096
47	5	封	10.856920234519638
47	6	朋友	16.051465860404043
47	7	写	9.738725645902733
47	8	的	4.282971171693177
47	9	信	8.667579787692162
47	10	。	2.1064697657972005
48	1	我	7.333057007063052
48	2	在	5.778581776954128
48	3	等	7.064215590098145
48	4	那	8.324391029108096
48	5	个	6.210826947753777
48	6	朋友	5.923497040616311
48	7	写	10.152073270250852
48	8	的	3.5441378842340328
48	9	信	12.69467429512546
48	10	。	2.8559531600425316
49	1	他	4.426465589791614
49	2	提到	14.245844722874821
49	3	了	4.203699551788873
49	4	那	6.438158235796855
49	5	堂	17.84580711988738
49	6	老师	14.56770386817648
49	7	教	16.40146470728409
49	8	的	7.4628722856541
49	9	课	13.694294607667644
49	10	。	4.961740380287722
50	1	他	4.426465589791614
50	2	提到	14.245844722874821
50	3	了	4.203699551788873
50	4	那	6.438158235796855
50	5	个	5.041569558384037
50	6	老师	12.25723757238407
50	7	教	16.13656009926877
50	8	的	2.4166350044032114
50	9	课	8.677694897455453
50	10	。	5.573856073004961
51	1	她	7.055911085821743
51	2	推荐	16.591632314039707
51	3	了	1.5341661788156529
51	4	那	12.709783534119879
51	5	块	10.209773948236766
51	6	医生	17.17349323413729
51	7	喜欢	10.837525977485285
51	8	的	0.5731791600274363
51	9	手表	15.782116027140987
51	10	。	1.8795255477016184
52	1	她	7.055911085821743
52	2	推荐	16.591632314039707
52	3	了	1.5341661788156529
52	4	那	12.709783534119879
52	5	个	6.609209665313394
52	6	医生	11.872728087690213
52	7	喜欢	13.927413536538822
52	8	的	0.7568636543488481
52	9	手表	17.4500816213218
52	10	。	3.5056498855935416
53	1	我	7.333057007063052
53	2	选择	11.340793288606832
53	3	了	0.9110216872774011
53	4	那	7.420789145512888
53	5	篇	6.72151447565577
53	6	学生	15.735750105006389
53	7	写	9.600927434858448
53	8	的	2.5223233921667045
53	9	论文	9.296564292135635
53	10	。	2.603943209844118
54	1	我	7.333057007063052
54	2	选择	11.340793288606832
54	3	了	0.9110216872774011
54	4	那	7.420789145512888
54	5	个	4.561534089153856
54	6	学生	9.967226288829892
54	7	写	12.852409826729577
54	8	的	5.878636302456485
54	9	论文	14.35783242914993
54	10	。	4.772668922852361
55	1	她	7.055911085821743
55	2	喜欢	12.203160535534026
55	3	那	9.983855040438883
55	4	场	8.445350367735013
55	5	演员	18.08243258114807
55	6	准备	16.411574793733514
55	7	的	0.9756355113224942
55	8	表演	6.6269543452860376
55	9	。	3.895008424010939
56	1	她	7.055911085821743
56	2	喜欢	12.203160535534026
56	3	那	9.983855040438883
56	4	个	4.977328188780273
56	5	演员	15.981139628356082
56	6	准备	16.43275528187513
56	7	的	3.509982515287959
56	8	表演	10.273227153519784
56	9	。	6.612993136600764
57	1	他	4.426465589791614
57	2	称赞	9.426812844045344
57	3	了	8.263182317744654
57	4	那	8.341096859776712
57	5	间	9.611146448193843
57	6	警察	15.51026257513547
57	7	工作	9.74294601646941
57	8	的	2.21223332306829
57	9	办公室	11.563361359683398
57	10	。	5.994503825042813
58	1	他	4.426465589791614
58	2	称赞	9.426812844045344
58	3	了	8.263182317744654
58	4	那	8.341096859776712
58	5	个	6.15928382920216
58	6	警察	14.886838826000009
58	7	工作	10.66400773542643
58	8	的	4.39552778324822
58	9	办公室	13.536455143332219
58	10	。	5.014563762465912
59	1	我	7.333057007063052
59	2	听说	10.648943325280118
59	3	过	1.382404595030664
59	4	那	4.383501039797352
59	5	首	8.356927088053595
59	6	孩子	12.16271944853716
59	7	写	12.432648746450269
59	8	的	3.1478500448760656
59	9	诗	6.0839343833587165
59	10	。	1.1347249585211614
60	1	我	7.333057007063052
60	2	听说	10.648943325280118
60	3	过	1.382404595030664
60	4	那	4.383501039797352
60	5	个	6.959917836217166
60	6	孩子	5.186922891022128
60	7	写	11.56355663955538
60	8	的	5.126561129192218
60	9	诗	15.520343868866128
60	10	。	4.8527295692458665
61	1	我	7.333057007063052
61	2	选择	11.340793288606832
61	3	了	0.9110216872774011
61	4	那	7.420789145512888
61	5	家	7.570635978077373
61	6	朋友	11.153680431726407
61	7	去	6.800695209352234
61	8	的	14.822072041587028
61	9	银行	10.41054999736518
61	10	。	5.190835245184644
62	1	我	7.333057007063052
62	2	选择	11.340793288606832
62	3	了	0.9110216872774011
62	4	那	7.420789145512888
62	5	个	4.561534089153856
62	6	朋友	11.300371692873924
62	7	去	7.14727285349241
62	8	的	14.67357756027404
62	9	银行	11.966971565568116
62	10	。	3.73167192866255
