sentence_id	token_id	token	surprisal
1	1	那	9.539643297791976
1	2	家	9.148546417530898
1	3	我	8.418648417312014
1	4	采访	13.936052843397807
1	5	过	1.0488375319304168
1	6	的	0.9215349197395497
1	7	老板	14.02776098764101
1	8	投资	18.10949457799262
1	9	的	10.49305606631735
1	10	饭店	17.762869806755717
1	11	很	8.217508182752766
1	12	受	13.370378786571663
1	13	欢迎	0.4448140108092531
1	14	。	0.6917084673076772
2	1	那	9.539643297791976
2	2	个	7.253094603758985
2	3	我	7.205067521115286
2	4	采访	15.033046203899325
2	5	过	1.2957391457040757
2	6	的	1.1344866083823675
2	7	老板	17.216801514586358
2	8	投资	19.627546511250593
2	9	的	3.525635871189749
2	10	饭店	9.888737575517226
2	11	很	7.781545053279473
2	12	受	4.418846014859625
2	13	欢迎	0.7301549445057418
2	14	。	0.3508811190945238
3	1	那	9.539643297791976
3	2	幅	9.959704783777426
3	3	我	10.976536127404223
3	4	介绍	14.210498341123227
3	5	的	1.1956634840735347
3	6	朋友	15.142042352732744
3	7	喜欢	10.088875220273465
3	8	的	0.686902413400901
3	9	画	6.581841124445688
3	10	吸引	11.658064454388779
3	11	了	0.1015116274567589
3	12	我	4.5938421742553714
3	13	。	2.4555134443402125
4	1	那	9.539643297791976
4	2	个	7.253094603758985
4	3	我	7.205067521115286
4	4	介绍	14.891545163971124
4	5	的	1.4951742135864095
4	6	朋友	11.877370496933281
4	7	喜欢	11.470146682086437
4	8	的	1.4729977691998855
4	9	画	17.082283990296162
4	10	吸引	12.607667015757713
4	11	了	0.18935905695097688
4	12	我	3.686246284171702
4	13	。	2.564720461563482
5	1	那	9.539643297791976
5	2	件	8.364255214291934
5	3	我	8.136277818284174
5	4	喜欢	6.634559071735502
5	5	的	0.500787483552152
5	6	老师	18.523711268665707
5	7	收藏	16.323404258299362
5	8	的	1.0296895540596012
5	9	艺术品	7.591345202866421
5	10	获	16.069429690927734
5	11	了	0.938283139394116
5	12	奖	7.359664661163208
5	13	。	1.3963377901937832
6	1	那	9.539643297791976
6	2	个	7.253094603758985
6	3	我	7.205067521115286
6	4	喜欢	8.151585462234976
6	5	的	0.833397078853011
6	6	老师	14.690061573746696
6	7	收藏	17.402630532240188
6	8	的	5.131605076059174
6	9	艺术品	10.180061671650236
6	10	获	17.4709766529691
6	11	了	0.7817671873647924
6	12	奖	7.692399255135427
6	13	。	0.5495767086357262
7	1	那	9.539643297791976
7	2	只	7.4231926708007165
7	3	我	11.199171229674803
7	4	认识	9.663399922926594
7	5	的	0.5434384270959498
7	6	店长	19.326227916023704
7	7	喜欢	12.74073687160503
7	8	的	11.499617026900921
7	9	宠物	20.752769451491176
7	10	生病	16.84394343712202
7	11	了	5.666301632866379
7	12	。	0.7100761351535425
8	1	那	9.539643297791976
8	2	个	7.253094603758985
8	3	我	7.205067521115286
8	4	认识	9.601073876520239
8	5	的	1.054216658252372
8	6	店长	21.991465346077433
8	7	喜欢	13.962904901163434
8	8	的	10.964336177878238
8	9	宠物	21.04584156958488
8	10	生病	17.276874748938937
8	11	了	5.3728224355680965
8	12	。	0.8458122738312284
9	1	那	9.539643297791976
9	2	首	10.62104457027472
9	3	我	10.443754851661733
9	4	见	13.186073913645547
9	5	过	1.1932490352866552
9	6	的	0.8977086689065814
9	7	明星	16.662847726157146
9	8	唱	11.71023803825505
9	9	的	1.4461419281567345
9	10	歌	0.5973244453198134
9	11	很	9.425162895336811
9	12	好听	17.10284081908503
9	13	。	1.1186043118104863
10	1	那	9.539643297791976
10	2	个	7.253094603758985
10	3	我	7.205067521115286
10	4	见	12.205187909180303
10	5	过	0.6789821803847502
10	6	的	1.667101712916569
10	7	明星	14.996567571755136
10	8	唱	13.499110827290878
10	9	的	2.830539392194879
10	10	歌	1.2809424612165685
10	11	很	7.740326921525835
10	12	好听	17.000339197002447
10	13	。	1.0853519911651688
11	1	那	9.539643297791976
11	2	所	10.878980808877074
11	3	我	10.55678254386332
11	4	认识	10.022215528717595
11	5	的	2.04529460546928
11	6	老人	14.121648315627056
11	7	去	13.873800465793586
11	8	的	9.778804796869835
11	9	学校	6.41833428294747
11	10	关闭	19.717421225493638
11	11	了	3.1794093309411835
11	12	。	1.346470943612161
12	1	那	9.539643297791976
12	2	个	7.253094603758985
12	3	我	7.205067521115286
12	4	认识	9.601073876520239
12	5	的	1.054216658252372
12	6	老人	16.240205569300294
12	7	去	12.295322084928799
12	8	的	9.373841881247202
12	9	学校	7.125758934841656
12	10	关闭	19.597350180442945
12	11	了	2.841552181962115
12	12	。	1.7466043242480112
13	1	那	9.539643297791976
13	2	件	8.364255214291934
13	3	我	8.136277818284174
13	4	采访	14.776824650272985
13	5	过	0.8863387764145827
13	6	的	0.608207331953345
13	7	司机	18.543465877294302
13	8	带	8.207438983048227
13	9	的	4.611026272096765
13	10	行李	16.06334686673334
13	11	丢	15.424377526946643
13	12	了	0.8639303737991924
13	13	。	4.492688288250548
14	1	那	9.539643297791976
14	2	个	7.253094603758985
14	3	我	7.205067521115286
14	4	采访	15.033046203899325
14	5	过	1.2957391457040757
14	6	的	1.1344866083823675
14	7	司机	18.856898492634187
14	8	带	8.21983780013744
14	9	的	5.210587211726107
14	10	行李	17.60468240765509
14	11	丢	15.362777807209355
14	12	了	0.9476080552538946
14	13	。	4.988873375601202
15	1	那	9.539643297791976
15	2	本	8.33556673236242
15	3	我	11.016398009672923
15	4	喜欢	7.173745485889654
15	5	的	0.4471221175400544
15	6	作家	15.486589578174453
15	7	写	9.192819590688124
15	8	的	4.738715708575178
15	9	书	16.09497797623935
15	10	很	7.9611276202358425
15	11	受	9.162972195330667
15	12	欢迎	0.51647628993625
15	13	。	0.6062254082307561
16	1	那	9.539643297791976
16	2	个	7.253094603758985
16	3	我	7.205067521115286
16	4	喜欢	8.151585462234976
16	5	的	0.833397078853011
16	6	作家	14.907917837844302
16	7	写	9.9089631451481
16	8	的	3.52180730504368
16	9	书	16.58019037663898
16	10	很	7.118004593898945
16	11	受	9.468418414861091
16	12	欢迎	0.4691159201000801
16	13	。	0.6313036903973597
17	1	那	9.539643297791976
17	2	辆	10.18888968223176
17	3	我	10.227945078773889
17	4	介绍	14.775173453627584
17	5	的	0.6308580677794993
17	6	朋友	15.931859297173112
17	7	开	9.942435825598707
17	8	的	2.5007991693955347
17	9	车	2.1796139911501626
17	10	坏	16.51371501441983
17	11	了	0.21727307950479258
17	12	。	3.0347926171099857
18	1	那	9.539643297791976
18	2	个	7.253094603758985
18	3	我	7.205067521115286
18	4	介绍	14.891545163971124
18	5	的	1.4951742135864095
18	6	朋友	11.877370496933281
18	7	开	11.810198288821532
18	8	的	3.8910090689285397
18	9	车	7.671931743825667
18	10	坏	16.303111002494262
18	11	了	0.23072142068143364
18	12	。	4.03856973053017
19	1	那	9.539643297791976
19	2	份	8.066710396153514
19	3	他	10.694840528334318
19	4	教	14.610295785285157
19	5	的	2.7940182110764695
19	6	孩子	11.708783521893437
19	7	做	10.536614426061085
19	8	的	3.845836254743574
19	9	作业	13.652951345542391
19	10	获	16.17485972942781
19	11	了	0.44215488556412197
19	12	奖	9.758758100519685
19	13	。	0.6950747101760157
20	1	那	9.539643297791976
20	2	个	7.253094603758985
20	3	他	9.772994994026043
20	4	教	12.629973732290406
20	5	的	2.1596163645137736
20	6	孩子	6.577424291109615
20	7	做	10.029483590192058
20	8	的	3.357428051753047
20	9	作业	17.80980051065667
20	10	获	19.551306807566917
20	11	了	1.1828293980756683
20	12	奖	9.260062235802607
20	13	。	1.8372730163969067
21	1	那	9.539643297791976
21	2	份	8.066710396153514
21	3	我	8.160978981710297
21	4	采访	15.030238322647165
21	5	过	1.3012812842417674
21	6	的	0.47046057679858677
21	7	老板	16.45483451304245
21	8	制定	19.343915013113445
21	9	的	1.7857830976690394
21	10	合同	14.55058667841196
21	11	到期	17.0565329792786
21	12	了	0.7410223196322789
21	13	。	1.152301396750218
22	1	那	9.539643297791976
22	2	个	7.253094603758985
22	3	我	7.205067521115286
22	4	采访	15.033046203899325
22	5	过	1.2957391457040757
22	6	的	1.1344866083823675
22	7	老板	17.216801514586358
22	8	制定	18.789799013804007
22	9	的	3.2807851998700244
22	10	合同	15.11994646902231
22	11	到期	17.515911816836706
22	12	了	0.6288536885556937
22	13	。	1.2297442019766152
23	1	那	9.539643297791976
23	2	间	14.110180562709438
23	3	我	9.601065353801786
23	4	尊敬	16.623944933748973
23	5	的	0.3646800112662234
23	6	朋友	7.626816448953903
23	7	开	11.755932724551279
23	8	的	6.946307380240086
23	9	工厂	16.94889859794874
23	10	倒闭	18.72597233728456
23	11	了	2.1672418884043907
23	12	。	2.13844639515969
24	1	那	9.539643297791976
24	2	个	7.253094603758985
24	3	我	7.205067521115286
24	4	尊敬	17.351348633777036
24	5	的	0.42909640885510214
24	6	朋友	7.645917577386108
24	7	开	12.506413362042998
24	8	的	6.42579184321599
24	9	工厂	17.313796892528416
24	10	倒闭	18.391933664967283
24	11	了	2.26543533563013
24	12	。	2.650344037517982
25	1	那	9.539643297791976
25	2	张	8.494395752072094
25	3	我	9.027507419631402
25	4	教	13.291206607488892
25	5	的	1.8440937763923273
25	6	孩子	11.040020747365872
25	7	照	15.148311670347859
25	8	的	6.822038183823068
25	9	照片	14.443614205275452
25	10	丢	17.42377074634615
25	11	了	0.4086987512712881
25	12	。	2.7273861236446635
26	1	那	9.539643297791976
26	2	个	7.253094603758985
26	3	我	7.205067521115286
26	4	教	13.390625727197296
26	5	的	2.385409215175457
26	6	孩子	7.358327954334193
26	7	照	15.96353979428227
26	8	的	6.368466021300506
26	9	照片	15.77975171728717
26	10	丢	17.238184428358608
26	11	了	0.562324957986192
26	12	。	3.1529832618536062
27	1	那	9.539643297791976
27	2	台	11.93616832947206
27	3	我们	11.766917979044969
27	4	欣赏	13.33528954061628
27	5	的	1.4511527226725036
27	6	老师	16.35638284842085
27	7	用	6.900368445330756
27	8	的	10.893392472950097
27	9	手机	14.210305196069157
27	10	很	6.667337528251792
27	11	好用	17.131097993105712
27	12	。	1.1922816459236856
28	1	那	9.539643297791976
28	2	个	7.253094603758985
28	3	我们	9.141219077487609
28	4	欣赏	14.674882267234175
28	5	的	1.4403702931681295
28	6	老师	13.944172240635353
28	7	用	6.970790743520126
28	8	的	8.406584346971748
28	9	手机	15.786411027981359
28	10	很	6.308064078677575
28	11	好用	17.267707718449714
28	12	。	1.6568647890102852
29	1	那	9.539643297791976
29	2	朵	19.579042608836936
29	3	我	8.480919204377969
29	4	关心	12.014307656104918
29	5	的	3.098935054425816
29	6	邻居	17.84558091451975
29	7	种	18.42996132190048
29	8	的	6.123386140151553
29	9	花	16.642822058246367
29	10	很	7.117454065487252
29	11	好看	15.512298882508944
29	12	。	6.573735116698913
30	1	那	9.539643297791976
30	2	个	7.253094603758985
30	3	我	7.205067521115286
30	4	关心	11.610272725787617
30	5	的	0.4741473933941478
30	6	邻居	14.209664125317275
30	7	种	17.07778280005288
30	8	的	5.475838564920039
30	9	花	16.130956464880157
30	10	很	6.479822858551486
30	11	好看	15.428797237380891
30	12	。	1.7678627057194092
31	1	那	9.539643297791976
31	2	台	11.93616832947206
31	3	我	11.260143063356068
31	4	尊敬	17.489891818857423
31	5	的	0.33711484654906343
31	6	科学家	17.037805483253806
31	7	做	11.523178109290086
31	8	的	4.47092665248644
31	9	电视	9.29877388137389
31	10	坏	15.310900953942593
31	11	了	4.780572599465131
31	12	。	2.769443711624163
32	1	那	9.539643297791976
32	2	个	7.253094603758985
32	3	我	7.205067521115286
32	4	尊敬	17.351348633777036
32	5	的	0.42909640885510214
32	6	科学家	13.724527625396348
32	7	做	11.06918674217114
32	8	的	4.739414682516625
32	9	电视	19.618652386272288
32	10	坏	15.189022910750225
32	11	了	4.834010697888715
32	12	。	3.2081437584823504
33	1	那	9.539643297791976
33	2	栋	10.74301182347281
33	3	他	13.810510731664532
33	4	认识	14.484334142948583
33	5	的	1.6121886880320702
33	6	男人	15.49786140203431
33	7	买	12.236294681197364
33	8	的	7.24364998115972
33	9	房子	9.069672347238438
33	10	起火	16.91507480026405
33	11	了	2.142354638636803
33	12	。	0.5738845167484925
34	1	那	9.539643297791976
34	2	个	7.253094603758985
34	3	他	9.772994994026043
34	4	认识	10.755890526890706
34	5	的	1.0774216039281939
34	6	男人	13.009828004908655
34	7	买	12.980016097332175
34	8	的	6.84644735294826
34	9	房子	10.840894420823716
34	10	起火	18.23046602048865
34	11	了	1.7632774242683666
34	12	。	1.029447613449804
35	1	那	9.539643297791976
35	2	条	8.132814904631452
35	3	我	10.325215116359693
35	4	欣赏	15.008382204033914
35	5	的	1.3648519608983207
35	6	朋友	12.92951258775549
35	7	给	6.564800791533642
35	8	的	9.13744549002552
35	9	建议	11.88448442515184
35	10	很	6.572808656872567
35	11	真诚	15.047921176017084
35	12	。	1.7118549646684045
36	1	那	9.539643297791976
36	2	个	7.253094603758985
36	3	我	7.205067521115286
36	4	欣赏	15.276837983034248
36	5	的	1.5635665527585516
36	6	朋友	10.569294269331976
36	7	给	6.368090381475312
36	8	的	9.498744209412394
36	9	建议	13.20721490632549
36	10	很	5.730388066718433
36	11	真诚	15.872212694135868
36	12	。	1.8743066038300356
37	1	那	9.539643297791976
37	2	支	10.13274356885827
37	3	我	10.373350887430153
37	4	关心	12.425389327606197
37	5	的	0.35943228240880387
37	6	老师	13.746948117211126
37	7	用	8.582549605517144
37	8	的	10.881189176153285
37	9	笔	15.438508597131218
37	10	坏	16.45639284397656
37	11	了	0.9467787255641156
37	12	。	2.8886593082995233
38	1	那	9.539643297791976
38	2	个	7.253094603758985
38	3	我	7.205067521115286
38	4	关心	11.610272725787617
38	5	的	0.4741473933941478
38	6	老师	13.968108798996504
38	7	用	9.181121706260882
38	8	的	8.176647615199528
38	9	笔	17.084520456258332
38	10	坏	15.451972004473589
38	11	了	1.6012506924818695
38	12	。	2.371052155359692
39	1	那	9.539643297791976
39	2	只	7.4231926708007165
39	3	我	11.199171229674803
39	4	帮助	13.628187378685176
39	5	过	6.838238837158784
39	6	的	0.6209086828989427
39	7	女人	10.23937459966998
39	8	丢	17.469431923533882
39	9	的	8.307836419722463
39	10	鞋子	21.193834436815905
39	11	被	10.077916458721333
39	12	找到	12.032335314318772
39	13	了	1.6780410944645041
39	14	。	1.126175692381338
40	1	那	9.539643297791976
40	2	个	7.253094603758985
40	3	我	7.205067521115286
40	4	帮助	14.311475002843707
40	5	过	6.585204927745977
40	6	的	1.1432962680002348
40	7	女人	11.563992444963468
40	8	丢	17.55432883113407
40	9	的	7.031779341379178
40	10	鞋子	21.821912635686814
40	11	被	10.264199020465185
40	12	找到	11.783503403749464
40	13	了	1.287098562704486
40	14	。	1.739362980389103
41	1	那	9.539643297791976
41	2	条	8.132814904631452
41	3	我	10.325215116359693
41	4	关心	13.450437194631057
41	5	的	0.5165299540700659
41	6	邻居	14.86504914894423
41	7	养	15.063505139158515
41	8	的	5.924042294052981
41	9	狗	15.81953238725535
41	10	生病	18.970249676440176
41	11	了	1.9049291486052198
41	12	。	0.5272587014822108
42	1	那	9.539643297791976
42	2	个	7.253094603758985
42	3	我	7.205067521115286
42	4	关心	11.610272725787617
42	5	的	0.4741473933941478
42	6	邻居	14.209664125317275
42	7	养	15.677895195548565
42	8	的	5.413607941184097
42	9	狗	16.126668142443037
42	10	生病	18.75267800606386
42	11	了	2.083603212118774
42	12	。	0.757138936538766
43	1	那	9.539643297791976
43	2	座	9.15657842951288
43	3	我	13.648732766480496
43	4	采访	14.95467814855499
43	5	过	1.1394410753505468
43	6	的	0.9369715199398669
43	7	老人	12.223715026925042
43	8	修	16.84902371003558
43	9	的	7.140758381226732
43	10	桥	15.789447049372711
43	11	帮助	18.822489290610363
43	12	了	4.020969662192215
43	13	我	2.6584628264500907
43	14	。	1.8102509518831056
44	1	那	9.539643297791976
44	2	个	7.253094603758985
44	3	我	7.205067521115286
44	4	采访	15.033046203899325
44	5	过	1.2957391457040757
44	6	的	1.1344866083823675
44	7	老人	15.082538328550413
44	8	修	17.051333118060867
44	9	的	6.572284447031876
44	10	桥	16.722444548809932
44	11	帮助	18.94017999372916
44	12	了	4.42341002161541
44	13	我	2.1265581983168573
44	14	。	1.8999536509453776
45	1	那	9.539643297791976
45	2	篇	9.06904458706467
45	3	我	9.372947436805052
45	4	培养	15.666660827693747
45	5	的	1.5267214696740439
45	6	学生	12.053272121091247
45	7	准备	13.544553434631148
45	8	的	6.716625831874836
45	9	报告	19.50433734139645
45	10	感动	17.979901040769832
45	11	了	2.5488106966316906
45	12	我	4.794128430822823
45	13	。	3.2959868792201235
46	1	那	9.539643297791976
46	2	个	7.253094603758985
46	3	我	7.205067521115286
46	4	培养	15.901281861354533
46	5	的	1.548730852128422
46	6	学生	6.8051022503884795
46	7	准备	11.937244799575538
46	8	的	6.333228775787717
46	9	报告	20.254045718719155
46	10	感动	18.754299984504044
46	11	了	3.241102058729581
46	12	我	4.487578677871653
46	13	。	3.404318838534408
47	1	那	9.539643297791976
47	2	封	10.496579796265454
47	3	我	9.907708693609496
47	4	依赖	17.23382426698347
47	5	的	1.6498997279079575
47	6	朋友	14.5422026012548
47	7	写	11.68857391374479
47	8	的	5.618338955711934
47	9	信	12.910363787795873
47	10	很	7.437241064121082
47	11	真诚	12.283860830161245
47	12	。	1.2215647231332696
48	1	那	9.539643297791976
48	2	个	7.253094603758985
48	3	我	7.205067521115286
48	4	依赖	17.15064153723528
48	5	的	1.9269562128626063
48	6	朋友	10.499523092719677
48	7	写	12.799788464373279
48	8	的	3.5764137989846887
48	9	信	14.991915206096095
48	10	很	6.420231866993305
48	11	真诚	12.666281121766431
48	12	。	1.5025281110762165
49	1	那	9.539643297791976
49	2	堂	20.631486866268006
49	3	我	6.053375414268501
49	4	认识	10.582891628497379
49	5	的	5.507860603338365
49	6	老师	17.449787481276175
49	7	教	17.31033398047701
49	8	的	5.651784982822207
49	9	课	17.125934445279583
49	10	获	20.546507738181035
49	11	了	3.4312961102916404
49	12	奖	7.5787079958972186
49	13	。	5.482564996941505
50	1	那	9.539643297791976
50	2	个	7.253094603758985
50	3	我	7.205067521115286
50	4	认识	9.601073876520239
50	5	的	1.054216658252372
50	6	老师	14.239387209795169
50	7	教	12.128817611814362
50	8	的	6.37843448835271
50	9	课	17.116255093321968
50	10	获	20.075414409207752
50	11	了	2.2600073687995206
50	12	奖	8.136609089934908
50	13	。	0.6840234740245421
51	1	那	9.539643297791976
51	2	块	12.381487340038877
51	3	我	10.419397230887935
51	4	信任	14.813196015852071
51	5	的	0.8508863850102202
51	6	医生	16.209577638265003
51	7	喜欢	11.891452324410167
51	8	的	7.137810664679449
51	9	手表	17.489463687563756
51	10	丢	17.282170362358585
51	11	了	1.1319560610146056
51	12	。	3.190873362181378
52	1	那	9.539643297791976
52	2	个	7.253094603758985
52	3	我	7.205067521115286
52	4	信任	15.310080216875868
52	5	的	1.2192867385074777
52	6	医生	12.998730382811736
52	7	喜欢	11.502080641244262
52	8	的	11.733746295330874
52	9	手表	20.02202497578071
52	10	丢	15.615109819103253
52	11	了	0.9999832278684551
52	12	。	2.977597041098207
53	1	那	9.539643297791976
53	2	篇	9.06904458706467
53	3	她	11.411145677730161
53	4	教	13.388009414884134
53	5	的	4.302375183446223
53	6	学生	12.747634654703525
53	7	写	7.633515935956929
53	8	的	4.55872558248889
53	9	论文	14.558292840657742
53	10	感动	15.729661659233273
53	11	了	0.6637176540295968
53	12	我	8.981832877840759
53	13	。	3.79799435210775
54	1	那	9.539643297791976
54	2	个	7.253094603758985
54	3	她	12.096438158622085
54	4	教	12.917056563100399
54	5	的	3.5641555112269927
54	6	学生	7.454009357773714
54	7	写	9.304155814674836
54	8	的	3.5766151585196155
54	9	论文	15.394451259628369
54	10	感动	15.949742027843442
54	11	了	0.8048346136518063
54	12	我	8.512210640814644
54	13	。	3.541994342738633
55	1	那	9.539643297791976
55	2	场	8.15382200693836
55	3	我	9.165809778691802
55	4	听说	12.984608859807484
55	5	过	1.6779991964766623
55	6	的	2.9250525966749663
55	7	演员	18.841834545256155
55	8	准备	13.21505820623252
55	9	的	3.7713871854825243
55	10	表演	9.549831536601161
55	11	很	7.626554265605492
55	12	受	5.36627589923792
55	13	欢迎	0.5764978769984737
55	14	。	0.4446663313705841
56	1	那	9.539643297791976
56	2	个	7.253094603758985
56	3	我	7.205067521115286
56	4	听说	11.831975857845961
56	5	过	0.8457060185266556
56	6	的	3.000679719653313
56	7	演员	16.552065350580918
56	8	准备	12.710314194689381
56	9	的	6.862099363580015
56	10	表演	12.410403682015257
56	11	很	7.62095695953748
56	12	受	4.681294020802682
56	13	欢迎	0.4765965760620503
56	14	。	0.2500984112634086
57	1	那	9.539643297791976
57	2	间	14.110180562709438
57	3	我	9.601065353801786
57	4	采访	14.816686932631896
57	5	过	1.716617809308282
57	6	的	0.9173876091045301
57	7	警察	16.170728735447824
57	8	工作	11.483026464350942
57	9	的	3.1898647080491713
57	10	办公室	7.930288880190005
57	11	起火	15.647234506067846
57	12	了	1.385918042622265
57	13	。	3.4114907383385145
58	1	那	9.539643297791976
58	2	个	7.253094603758985
58	3	我	7.205067521115286
58	4	采访	15.033046203899325
58	5	过	1.2957391457040757
58	6	的	1.1344866083823675
58	7	警察	17.21301456300381
58	8	工作	10.844199766567911
58	9	的	3.0874097114671457
58	10	办公室	8.02727622847
58	11	起火	15.98320351751164
58	12	了	1.2595381296832215
58	13	。	3.4528605993359207
59	1	那	9.539643297791976
59	2	首	10.62104457027472
59	3	他	11.382239579761276
59	4	培养	13.124586995924908
59	5	的	0.39520341514624135
59	6	孩子	11.513934678989436
59	7	写	10.58820028090927
59	8	的	4.645449019722335
59	9	诗	15.499850091993338
59	10	很	9.375134235901669
59	11	有趣	8.408265736922118
59	12	。	1.0432346216872475
60	1	那	9.539643297791976
60	2	个	7.253094603758985
60	3	他	9.772994994026043
60	4	培养	13.595804970247247
60	5	的	0.9621063567585253
60	6	孩子	6.486926843558955
60	7	写	11.456416651251494
60	8	的	2.8460068891132053
60	9	诗	17.293147716366335
60	10	很	8.2077929983694
60	11	有趣	7.685384171589405
60	12	。	1.3794077707076582
61	1	那	9.539643297791976
61	2	家	9.148546417530898
61	3	我	8.418648417312014
61	4	依赖	16.60451041795164
61	5	的	1.4228425382758374
61	6	朋友	8.310999136684103
61	7	去	10.146790267559723
61	8	的	10.463014919392236
61	9	银行	11.815511143545677
61	10	帮助	9.642062656191868
61	11	了	5.849376801224992
61	12	我	1.6492024094694955
61	13	。	1.8042665899526895
62	1	那	9.539643297791976
62	2	个	7.253094603758985
62	3	我	7.205067521115286
62	4	依赖	17.15064153723528
62	5	的	1.9269562128626063
62	6	朋友	10.499523092719677
62	7	去	9.89138003515086
62	8	的	9.819871764516847
62	9	银行	12.559182100434711
62	10	帮助	9.624345808154743
62	11	了	5.772744259193502
62	12	我	1.7330826094785579
62	13	。	1.6133670891622955
