sentence_id	token_id	token	surprisal
1	1	他	4.426465589791614
1	2	喜欢	13.859044412594965
1	3	那	9.583645804879755
1	4	家	7.294691105136561
1	5	我	8.788233507163632
1	6	采访	15.11940203493323
1	7	过	1.0864387152638315
1	8	的	0.37479481866024855
1	9	老板	14.53413147817907
1	10	投资	21.918624797062932
1	11	的	4.916947731361418
1	12	饭店	9.75330403214653
1	13	。	8.30614165041166
2	1	他	4.426465589791614
2	2	喜欢	13.859044412594965
2	3	那	9.583645804879755
2	4	个	4.9941247113814065
2	5	我	8.80841650247816
2	6	采访	16.013153934431266
2	7	过	0.96776394454497
2	8	的	0.30559644832010235
2	9	老板	17.242154780010424
2	10	投资	21.86818488399038
2	11	的	1.7190891936253792
2	12	饭店	10.67096719606225
2	13	。	7.676613008002192
3	1	她	7.055911085821743
3	2	在	4.870700202410532
3	3	看	12.147201935665935
3	4	那	11.504839571749354
3	5	幅	6.239804553241832
3	6	我	11.04587123190148
3	7	介绍	13.218922393359627
3	8	的	0.4796943571214882
3	9	朋友	13.449214070501753
3	10	喜欢	11.148097404496639
3	11	的	0.46737250232519045
3	12	画	8.474707387019109
3	13	。	17.613692377885627
4	1	她	7.055911085821743
4	2	在	4.870700202410532
4	3	看	12.147201935665935
4	4	那	11.504839571749354
4	5	个	6.161343653244494
4	6	我	7.202256375802584
4	7	介绍	13.950683455801197
4	8	的	0.42943903387004667
4	9	朋友	9.47529113883138
4	10	喜欢	14.551713403308796
4	11	的	0.33291352650738304
4	12	画	16.104535349492494
4	13	。	16.541049013551003
5	1	我	7.333057007063052
5	2	欣赏	13.985738256053235
5	3	那	7.858899103316077
5	4	件	4.803543986316804
5	5	我	5.949689674026004
5	6	喜欢	3.9744472419179786
5	7	的	0.20858922306319982
5	8	老师	16.6455310999621
5	9	收藏	16.858506813056863
5	10	的	0.2712620467923017
5	11	艺术品	8.169351963676107
5	12	。	1.178272461396375
6	1	我	7.333057007063052
6	2	欣赏	13.985738256053235
6	3	那	7.858899103316077
6	4	个	6.14348000842044
6	5	我	6.6732826996561485
6	6	喜欢	3.8898227316875236
6	7	的	0.18748548994695824
6	8	老师	14.498871141766138
6	9	收藏	19.705097139769947
6	10	的	0.532773517999857
6	11	艺术品	9.344541163557253
6	12	。	1.5867217303197663
7	1	他	4.426465589791614
7	2	打	14.225718622464925
7	3	了	2.5275316574623403
7	4	那	10.46712708680181
7	5	只	9.999694337330201
7	6	我	8.81000052295986
7	7	认识	11.539740329188824
7	8	的	0.25542775937250184
7	9	店长	18.82663467503515
7	10	喜欢	18.715131824252538
7	11	的	12.303232406169741
7	12	宠物	19.926212108673226
7	13	。	2.894057833441167
8	1	他	4.426465589791614
8	2	打	14.225718622464925
8	3	了	2.5275316574623403
8	4	那	10.46712708680181
8	5	个	5.135005110845658
8	6	我	8.953172207677255
8	7	认识	11.86713509911391
8	8	的	0.23319221861668638
8	9	店长	19.88329357287172
8	10	喜欢	18.812749476913908
8	11	的	11.878241225165084
8	12	宠物	20.090809261355147
8	13	。	3.376406638880354
9	1	我	7.333057007063052
9	2	在	5.778581776954128
9	3	思念	19.119879149178338
9	4	那	8.617936071293805
9	5	首	7.827496063569271
9	6	我	5.721264712142293
9	7	见	11.695669163181549
9	8	过	0.7621209967726372
9	9	的	1.1153424591600754
9	10	明星	16.03206686804721
9	11	唱	14.370268344773251
9	12	的	1.8308642040301066
9	13	歌	0.5693786905542879
9	14	。	0.5204348689147196
10	1	我	7.333057007063052
10	2	在	5.778581776954128
10	3	思念	19.119879149178338
10	4	那	8.617936071293805
10	5	个	3.4740879310821526
10	6	我	5.896744282975206
10	7	见	11.658444982777603
10	8	过	0.556530334030505
10	9	的	1.21713088338484
10	10	明星	13.818395632287043
10	11	唱	16.928187353978544
10	12	的	4.766187907819827
10	13	歌	5.418281188562659
10	14	。	0.541302156877876
11	1	她	7.055911085821743
11	2	拜访	18.13460534560864
11	3	了	1.0772448108988115
11	4	那	10.052542937931275
11	5	所	4.308213517808042
11	6	我	12.098056734570456
11	7	认识	9.875220087604518
11	8	的	0.2301493705645683
11	9	老人	12.410712869136297
11	10	去	16.01952979760702
11	11	的	12.477827709544727
11	12	学校	6.5981955939990655
11	13	。	1.8194860883442772
12	1	她	7.055911085821743
12	2	拜访	18.13460534560864
12	3	了	1.0772448108988115
12	4	那	10.052542937931275
12	5	个	4.011456250146082
12	6	我	7.777232022909033
12	7	认识	9.400200667484256
12	8	的	0.4092446086201136
12	9	老人	14.837907770607849
12	10	去	15.687285220477136
12	11	的	13.24232201517529
12	12	学校	7.546652491851759
12	13	。	2.8092296800336385
13	1	他	4.426465589791614
13	2	检查	16.989685476168688
13	3	了	0.5738157395491825
13	4	那	9.463043567241623
13	5	件	3.4973527306327767
13	6	我	7.469136545994388
13	7	采访	14.42017433350771
13	8	过	0.5527438524006882
13	9	的	0.40941922628818617
13	10	司机	18.8482258372386
13	11	带	9.636406235910371
13	12	的	3.869656265593079
13	13	行李	16.1829775526094
13	14	。	0.8183035594757513
14	1	他	4.426465589791614
14	2	检查	16.989685476168688
14	3	了	0.5738157395491825
14	4	那	9.463043567241623
14	5	个	4.796768954137178
14	6	我	7.656845087020464
14	7	采访	14.237957721266973
14	8	过	0.4777222590490098
14	9	的	0.32919783086487797
14	10	司机	19.014847200730088
14	11	带	9.695228126587466
14	12	的	4.236140569983917
14	13	行李	16.27849884616502
14	14	。	1.1546375917008902
15	1	我	7.333057007063052
15	2	听说	10.648943325280118
15	3	过	1.382404595030664
15	4	那	4.383501039797352
15	5	本	5.341990910705494
15	6	我	6.855496583353169
15	7	喜欢	7.0860857775419035
15	8	的	0.39326006212764497
15	9	作家	16.45702948015041
15	10	写	15.059112232982848
15	11	的	5.7239553606504785
15	12	书	1.9896317973066004
15	13	。	1.7712882020900764
16	1	我	7.333057007063052
16	2	听说	10.648943325280118
16	3	过	1.382404595030664
16	4	那	4.383501039797352
16	5	个	6.959917836217166
16	6	我	6.794781854668017
16	7	喜欢	6.955709684080489
16	8	的	0.4292871634326545
16	9	作家	12.539052635343275
16	10	写	13.420366505823125
16	11	的	4.9695142356015936
16	12	书	13.46359922797248
16	13	。	3.9370920668734044
17	1	她	7.055911085821743
17	2	撞	22.017182843209874
17	3	了	5.121505292153792
17	4	那	8.628287778829694
17	5	辆	7.456642908749409
17	6	我	8.87743605417348
17	7	介绍	16.45762785703711
17	8	的	0.8229067648409512
17	9	朋友	13.05354767472295
17	10	开	14.853636958055006
17	11	的	2.9702506814552834
17	12	车	3.240579524411956
17	13	。	0.3151072364083234
18	1	她	7.055911085821743
18	2	撞	22.017182843209874
18	3	了	5.121505292153792
18	4	那	8.628287778829694
18	5	个	5.388689315253366
18	6	我	8.393200054050261
18	7	介绍	16.9027998926954
18	8	的	1.1696058377947054
18	9	朋友	10.752250458015624
18	10	开	17.979434278043172
18	11	的	3.336301286962538
18	12	车	8.75554412898775
18	13	。	0.6158862815376693
19	1	我们	7.334106389995036
19	2	认可	17.69553523815829
19	3	了	3.5151110637572565
19	4	那	6.377987657674069
19	5	份	5.7642530337176865
19	6	他	7.666698920402723
19	7	教	15.439681051151481
19	8	的	1.4680481120839062
19	9	孩子	10.692423505938734
19	10	做	14.088685191336836
19	11	的	1.0914362732527536
19	12	作业	11.310588977374152
19	13	。	2.4275059194523436
20	1	我们	7.334106389995036
20	2	认可	17.69553523815829
20	3	了	3.5151110637572565
20	4	那	6.377987657674069
20	5	个	6.441228624015743
20	6	他	8.419542703362424
20	7	教	13.531617865404563
20	8	的	1.1040583593703204
20	9	孩子	6.653249950772391
20	10	做	16.105590598291556
20	11	的	5.58565596842071
20	12	作业	13.855022028762079
20	13	。	4.075872127114707
21	1	他们	7.354407149300526
21	2	接受	12.561036315397798
21	3	了	0.8383292800494644
21	4	那	11.266852092870476
21	5	份	4.38511135841123
21	6	我	8.31417269510532
21	7	采访	14.638064176916721
21	8	过	0.8961295587576359
21	9	的	0.09880178100022619
21	10	老板	18.08785594834118
21	11	制定	21.10334615431688
21	12	的	1.2787166685324536
21	13	合同	12.584939884803248
21	14	。	0.8787968810203495
22	1	他们	7.354407149300526
22	2	接受	12.561036315397798
22	3	了	0.8383292800494644
22	4	那	11.266852092870476
22	5	个	5.382307814218748
22	6	我	8.463752278297392
22	7	采访	13.874025772807983
22	8	过	0.6294864748117774
22	9	的	0.07509309882672
22	10	老板	16.142154491226343
22	11	制定	21.3175721172249
22	12	的	1.284007283383616
22	13	合同	13.13208234220835
22	14	。	4.222457832029164
23	1	他	4.426465589791614
23	2	离开	12.819817090990625
23	3	了	3.4287663458295086
23	4	那	8.384966141420886
23	5	间	8.487851743048253
23	6	我	8.584315584012082
23	7	尊敬	14.074983473985128
23	8	的	0.11405717591543407
23	9	朋友	6.8080557117054
23	10	开	15.463045758687983
23	11	的	8.962176252809698
23	12	工厂	15.804141647468342
23	13	。	3.425035995816927
24	1	他	4.426465589791614
24	2	离开	12.819817090990625
24	3	了	3.4287663458295086
24	4	那	8.384966141420886
24	5	个	3.7634583953634575
24	6	我	7.911641997451781
24	7	尊敬	14.922381482241882
24	8	的	0.17117882315253752
24	9	朋友	6.9079799480477035
24	10	开	15.805296930964637
24	11	的	9.071602347008863
24	12	工厂	15.859006249711754
24	13	。	3.8231955131151807
25	1	她	7.055911085821743
25	2	找	16.374029616614123
25	3	了	1.899163343522119
25	4	那	8.736754703709394
25	5	张	4.941977258913553
25	6	我	8.268541000914475
25	7	教	13.697073822992223
25	8	的	1.299869205608843
25	9	孩子	9.608298803026344
25	10	照	20.16771722253364
25	11	的	4.462596863954246
25	12	照片	11.479984183677004
25	13	。	2.0851546353701593
26	1	她	7.055911085821743
26	2	找	16.374029616614123
26	3	了	1.899163343522119
26	4	那	8.736754703709394
26	5	个	3.506644746783536
26	6	我	7.907737693164314
26	7	教	13.864106702117823
26	8	的	0.9467310389977399
26	9	孩子	5.527100130095647
26	10	照	20.317668590655487
26	11	的	4.070452754175449
26	12	照片	13.027181120129953
26	13	。	2.501775800276988
27	1	我	7.333057007063052
27	2	需要	8.770366578050073
27	3	那	10.762984150003089
27	4	台	12.008650143377544
27	5	我们	11.260797187819321
27	6	欣赏	14.774218172311556
27	7	的	1.6860815462556076
27	8	老师	15.939677552708915
27	9	用	8.306358171522334
27	10	的	6.996952946536624
27	11	手机	13.749986163057969
27	12	。	1.5172519592565124
28	1	我	7.333057007063052
28	2	需要	8.770366578050073
28	3	那	10.762984150003089
28	4	个	4.961401129758968
28	5	我们	10.790069304782413
28	6	欣赏	15.943825782815807
28	7	的	1.4556402130597164
28	8	老师	14.12825347513089
28	9	用	8.344845103718797
28	10	的	8.66535021929242
28	11	手机	14.75798692197813
28	12	。	1.4290034048291176
29	1	他	4.426465589791614
29	2	在	5.216108416100179
29	3	画	15.044762607678413
29	4	那	15.104589055725942
29	5	朵	15.081316541288487
29	6	我	13.315853169105637
29	7	关心	13.63464493912609
29	8	的	0.22400233852717122
29	9	邻居	15.259758345213697
29	10	种	18.99020244841229
29	11	的	7.525650256000617
29	12	花	10.829888633168267
29	13	。	16.050038097329264
30	1	他	4.426465589791614
30	2	在	5.216108416100179
30	3	画	15.044762607678413
30	4	那	15.104589055725942
30	5	个	8.354279969070596
30	6	我	9.90842723954404
30	7	关心	14.049350990000555
30	8	的	0.32579979643585943
30	9	邻居	13.941568780097384
30	10	种	19.790386918397203
30	11	的	7.055845416901619
30	12	花	12.233735326392335
30	13	。	15.256530555579161
31	1	她	7.055911085821743
31	2	在	4.870700202410532
31	3	介绍	7.86644180569658
31	4	那	13.573407252970405
31	5	台	8.143104191548822
31	6	我	12.793463906752422
31	7	尊敬	16.647888053296192
31	8	的	0.13572583236151559
31	9	科学家	13.482453620258468
31	10	做	13.161181129522433
31	11	的	4.199342536117641
31	12	电视	10.38360500995185
31	13	。	15.398849824075725
32	1	她	7.055911085821743
32	2	在	4.870700202410532
32	3	介绍	7.86644180569658
32	4	那	13.573407252970405
32	5	个	5.965041685261795
32	6	我	8.978749372757981
32	7	尊敬	16.024852417726414
32	8	的	0.17493787399367022
32	9	科学家	12.135737504089704
32	10	做	13.386676044745954
32	11	的	4.6806683968605824
32	12	电视	14.555448814319575
32	13	。	15.918990344390465
33	1	我	7.333057007063052
33	2	见	12.06214280194806
33	3	过	0.5188382084376109
33	4	那	4.675624687207325
33	5	栋	11.58294871139363
33	6	他	9.888774350269273
33	7	认识	12.914208662339568
33	8	的	0.29649720805917923
33	9	男人	15.345754891453858
33	10	买	16.17970648631581
33	11	的	5.7464682562278
33	12	房子	1.57743992051671
33	13	。	0.8667841141588326
34	1	我	7.333057007063052
34	2	见	12.06214280194806
34	3	过	0.5188382084376109
34	4	那	4.675624687207325
34	5	个	7.573592670356678
34	6	他	8.831325130057905
34	7	认识	10.925399230893873
34	8	的	0.46119263442455605
34	9	男人	11.681577199689904
34	10	买	16.66519785845638
34	11	的	8.038185237528523
34	12	房子	10.048690053949827
34	13	。	1.478987132488129
35	1	我	7.333057007063052
35	2	拒绝	12.354021249558468
35	3	了	2.7981728299156217
35	4	那	5.784142171832908
35	5	条	6.460772907614892
35	6	我	7.266793185371981
35	7	欣赏	15.197932880542588
35	8	的	1.5744880471806937
35	9	朋友	12.371377157251054
35	10	给	9.62651557991498
35	11	的	15.149672692949963
35	12	建议	16.41433438017981
35	13	。	3.9777962733547696
36	1	我	7.333057007063052
36	2	拒绝	12.354021249558468
36	3	了	2.7981728299156217
36	4	那	5.784142171832908
36	5	个	4.709995375554872
36	6	我	6.948098118886676
36	7	欣赏	15.173254139509403
36	8	的	1.8148868431598473
36	9	朋友	10.092275670675413
36	10	给	9.340551336276235
36	11	的	14.354132471648043
36	12	建议	15.860080951763209
36	13	。	5.0635167186350145
37	1	他	4.426465589791614
37	2	在	5.216108416100179
37	3	看	12.323236168087815
37	4	那	8.359059338360002
37	5	支	11.947118602267757
37	6	我	8.377123298315226
37	7	关心	14.102895738935018
37	8	的	0.14639165932202047
37	9	老师	13.811710320950368
37	10	用	13.452651673425194
37	11	的	8.75259291185823
37	12	笔	15.161713664119716
37	13	。	3.793247693692976
38	1	他	4.426465589791614
38	2	在	5.216108416100179
38	3	看	12.323236168087815
38	4	那	8.359059338360002
38	5	个	6.823026058512731
38	6	我	7.119554877327268
38	7	关心	12.578878171172533
38	8	的	0.2577030847874582
38	9	老师	13.761627672610317
38	10	用	15.290872568529934
38	11	的	6.766460927099715
38	12	笔	15.443389604522196
38	13	。	5.126724426420282
39	1	她	7.055911085821743
39	2	在	4.870700202410532
39	3	找	15.765328343244443
39	4	那	10.767117866039388
39	5	只	8.983016396343146
39	6	我	10.164816963784354
39	7	帮助	12.0833125971117
39	8	过	6.379769981959299
39	9	的	0.24395124512248856
39	10	女人	8.49864144480641
39	11	丢	18.784204772904644
39	12	的	9.87547623972867
39	13	鞋子	21.353378084197175
39	14	。	17.57973107716242
40	1	她	7.055911085821743
40	2	在	4.870700202410532
40	3	找	15.765328343244443
40	4	那	10.767117866039388
40	5	个	5.949687046952008
40	6	我	8.055367503234883
40	7	帮助	12.05742081420496
40	8	过	6.018658618464542
40	9	的	0.25777637713122203
40	10	女人	8.229007149810272
40	11	丢	17.46524102238621
40	12	的	10.568800062071944
40	13	鞋子	20.762741952242607
40	14	。	1.5021479877052428
41	1	我	7.333057007063052
41	2	讨厌	16.728569940327404
41	3	那	6.293432101211085
41	4	条	6.545502650351622
41	5	我	6.400492124196518
41	6	关心	13.2572791568723
41	7	的	0.35030071195655665
41	8	邻居	13.98650498368788
41	9	养	18.454696476045655
41	10	的	6.774052674375895
41	11	狗	14.476732819012895
41	12	。	1.2426219182918032
42	1	我	7.333057007063052
42	2	讨厌	16.728569940327404
42	3	那	6.293432101211085
42	4	个	3.8311266895456484
42	5	我	5.7679699779636024
42	6	关心	12.295636781052806
42	7	的	0.3201705190982196
42	8	邻居	12.433859960969407
42	9	养	19.35875626332927
42	10	的	6.481188474545533
42	11	狗	14.717341293776983
42	12	。	1.650170977616213
43	1	他	4.426465589791614
43	2	发现	12.64706429542889
43	3	了	4.3485753347739475
43	4	那	8.387333040326148
43	5	座	6.793034860249964
43	6	我	13.612729757375192
43	7	采访	17.23657071265508
43	8	过	0.4344768517134412
43	9	的	0.42335166415045933
43	10	老人	12.949733231577099
43	11	修	20.23503718807747
43	12	的	7.752473254893843
43	13	桥	11.186209493731198
43	14	。	6.569651562979814
44	1	他	4.426465589791614
44	2	发现	12.64706429542889
44	3	了	4.3485753347739475
44	4	那	8.387333040326148
44	5	个	5.449737497958569
44	6	我	9.3659915885002
44	7	采访	16.85695469939204
44	8	过	0.6926669326373869
44	9	的	0.3972311474033319
44	10	老人	14.818191378913134
44	11	修	20.925802774153354
44	12	的	7.058964397983118
44	13	桥	11.967915599430356
44	14	。	7.370414063233127
45	1	她	7.055911085821743
45	2	评价	13.104172405797575
45	3	了	5.461071937942215
45	4	那	12.993868526386692
45	5	篇	8.28563353327575
45	6	我	8.703486933775473
45	7	培养	13.836619402735174
45	8	的	1.9076985242373752
45	9	学生	13.530963615139626
45	10	准备	19.593659603531606
45	11	的	1.483033207235323
45	12	报告	9.366720067829291
45	13	。	7.52240932308294
46	1	她	7.055911085821743
46	2	评价	13.104172405797575
46	3	了	5.461071937942215
46	4	那	12.993868526386692
46	5	个	6.110286581578038
46	6	我	7.840895898537333
46	7	培养	13.229229338325396
46	8	的	1.8635412234517332
46	9	学生	8.716117220690123
46	10	准备	15.385356197590028
46	11	的	1.5051257875060031
46	12	报告	21.587080192463233
46	13	。	1.562736285442469
47	1	我	7.333057007063052
47	2	在	5.778581776954128
47	3	等	7.064215590098145
47	4	那	8.324391029108096
47	5	封	10.856920234519638
47	6	我	6.91213347138094
47	7	依赖	18.235976470961127
47	8	的	0.7155352042007905
47	9	朋友	15.086160256962899
47	10	写	10.476150253772062
47	11	的	4.834086762458895
47	12	信	9.608504816331958
47	13	。	1.6248139626126772
48	1	我	7.333057007063052
48	2	在	5.778581776954128
48	3	等	7.064215590098145
48	4	那	8.324391029108096
48	5	个	6.210826947753777
48	6	我	6.480875422516533
48	7	依赖	17.45572690635472
48	8	的	0.9443954332775704
48	9	朋友	8.43278862744959
48	10	写	11.769927526609209
48	11	的	4.460142586021945
48	12	信	12.249211605833509
48	13	。	2.8859628780966062
49	1	他	4.426465589791614
49	2	提到	14.245844722874821
49	3	了	4.203699551788873
49	4	那	6.438158235796855
49	5	堂	17.84580711988738
49	6	我	9.890987333400183
49	7	认识	11.386270516369215
49	8	的	1.2528074860389182
49	9	老师	14.286026066078321
49	10	教	18.935989857440802
49	11	的	8.212182417058685
49	12	课	15.616134940082759
49	13	。	2.6331213286610478
50	1	他	4.426465589791614
50	2	提到	14.245844722874821
50	3	了	4.203699551788873
50	4	那	6.438158235796855
50	5	个	5.041569558384037
50	6	我	8.220127788191462
50	7	认识	9.64925339391889
50	8	过	7.131904020217441
50	9	的	0.3384606353160393
50	10	老师	14.059331725198533
50	11	教	18.589526513092267
50	12	的	7.343394638934612
50	13	课	9.956239578341766
50	14	。	5.068696556600997
51	1	她	7.055911085821743
51	2	推荐	16.591632314039707
51	3	了	1.5341661788156529
51	4	那	12.709783534119879
51	5	块	10.209773948236766
51	6	我	10.597752650052612
51	7	信任	14.351819689483229
51	8	的	0.19970043130301462
51	9	医生	14.87330702698901
51	10	喜欢	16.90047689809039
51	11	的	5.689580132494143
51	12	手表	16.19403612436689
51	13	。	2.769147040486672
52	1	她	7.055911085821743
52	2	推荐	16.591632314039707
52	3	了	1.5341661788156529
52	4	那	12.709783534119879
52	5	个	6.609209665313394
52	6	我	9.360247587450907
52	7	信任	14.609752505550233
52	8	的	0.2518122284891291
52	9	医生	11.2820097574335
52	10	喜欢	16.568854948181936
52	11	的	7.927303073730158
52	12	手表	16.912297051264915
52	13	。	3.3908012046840383
53	1	我	7.333057007063052
53	2	选择	11.340793288606832
53	3	了	0.9110216872774011
53	4	那	7.420789145512888
53	5	篇	6.72151447565577
53	6	她	11.676211844494311
53	7	教	14.334235015564886
53	8	的	1.2225988989209213
53	9	学生	14.285454935776634
53	10	写	9.5084924471318
53	11	的	6.002494912609947
53	12	论文	12.135765174581621
53	13	。	5.236182507147234
54	1	我	7.333057007063052
54	2	选择	11.340793288606832
54	3	了	0.9110216872774011
54	4	那	7.420789145512888
54	5	个	4.561534089153856
54	6	她	12.055734815247433
54	7	教	14.553636179219247
54	8	的	1.2443509722592765
54	9	学生	7.485501106469911
54	10	写	11.542914998494084
54	11	的	6.151804731077561
54	12	论文	13.11831108697271
54	13	。	3.572264200357708
55	1	她	7.055911085821743
55	2	喜欢	12.203160535534026
55	3	那	9.983855040438883
55	4	场	8.445350367735013
55	5	我	9.720311223207737
55	6	听说	15.709425626848493
55	7	过	1.3399825370973772
55	8	的	0.504884113431217
55	9	演员	19.422755641043338
55	10	准备	14.894340108246766
55	11	的	2.8715978885072957
55	12	表演	8.17786958517793
55	13	。	6.696304744449677
56	1	她	7.055911085821743
56	2	喜欢	12.203160535534026
56	3	那	9.983855040438883
56	4	个	4.977328188780273
56	5	我	8.897853712385526
56	6	听说	13.82469926326877
56	7	过	1.2551430840843594
56	8	的	0.44347015774784637
56	9	演员	16.301978271073757
56	10	准备	15.796759093860757
56	11	的	5.284153878584291
56	12	表演	11.25543942918135
56	13	。	8.742771150025462
57	1	他	4.426465589791614
57	2	称赞	9.426812844045344
57	3	了	8.263182317744654
57	4	那	8.341096859776712
57	5	间	9.611146448193843
57	6	我	12.879487017087818
57	7	采访	16.204921502183737
57	8	过	0.6958339966333966
57	9	的	0.7426132332584245
57	10	警察	16.024339448751718
57	11	工作	8.307918486656334
57	12	的	3.7564543154020953
57	13	办公室	9.295019942733163
57	14	。	2.5289602013821053
58	1	他	4.426465589791614
58	2	称赞	9.426812844045344
58	3	了	8.263182317744654
58	4	那	8.341096859776712
58	5	个	6.15928382920216
58	6	我	10.581421654582662
58	7	采访	16.316774613380773
58	8	过	0.6233915381326938
58	9	的	0.6477387543327495
58	10	警察	17.817420766790065
58	11	工作	8.609806149592998
58	12	的	2.144079364461831
58	13	办公室	8.959060848694108
58	14	。	2.5066915575473274
59	1	我	7.333057007063052
59	2	听说	10.648943325280118
59	3	过	1.382404595030664
59	4	那	4.383501039797352
59	5	首	8.356927088053595
59	6	他	8.087673303563719
59	7	培养	13.186650046300734
59	8	的	1.750084823980174
59	9	孩子	8.558118766402536
59	10	写	16.7441608335784
59	11	的	4.20574010109425
59	12	诗	7.146340781766256
59	13	。	0.6309652897095646
60	1	我	7.333057007063052
60	2	听说	10.648943325280118
60	3	过	1.382404595030664
60	4	那	4.383501039797352
60	5	个	6.959917836217166
60	6	他	8.92381688580737
60	7	培养	12.773949033328769
60	8	的	1.8654081457024603
60	9	孩子	4.127985862564863
60	10	写	13.744839319901828
60	11	的	4.477700441944265
60	12	诗	16.672069594484128
60	13	。	4.472512978351816
61	1	我	7.333057007063052
61	2	选择	11.340793288606832
61	3	了	0.9110216872774011
61	4	那	7.420789145512888
61	5	家	7.570635978077373
61	6	我	6.309764623115008
61	7	依赖	16.208784694056114
61	8	的	0.7452733059247976
61	9	朋友	9.89672565060416
61	10	去	6.06412556461747
61	11	的	16.209130499920164
61	12	银行	11.453513072372218
61	13	。	5.243126427287336
62	1	我	7.333057007063052
62	2	选择	11.340793288606832
62	3	了	0.9110216872774011
62	4	那	7.420789145512888
62	5	个	4.561534089153856
62	6	我	6.43882069257203
62	7	依赖	16.39588023050998
62	8	的	0.7065876283509454
62	9	朋友	12.381925358873701
62	10	去	6.199402373498103
62	11	的	16.144100686361398
62	12	银行	12.601802181467221
62	13	。	3.4762673258970977
