sentence_id	token_id	token	surprisal
1	1	随着	8.841959987336539
1	2	当地	10.266554448137944
1	3	的	4.092655883004216
1	4	政府	17.124273052802803
1	5	发展	5.382404599727984
1	6	，	0.13269834209057052
1	7	经济	10.780854682562456
1	8	变	14.688929016214374
1	9	好	12.792858033801593
1	10	了	0.30886080704189567
1	11	。	0.7458047123217142
2	1	随着	8.841959987336539
2	2	当地	10.266554448137944
2	3	的	4.092655883004216
2	4	政府	17.124273052802803
2	5	发展	5.382404599727984
2	6	。	17.12389699430574
3	1	随着	8.841959987336539
3	2	庞大	13.946909242216956
3	3	的	0.056455314110525734
3	4	互联网	14.354355291994523
3	5	的	4.922878602583758
3	6	出现	4.498127694318519
3	7	，	0.02493449430986061
3	8	生活	12.661761181034805
3	9	质量	7.28083411421882
3	10	提高	8.551783047913517
3	11	了	1.2591967929013919
3	12	。	1.8816315582345453
4	1	随着	8.841959987336539
4	2	庞大	13.946909242216956
4	3	的	0.056455314110525734
4	4	互联网	14.354355291994523
4	5	的	4.922878602583758
4	6	出现	4.498127694318519
4	7	。	14.024046159652393
5	1	随着	8.841959987336539
5	2	一阵	17.914498265640496
5	3	很	17.150821161086697
5	4	响	6.807771716194047
5	5	的	5.472726801454407
5	6	铃声	13.781148809551972
5	7	，	0.4681949062738511
5	8	火车	16.927058980557746
5	9	开	10.481980714543553
5	10	了	1.8906442263240706
5	11	。	7.694430788802265
6	1	随着	8.841959987336539
6	2	一阵	17.914498265640496
6	3	很	17.150821161086697
6	4	响	6.807771716194047
6	5	的	5.472726801454407
6	6	铃声	13.781148809551972
6	7	。	17.41596953432419
7	1	随着	8.841959987336539
7	2	不	15.226372471972633
7	3	自信	16.385571593496298
7	4	的	0.36055732737268187
7	5	他	17.6688356239099
7	6	的	9.27048420399354
7	7	年龄	14.813175322589672
7	8	增长	12.604653261378658
7	9	，	0.13499791724980525
7	10	他	4.265467106779454
7	11	更	7.996275516801532
7	12	有	4.747842763173821
7	13	自信	9.190677229586086
7	14	了	7.6600609677193745
7	15	。	0.022144160498811516
8	1	随着	8.841959987336539
8	2	不	15.226372471972633
8	3	自信	16.385571593496298
8	4	的	0.36055732737268187
8	5	他	17.6688356239099
8	6	的	9.27048420399354
8	7	年龄	14.813175322589672
8	8	增长	12.604653261378658
8	9	。	13.993882393217959
9	1	随着	8.841959987336539
9	2	寒冷	18.535928229032876
9	3	的	0.6664416752584259
9	4	冬天	7.796744003293302
9	5	的	1.5970843593755788
9	6	到来	3.9306197844297444
9	7	，	0.006648279307896132
9	8	树木	11.762803661789732
9	9	凋零	20.200628401819138
9	10	了	5.523475280937149
9	11	。	3.2912322420074673
10	1	随着	8.841959987336539
10	2	寒冷	18.535928229032876
10	3	的	0.6664416752584259
10	4	冬天	7.796744003293302
10	5	的	1.5970843593755788
10	6	到来	3.9306197844297444
10	7	。	18.078224140365926
11	1	随着	8.841959987336539
11	2	新兴	12.889781640793183
11	3	的	0.4969026830881056
11	4	科技	6.970611757878931
11	5	发展	9.512428229246634
11	6	，	4.877215172504215
11	7	电脑	9.715468999715242
11	8	功能	12.290904180687534
11	9	变得	9.897796558691084
11	10	更	7.547874006791687
11	11	多	9.414771462661477
11	12	了	4.969872847303137
11	13	。	3.3796582236700203
12	1	随着	8.841959987336539
12	2	新兴	12.889781640793183
12	3	的	0.4969026830881056
12	4	科技	6.970611757878931
12	5	发展	9.512428229246634
12	6	。	13.68243455014668
13	1	自从	12.903330661507765
13	2	见	16.427853136336395
13	3	了	5.448387743435347
13	4	聪明	17.95895847751791
13	5	的	1.8843279554376196
13	6	他	12.750877763633135
13	7	，	1.3392073898236845
13	8	她	5.3285204253888026
13	9	一直	7.390055130624745
13	10	在	2.782658220685562
13	11	写信	18.955384282925564
13	12	。	4.581096331138454
14	1	自从	12.903330661507765
14	2	见	16.427853136336395
14	3	了	5.448387743435347
14	4	聪明	17.95895847751791
14	5	的	1.8843279554376196
14	6	他	12.750877763633135
14	7	。	11.566737864127845
15	1	自从	12.903330661507765
15	2	修	19.67177761164644
15	3	了	7.453457203303465
15	4	新	6.6872998294900015
15	5	的	2.4975816664436365
15	6	公路	3.3856350156550263
15	7	，	9.635236068333846
15	8	农村	14.246161343528506
15	9	经济	6.26563811288527
15	10	变	10.566093170681057
15	11	好	11.19728979815909
15	12	了	0.29011649713524434
15	13	。	15.358104665564525
16	1	自从	12.903330661507765
16	2	修	19.67177761164644
16	3	了	7.453457203303465
16	4	新	6.6872998294900015
16	5	的	2.4975816664436365
16	6	公路	3.3856350156550263
16	7	。	16.165531589795464
17	1	自从	12.903330661507765
17	2	离开	12.506334123553183
17	3	美丽	15.491724151421565
17	4	的	1.846407278530144
17	5	家乡	6.79182882166733
17	6	，	11.859426666157134
17	7	她	11.885470630099938
17	8	一直	7.750541945749319
17	9	想念	17.775443928250837
17	10	父母	5.254469868342127
17	11	。	5.091611628723797
18	1	自从	12.903330661507765
18	2	离开	12.506334123553183
18	3	美丽	15.491724151421565
18	4	的	1.846407278530144
18	5	家乡	6.79182882166733
18	6	。	17.331995695889226
19	1	自从	12.903330661507765
19	2	淘气	20.177035719151142
19	3	的	15.15155173092272
19	4	他	8.957558515239711
19	5	开始	6.894963935202064
19	6	读书	9.36264490668664
19	7	，	7.768442771650314
19	8	他	10.003282982888024
19	9	的	3.3741924636652953
19	10	成绩	16.657888221928886
19	11	提高	11.46555431820883
19	12	了	3.174192447527872
19	13	。	14.523632316548003
20	1	自从	12.903330661507765
20	2	淘气	20.177035719151142
20	3	的	15.15155173092272
20	4	他	8.957558515239711
20	5	开始	6.894963935202064
20	6	读书	9.36264490668664
20	7	。	16.786882365165084
21	1	自从	12.903330661507765
21	2	自负	21.60285226244941
21	3	的	14.442484696744494
21	4	他	8.183890331916793
21	5	获得	8.569655961638212
21	6	大奖	12.434286534577808
21	7	，	6.5880344394863215
21	8	他	7.446692661651497
21	9	不	9.40016605444255
21	10	学习	18.269790058617815
21	11	了	8.552674479244786
21	12	。	12.384542666917014
22	1	自从	12.903330661507765
22	2	自负	21.60285226244941
22	3	的	14.442484696744494
22	4	他	8.183890331916793
22	5	获得	8.569655961638212
22	6	大奖	12.434286534577808
22	7	。	14.035841464074153
23	1	自从	12.903330661507765
23	2	勤奋	17.249584710695146
23	3	的	15.61666126325089
23	4	她	14.363511750566616
23	5	认识	10.206162968729544
23	6	了	3.5473223877025077
23	7	老师	14.286798552808705
23	8	，	5.929015135446164
23	9	她	8.44914137069803
23	10	努力	11.243767922670841
23	11	训练	9.320920412987277
23	12	。	17.377936959027082
24	1	自从	12.903330661507765
24	2	勤奋	17.249584710695146
24	3	的	15.61666126325089
24	4	她	14.363511750566616
24	5	认识	10.206162968729544
24	6	了	3.5473223877025077
24	7	老师	14.286798552808705
24	8	。	18.35161281179694
25	1	自从	12.903330661507765
25	2	勇敢	15.779761249671372
25	3	的	15.010401088647075
25	4	她	15.710926132736425
25	5	参与	12.546153013539211
25	6	了	6.054236704071954
25	7	活动	11.860661557766576
25	8	，	5.1118554639043765
25	9	她	11.836662494694835
25	10	认识	13.930580521325297
25	11	了	3.0894664420635394
25	12	很多	9.805516912461215
25	13	人	3.713951521561512
25	14	。	12.626407979107455
26	1	自从	12.903330661507765
26	2	勇敢	15.779761249671372
26	3	的	15.010401088647075
26	4	她	15.710926132736425
26	5	参与	12.546153013539211
26	6	了	6.054236704071954
26	7	活动	11.860661557766576
26	8	。	20.308869202250094
27	1	自从	12.903330661507765
27	2	聪明	17.52836553032082
27	3	的	13.93284632930099
27	4	她	12.42290145487766
27	5	学习	12.194157308684389
27	6	了	2.672750431154512
27	7	外语	7.415424331696187
27	8	，	0.6647928349300969
27	9	她	6.7702856972586005
27	10	看	11.61194068245726
27	11	了	2.899621556656541
27	12	很多	6.818608172054439
27	13	电影	8.872616841867242
27	14	。	3.2754985780201054
28	1	自从	12.903330661507765
28	2	聪明	17.52836553032082
28	3	的	13.93284632930099
28	4	她	12.42290145487766
28	5	学习	12.194157308684389
28	6	了	2.672750431154512
28	7	外语	7.415424331696187
28	8	。	3.7154180789294458
29	1	因为	9.497584423718544
29	2	喝	15.482484035235634
29	3	了	2.287046494500057
29	4	美味	19.408580677430177
29	5	的	4.915829307440788
29	6	酒	6.6074127781382685
29	7	，	0.3415802560464698
29	8	他	5.330461630992801
29	9	摔	15.088935177457678
29	10	了	0.9083758656179128
29	11	。	3.6480971512809077
30	1	因为	9.497584423718544
30	2	喝	15.482484035235634
30	3	了	2.287046494500057
30	4	美味	19.408580677430177
30	5	的	4.915829307440788
30	6	酒	6.6074127781382685
30	7	。	3.0122203050571343
31	1	因为	9.497584423718544
31	2	准时	21.85651224764694
31	3	的	3.081330597857722
31	4	他	12.796778773518554
31	5	要	8.389076693856808
31	6	迟到	20.692440399930426
31	7	了	8.84145932265595
31	8	，	4.375036789153924
31	9	他	3.8065781261575182
31	10	结束	15.05060710435508
31	11	了	0.7920172644589627
31	12	谈话	14.175447190046015
31	13	。	1.546596574689616
32	1	因为	9.497584423718544
32	2	准时	21.85651224764694
32	3	的	3.081330597857722
32	4	他	12.796778773518554
32	5	要	8.389076693856808
32	6	迟到	20.692440399930426
32	7	了	8.84145932265595
32	8	。	2.4341470311552627
33	1	因为	9.497584423718544
33	2	懒惰	22.655241862801752
33	3	的	2.7238637411384587
33	4	他	10.75814535793129
33	5	没有	6.9708297688821546
33	6	练习	14.997743337390268
33	7	题目	20.046175589973316
33	8	，	0.8365051464922146
33	9	他	2.967443332744594
33	10	没有	7.233042910468754
33	11	成功	10.105634644733414
33	12	。	0.4388566519700987
34	1	因为	9.497584423718544
34	2	懒惰	22.655241862801752
34	3	的	2.7238637411384587
34	4	他	10.75814535793129
34	5	没有	6.9708297688821546
34	6	练习	14.997743337390268
34	7	题目	20.046175589973316
34	8	。	2.2633698434794667
35	1	因为	9.497584423718544
35	2	严重	15.069949130406604
35	3	的	0.5745991974504001
35	4	疾病	8.275134941827762
35	5	，	0.3891957458974602
35	6	她	8.851537254348436
35	7	拒绝	12.1582340891593
35	8	了	2.246822150762533
35	9	演出	18.296882906869833
35	10	。	2.4353232344211193
36	1	因为	9.497584423718544
36	2	严重	15.069949130406604
36	3	的	0.5745991974504001
36	4	疾病	8.275134941827762
36	5	。	4.724415079633239
37	1	因为	9.497584423718544
37	2	听	15.90473313743828
37	3	着	4.656006962566099
37	4	美妙	20.716603551877853
37	5	的	1.17428623187525
37	6	音乐	8.123340631713639
37	7	，	1.0269429462017357
37	8	她	5.02986464669587
37	9	错过	16.3372198580161
37	10	了	0.2637766048691219
37	11	广播	15.270016321833893
37	12	。	4.254429481174228
38	1	因为	9.497584423718544
38	2	听	15.90473313743828
38	3	着	4.656006962566099
38	4	美妙	20.716603551877853
38	5	的	1.17428623187525
38	6	音乐	8.123340631713639
38	7	。	10.488129635810644
39	1	尽管	9.235218957878931
39	2	认真	15.45760122991577
39	3	的	14.861288049327534
39	4	领导	14.282096557976622
39	5	已经	5.876413935747621
39	6	离去	18.700482249758558
39	7	，	0.3547585498555179
39	8	工人	15.873361331224388
39	9	还	9.556150763591887
39	10	在	3.1167800349157346
39	11	工作	11.182629599863688
39	12	。	2.2379962499302053
40	1	尽管	9.235218957878931
40	2	认真	15.45760122991577
40	3	的	14.861288049327534
40	4	领导	14.282096557976622
40	5	已经	5.876413935747621
40	6	离去	18.700482249758558
40	7	。	13.351791648369485
41	1	尽管	9.235218957878931
41	2	优秀	16.200763912371837
41	3	的	2.886459182038326
41	4	他	11.557537477102603
41	5	年纪	14.874143422543987
41	6	小	5.523494540016273
41	7	，	0.10235376238787097
41	8	他	3.6235655796322064
41	9	有	10.992090955338355
41	10	能力	5.442707698672095
41	11	。	8.711617282569108
42	1	尽管	9.235218957878931
42	2	优秀	16.200763912371837
42	3	的	2.886459182038326
42	4	他	11.557537477102603
42	5	年纪	14.874143422543987
42	6	小	5.523494540016273
42	7	。	16.388221959985074
43	1	尽管	9.235218957878931
43	2	环保	16.53018729664817
43	3	的	5.571890109427169
43	4	她	16.701987148829627
43	5	会	9.485396514836225
43	6	开车	15.79314110944965
43	7	，	0.9446851534221139
43	8	她	2.88947108357641
43	9	今天	9.017457572286105
43	10	没有	8.857851083292914
43	11	开车	13.85501674967378
43	12	。	2.2242519014844504
44	1	尽管	9.235218957878931
44	2	环保	16.53018729664817
44	3	的	5.571890109427169
44	4	她	16.701987148829627
44	5	会	9.485396514836225
44	6	开车	15.79314110944965
44	7	。	13.793948520289561
45	1	尽管	9.235218957878931
45	2	富有	16.584288826439156
45	3	的	8.335393769062474
45	4	作家	19.123176583942012
45	5	很	8.130193314602082
45	6	年轻	5.222542124690612
45	7	，	0.07582633065514699
45	8	他	6.098896809936761
45	9	写	9.858469344121374
45	10	了	2.1626386242747486
45	11	很多	6.125774281309091
45	12	作品	5.222776799653403
45	13	。	3.542234326892924
46	1	尽管	9.235218957878931
46	2	富有	16.584288826439156
46	3	的	8.335393769062474
46	4	作家	19.123176583942012
46	5	很	8.130193314602082
46	6	年轻	5.222542124690612
46	7	。	14.025229147675802
47	1	尽管	9.235218957878931
47	2	固执	21.308956154064514
47	3	的	3.892056769912429
47	4	父亲	7.364886835750106
47	5	不	4.650668441939445
47	6	同意	7.3637282627446226
47	7	他	3.7194896803460935
47	8	唱歌	19.962860272956085
47	9	，	1.0632011840768598
47	10	他	3.268457235452786
47	11	还是	3.4913561188738953
47	12	买	12.136025661137253
47	13	了	0.2877285779807295
47	14	吉他	18.7045445750164
47	15	。	2.2800364779983653
48	1	尽管	9.235218957878931
48	2	固执	21.308956154064514
48	3	的	3.892056769912429
48	4	父亲	7.364886835750106
48	5	不	4.650668441939445
48	6	同意	7.3637282627446226
48	7	他	3.7194896803460935
48	8	唱歌	19.962860272956085
48	9	。	11.81972073331174
49	1	尽管	9.235218957878931
49	2	国内	10.6753574211228
49	3	的	2.5851616311524737
49	4	经济	4.148863623877688
49	5	不	7.989095644324458
49	6	好	8.914402194000623
49	7	，	1.3910153482216217
49	8	他	8.49608933695091
49	9	还是	3.9811440052563114
49	10	关心	11.093076322627304
49	11	慈善	18.040460018603767
49	12	。	6.212852713253483
50	1	尽管	9.235218957878931
50	2	国内	10.6753574211228
50	3	的	2.5851616311524737
50	4	经济	4.148863623877688
50	5	不	7.989095644324458
50	6	好	8.914402194000623
50	7	。	15.828989228901158
51	1	如果	8.799721524992183
51	2	自律	20.10326816795732
51	3	的	4.0272323270184955
51	4	她	16.02923448990581
51	5	做	8.045758728998507
51	6	完	7.296590350374551
51	7	作业	11.250424686061493
51	8	，	0.10231483349136283
51	9	她	1.7123969814740434
51	10	去	12.998111120138148
51	11	健身房	14.686054278317286
51	12	。	13.833502822078685
52	1	如果	8.799721524992183
52	2	自律	20.10326816795732
52	3	的	4.0272323270184955
52	4	她	16.02923448990581
52	5	做	8.045758728998507
52	6	完	7.296590350374551
52	7	作业	11.250424686061493
52	8	。	14.964927308468674
53	1	如果	8.799721524992183
53	2	开心	20.26584914721785
53	3	的	13.067947398296806
53	4	她们	14.716668723216351
53	5	照	16.701120440875094
53	6	了	6.994962205617512
53	7	相	17.061325164432333
53	8	，	1.358405634243823
53	9	她们	3.609754343607449
53	10	就	1.53946378426906
53	11	留下	15.708299519168648
53	12	了	0.17298509848097865
53	13	回忆	15.880297939974938
53	14	。	1.6449327429655227
54	1	如果	8.799721524992183
54	2	开心	20.26584914721785
54	3	的	13.067947398296806
54	4	她们	14.716668723216351
54	5	照	16.701120440875094
54	6	了	6.994962205617512
54	7	相	17.061325164432333
54	8	。	1.955533455147446
55	1	如果	8.799721524992183
55	2	培养	18.339179474231194
55	3	了	4.204104156523474
55	4	坚定	17.950910340747406
55	5	的	2.2481079428693036
55	6	信心	4.3432613350711975
55	7	，	0.13985388320801917
55	8	她	7.275532382843181
55	9	可以	6.501569713301585
55	10	实现	7.742994011263804
55	11	梦想	8.143013241028342
55	12	。	1.8310395832439212
56	1	如果	8.799721524992183
56	2	培养	18.339179474231194
56	3	了	4.204104156523474
56	4	坚定	17.950910340747406
56	5	的	2.2481079428693036
56	6	信心	4.3432613350711975
56	7	。	13.843117433449216
57	1	如果	8.799721524992183
57	2	内向	19.438843000636613
57	3	的	12.856864259989656
57	4	他	10.604389908087306
57	5	不	6.671631744582278
57	6	尝试	15.789835641824709
57	7	，	3.415582014393152
57	8	他	1.7171159172982442
57	9	将	2.9189083468303636
57	10	失去	7.335262153930088
57	11	机会	6.602072824960459
57	12	。	0.33290306796371283
58	1	如果	8.799721524992183
58	2	内向	19.438843000636613
58	3	的	12.856864259989656
58	4	他	10.604389908087306
58	5	不	6.671631744582278
58	6	尝试	15.789835641824709
58	7	。	5.9575926677724595
59	1	如果	8.799721524992183
59	2	可爱	20.332904225580204
59	3	的	3.6840045694470405
59	4	她	10.504844063835414
59	5	来	9.926694227825159
59	6	，	6.198306101722082
59	7	母亲	11.742415561641565
59	8	会	4.454342967680077
59	9	准备	11.586971682834204
59	10	水果	15.907890437423404
59	11	。	1.9398685209552866
60	1	如果	8.799721524992183
60	2	她	8.773377426614495
60	3	来	10.830334682131397
60	4	。	16.658725879832005
