sentence_id	token_id	token	surprisal
1	1	那	9.539305229176438
1	2	位	8.232437278785046
1	3	教授	9.008694533508152
1	4	写	10.355623078590728
1	5	了	0.45664467113976315
1	6	精彩	15.84864973384871
1	7	的	0.208074440392906
1	8	书	5.186505000997222
1	9	的	14.56301110236921
1	10	内容	7.789291326969419
1	11	。	4.118599478208068
2	1	那	9.539305229176438
2	2	位	8.232437278785046
2	3	教授	9.008694533508152
2	4	打	11.286367930771046
2	5	了	2.0868716530434384
2	6	精彩	15.384403616353843
2	7	的	0.142814737885125
2	8	书	7.510182357820305
2	9	的	14.671241012805645
2	10	内容	10.423600929022697
2	11	。	3.996198626657076
3	1	弟弟	19.039488648581614
3	2	启动	18.83843661971608
3	3	了	6.586941054312945
3	4	昂贵	17.238120272659714
3	5	的	1.0439520675870142
3	6	车	12.289883263850008
3	7	。	7.62749613501029
4	1	弟弟	19.039488648581614
4	2	认识	15.441615637463553
4	3	了	3.1865622991649474
4	4	昂贵	17.622961512280646
4	5	的	1.4555526962957757
4	6	车	14.362645937830322
4	7	。	3.9275743111046637
5	1	他	4.426465589791614
5	2	拿	15.415612609614953
5	3	了	3.795902310688618
5	4	桌子	18.637526567762674
5	5	上	11.747883146079822
5	6	的	3.52274528293448
5	7	好看	17.968924929171322
5	8	的	9.192478911901674
5	9	筷子	16.49690897799381
5	10	。	10.659756745456704
6	1	他	4.426465589791614
6	2	听	13.953935504727013
6	3	了	1.1402214589797133
6	4	桌子	20.505663153093664
6	5	上	15.096002845817466
6	6	的	2.9343284233588633
6	7	好看	21.410975940843272
6	8	的	6.953815662836661
6	9	筷子	19.010120036465977
6	10	。	9.61858535544944
7	1	她	7.055911085821743
7	2	终于	12.14935398240497
7	3	实现	5.154816689426973
7	4	了	0.0645951114228005
7	5	重要	16.41267295779749
7	6	的	1.0008086781380214
7	7	理想	7.006315948733892
7	8	。	1.4162078552578237
8	1	她	7.055911085821743
8	2	终于	12.14935398240497
8	3	购买	13.14326758167957
8	4	了	0.04107045295367584
8	5	重要	15.149517739201706
8	6	的	0.5722930838006377
8	7	理想	15.540531869458825
8	8	。	5.172435561402409
9	1	我	7.333057007063052
9	2	修理	17.239535847443676
9	3	了	2.1120269393252933
9	4	这个	8.217016426813586
9	5	新	5.582120646548425
9	6	的	1.1135149191029114
9	7	电脑	9.626790163247357
9	8	。	2.8193126798286485
10	1	我	7.333057007063052
10	2	阅读	16.84820799387445
10	3	了	0.8558370742863879
10	4	这个	7.0166710522080145
10	5	新	7.994630789210177
10	6	的	1.2315207373835335
10	7	电脑	12.63940779052814
10	8	。	3.042153630008876
11	1	我	7.333057007063052
11	2	邀请	15.463107718329383
11	3	过	8.93694928057608
11	4	我	3.6563028393430805
11	5	的	1.8711492857127467
11	6	优秀	11.39346096071948
11	7	的	13.789654133679733
11	8	朋友	4.660278371693444
11	9	。	5.398546352009063
12	1	我	7.333057007063052
12	2	打开	16.39011733320052
12	3	过	5.948811163365988
12	4	我	4.822638889178176
12	5	的	0.35298828865648346
12	6	优秀	14.217198686392571
12	7	的	10.767532385755644
12	8	朋友	6.887905791406581
12	9	。	3.15988785725672
13	1	记者	8.103120427336194
13	2	采访	8.450791865341955
13	3	了	1.2916899702162148
13	4	有名	18.06867645418576
13	5	的	0.4527809483427916
13	6	艺术家	13.727746298960966
13	7	。	4.065587652537836
14	1	记者	8.103120427336194
14	2	制作	17.857683781599782
14	3	了	1.6364155008238157
14	4	有名	15.870531099400388
14	5	的	0.3109774889263264
14	6	艺术家	15.104966433272615
14	7	。	5.876029503587695
15	1	他	4.426465589791614
15	2	参与	15.886106291081944
15	3	了	1.0144802388291865
15	4	危险	19.40593805639855
15	5	的	2.5393614340093364
15	6	战争	9.900880294308877
15	7	。	4.122123820472126
16	1	他	4.426465589791614
16	2	建造	18.328331741688828
16	3	了	2.629687611493061
16	4	危险	18.93005567126183
16	5	的	1.338572749490666
16	6	战争	9.978790380524082
16	7	。	3.866281097638165
17	1	她	7.055911085821743
17	2	批评	11.504608202238641
17	3	了	5.389599391106529
17	4	淘气	22.751665460443974
17	5	的	2.423406232621687
17	6	儿子	12.375802788213726
17	7	。	4.689248330504526
18	1	她	7.055911085821743
18	2	改正	23.185815266779265
18	3	了	3.0985105792236176
18	4	淘气	21.154012302693957
18	5	的	1.6694684855817812
18	6	儿子	11.57493380730412
18	7	。	2.4315574305582714
19	1	我	7.333057007063052
19	2	结束	17.248704607506053
19	3	了	0.6998257112454844
19	4	很	8.509110248048959
19	5	长	9.158296432944638
19	6	的	4.908297151429025
19	7	谈话	14.423711823459676
19	8	。	6.223256252696316
20	1	我	7.333057007063052
20	2	表扬	19.94993987320232
20	3	了	0.999638987637713
20	4	很	10.323324040231665
20	5	长	2.6412685791079937
20	6	的	1.5260039557331524
20	7	谈话	13.531139794434168
20	8	。	4.313433883091392
21	1	他	4.426465589791614
21	2	买	15.425647305332646
21	3	了	0.727396568352507
21	4	这些	10.641956458334228
21	5	红色	12.714201095248136
21	6	的	1.1401527999101475
21	7	笔	10.156050908543577
21	8	。	4.270533312720673
22	1	他	4.426465589791614
22	2	种	18.737286884120692
22	3	了	2.280980720732387
22	4	这些	9.040180793900657
22	5	红色	12.97229864093488
22	6	的	0.3899395817232545
22	7	笔	11.4986006353314
22	8	。	2.7833203669197317
23	1	他	4.426465589791614
23	2	提出	9.40063554590682
23	3	了	4.197055713770649
23	4	很多	10.499201700443543
23	5	重要	7.168296624041982
23	6	的	0.5103913365245987
23	7	问题	5.456745696048088
23	8	。	3.6065102834023364
24	1	他	4.426465589791614
24	2	申请	16.94890964036632
24	3	了	5.848018119438091
24	4	很多	9.920574923243986
24	5	重要	8.298603833891455
24	6	的	0.4632784848003624
24	7	问题	8.19498354969361
24	8	。	3.9059506287765373
25	1	这	6.180722097733188
25	2	款	14.93322955108172
25	3	药	12.311850076491222
25	4	治疗	13.339850646875355
25	5	了	2.427657558482302
25	6	他	9.978265955569327
25	7	的	2.116956047541194
25	8	严重	9.850916585538116
25	9	的	1.4734389114077118
25	10	疾病	3.5998362812656666
25	11	。	1.7776589832439242
26	1	这	6.180722097733188
26	2	款	14.93322955108172
26	3	药	12.311850076491222
26	4	缓解	17.695878355478833
26	5	了	0.38320319816474324
26	6	他	9.520220116632089
26	7	的	1.4586143342559694
26	8	严重	8.960407800957995
26	9	的	4.839717258305285
26	10	疾病	5.828924346504849
26	11	。	1.0941434218190693
27	1	我	7.333057007063052
27	2	看	7.762945499135392
27	3	着	3.6633819137983803
27	4	奶奶	15.211535306146896
27	5	的	2.379009337486252
27	6	亲切	13.606073222177677
27	7	的	8.760575711266803
27	8	面容	17.337979245421337
27	9	。	8.091719662305138
28	1	我	7.333057007063052
28	2	听	10.36250922523151
28	3	着	6.112990534930997
28	4	奶奶	15.373366962439992
28	5	的	1.223957937619744
28	6	亲切	13.754208341738533
28	7	的	7.000082404871243
28	8	面容	17.474980098391498
28	9	。	10.37256715870734
29	1	学者	16.063898978097317
29	2	发现	8.687965057650331
29	3	了	5.518759191172201
29	4	这个	8.86635817672806
29	5	有趣	15.806352049292443
29	6	的	0.3102071638013797
29	7	规律	13.683397926650628
29	8	。	5.422414125410043
30	1	学者	16.063898978097317
30	2	发明	15.96985175452065
30	3	了	3.0267976296024415
30	4	这个	8.687536988184782
30	5	有趣	15.695086460309632
30	6	的	0.14954767728595186
30	7	规律	13.381396750531813
30	8	。	1.179337462812768
31	1	母亲	15.789961739986856
31	2	准备	13.471997777981185
31	3	了	3.9235086129016103
31	4	美味	20.712750165332828
31	5	的	6.2358341075546235
31	6	晚饭	15.646581482969474
31	7	。	12.294046556528002
32	1	母亲	15.789961739986856
32	2	责备	21.269251181066373
32	3	了	6.855177902294486
32	4	美味	18.98575644026711
32	5	的	4.541188976942124
32	6	晚饭	17.214564449460866
32	7	。	2.718797333673109
33	1	孩子	14.805919426673517
33	2	培养	13.46123631809546
33	3	了	1.6688756959606152
33	4	这个	13.395246181833762
33	5	流行	13.520916887227507
33	6	的	3.9844558714445526
33	7	特长	14.677263473216968
33	8	。	1.8479856442284444
34	1	孩子	14.805919426673517
34	2	改正	20.397687272572654
34	3	了	3.4812929281523495
34	4	这个	11.053535123332253
34	5	流行	14.353649784500547
34	6	的	2.5145657343720984
34	7	特长	14.641078697394434
34	8	。	5.2500124872998555
35	1	政府	10.71682901688325
35	2	设立	12.025191490592622
35	3	了	1.996469124596569
35	4	最新	16.32794995795962
35	5	的	1.4854713965066324
35	6	项目	12.13311604982185
35	7	。	7.94959041537993
36	1	政府	10.71682901688325
36	2	引发	19.324025808236062
36	3	了	1.172379390455113
36	4	最新	15.298751148763976
36	5	的	1.2040901861437021
36	6	项目	17.11210791076624
36	7	。	7.251228439098043
37	1	我	7.333057007063052
37	2	回忆	12.07252704283395
37	3	了	2.212292947025773
37	4	之前	15.240630793445263
37	5	的	1.5982879073175411
37	6	可怕	16.676210905341577
37	7	的	3.694490006698004
37	8	经历	5.717353727568437
37	9	。	2.5811271486752076
38	1	我	7.333057007063052
38	2	帮助	14.962093265331259
38	3	了	6.602440669200142
38	4	之前	14.818838665143332
38	5	的	4.40160972842925
38	6	可怕	16.2073467486781
38	7	的	6.461314758174893
38	8	经历	9.069282279730984
38	9	。	4.540915909502672
39	1	花园	17.111360036857754
39	2	长满	19.555487435262236
39	3	了	3.7405387299025534
39	4	美丽	12.002339254823646
39	5	的	0.2838930086904199
39	6	草	15.169046369614883
39	7	。	2.7215703303081114
40	1	花园	17.111360036857754
40	2	吸引	13.798558601848569
40	3	了	0.6201809448007083
40	4	美丽	15.599851397976693
40	5	的	0.06491617594578969
40	6	草	16.052934116401218
40	7	。	2.9630534709032617
41	1	雨水	17.783912845859057
41	2	清洗	19.67595355360246
41	3	了	2.328447983191772
41	4	高	13.263821625534725
41	5	的	3.5183692832482194
41	6	大楼	17.58807999174745
41	7	。	1.8500648240427608
42	1	雨水	17.783912845859057
42	2	灌溉	14.99066470197129
42	3	了	3.432417516402978
42	4	高	13.797379177029562
42	5	的	5.898115472361695
42	6	大楼	18.565484390679536
42	7	。	14.127851398208762
43	1	我	7.333057007063052
43	2	听从	21.482402016517558
43	3	了	4.08521998478745
43	4	老师	10.770677856970813
43	5	的	0.19790554910753855
43	6	中肯	18.375454095805203
43	7	的	8.207158638757754
43	8	建议	6.694183540871876
43	9	。	0.46814013444377167
44	1	我	7.333057007063052
44	2	安装	17.534177848119928
44	3	了	0.7937363322508801
44	4	老师	17.486219237600118
44	5	的	2.976913812544389
44	6	中肯	18.913222942577733
44	7	的	7.194009584571916
44	8	建议	8.376194365830472
44	9	。	1.0366109669510024
45	1	警官	20.158193248201457
45	2	疏散	18.137604553753548
45	3	了	2.340750000042746
45	4	紧张	15.1918091579589
45	5	的	0.8656306439179389
45	6	人群	6.741214714668146
45	7	。	11.585777074656704
46	1	警官	20.158193248201457
46	2	解除	18.499079582705924
46	3	了	1.6863492275993082
46	4	紧张	12.443881485990175
46	5	的	1.1341808286268602
46	6	人群	11.856733614892235
46	7	。	6.916900499296062
47	1	他	4.426465589791614
47	2	卖	18.77024638528797
47	3	过	5.844022170679249
47	4	一些	7.504318794443584
47	5	便宜	9.232235240603117
47	6	的	0.45851007818908585
47	7	化肥	10.733448546524698
47	8	。	5.783324251554582
48	1	他	4.426465589791614
48	2	摘	22.87588458515161
48	3	过	6.299349468548197
48	4	一些	9.306147379336345
48	5	便宜	13.659033988220813
48	6	的	2.2057925178070477
48	7	化肥	11.883044868096185
48	8	。	12.50312678414872
49	1	她	7.055911085821743
49	2	戴	14.826099139260103
49	3	过	9.016145638862067
49	4	白色	9.609933615801182
49	5	的	4.048967161673197
49	6	耳机	16.453061835312695
49	7	。	15.511752064318266
50	1	她	7.055911085821743
50	2	穿	16.515630429711607
50	3	过	6.428734424864459
50	4	白色	10.839015689409706
50	5	的	1.2950867041847829
50	6	耳机	16.287764472819354
50	7	。	3.9531318317772843
51	1	他	4.426465589791614
51	2	在	5.216108416100179
51	3	学校	11.99098913260991
51	4	里	5.136410814476953
51	5	吃	14.538296763643519
51	6	过	4.240041215261741
51	7	好吃	20.048593539049776
51	8	的	2.573663670260558
51	9	饭	8.091740910878158
51	10	。	0.7974543332894228
52	1	他	4.426465589791614
52	2	在	5.216108416100179
52	3	学校	11.99098913260991
52	4	里	5.136410814476953
52	5	讲	8.45436688674108
52	6	过	5.265122923870123
52	7	好吃	22.98308514173926
52	8	的	3.597231250851962
52	9	饭	14.957333262869298
52	10	。	0.39450482476267723
53	1	他	4.426465589791614
53	2	见	15.570496959804082
53	3	过	2.1810009433799067
53	4	热心	17.501324620329424
53	5	的	4.976384753749095
53	6	店长	19.981360689707003
53	7	。	11.108712070556024
54	1	他	4.426465589791614
54	2	去	15.336043773158636
54	3	过	3.3572763433071344
54	4	热心	14.995837430594019
54	5	的	6.917448748818195
54	6	店长	19.60951463039173
54	7	。	11.503725306818595
55	1	我	7.333057007063052
55	2	听	10.36250922523151
55	3	过	1.247228326028143
55	4	这些	7.2661548389642405
55	5	熟悉	15.884060218483853
55	6	的	1.0459227394757349
55	7	声音	6.443549593937092
55	8	。	3.0601767347785866
56	1	我	7.333057007063052
56	2	见	12.06214280194806
56	3	过	0.5188382084376109
56	4	这些	6.697210735826925
56	5	熟悉	16.93994074823727
56	6	的	1.234279335200391
56	7	声音	7.6713358385450405
56	8	。	2.451277893274444
57	1	爷爷	19.142337112811617
57	2	安装	16.95139208168743
57	3	过	7.195847628241815
57	4	复杂	14.659773120861615
57	5	的	1.6141472855448242
57	6	机器	11.509907882640334
57	7	。	2.4274730876288118
58	1	爷爷	19.142337112811617
58	2	种植	14.398301681358944
58	3	过	7.8238363935488096
58	4	复杂	17.03264174196513
58	5	的	4.343660376338178
58	6	机器	15.39094891788011
58	7	。	18.791004275741997
59	1	她	7.055911085821743
59	2	说	1.2037524740790158
59	3	过	11.506255995705988
59	4	这	7.213220399295313
59	5	些	13.617991812960675
59	6	真诚	15.524603340537332
59	7	的	1.7264707338155034
59	8	话	5.487735072771471
59	9	。	7.329990054296964
60	1	她	7.055911085821743
60	2	吃	17.077313799608007
60	3	过	3.5983173667274997
60	4	这	7.920480343791397
60	5	些	12.40877045357336
60	6	真诚	16.345019368609513
60	7	的	2.403641781865545
60	8	话	7.094346775325192
60	9	。	10.036048524288844
61	1	母亲	15.789961739986856
61	2	买	11.595672221881381
61	3	了	0.8503966716059175
61	4	彩色	12.5956788250806
61	5	的	1.899459728358508
61	6	纸	11.713502679576209
61	7	。	4.47597855554185
62	1	母亲	15.789961739986856
62	2	喝	12.342382503979666
62	3	了	1.8391705986964197
62	4	彩色	14.243407832885431
62	5	的	4.920045414771607
62	6	纸	12.822813287139525
62	7	。	12.172119889341907
