sentence_id	token_id	token	surprisal
1	1	那	9.539643297791976
1	2	家	9.148546417530898
1	3	亲切	19.957669588169818
1	4	的	2.6776075799543477
1	5	老板	8.02073349936132
1	6	投资	16.463208755447063
1	7	的	10.845961803618763
1	8	饭店	15.235447217558473
1	9	很	7.925793961122935
1	10	受	9.22499078134797
1	11	欢迎	0.3425959989959324
1	12	。	1.858334359059583
2	1	那	9.539643297791976
2	2	个	7.253094603758985
2	3	亲切	17.886567617640214
2	4	的	1.4390126825706204
2	5	老板	12.028034076106422
2	6	投资	18.143125017574675
2	7	的	8.297899187247808
2	8	饭店	18.088333964778926
2	9	很	7.9663462653039545
2	10	受	6.331177168328068
2	11	欢迎	0.49875086326815676
2	12	。	0.09854944150767153
3	1	那	9.539643297791976
3	2	幅	9.959704783777426
3	3	聪明	14.215355074823549
3	4	的	0.5928941470494138
3	5	朋友	13.856479723094807
3	6	喜欢	11.584697510828988
3	7	的	13.85255873254151
3	8	画	12.659585762762404
3	9	吸引	19.76921849193505
3	10	了	2.7245378457855622
3	11	我	7.221743505591093
3	12	。	1.415324551406556
4	1	那	9.539643297791976
4	2	个	7.253094603758985
4	3	聪明	15.082780240671756
4	4	的	0.3587755786725779
4	5	朋友	7.5070853732199865
4	6	喜欢	10.209632489552526
4	7	的	12.565651370921032
4	8	画	16.038302112762693
4	9	吸引	19.840605267384333
4	10	了	2.0879624889585955
4	11	我	5.735486861423297
4	12	。	3.1701730532462307
5	1	那	9.539643297791976
5	2	件	8.364255214291934
5	3	细心	18.315727037666523
5	4	的	1.1372984047285044
5	5	老师	16.78840522017105
5	6	收藏	18.468083360723725
5	7	的	2.575788658554032
5	8	艺术品	8.628307941938942
5	9	获	16.020058888975242
5	10	了	1.2482171069604249
5	11	奖	7.8491511948187735
5	12	。	0.360106264995224
6	1	那	9.539643297791976
6	2	个	7.253094603758985
6	3	细心	17.204443546687518
6	4	的	1.7225084886960076
6	5	老师	11.214600022791323
6	6	收藏	18.595340900250456
6	7	的	8.34659556499139
6	8	艺术品	18.97091954844882
6	9	获	17.34470439996892
6	10	了	3.3510542675411727
6	11	奖	6.616740103435916
6	12	。	2.3352740866660184
7	1	那	9.539643297791976
7	2	只	7.4231926708007165
7	3	负责	16.320971534885565
7	4	的	5.12965118298078
7	5	店长	17.43417724594501
7	6	喜欢	12.406776608727526
7	7	的	12.76463409967323
7	8	宠物	20.45817179981266
7	9	生病	18.324145462485504
7	10	了	7.103219332646958
7	11	。	0.4620472740429449
8	1	那	9.539643297791976
8	2	个	7.253094603758985
8	3	负责	13.02021365747029
8	4	的	2.833620219113321
8	5	店长	21.20364201375785
8	6	喜欢	12.930424075507013
8	7	的	12.407328207761381
8	8	宠物	21.836061371526824
8	9	生病	18.166143575789633
8	10	了	6.731804759025991
8	11	。	0.6284009614442851
9	1	那	9.539643297791976
9	2	首	10.62104457027472
9	3	有名	13.12891414424682
9	4	的	0.8206123120402751
9	5	明星	16.04344425073598
9	6	唱	13.153721539202834
9	7	的	8.01111205128867
9	8	歌	5.94636163628131
9	9	很	10.329370569994197
9	10	好听	17.596672918281882
9	11	。	0.5260436729460309
10	1	那	9.539643297791976
10	2	个	7.253094603758985
10	3	有名	14.011521659806384
10	4	的	0.32291199940305404
10	5	明星	16.229469141951203
10	6	唱	13.587632413860554
10	7	的	6.487680386974311
10	8	歌	7.162194406965526
10	9	很	8.343480979841658
10	10	好听	16.680387093068603
10	11	。	0.3579851618826808
11	1	那	9.539643297791976
11	2	所	10.878980808877074
11	3	富有	12.307753859192516
11	4	的	7.1938048022232195
11	5	老人	12.7646702097216
11	6	去	14.383503078802974
11	7	的	11.711940349118535
11	8	学校	6.545002605466749
11	9	关闭	19.94683024969271
11	10	了	3.0611477231655755
11	11	。	1.4599431996298762
12	1	那	9.539643297791976
12	2	个	7.253094603758985
12	3	富有	15.645328415971829
12	4	的	4.624965832591585
12	5	老人	11.81869452284377
12	6	去	11.32935624783103
12	7	的	10.256189545478954
12	8	学校	5.46918541118923
12	9	关闭	19.6019275636789
12	10	了	2.4828112437895697
12	11	。	2.0301737526883414
13	1	那	9.539643297791976
13	2	件	8.364255214291934
13	3	紧张	17.00071865843422
13	4	的	0.7840574827732709
13	5	司机	20.5331908048
13	6	带	9.108267856021726
13	7	的	8.651216337261829
13	8	行李	14.00863503613526
13	9	丢	14.914988397020338
13	10	了	1.0376416595632492
13	11	。	4.297201060807836
14	1	那	9.539643297791976
14	2	个	7.253094603758985
14	3	紧张	16.198902932340236
14	4	的	0.5300552882152232
14	5	司机	16.51938607583036
14	6	带	8.773422047654194
14	7	的	7.675114948833631
14	8	行李	14.742648707689725
14	9	丢	14.579164410627754
14	10	了	1.0666305735120574
14	11	。	4.282909129902123
15	1	那	9.539643297791976
15	2	本	8.33556673236242
15	3	有名	13.444577615025853
15	4	的	0.47226392987295895
15	5	作家	15.827141265308498
15	6	写	9.236894908825171
15	7	的	5.238853883743495
15	8	书	15.218543532536827
15	9	很	9.07578342692031
15	10	受	8.116177932350126
15	11	欢迎	0.9085260588754096
15	12	。	0.513560952226257
16	1	那	9.539643297791976
16	2	个	7.253094603758985
16	3	有名	14.011521659806384
16	4	的	0.32291199940305404
16	5	作家	11.878297329923402
16	6	写	9.398119758340904
16	7	的	3.9042245741349575
16	8	书	14.766794106993721
16	9	很	6.921217596057517
16	10	受	8.892308627817698
16	11	欢迎	0.8099078910436504
16	12	。	1.1683312629241414
17	1	那	9.539643297791976
17	2	辆	10.18888968223176
17	3	熟悉	15.906400968848082
17	4	的	2.6515659980588353
17	5	朋友	18.059159979879688
17	6	开	9.888388814731925
17	7	的	5.820674698517081
17	8	车	3.32056574718645
17	9	坏	16.679802291043828
17	10	了	0.2666871170603571
17	11	。	1.861432696842101
18	1	那	9.539643297791976
18	2	个	7.253094603758985
18	3	熟悉	15.536654058473243
18	4	的	2.0936483275489053
18	5	朋友	10.002228276079492
18	6	开	11.499054890679801
18	7	的	5.772756999673362
18	8	车	12.555179777075203
18	9	坏	16.346191197594436
18	10	了	0.7801358573118335
18	11	。	3.2555817924474013
19	1	那	9.539643297791976
19	2	份	8.066710396153514
19	3	淘气	20.489902068530565
19	4	的	2.6225562239483224
19	5	孩子	14.471037667744291
19	6	做	11.80330627852473
19	7	的	4.452172190916116
19	8	作业	17.391122757641142
19	9	获	19.08685052430924
19	10	了	0.8435399800702896
19	11	奖	9.094766807945845
19	12	。	0.8128488560281824
20	1	那	9.539643297791976
20	2	个	7.253094603758985
20	3	淘气	20.924540156584182
20	4	的	1.5389936604696928
20	5	孩子	5.749568935496079
20	6	做	11.108308720938787
20	7	的	3.859458517397819
20	8	作业	16.965472003391206
20	9	获	18.66640312891826
20	10	了	0.6264522511641246
20	11	奖	10.067206898465628
20	12	。	0.8706022010157284
21	1	那	9.539643297791976
21	2	份	8.066710396153514
21	3	严格	14.914262693097033
21	4	的	1.0570272096407294
21	5	老板	15.443430900123282
21	6	制定	15.954870150600755
21	7	的	4.305865621919409
21	8	合同	11.917542972323147
21	9	到期	15.857492921135474
21	10	了	1.5207741772922105
21	11	。	2.2215886894789207
22	1	那	9.539643297791976
22	2	个	7.253094603758985
22	3	严格	15.285752214077778
22	4	的	3.743986434076355
22	5	老板	14.84304682220644
22	6	制定	15.543122421688906
22	7	的	5.810332935836854
22	8	合同	17.245729176878427
22	9	到期	19.770352741275317
22	10	了	1.9580152575341572
22	11	。	0.820202980470512
23	1	那	9.539643297791976
23	2	间	14.110180562709438
23	3	负责	15.513699352665746
23	4	的	3.6082324465397093
23	5	朋友	12.000049538826865
23	6	开	11.027805053328457
23	7	的	6.879230518822837
23	8	工厂	17.644388552299162
23	9	倒闭	19.010560920835147
23	10	了	2.823572724295232
23	11	。	1.0702886110266263
24	1	那	9.539643297791976
24	2	个	7.253094603758985
24	3	负责	13.02021365747029
24	4	的	2.833620219113321
24	5	朋友	10.575171065005627
24	6	开	11.153809008100396
24	7	的	6.250465992822392
24	8	工厂	17.489634735585483
24	9	倒闭	18.535286636858146
24	10	了	2.7326998268240317
24	11	。	2.265796279906965
25	1	那	9.539643297791976
25	2	张	8.494395752072094
25	3	聪明	16.075928592254826
25	4	的	0.6435753593196125
25	5	孩子	11.435751420574121
25	6	照	15.286998913704409
25	7	的	7.124534925506488
25	8	照片	14.32534150813234
25	9	丢	16.453036628361104
25	10	了	0.9119253830672278
25	11	。	3.117444536996217
26	1	那	9.539643297791976
26	2	个	7.253094603758985
26	3	聪明	15.082780240671756
26	4	的	0.3587755786725779
26	5	孩子	5.776466845243057
26	6	照	16.452412441634245
26	7	的	6.397572475961198
26	8	照片	16.68745922400781
26	9	丢	17.0910784954184
26	10	了	0.7741814085366201
26	11	。	2.7204080682055434
27	1	那	9.539643297791976
27	2	台	11.93616832947206
27	3	负责	14.35392058305478
27	4	的	4.801492319323479
27	5	老师	13.96475657842057
27	6	用	7.606483477377282
27	7	的	9.90897561188094
27	8	手机	12.47386717006475
27	9	很	5.8026219928515275
27	10	好用	17.498065071685303
27	11	。	1.7956035468954354
28	1	那	9.539643297791976
28	2	个	7.253094603758985
28	3	负责	13.02021365747029
28	4	的	2.833620219113321
28	5	老师	12.91237528901403
28	6	用	8.135765207952403
28	7	的	7.553997176501987
28	8	手机	13.558832417985371
28	9	很	5.618993295498939
28	10	好用	17.47508514244487
28	11	。	2.4589456513782437
29	1	那	9.539643297791976
29	2	朵	19.579042608836936
29	3	细心	16.47460906526016
29	4	的	1.552731802238732
29	5	邻居	14.781378281919864
29	6	种	15.047802007464647
29	7	的	8.250507166751632
29	8	花	11.631343531586225
29	9	很	5.5044148859354465
29	10	好看	13.558487950580641
29	11	。	0.7299382646556296
30	1	那	9.539643297791976
30	2	个	7.253094603758985
30	3	细心	17.204443546687518
30	4	的	1.7225084886960076
30	5	邻居	9.812350242901054
30	6	种	15.162819354418616
30	7	的	6.459010537161554
30	8	花	13.373321953379175
30	9	很	4.607750180438828
30	10	好看	13.86725149261018
30	11	。	2.823345964191148
31	1	那	9.539643297791976
31	2	台	11.93616832947206
31	3	优秀	15.157933034563811
31	4	的	0.5464627460677889
31	5	科学家	14.09586674380752
31	6	做	13.224542507710183
31	7	的	5.528882501125693
31	8	电视	19.117444413450045
31	9	坏	15.502034515208607
31	10	了	8.742010360231376
31	11	。	2.51408432556768
32	1	那	9.539643297791976
32	2	个	7.253094603758985
32	3	优秀	15.73641848597715
32	4	的	0.1935399904137256
32	5	科学家	8.581591994151147
32	6	做	12.091145813086904
32	7	的	3.846564481923899
32	8	电视	19.960055651494542
32	9	坏	15.546129783921458
32	10	了	6.988343225258674
32	11	。	2.3971283121254743
33	1	那	9.539643297791976
33	2	栋	10.74301182347281
33	3	富有	13.77976526499545
33	4	的	9.72167963138942
33	5	男人	15.317168649033405
33	6	买	11.887573997611959
33	7	的	8.172645680658263
33	8	房子	8.558638276690957
33	9	起火	16.2629452980366
33	10	了	2.2837181058906424
33	11	。	0.8797718981553118
34	1	那	9.539643297791976
34	2	个	7.253094603758985
34	3	富有	15.645328415971829
34	4	的	4.624965832591585
34	5	男人	8.635925715461873
34	6	买	12.1066827260535
34	7	的	6.756707900407356
34	8	房子	9.379694506011916
34	9	起火	17.653348618327357
34	10	了	1.5981895169840499
34	11	。	1.5988762722105179
35	1	那	9.539643297791976
35	2	条	8.132814904631452
35	3	紧张	14.58341179345048
35	4	的	0.6448745862328948
35	5	朋友	15.263897137434022
35	6	给	6.331698922252862
35	7	的	14.143641250243938
35	8	建议	15.399321001053622
35	9	很	6.660772058047087
35	10	真诚	16.047511511992198
35	11	。	0.5086304062913172
36	1	那	9.539643297791976
36	2	个	7.253094603758985
36	3	紧张	16.198902932340236
36	4	的	0.5300552882152232
36	5	朋友	13.129519298316474
36	6	给	6.6678079035754365
36	7	的	11.474781244037423
36	8	建议	15.30196313067016
36	9	很	7.584439305199339
36	10	真诚	16.64941338130035
36	11	。	1.2815120311816628
37	1	那	9.539643297791976
37	2	支	10.13274356885827
37	3	负责	12.526777207227614
37	4	的	5.739235165145097
37	5	老师	16.31266418796025
37	6	用	7.798793813004501
37	7	的	10.228629211208322
37	8	笔	12.737677237313164
37	9	坏	16.639106998883747
37	10	了	0.8789279014327036
37	11	。	3.8647827967087807
38	1	那	9.539643297791976
38	2	个	7.253094603758985
38	3	负责	13.02021365747029
38	4	的	2.833620219113321
38	5	老师	12.91237528901403
38	6	用	8.135765207952403
38	7	的	7.553997176501987
38	8	笔	13.961061526551362
38	9	坏	15.99347110646103
38	10	了	1.333544799223759
38	11	。	4.073689329841471
39	1	那	9.539643297791976
39	2	只	7.4231926708007165
39	3	内向	18.562350382221652
39	4	的	8.845414405040103
39	5	女人	13.97697141857487
39	6	丢	17.88540393430729
39	7	的	9.610104884835621
39	8	鞋子	20.416579976726368
39	9	被	10.347678305323868
39	10	找到	12.38017330258036
39	11	了	2.6020415184338788
39	12	。	1.7202191927432295
40	1	那	9.539643297791976
40	2	个	7.253094603758985
40	3	内向	18.26074447277004
40	4	的	7.1214838940123855
40	5	女人	10.78035805765667
40	6	丢	18.483692682956466
40	7	的	7.437008457378056
40	8	鞋子	21.11578477357706
40	9	被	10.558808212304896
40	10	找到	12.274426836454381
40	11	了	1.547929707690173
40	12	。	1.44971798154873
41	1	那	9.539643297791976
41	2	条	8.132814904631452
41	3	孤独	18.668275047574163
41	4	的	1.2165217782312752
41	5	邻居	15.669204600229904
41	6	养	13.232076896137542
41	7	的	7.437344993587132
41	8	狗	15.109683450401405
41	9	生病	18.710703091686838
41	10	了	1.6406228910339848
41	11	。	0.7847000892479485
42	1	那	9.539643297791976
42	2	个	7.253094603758985
42	3	孤独	18.620263008190772
42	4	的	1.3312364711996736
42	5	邻居	10.100675530932271
42	6	养	13.999885411421573
42	7	的	6.080765749863332
42	8	狗	14.825083014628177
42	9	生病	18.798612802514086
42	10	了	1.4627557309900112
42	11	。	1.1391867575873107
43	1	那	9.539643297791976
43	2	座	9.15657842951288
43	3	幽默	17.128435912496617
43	4	的	2.7096224981621972
43	5	老人	10.014356339143156
43	6	修	17.91969566252625
43	7	的	6.687695955546303
43	8	桥	14.30134602048031
43	9	帮助	17.202764895518072
43	10	了	4.82821149523086
43	11	我	4.661784871485807
43	12	。	1.9053443012494427
44	1	那	9.539643297791976
44	2	个	7.253094603758985
44	3	幽默	17.870589329736962
44	4	的	1.2680475209813977
44	5	老人	11.373238363086436
44	6	修	17.991611374631397
44	7	的	5.695100941551303
44	8	桥	15.69455785980918
44	9	帮助	18.076917347567246
44	10	了	4.43419624270507
44	11	我	2.824195719520418
44	12	。	1.6936719440123227
45	1	那	9.539643297791976
45	2	篇	9.06904458706467
45	3	认真	14.02310863489387
45	4	的	0.8262900401631441
45	5	学生	13.652287127148895
45	6	准备	15.5842526930889
45	7	的	6.987608996161491
45	8	报告	16.793017768834943
45	9	感动	17.721261731886074
45	10	了	4.16041469718823
45	11	我	5.569087648954522
45	12	。	2.430548995083555
46	1	那	9.539643297791976
46	2	个	7.253094603758985
46	3	认真	15.411429637527927
46	4	的	2.8067347564818945
46	5	学生	12.253230030917258
46	6	准备	12.986902922370021
46	7	的	5.676839591908568
46	8	报告	18.721460075928135
46	9	感动	19.332419122857573
46	10	了	2.0624542280228155
46	11	我	4.247851590431267
46	12	。	3.2944372644347766
47	1	那	9.539643297791976
47	2	封	10.496579796265454
47	3	亲切	17.288099474071355
47	4	的	0.9571018589708657
47	5	朋友	15.003734321040682
47	6	写	12.497995014264802
47	7	的	6.274864187587255
47	8	信	10.263016712690543
47	9	很	7.571351748179509
47	10	真诚	13.561524420841067
47	11	。	1.2060239758677795
48	1	那	9.539643297791976
48	2	个	7.253094603758985
48	3	亲切	17.886567617640214
48	4	的	1.4390126825706204
48	5	朋友	7.21841691305643
48	6	写	12.299139038980506
48	7	的	4.115378806778821
48	8	信	12.259400115377908
48	9	很	6.921025696989403
48	10	真诚	13.641091078843289
48	11	。	1.876989478223436
49	1	那	9.539643297791976
49	2	堂	20.631486866268006
49	3	有名	14.730068792686588
49	4	的	0.6101656715270494
49	5	老师	15.19858375921708
49	6	教	10.994845273909874
49	7	的	8.299420525592183
49	8	课	10.307391998646352
49	9	获	17.526760660420223
49	10	了	0.9959635316718334
49	11	奖	7.0878140208215115
49	12	。	0.3265082981577052
50	1	那	9.539643297791976
50	2	个	7.253094603758985
50	3	有名	14.011521659806384
50	4	的	0.32291199940305404
50	5	老师	12.528150865275446
50	6	教	10.489906111244153
50	7	的	7.726594655926945
50	8	课	16.848822113989378
50	9	获	19.03401972553212
50	10	了	1.6677566230443261
50	11	奖	6.794776994899081
50	12	。	1.2508218592852245
51	1	那	9.539643297791976
51	2	块	12.381487340038877
51	3	细心	16.571676160779408
51	4	的	2.4940490725522366
51	5	医生	15.512862986293051
51	6	喜欢	11.462025972112315
51	7	的	13.283372056007337
51	8	手表	18.65958987715844
51	9	丢	17.970189251377946
51	10	了	1.9560529675493257
51	11	。	2.754706592663169
52	1	那	9.539643297791976
52	2	个	7.253094603758985
52	3	细心	17.204443546687518
52	4	的	1.7225084886960076
52	5	医生	10.698528542741627
52	6	喜欢	10.80666860400521
52	7	的	12.818373590404335
52	8	手表	19.472174798552345
52	9	丢	18.70372429304453
52	10	了	1.5484130965172653
52	11	。	2.719476185410045
53	1	那	9.539643297791976
53	2	篇	9.06904458706467
53	3	优秀	15.847971970963098
53	4	的	0.18603347791419367
53	5	学生	11.199285143580227
53	6	写	9.412603950843
53	7	的	5.351007706186799
53	8	论文	14.84364524981752
53	9	感动	16.350806413250467
53	10	了	1.3568916334984351
53	11	我	8.504547700500751
53	12	。	4.954868224152122
54	1	那	9.539643297791976
54	2	个	7.253094603758985
54	3	优秀	15.73641848597715
54	4	的	0.1935399904137256
54	5	学生	5.552145232310046
54	6	写	11.198237761760375
54	7	的	3.9837903411883033
54	8	论文	15.489881903878782
54	9	感动	16.285221069333645
54	10	了	1.295535225808834
54	11	我	7.44073243466832
54	12	。	5.045711078284597
55	1	那	9.539643297791976
55	2	场	8.15382200693836
55	3	专业	17.276258253659226
55	4	的	2.260824010204935
55	5	演员	15.086609387248664
55	6	准备	13.483659091929596
55	7	的	8.21044918456785
55	8	表演	16.336785866892043
55	9	很	8.376950942454684
55	10	受	6.426423238833635
55	11	欢迎	0.24536146603129794
55	12	。	0.08299192507502084
56	1	那	9.539643297791976
56	2	个	7.253094603758985
56	3	专业	13.590957575618098
56	4	的	3.863606460453372
56	5	演员	12.023687975396335
56	6	准备	11.535475627934723
56	7	的	7.980447712206235
56	8	表演	16.262349052751887
56	9	很	7.140824578846491
56	10	受	6.9947171668664225
56	11	欢迎	0.22848807800932036
56	12	。	0.21410274232914617
57	1	那	9.539643297791976
57	2	间	14.110180562709438
57	3	勇敢	14.966756336343977
57	4	的	1.3512672565318127
57	5	警察	13.263022221157819
57	6	工作	13.310950012765126
57	7	的	12.3565179780623
57	8	办公室	14.087089468696945
57	9	起火	15.238029876502623
57	10	了	1.1204725692592632
57	11	。	2.3177765833421944
58	1	那	9.539643297791976
58	2	个	7.253094603758985
58	3	勇敢	15.90903269785127
58	4	的	0.7196733010803982
58	5	警察	13.81192989395906
58	6	工作	12.559111934277531
58	7	的	9.596308289674802
58	8	办公室	16.11127288415966
58	9	起火	16.27762922003329
58	10	了	1.247479796167056
58	11	。	3.176401119730798
59	1	那	9.539643297791976
59	2	首	10.62104457027472
59	3	聪明	15.298999790211994
59	4	的	0.5903223713810206
59	5	孩子	12.202817521085898
59	6	写	11.79510406810433
59	7	的	4.853251430327013
59	8	诗	16.116903100063396
59	9	很	9.325701927654237
59	10	有趣	7.71356226157053
59	11	。	1.0895694006192826
60	1	那	9.539643297791976
60	2	个	7.253094603758985
60	3	聪明	15.082780240671756
60	4	的	0.3587755786725779
60	5	孩子	5.776466845243057
60	6	写	11.987168658798105
60	7	的	3.537525772809879
60	8	诗	17.607321492728524
60	9	很	8.412327490192098
60	10	有趣	7.299008393714658
60	11	。	1.6800948029149083
61	1	那	9.539643297791976
61	2	家	9.148546417530898
61	3	细心	16.505640652103896
61	4	的	2.5800272887554314
61	5	朋友	7.442029421453256
61	6	去	10.756599345883608
61	7	的	10.980909958625254
61	8	银行	11.74304150110784
61	9	帮助	8.169157340710257
61	10	了	6.09847026124109
61	11	我	2.2683728936159326
61	12	。	2.498714272723589
62	1	那	9.539643297791976
62	2	个	7.253094603758985
62	3	细心	17.204443546687518
62	4	的	1.7225084886960076
62	5	朋友	7.2465290604781885
62	6	去	10.417541632464257
62	7	的	10.122859354668591
62	8	银行	12.378324893288067
62	9	帮助	8.019257109737268
62	10	了	5.903381826590731
62	11	我	2.074705920550116
62	12	。	2.0603063207146874
