sentence_id	token_id	token	surprisal
1	1	我	7.333057227135923
1	2	很	6.3698048204150215
1	3	喜欢	6.174597021164601
1	4	一	5.986735253162834
1	5	位	6.126127943590944
1	6	新闻	11.288803565822214
1	7	提到	13.912029353017545
1	8	的	2.3252634181149716
1	9	明星	13.432749310039242
1	10	。	2.7746654325259072
2	1	我	7.333057227135923
2	2	很	6.3698048204150215
2	3	喜欢	6.174597021164601
2	4	一	5.986735253162834
2	5	首	8.53779873601433
2	6	新闻	10.692972780681472
2	7	提到	15.260065459320835
2	8	的	1.1919424775430159
2	9	明星	15.303405724171938
2	10	。	2.5809813047018366
3	1	我	7.333057227135923
3	2	很	6.3698048204150215
3	3	喜欢	6.174597021164601
3	4	一	5.986735253162834
3	5	首	8.53779873601433
3	6	新闻	10.692972780681472
3	7	提到	15.260065459320835
3	8	的	1.1919424775430159
3	9	歌曲	6.779744681374154
3	10	。	1.3923922993514708
4	1	我	7.333057227135923
4	2	很	6.3698048204150215
4	3	喜欢	6.174597021164601
4	4	一	5.986735253162834
4	5	位	6.126127943590944
4	6	新闻	11.288803565822214
4	7	提到	13.912029353017545
4	8	的	2.3252634181149716
4	9	歌曲	14.531831374390961
4	10	。	1.916191164814336
5	1	她	7.055910593164345
5	2	开车	19.72916740178449
5	3	去	5.715840417334242
5	4	了	3.634313557269131
5	5	一	3.33488603061906
5	6	家	1.8700804234540769
5	7	我	7.182768612571699
5	8	推荐	13.633287260511096
5	9	过	3.2032519424606534
5	10	的	0.2244084088685554
5	11	店	10.674697712386148
5	12	。	4.558224105662902
6	1	她	7.055910593164345
6	2	开车	19.72916740178449
6	3	去	5.715840417334242
6	4	了	3.634313557269131
6	5	一	3.33488603061906
6	6	座	6.641271296694313
6	7	我	10.181160039876517
6	8	推荐	14.176289294107534
6	9	过	2.708307923354738
6	10	的	0.14375876308616853
6	11	店	11.457956463450671
6	12	。	4.47310853594476
7	1	她	7.055910593164345
7	2	开车	19.72916740178449
7	3	去	5.715840417334242
7	4	了	3.634313557269131
7	5	一	3.33488603061906
7	6	座	6.641271296694313
7	7	我	10.181160039876517
7	8	推荐	14.176289294107534
7	9	过	2.708307923354738
7	10	的	0.14375876308616853
7	11	山	11.841406320117159
7	12	。	4.406082175636456
8	1	她	7.055910593164345
8	2	开车	19.72916740178449
8	3	去	5.715840417334242
8	4	了	3.634313557269131
8	5	一	3.33488603061906
8	6	家	1.8700804234540769
8	7	我	7.182768612571699
8	8	推荐	13.633287260511096
8	9	过	3.2032519424606534
8	10	的	0.2244084088685554
8	11	山	15.177472648998275
8	12	。	4.7071004636135285
9	1	他	4.426464492870965
9	2	有	11.370362778146268
9	3	一	2.671075248535171
9	4	双	8.612123771136336
9	5	我	12.094238751960066
9	6	穿	13.629524111171307
9	7	坏	16.765859550883512
9	8	了	4.544505429697367
9	9	的	12.153010532044505
9	10	手套	22.59611189469352
9	11	。	2.694640017734571
10	1	他	4.426464492870965
10	2	有	11.370362778146268
10	3	一	2.671075248535171
10	4	枚	9.399069274944072
10	5	我	12.680260813986298
10	6	穿	12.544013890334412
10	7	坏	18.730712177239027
10	8	了	5.746085172453917
10	9	的	3.3307871926647152
10	10	手套	14.72895349713201
10	11	。	3.6258127769351063
11	1	他	4.426464492870965
11	2	有	11.370362778146268
11	3	一	2.671075248535171
11	4	枚	9.399069274944072
11	5	我	12.680260813986298
11	6	穿	12.544013890334412
11	7	坏	18.730712177239027
11	8	了	5.746085172453917
11	9	的	3.3307871926647152
11	10	纽扣	19.866570552801917
11	11	。	3.7207562985055773
12	1	他	4.426464492870965
12	2	有	11.370362778146268
12	3	一	2.671075248535171
12	4	双	8.612123771136336
12	5	我	12.094238751960066
12	6	穿	13.629524111171307
12	7	坏	16.765859550883512
12	8	了	4.544505429697367
12	9	的	12.153010532044505
12	10	纽扣	25.392956934952622
12	11	。	3.507899937072196
13	1	店长	21.795645291970832
13	2	拿	17.204795314354822
13	3	着	0.8654354446982495
13	4	一	3.159515739317655
13	5	只	5.685169690798411
13	6	他	8.641483926912791
13	7	买	7.982133757357175
13	8	的	0.743507689463172
13	9	兔子	14.399367176284812
13	10	。	4.871926541192863
14	1	店长	21.795645291970832
14	2	拿	17.204795314354822
14	3	着	0.8654354446982495
14	4	一	3.159515739317655
14	5	根	7.52642974569347
14	6	他	10.466807318900003
14	7	买	8.388804255064741
14	8	的	1.0060789954992941
14	9	兔子	15.042590597401585
14	10	。	4.8576188935353315
15	1	店长	21.795645291970832
15	2	拿	17.204795314354822
15	3	着	0.8654354446982495
15	4	一	3.159515739317655
15	5	根	7.52642974569347
15	6	他	10.466807318900003
15	7	买	8.388804255064741
15	8	的	1.0060789954992941
15	9	萝卜	12.634990362652715
15	10	。	4.421712061853441
16	1	店长	21.795645291970832
16	2	拿	17.204795314354822
16	3	着	0.8654354446982495
16	4	一	3.159515739317655
16	5	只	5.685169690798411
16	6	他	8.641483926912791
16	7	买	7.982133757357175
16	8	的	0.743507689463172
16	9	萝卜	11.52156591179886
16	10	。	4.638921280417918
17	1	他	4.426464492870965
17	2	认识	17.049402083337064
17	3	了	3.650264235669759
17	4	一	6.448119460347755
17	5	名	9.811130066459572
17	6	我	8.495315404217223
17	7	知道	8.185204643276755
17	8	的	0.10515219524030783
17	9	男孩	12.604925466188206
17	10	。	7.9020245787705505
18	1	他	4.426464492870965
18	2	认识	17.049402083337064
18	3	了	3.650264235669759
18	4	一	6.448119460347755
18	5	本	8.823120585385663
18	6	我	8.673164433730904
18	7	知道	7.811315366502917
18	8	的	0.07959265314705988
18	9	男孩	15.45730695070744
18	10	。	7.575367766869945
19	1	他	4.426464492870965
19	2	认识	17.049402083337064
19	3	了	3.650264235669759
19	4	一	6.448119460347755
19	5	本	8.823120585385663
19	6	我	8.673164433730904
19	7	知道	7.811315366502917
19	8	的	0.07959265314705988
19	9	小说	9.153432923484111
19	10	。	7.003612281515117
20	1	他	4.426464492870965
20	2	认识	17.049402083337064
20	3	了	3.650264235669759
20	4	一	6.448119460347755
20	5	名	9.811130066459572
20	6	我	8.495315404217223
20	7	知道	8.185204643276755
20	8	的	0.10515219524030783
20	9	小说	12.64550286393667
20	10	。	7.480350659292739
21	1	男人	16.946291789544915
21	2	在	4.374935010857641
21	3	扫描	19.20069741958121
21	4	一	5.756455311049706
21	5	篇	7.181927982288684
21	6	我	9.17082714205975
21	7	发	15.293903174867914
21	8	的	2.8238130330631463
21	9	文章	2.1207069609753546
21	10	。	16.028630139371643
22	1	男人	16.946291789544915
22	2	在	4.374935010857641
22	3	扫描	19.20069741958121
22	4	一	5.756455311049706
22	5	张	5.008755540277917
22	6	我	9.162054529594108
22	7	发	13.465320149568583
22	8	的	3.1586696213031757
22	9	文章	8.990479987364054
22	10	。	16.59142904082266
23	1	男人	16.946291789544915
23	2	在	4.374935010857641
23	3	扫描	19.20069741958121
23	4	一	5.756455311049706
23	5	张	5.008755540277917
23	6	我	9.162054529594108
23	7	发	13.465320149568583
23	8	的	3.1586696213031757
23	9	图片	10.4587441014
23	10	。	17.904359472552414
24	1	男人	16.946291789544915
24	2	在	4.374935010857641
24	3	扫描	19.20069741958121
24	4	一	5.756455311049706
24	5	篇	7.181927982288684
24	6	我	9.17082714205975
24	7	发	15.293903174867914
24	8	的	2.8238130330631463
24	9	图片	11.305653148341321
24	10	。	17.18288504953331
25	1	演员	15.785445380128744
25	2	在	3.697410447001795
25	3	看	10.76262895082343
25	4	一	9.637838889953493
25	5	张	5.092429604305146
25	6	她	10.604583745832997
25	7	以前	11.171892064584377
25	8	拍	9.602750203246728
25	9	过	1.6478300324823465
25	10	的	0.07566486120072113
25	11	照片	4.820582291474992
25	12	。	19.082960057276566
26	1	演员	15.785445380128744
26	2	在	3.697410447001795
26	3	看	10.76262895082343
26	4	一	9.637838889953493
26	5	位	3.4694777495273
26	6	她	10.453163431070571
26	7	以前	10.876967836876993
26	8	拍	11.112418050100786
26	9	过	1.6977242060906264
26	10	的	0.48786128834802867
26	11	照片	10.587121188521706
26	12	。	15.611825909239386
27	1	演员	15.785445380128744
27	2	在	3.697410447001795
27	3	看	10.76262895082343
27	4	一	9.637838889953493
27	5	位	3.4694777495273
27	6	她	10.453163431070571
27	7	以前	10.876967836876993
27	8	拍	11.112418050100786
27	9	过	1.6977242060906264
27	10	的	0.48786128834802867
27	11	老师	10.684027355137516
27	12	。	15.832858138084973
28	1	演员	15.785445380128744
28	2	在	3.697410447001795
28	3	看	10.76262895082343
28	4	一	9.637838889953493
28	5	张	5.092429604305146
28	6	她	10.604583745832997
28	7	以前	11.171892064584377
28	8	拍	9.602750203246728
28	9	过	1.6478300324823465
28	10	的	0.07566486120072113
28	11	老师	15.33560053288528
28	12	。	15.513174394298545
29	1	他	4.426464492870965
29	2	在	5.216110488590935
29	3	修理	16.01658040705985
29	4	一	6.4329122077153436
29	5	辆	2.428473915767057
29	6	我	13.889711012884945
29	7	使用	10.712780989916723
29	8	过	1.3371351800594482
29	9	的	0.7143936463448455
29	10	汽车	4.128502114226116
29	11	。	16.55502257937235
30	1	他	4.426464492870965
30	2	在	5.216110488590935
30	3	修理	16.01658040705985
30	4	一	6.4329122077153436
30	5	套	5.983661620990091
30	6	我	12.804826875120256
30	7	使用	11.564365730915156
30	8	过	1.271543782659002
30	9	的	0.7353670191999413
30	10	汽车	7.211739233338918
30	11	。	16.202243007342005
31	1	他	4.426464492870965
31	2	在	5.216110488590935
31	3	修理	16.01658040705985
31	4	一	6.4329122077153436
31	5	套	5.983661620990091
31	6	我	12.804826875120256
31	7	使用	11.564365730915156
31	8	过	1.271543782659002
31	9	的	0.7353670191999413
31	10	系统	4.4275942893808065
31	11	。	16.39913535100358
32	1	他	4.426464492870965
32	2	在	5.216110488590935
32	3	修理	16.01658040705985
32	4	一	6.4329122077153436
32	5	辆	2.428473915767057
32	6	我	13.889711012884945
32	7	使用	10.712780989916723
32	8	过	1.3371351800594482
32	9	的	0.7143936463448455
32	10	系统	12.366746775227718
32	11	。	15.523041533121486
33	1	学生	14.49996198307845
33	2	们	19.751159076224127
33	3	在	3.832521629830076
33	4	写	10.843037586263677
33	5	一	4.524880228315304
33	6	部	4.447567055453611
33	7	他	8.461828495372778
33	8	要	10.212189787886587
33	9	评价	16.896597607750635
33	10	的	0.19217047805420862
33	11	电影	5.205241063731677
33	12	。	16.060958536925597
34	1	学生	14.49996198307845
34	2	们	19.751159076224127
34	3	在	3.832521629830076
34	4	写	10.843037586263677
34	5	一	4.524880228315304
34	6	首	5.334800318572931
34	7	他	8.210838957165564
34	8	要	11.825342261436177
34	9	评价	16.208048146742172
34	10	的	0.26891936444258135
34	11	电影	7.910563988785725
34	12	。	15.790523126685414
35	1	学生	14.49996198307845
35	2	们	19.751159076224127
35	3	在	3.832521629830076
35	4	写	10.843037586263677
35	5	一	4.524880228315304
35	6	首	5.334800318572931
35	7	他	8.210838957165564
35	8	要	11.825342261436177
35	9	评价	16.208048146742172
35	10	的	0.26891936444258135
35	11	戏曲	16.75835152756285
35	12	。	16.7456185880379
36	1	学生	14.49996198307845
36	2	们	19.751159076224127
36	3	在	3.832521629830076
36	4	写	10.843037586263677
36	5	一	4.524880228315304
36	6	部	4.447567055453611
36	7	他	8.461828495372778
36	8	要	10.212189787886587
36	9	评价	16.896597607750635
36	10	的	0.19217047805420862
36	11	戏曲	15.810979258237097
36	12	。	16.639345875801183
37	1	我们	7.334104198600133
37	2	在	5.643754989656016
37	3	看	8.253747980753554
37	4	一	2.8633501874311023
37	5	场	2.164116534369459
37	6	很多	14.814136851795368
37	7	人	2.8496517825988477
37	8	看	7.025588089663408
37	9	的	2.6618397036704238
37	10	表演	11.359594293392568
37	11	。	3.1689195024632966
38	1	我们	7.334104198600133
38	2	在	5.643754989656016
38	3	看	8.253747980753554
38	4	一	2.8633501874311023
38	5	块	11.756665271143458
38	6	很多	15.562438950056617
38	7	人	1.9218940588520539
38	8	看	7.281484932442055
38	9	的	2.338818185931231
38	10	表演	14.893434755309165
38	11	。	2.820639217528054
39	1	我们	7.334104198600133
39	2	在	5.643754989656016
39	3	看	8.253747980753554
39	4	一	2.8633501874311023
39	5	块	11.756665271143458
39	6	很多	15.562438950056617
39	7	人	1.9218940588520539
39	8	看	7.281484932442055
39	9	的	2.338818185931231
39	10	场地	14.867580832679117
39	11	。	2.2657016506030487
40	1	我们	7.334104198600133
40	2	在	5.643754989656016
40	3	看	8.253747980753554
40	4	一	2.8633501874311023
40	5	场	2.164116534369459
40	6	很多	14.814136851795368
40	7	人	2.8496517825988477
40	8	看	7.025588089663408
40	9	的	2.6618397036704238
40	10	场地	16.358160598238975
40	11	。	3.724494943682714
41	1	他	4.426464492870965
41	2	最	12.503967662778551
41	3	喜欢	5.239561920057817
41	4	一	9.227757825575583
41	5	道	8.913595056538561
41	6	妈妈	16.717747930257403
41	7	做	7.615983614609711
41	8	的	1.347324987027818
41	9	菜	5.343928376771402
41	10	。	6.859240934554094
42	1	他	4.426464492870965
42	2	最	12.503967662778551
42	3	喜欢	5.239561920057817
42	4	一	9.227757825575583
42	5	瓶	14.076674203815472
42	6	妈妈	17.148269612771983
42	7	做	8.967244777851889
42	8	的	1.2844179295882014
42	9	菜	4.864723852953915
42	10	。	7.086988606024136
43	1	他	4.426464492870965
43	2	最	12.503967662778551
43	3	喜欢	5.239561920057817
43	4	一	9.227757825575583
43	5	瓶	14.076674203815472
43	6	妈妈	17.148269612771983
43	7	做	8.967244777851889
43	8	的	1.2844179295882014
43	9	醋	18.057397861477142
43	10	。	8.151036600143755
44	1	他	4.426464492870965
44	2	最	12.503967662778551
44	3	喜欢	5.239561920057817
44	4	一	9.227757825575583
44	5	道	8.913595056538561
44	6	妈妈	16.717747930257403
44	7	做	7.615983614609711
44	8	的	1.347324987027818
44	9	醋	20.058806766133756
44	10	。	7.967726127743688
45	1	她	7.055910593164345
45	2	拿	13.391109312279717
45	3	了	3.4306227234444293
45	4	一	4.225035814322155
45	5	份	4.904951569904814
45	6	她	8.166354712313826
45	7	准备	13.905840785275679
45	8	的	0.7908390825763902
45	9	饭	14.661521710842273
45	10	。	4.645241471305226
46	1	她	7.055910593164345
46	2	拿	13.391109312279717
46	3	了	3.4306227234444293
46	4	一	4.225035814322155
46	5	卷	14.672207586134004
46	6	她	10.387992721774445
46	7	准备	14.841456846040714
46	8	的	1.8861537900130685
46	9	饭	15.082990433675619
46	10	。	10.419530486434724
47	1	她	7.055910593164345
47	2	拿	13.391109312279717
47	3	了	3.4306227234444293
47	4	一	4.225035814322155
47	5	卷	14.672207586134004
47	6	她	10.387992721774445
47	7	准备	14.841456846040714
47	8	的	1.8861537900130685
47	9	纸	14.206383579889504
47	10	。	10.692068419192623
48	1	她	7.055910593164345
48	2	拿	13.391109312279717
48	3	了	3.4306227234444293
48	4	一	4.225035814322155
48	5	份	4.904951569904814
48	6	她	8.166354712313826
48	7	准备	13.905840785275679
48	8	的	0.7908390825763902
48	9	纸	16.168295138871734
48	10	。	5.785057340881792
49	1	学生	14.49996198307845
49	2	们	19.751159076224127
49	3	在	3.832521629830076
49	4	写	10.843037586263677
49	5	一	4.524880228315304
49	6	部	4.447567055453611
49	7	老师	14.114669911057781
49	8	需要	18.192378654935055
49	9	的	0.6009483545207814
49	10	戏剧	12.713831086978786
49	11	。	16.3278596243249
50	1	学生	14.49996198307845
50	2	们	19.751159076224127
50	3	在	3.832521629830076
50	4	写	10.843037586263677
50	5	一	4.524880228315304
50	6	篇	1.3962391057739652
50	7	老师	13.384643200255987
50	8	需要	14.703392121671357
50	9	的	2.271969905300196
50	10	戏剧	11.689681717099901
50	11	。	15.776922806598549
51	1	学生	14.49996198307845
51	2	们	19.751159076224127
51	3	在	3.832521629830076
51	4	写	10.843037586263677
51	5	一	4.524880228315304
51	6	篇	1.3962391057739652
51	7	老师	13.384643200255987
51	8	需要	14.703392121671357
51	9	的	2.271969905300196
51	10	文章	1.5744165377736863
51	11	。	18.20693761305769
52	1	学生	14.49996198307845
52	2	们	19.751159076224127
52	3	在	3.832521629830076
52	4	写	10.843037586263677
52	5	一	4.524880228315304
52	6	部	4.447567055453611
52	7	老师	14.114669911057781
52	8	需要	18.192378654935055
52	9	的	0.6009483545207814
52	10	文章	4.576999563951333
52	11	。	17.754210767124945
53	1	这	6.18072029443145
53	2	是	4.130535585029372
53	3	一	2.6078084312636935
53	4	辆	11.440936372715441
53	5	她	14.366696880519946
53	6	设计	7.419960829487948
53	7	的	0.39274368455684794
53	8	火车	9.977243706696207
53	9	。	2.1396892736018955
54	1	这	6.18072029443145
54	2	是	4.130535585029372
54	3	一	2.6078084312636935
54	4	扇	18.10806720835418
54	5	她	15.475774438416487
54	6	设计	10.210189744010592
54	7	的	0.21462110481600405
54	8	火车	13.825040354903685
54	9	。	2.089173095984293
55	1	这	6.18072029443145
55	2	是	4.130535585029372
55	3	一	2.6078084312636935
55	4	扇	18.10806720835418
55	5	她	15.475774438416487
55	6	设计	10.210189744010592
55	7	的	0.21462110481600405
55	8	窗户	12.763688331386156
55	9	。	1.7714527339577018
56	1	这	6.18072029443145
56	2	是	4.130535585029372
56	3	一	2.6078084312636935
56	4	辆	11.440936372715441
56	5	她	14.366696880519946
56	6	设计	7.419960829487948
56	7	的	0.39274368455684794
56	8	窗户	16.300444610164504
56	9	。	3.696635642945637
57	1	老师	15.194612034842198
57	2	在	6.672417908095962
57	3	责备	20.640282240920833
57	4	三	15.078682640213223
57	5	名	4.196932746465926
57	6	他	11.27550426897998
57	7	责备	20.905788901005124
57	8	过	6.084180649487962
57	9	的	0.16153823755595909
57	10	学生	3.801774140469803
57	11	。	19.94696623123724
58	1	老师	15.194612034842198
58	2	在	6.672417908095962
58	3	责备	20.640282240920833
58	4	三	15.078682640213223
58	5	只	5.65434681218975
58	6	他	11.24147499415718
58	7	责备	20.722903528062716
58	8	过	5.618899204845206
58	9	的	0.09158643383622689
58	10	学生	10.614899198876799
58	11	。	19.062918526464316
59	1	老师	15.194612034842198
59	2	在	6.672417908095962
59	3	责备	20.640282240920833
59	4	三	15.078682640213223
59	5	只	5.65434681218975
59	6	他	11.24147499415718
59	7	责备	20.722903528062716
59	8	过	5.618899204845206
59	9	的	0.09158643383622689
59	10	宠物	15.668914046901321
59	11	。	18.89070266834875
60	1	老师	15.194612034842198
60	2	在	6.672417908095962
60	3	责备	20.640282240920833
60	4	三	15.078682640213223
60	5	名	4.196932746465926
60	6	他	11.27550426897998
60	7	责备	20.905788901005124
60	8	过	6.084180649487962
60	9	的	0.16153823755595909
60	10	宠物	18.084936732229522
60	11	。	18.571983622265947
61	1	她	7.055910593164345
61	2	买	14.189496017174982
61	3	过	7.03096777024242
61	4	两	6.388772000906794
61	5	杯	3.633410939605625
61	6	我	11.707189408761487
61	7	想要	13.60031229058744
61	8	的	0.9990059637513085
61	9	咖啡	7.417123959502135
61	10	。	13.533986223375038
62	1	她	7.055910593164345
62	2	买	14.189496017174982
62	3	过	7.03096777024242
62	4	两	6.388772000906794
62	5	个	4.112726030395159
62	6	我	11.098141398319626
62	7	想要	11.143327188207692
62	8	的	0.583647880004321
62	9	咖啡	13.41924688108849
62	10	。	6.425947973655525
63	1	她	7.055910593164345
63	2	买	14.189496017174982
63	3	过	7.03096777024242
63	4	两	6.388772000906794
63	5	个	4.112726030395159
63	6	我	11.098141398319626
63	7	想要	11.143327188207692
63	8	的	0.583647880004321
63	9	杯子	17.857272819402574
63	10	。	5.117972861066761
64	1	她	7.055910593164345
64	2	买	14.189496017174982
64	3	过	7.03096777024242
64	4	两	6.388772000906794
64	5	杯	3.633410939605625
64	6	我	11.707189408761487
64	7	想要	13.60031229058744
64	8	的	0.9990059637513085
64	9	杯子	17.76473552458144
64	10	。	13.89492448987869
65	1	孩子	14.80591873450234
65	2	在	4.990474587074852
65	3	卖	12.940398370509946
65	4	五	10.140277309045615
65	5	台	8.837471618126202
65	6	他	12.468413871278614
65	7	买	5.993024797570584
65	8	的	0.7283876119277579
65	9	桌子	13.76434675966587
65	10	。	0.8343561843445286
66	1	孩子	14.80591873450234
66	2	在	4.990474587074852
66	3	卖	12.940398370509946
66	4	五	10.140277309045615
66	5	块	8.005677743602178
66	6	他	11.27678156599417
66	7	买	5.632756343253803
66	8	的	0.625723913905432
66	9	桌子	14.885483433464671
66	10	。	0.873341145862824
67	1	孩子	14.80591873450234
67	2	在	4.990474587074852
67	3	卖	12.940398370509946
67	4	五	10.140277309045615
67	5	块	8.005677743602178
67	6	他	11.27678156599417
67	7	买	5.632756343253803
67	8	的	0.625723913905432
67	9	蛋糕	16.037229845672258
67	10	。	0.8878866435378683
68	1	孩子	14.80591873450234
68	2	在	4.990474587074852
68	3	卖	12.940398370509946
68	4	五	10.140277309045615
68	5	台	8.837471618126202
68	6	他	12.468413871278614
68	7	买	5.993024797570584
68	8	的	0.7283876119277579
68	9	蛋糕	15.46029766481945
68	10	。	0.779122963248355
69	1	妈妈	15.21527460482759
69	2	在	6.174307284993228
69	3	做	9.348806999346401
69	4	一	6.751569052732499
69	5	张	7.646582508520858
69	6	我	7.219650687929715
69	7	正在	9.66025622371496
69	8	用	8.450079847416589
69	9	的	1.4814371028353719
69	10	地图	10.28832243977351
69	11	。	3.237587637871826
70	1	妈妈	15.21527460482759
70	2	在	6.174307284993228
70	3	做	9.348806999346401
70	4	一	6.751569052732499
70	5	面	13.214281217278483
70	6	我	9.15831270368841
70	7	正在	10.038600192455732
70	8	用	8.474379129129503
70	9	的	2.531300336094205
70	10	地图	14.664939585573606
70	11	。	2.5290404123227717
71	1	妈妈	15.21527460482759
71	2	在	6.174307284993228
71	3	做	9.348806999346401
71	4	一	6.751569052732499
71	5	面	13.214281217278483
71	6	我	9.15831270368841
71	7	正在	10.038600192455732
71	8	用	8.474379129129503
71	9	的	2.531300336094205
71	10	镜子	16.575042429884036
71	11	。	2.612060392793481
72	1	妈妈	15.21527460482759
72	2	在	6.174307284993228
72	3	做	9.348806999346401
72	4	一	6.751569052732499
72	5	张	7.646582508520858
72	6	我	7.219650687929715
72	7	正在	9.66025622371496
72	8	用	8.450079847416589
72	9	的	1.4814371028353719
72	10	镜子	16.780617564499693
72	11	。	2.8775963828571776
73	1	爸爸	14.528946962235516
73	2	买	7.3695874591795025
73	3	了	1.1753807932552434
73	4	一	3.626338377962714
73	5	栋	9.10076314118178
73	6	他	11.158796261946868
73	7	听说	13.921308004449124
73	8	过	2.7413693339437657
73	9	的	0.23505883065510602
73	10	房子	3.4972495191767123
73	11	。	1.5450525207047576
74	1	爸爸	14.528946962235516
74	2	买	7.3695874591795025
74	3	了	1.1753807932552434
74	4	一	3.626338377962714
74	5	条	5.357184269944234
74	6	他	10.94056462279319
74	7	听说	13.654473523304432
74	8	过	2.169588865849107
74	9	的	0.14002477993764728
74	10	房子	4.392472313992577
74	11	。	1.3262354164687054
75	1	爸爸	14.528946962235516
75	2	买	7.3695874591795025
75	3	了	1.1753807932552434
75	4	一	3.626338377962714
75	5	条	5.357184269944234
75	6	他	10.94056462279319
75	7	听说	13.654473523304432
75	8	过	2.169588865849107
75	9	的	0.14002477993764728
75	10	沙发	15.138151071596518
75	11	。	1.08889491880052
76	1	爸爸	14.528946962235516
76	2	买	7.3695874591795025
76	3	了	1.1753807932552434
76	4	一	3.626338377962714
76	5	栋	9.10076314118178
76	6	他	11.158796261946868
76	7	听说	13.921308004449124
76	8	过	2.7413693339437657
76	9	的	0.23505883065510602
76	10	沙发	15.370207472632693
76	11	。	1.5077196779702007
77	1	我	7.333057227135923
77	2	想	4.936414557063436
77	3	种	16.722509923868998
77	4	一	2.6924165689811517
77	5	朵	16.505738426613938
77	6	她	13.319199922330313
77	7	研究	17.443217096443895
77	8	过	1.8526517888646339
77	9	的	0.04873101763280374
77	10	玫瑰	12.161560903905183
77	11	。	3.838834157963319
78	1	我	7.333057227135923
78	2	想	4.936414557063436
78	3	种	16.722509923868998
78	4	一	2.6924165689811517
78	5	颗	8.31533915924679
78	6	她	13.69322855471303
78	7	研究	14.923384574724395
78	8	过	2.0649642870259868
78	9	的	0.03798678820749046
78	10	玫瑰	15.49086780188226
78	11	。	3.708771738380918
79	1	我	7.333057227135923
79	2	想	4.936414557063436
79	3	种	16.722509923868998
79	4	一	2.6924165689811517
79	5	颗	8.31533915924679
79	6	她	13.69322855471303
79	7	研究	14.923384574724395
79	8	过	2.0649642870259868
79	9	的	0.03798678820749046
79	10	种子	11.795562818276679
79	11	。	3.4692727699669916
80	1	我	7.333057227135923
80	2	想	4.936414557063436
80	3	种	16.722509923868998
80	4	一	2.6924165689811517
80	5	朵	16.505738426613938
80	6	她	13.319199922330313
80	7	研究	17.443217096443895
80	8	过	1.8526517888646339
80	9	的	0.04873101763280374
80	10	种子	10.21093692809795
80	11	。	3.696613691112802
81	1	我	7.333057227135923
81	2	经常	10.868807210182025
81	3	去	5.815366173393279
81	4	一	6.895067017351437
81	5	家	2.156573535486583
81	6	他	9.974408139749777
81	7	去年	13.433915335703013
81	8	去	6.176993264667146
81	9	过	2.9530432560226956
81	10	的	0.27146116095487116
81	11	医院	6.46123517115754
81	12	。	9.08034703663077
82	1	我	7.333057227135923
82	2	经常	10.868807210182025
82	3	去	5.815366173393279
82	4	一	6.895067017351437
82	5	座	8.258665932650242
82	6	他	9.725645203985586
82	7	去年	14.252345723593727
82	8	去	6.140220988663955
82	9	过	2.0783659800211183
82	10	的	0.15048477142219951
82	11	医院	6.419845567392329
82	12	。	8.737082672822964
83	1	我	7.333057227135923
83	2	经常	10.868807210182025
83	3	去	5.815366173393279
83	4	一	6.895067017351437
83	5	座	8.258665932650242
83	6	他	9.725645203985586
83	7	去年	14.252345723593727
83	8	去	6.140220988663955
83	9	过	2.0783659800211183
83	10	的	0.15048477142219951
83	11	城市	5.419915847914609
83	12	。	8.78709452381095
84	1	我	7.333057227135923
84	2	经常	10.868807210182025
84	3	去	5.815366173393279
84	4	一	6.895067017351437
84	5	家	2.156573535486583
84	6	他	9.974408139749777
84	7	去年	13.433915335703013
84	8	去	6.176993264667146
84	9	过	2.9530432560226956
84	10	的	0.27146116095487116
84	11	城市	8.929478902146954
84	12	。	8.99388985326847
85	1	我	7.333057227135923
85	2	拜访	17.126775029577637
85	3	了	1.5221816686165823
85	4	这	7.443282345348305
85	5	一	4.336200003596495
85	6	所	6.39478141776204
85	7	我	10.87007456286404
85	8	怀念	13.425685155296343
85	9	的	0.17345828057082713
85	10	高中	8.620283869804993
85	11	。	5.6272985861495215
86	1	我	7.333057227135923
86	2	拜访	17.126775029577637
86	3	了	1.5221816686165823
86	4	这	7.443282345348305
86	5	一	4.336200003596495
86	6	位	5.027129397439452
86	7	我	8.117449078985757
86	8	怀念	13.779293721403967
86	9	的	0.2594020329902236
86	10	高中	14.092678519016232
86	11	。	7.629069716515559
87	1	我	7.333057227135923
87	2	拜访	17.126775029577637
87	3	了	1.5221816686165823
87	4	这	7.443282345348305
87	5	一	4.336200003596495
87	6	位	5.027129397439452
87	7	我	8.117449078985757
87	8	怀念	13.779293721403967
87	9	的	0.2594020329902236
87	10	老师	9.968391365873387
87	11	。	4.450916421367751
88	1	我	7.333057227135923
88	2	拜访	17.126775029577637
88	3	了	1.5221816686165823
88	4	这	7.443282345348305
88	5	一	4.336200003596495
88	6	所	6.39478141776204
88	7	我	10.87007456286404
88	8	怀念	13.425685155296343
88	9	的	0.17345828057082713
88	10	老师	10.89218935107138
88	11	。	4.199374627682275
89	1	他	4.426464492870965
89	2	在	5.216110488590935
89	3	读	11.83297684472844
89	4	一	6.179578734743188
89	5	条	10.167469266685899
89	6	网友	15.318658380552108
89	7	写	11.625134166142857
89	8	的	4.996714792687229
89	9	评论	9.451384098289168
89	10	。	1.7582294294839045
90	1	他	4.426464492870965
90	2	在	5.216110488590935
90	3	读	11.83297684472844
90	4	一	6.179578734743188
90	5	首	6.737528157779231
90	6	网友	17.082904927630643
90	7	写	12.755365881798113
90	8	的	5.926048617597445
90	9	评论	8.126473637177554
90	10	。	2.202025678363526
91	1	他	4.426464492870965
91	2	在	5.216110488590935
91	3	读	11.83297684472844
91	4	一	6.179578734743188
91	5	首	6.737528157779231
91	6	网友	17.082904927630643
91	7	写	12.755365881798113
91	8	的	5.926048617597445
91	9	诗歌	10.829574159186464
91	10	。	2.060978320950852
92	1	他	4.426464492870965
92	2	在	5.216110488590935
92	3	读	11.83297684472844
92	4	一	6.179578734743188
92	5	条	10.167469266685899
92	6	网友	15.318658380552108
92	7	写	11.625134166142857
92	8	的	4.996714792687229
92	9	诗歌	14.785459107507322
92	10	。	1.6831483536270184
93	1	她	7.055910593164345
93	2	从来	14.182596200331684
93	3	没	3.513339671847767
93	4	见	8.543726835284296
93	5	过	0.012886307920773277
93	6	一	4.651196093538466
93	7	头	11.563147928681879
93	8	他	10.548152885494993
93	9	画	11.990899635158698
93	10	的	0.6419901824365297
93	11	老虎	11.019649515845416
93	12	。	3.354964610826997
94	1	她	7.055910593164345
94	2	从来	14.182596200331684
94	3	没	3.513339671847767
94	4	见	8.543726835284296
94	5	过	0.012886307920773277
94	6	一	4.651196093538466
94	7	双	7.818242611903159
94	8	他	11.282592024650342
94	9	画	12.067242226802705
94	10	的	0.5114296645883201
94	11	老虎	12.884828522784332
94	12	。	4.11667499517705
95	1	她	7.055910593164345
95	2	从来	14.182596200331684
95	3	没	3.513339671847767
95	4	见	8.543726835284296
95	5	过	0.012886307920773277
95	6	一	4.651196093538466
95	7	双	7.818242611903159
95	8	他	11.282592024650342
95	9	画	12.067242226802705
95	10	的	0.5114296645883201
95	11	眼睛	6.009731388466307
95	12	。	4.005734129159464
96	1	她	7.055910593164345
96	2	从来	14.182596200331684
96	3	没	3.513339671847767
96	4	见	8.543726835284296
96	5	过	0.012886307920773277
96	6	一	4.651196093538466
96	7	头	11.563147928681879
96	8	他	10.548152885494993
96	9	画	11.990899635158698
96	10	的	0.6419901824365297
96	11	眼睛	5.9257809037768965
96	12	。	3.148480444170332
97	1	我	7.333057227135923
97	2	还	6.858750561378953
97	3	没有	2.983322025939877
97	4	检查	11.05811419676883
97	5	一	5.638692418606475
97	6	份	6.400044112816637
97	7	他	7.361615247151718
97	8	刚刚	12.219865822815486
97	9	在	4.593473173673786
97	10	看	13.203501713099257
97	11	的	4.486884488268899
97	12	作业	12.224607975124528
97	13	。	2.1872575834765087
98	1	我	7.333057227135923
98	2	还	6.858750561378953
98	3	没有	2.983322025939877
98	4	检查	11.05811419676883
98	5	一	5.638692418606475
98	6	行	13.571974875920375
98	7	他	7.390403568700883
98	8	刚刚	13.871987120189836
98	9	在	4.444631697373026
98	10	看	13.550742838134894
98	11	的	4.309647603896124
98	12	作业	12.136963096011584
98	13	。	1.7890771750453922
99	1	我	7.333057227135923
99	2	还	6.858750561378953
99	3	没有	2.983322025939877
99	4	检查	11.05811419676883
99	5	一	5.638692418606475
99	6	行	13.571974875920375
99	7	他	7.390403568700883
99	8	刚刚	13.871987120189836
99	9	在	4.444631697373026
99	10	看	13.550742838134894
99	11	的	4.309647603896124
99	12	公式	20.443318716421146
99	13	。	2.0131343550886243
100	1	我	7.333057227135923
100	2	还	6.858750561378953
100	3	没有	2.983322025939877
100	4	检查	11.05811419676883
100	5	一	5.638692418606475
100	6	份	6.400044112816637
100	7	他	7.361615247151718
100	8	刚刚	12.219865822815486
100	9	在	4.593473173673786
100	10	看	13.203501713099257
100	11	的	4.486884488268899
100	12	公式	20.442136993970095
100	13	。	1.9645156284249055
101	1	孩子	14.80591873450234
101	2	听到	12.924185160735464
101	3	了	3.4722661888638022
101	4	一	5.59645758306991
101	5	首	8.798771352274791
101	6	他	8.134619833834194
101	7	熟悉	13.998822411928472
101	8	的	0.13235214667133732
101	9	歌曲	3.852829868123024
101	10	。	2.137373087967603
102	1	孩子	14.80591873450234
102	2	听到	12.924185160735464
102	3	了	3.4722661888638022
102	4	一	5.59645758306991
102	5	张	5.959509247078152
102	6	他	7.731538783833777
102	7	熟悉	15.075311583247618
102	8	的	0.17192184511654318
102	9	歌曲	9.155612287239009
102	10	。	1.9083229393577597
103	1	孩子	14.80591873450234
103	2	听到	12.924185160735464
103	3	了	3.4722661888638022
103	4	一	5.59645758306991
103	5	张	5.959509247078152
103	6	他	7.731538783833777
103	7	熟悉	15.075311583247618
103	8	的	0.17192184511654318
103	9	专辑	11.366888264384457
103	10	。	2.105020349934861
104	1	孩子	14.80591873450234
104	2	听到	12.924185160735464
104	3	了	3.4722661888638022
104	4	一	5.59645758306991
104	5	首	8.798771352274791
104	6	他	8.134619833834194
104	7	熟悉	13.998822411928472
104	8	的	0.13235214667133732
104	9	专辑	13.607924849146954
104	10	。	2.278611618364451
105	1	护士	18.132283764586056
105	2	做	11.847196989449625
105	3	了	1.6838536321110311
105	4	一	4.909797600064277
105	5	次	2.607572842102357
105	6	她	11.146896480222864
105	7	需要	10.343978775168665
105	8	做	4.507585506347873
105	9	的	0.30825636669884204
105	10	检查	10.560043742701353
105	11	。	3.7673831963698206
106	1	护士	18.132283764586056
106	2	做	11.847196989449625
106	3	了	1.6838536321110311
106	4	一	4.909797600064277
106	5	篇	7.568475365013789
106	6	她	9.89812133276579
106	7	需要	13.312600542926866
106	8	做	3.249799481658002
106	9	的	0.1794304408171712
106	10	检查	13.767760011435115
106	11	。	3.8970184007934847
107	1	护士	18.132283764586056
107	2	做	11.847196989449625
107	3	了	1.6838536321110311
107	4	一	4.909797600064277
107	5	篇	7.568475365013789
107	6	她	9.89812133276579
107	7	需要	13.312600542926866
107	8	做	3.249799481658002
107	9	的	0.1794304408171712
107	10	报告	7.0731499964610975
107	11	。	2.1682321364332324
108	1	护士	18.132283764586056
108	2	做	11.847196989449625
108	3	了	1.6838536321110311
108	4	一	4.909797600064277
108	5	次	2.607572842102357
108	6	她	11.146896480222864
108	7	需要	10.343978775168665
108	8	做	4.507585506347873
108	9	的	0.30825636669884204
108	10	报告	13.101254291180538
108	11	。	1.963809403024257
109	1	这里	9.371900869220783
109	2	是	3.1372671071590297
109	3	两	9.526654843711826
109	4	台	10.848179894521834
109	5	厂家	18.29020250144883
109	6	刚	14.674700105818133
109	7	接到	11.269746693986676
109	8	的	2.8348189690120478
109	9	电视	6.89092497601365
109	10	。	6.89422444762711
110	1	这里	9.371900869220783
110	2	是	3.1372671071590297
110	3	两	9.526654843711826
110	4	份	14.464032666696923
110	5	厂家	19.324465299382332
110	6	刚	14.109875341200471
110	7	接到	11.238509417290615
110	8	的	0.5884005171651836
110	9	电视	11.852614597451947
110	10	。	5.69653329002675
111	1	这里	9.371900869220783
111	2	是	3.1372671071590297
111	3	两	9.526654843711826
111	4	份	14.464032666696923
111	5	厂家	19.324465299382332
111	6	刚	14.109875341200471
111	7	接到	11.238509417290615
111	8	的	0.5884005171651836
111	9	订单	9.005349970442353
111	10	。	8.755838638779423
112	1	这里	9.371900869220783
112	2	是	3.1372671071590297
112	3	两	9.526654843711826
112	4	台	10.848179894521834
112	5	厂家	18.29020250144883
112	6	刚	14.674700105818133
112	7	接到	11.269746693986676
112	8	的	2.8348189690120478
112	9	订单	14.524366700973218
112	10	。	4.5468059125511076
113	1	他	4.426464492870965
113	2	很	10.802647452669206
113	3	欣赏	7.521080396580862
113	4	一	7.797927784770472
113	5	处	12.10326407906733
113	6	他	8.77323198132067
113	7	今天	11.55523458482007
113	8	见到	10.427706987054954
113	9	的	0.06172467840097795
113	10	景点	12.812687647220073
113	11	。	1.8617649647234487
114	1	他	4.426464492870965
114	2	很	10.802647452669206
114	3	欣赏	7.521080396580862
114	4	一	7.797927784770472
114	5	位	2.260589008868962
114	6	他	10.026342354739434
114	7	今天	11.442354863933176
114	8	见到	10.620678431381286
114	9	的	1.116977654204149
114	10	景点	17.990869971011733
114	11	。	14.118977390071208
115	1	他	4.426464492870965
115	2	很	10.802647452669206
115	3	欣赏	7.521080396580862
115	4	一	7.797927784770472
115	5	位	2.260589008868962
115	6	他	10.026342354739434
115	7	今天	11.442354863933176
115	8	见到	10.620678431381286
115	9	的	1.116977654204149
115	10	领导	11.999909328599372
115	11	。	16.345891355706968
116	1	他	4.426464492870965
116	2	很	10.802647452669206
116	3	欣赏	7.521080396580862
116	4	一	7.797927784770472
116	5	处	12.10326407906733
116	6	他	8.77323198132067
116	7	今天	11.55523458482007
116	8	见到	10.427706987054954
116	9	的	0.06172467840097795
116	10	领导	13.166361253296316
116	11	。	7.361340136789508
117	1	那里	14.645667054407035
117	2	有	3.4858079456802145
117	3	一	3.1744950612267893
117	4	支	4.405523263060225
117	5	司令	16.042951549072026
117	6	安排	16.156231132263237
117	7	的	6.639744487423762
117	8	舰队	16.903128301177333
117	9	。	3.4372451805030693
118	1	那里	14.645667054407035
118	2	有	3.4858079456802145
118	3	一	3.1744950612267893
118	4	艘	9.108839447618113
118	5	司令	15.668521571461532
118	6	安排	15.217056004020932
118	7	的	11.163617310676166
118	8	舰队	17.975928578359245
118	9	。	2.5218341187967326
119	1	那里	14.645667054407035
119	2	有	3.4858079456802145
119	3	一	3.1744950612267893
119	4	艘	9.108839447618113
119	5	司令	15.668521571461532
119	6	安排	15.217056004020932
119	7	的	11.163617310676166
119	8	渔船	17.700866721542866
119	9	。	1.9068896293854891
120	1	那里	14.645667054407035
120	2	有	3.4858079456802145
120	3	一	3.1744950612267893
120	4	支	4.405523263060225
120	5	司令	16.042951549072026
120	6	安排	16.156231132263237
120	7	的	6.639744487423762
120	8	渔船	16.875362558284152
120	9	。	3.0140623932220763
