sentence_id	token_id	token	surprisal
1	1	我	7.333057227135923
1	2	很	6.3698048204150215
1	3	喜欢	6.174597021164601
1	4	一	5.986735253162834
1	5	位	6.126127943590944
1	6	让	11.473936124685423
1	7	人	2.932127950942231
1	8	开心	10.755610554629513
1	9	的	0.122149540554922
1	10	明星	13.251079205984539
1	11	。	1.797775816674104
2	1	我	7.333057227135923
2	2	很	6.3698048204150215
2	3	喜欢	6.174597021164601
2	4	一	5.986735253162834
2	5	首	8.53779873601433
2	6	让	8.812541775068986
2	7	人	2.223693290178801
2	8	开心	11.24096388318199
2	9	的	0.10684564724699186
2	10	明星	16.3992982599203
2	11	。	2.6640586278017793
3	1	我	7.333057227135923
3	2	很	6.3698048204150215
3	3	喜欢	6.174597021164601
3	4	一	5.986735253162834
3	5	首	8.53779873601433
3	6	让	8.812541775068986
3	7	人	2.223693290178801
3	8	开心	11.24096388318199
3	9	的	0.10684564724699186
3	10	歌曲	2.7135893240080904
3	11	。	0.9981083378052062
4	1	我	7.333057227135923
4	2	很	6.3698048204150215
4	3	喜欢	6.174597021164601
4	4	一	5.986735253162834
4	5	位	6.126127943590944
4	6	让	11.473936124685423
4	7	人	2.932127950942231
4	8	开心	10.755610554629513
4	9	的	0.122149540554922
4	10	歌曲	11.429886851131869
4	11	。	1.2035648970047959
5	1	她	7.055910593164345
5	2	开车	19.72916740178449
5	3	去	5.715840417334242
5	4	了	3.634313557269131
5	5	一	3.33488603061906
5	6	家	1.8700804234540769
5	7	受	12.283507863725745
5	8	大家	12.105614288793468
5	9	欢迎	1.1977691852697347
5	10	的	0.004235065141784844
5	11	店	9.893066425508152
5	12	。	4.869188415334122
6	1	她	7.055910593164345
6	2	开车	19.72916740178449
6	3	去	5.715840417334242
6	4	了	3.634313557269131
6	5	一	3.33488603061906
6	6	座	6.641271296694313
6	7	受	14.086943265414419
6	8	大家	11.805733198617574
6	9	欢迎	1.2954414214867853
6	10	的	0.034184395950035196
6	11	店	10.212952371671463
6	12	。	5.2022866212821555
7	1	她	7.055910593164345
7	2	开车	19.72916740178449
7	3	去	5.715840417334242
7	4	了	3.634313557269131
7	5	一	3.33488603061906
7	6	座	6.641271296694313
7	7	受	14.086943265414419
7	8	大家	11.805733198617574
7	9	欢迎	1.2954414214867853
7	10	的	0.034184395950035196
7	11	山	10.819714140747735
7	12	。	5.483491688953393
8	1	她	7.055910593164345
8	2	开车	19.72916740178449
8	3	去	5.715840417334242
8	4	了	3.634313557269131
8	5	一	3.33488603061906
8	6	家	1.8700804234540769
8	7	受	12.283507863725745
8	8	大家	12.105614288793468
8	9	欢迎	1.1977691852697347
8	10	的	0.004235065141784844
8	11	山	15.72979373571603
8	12	。	5.246734390940773
9	1	他	4.426464492870965
9	2	有	11.370362778146268
9	3	一	2.671075248535171
9	4	双	8.612123771136336
9	5	被	10.547566711789475
9	6	我	8.766976184807596
9	7	丢	14.489608099035252
9	8	了	3.131740732967714
9	9	的	1.5216186523830828
9	10	手套	15.031932274058391
9	11	。	6.7855664204012385
10	1	他	4.426464492870965
10	2	有	11.370362778146268
10	3	一	2.671075248535171
10	4	枚	9.399069274944072
10	5	被	9.075640307479393
10	6	我	9.134028634771163
10	7	丢	15.345440241679647
10	8	了	2.559993490679908
10	9	的	2.6579625182912494
10	10	手套	15.931096527883966
10	11	。	1.8701635504039444
11	1	他	4.426464492870965
11	2	有	11.370362778146268
11	3	一	2.671075248535171
11	4	枚	9.399069274944072
11	5	被	9.075640307479393
11	6	我	9.134028634771163
11	7	丢	15.345440241679647
11	8	了	2.559993490679908
11	9	的	2.6579625182912494
11	10	纽扣	20.642771355242274
11	11	。	2.20891735039244
12	1	他	4.426464492870965
12	2	有	11.370362778146268
12	3	一	2.671075248535171
12	4	双	8.612123771136336
12	5	被	10.547566711789475
12	6	我	8.766976184807596
12	7	丢	14.489608099035252
12	8	了	3.131740732967714
12	9	的	1.5216186523830828
12	10	纽扣	19.763946222466515
12	11	。	6.772587938580145
13	1	店长	21.795645291970832
13	2	拿	17.204795314354822
13	3	着	0.8654354446982495
13	4	一	3.159515739317655
13	5	只	5.685169690798411
13	6	已经	8.92375889157239
13	7	成熟	8.557260062820156
13	8	了	3.127695095367102
13	9	的	0.20616957656690715
13	10	兔子	13.956111521611618
13	11	。	5.22656789535408
14	1	店长	21.795645291970832
14	2	拿	17.204795314354822
14	3	着	0.8654354446982495
14	4	一	3.159515739317655
14	5	根	7.52642974569347
14	6	已经	10.45490106645316
14	7	成熟	7.837572765394519
14	8	了	3.674302398531225
14	9	的	0.06532798697082853
14	10	兔子	15.1831232990002
14	11	。	6.4387652771361275
15	1	店长	21.795645291970832
15	2	拿	17.204795314354822
15	3	着	0.8654354446982495
15	4	一	3.159515739317655
15	5	根	7.52642974569347
15	6	已经	10.45490106645316
15	7	成熟	7.837572765394519
15	8	了	3.674302398531225
15	9	的	0.06532798697082853
15	10	萝卜	14.391364408819598
15	11	。	5.518816913991529
16	1	店长	21.795645291970832
16	2	拿	17.204795314354822
16	3	着	0.8654354446982495
16	4	一	3.159515739317655
16	5	只	5.685169690798411
16	6	已经	8.92375889157239
16	7	成熟	8.557260062820156
16	8	了	3.127695095367102
16	9	的	0.20616957656690715
16	10	萝卜	13.19264164048424
16	11	。	4.837375340104856
17	1	他	4.426464492870965
17	2	认识	17.049402083337064
17	3	了	3.650264235669759
17	4	一	6.448119460347755
17	5	名	9.811130066459572
17	6	会	12.97413132947733
17	7	讲	9.304059508245814
17	8	故事	5.196644221132196
17	9	的	0.32848394109147705
17	10	男孩	11.687871302775775
17	11	。	6.154183237467777
18	1	他	4.426464492870965
18	2	认识	17.049402083337064
18	3	了	3.650264235669759
18	4	一	6.448119460347755
18	5	本	8.823120585385663
18	6	会	13.138218298362801
18	7	讲	8.192246222964428
18	8	故事	7.057049749300717
18	9	的	0.8015613141008515
18	10	男孩	16.113317375857093
18	11	。	6.595206645165831
19	1	他	4.426464492870965
19	2	认识	17.049402083337064
19	3	了	3.650264235669759
19	4	一	6.448119460347755
19	5	本	8.823120585385663
19	6	会	13.138218298362801
19	7	讲	8.192246222964428
19	8	故事	7.057049749300717
19	9	的	0.8015613141008515
19	10	小说	7.9510203543571265
19	11	。	6.355580196963942
20	1	他	4.426464492870965
20	2	认识	17.049402083337064
20	3	了	3.650264235669759
20	4	一	6.448119460347755
20	5	名	9.811130066459572
20	6	会	12.97413132947733
20	7	讲	9.304059508245814
20	8	故事	5.196644221132196
20	9	的	0.32848394109147705
20	10	小说	11.314332842069035
20	11	。	6.215520717310454
21	1	男人	16.946291789544915
21	2	在	4.374935010857641
21	3	扫描	19.20069741958121
21	4	一	5.756455311049706
21	5	篇	7.181927982288684
21	6	登报	19.259846173063387
21	7	了	9.381805005132605
21	8	的	0.169240328551453
21	9	文章	2.0824317667568124
21	10	。	16.264326460017813
22	1	男人	16.946291789544915
22	2	在	4.374935010857641
22	3	扫描	19.20069741958121
22	4	一	5.756455311049706
22	5	张	5.008755540277917
22	6	登报	19.0248449383734
22	7	了	10.257553293689071
22	8	的	0.3386493069122736
22	9	文章	10.967036355859037
22	10	。	16.71859308294499
23	1	男人	16.946291789544915
23	2	在	4.374935010857641
23	3	扫描	19.20069741958121
23	4	一	5.756455311049706
23	5	张	5.008755540277917
23	6	登报	19.0248449383734
23	7	了	10.257553293689071
23	8	的	0.3386493069122736
23	9	图片	9.843047604594972
23	10	。	17.910877458971612
24	1	男人	16.946291789544915
24	2	在	4.374935010857641
24	3	扫描	19.20069741958121
24	4	一	5.756455311049706
24	5	篇	7.181927982288684
24	6	登报	19.259846173063387
24	7	了	9.381805005132605
24	8	的	0.169240328551453
24	9	图片	10.682884635451487
24	10	。	17.411212051494815
25	1	演员	15.785445380128744
25	2	在	3.697410447001795
25	3	看	10.76262895082343
25	4	一	9.637838889953493
25	5	张	5.092429604305146
25	6	唤起	18.22541428166975
25	7	她	8.123181921219299
25	8	回忆	10.978932126071427
25	9	的	0.6706999935577329
25	10	旧	11.709877472687836
25	11	照片	2.522162631574517
25	12	。	17.091797510419823
26	1	演员	15.785445380128744
26	2	在	3.697410447001795
26	3	看	10.76262895082343
26	4	一	9.637838889953493
26	5	位	3.4694777495273
26	6	唤起	18.307750137343845
26	7	她	7.758096022010548
26	8	回忆	10.562248625402233
26	9	的	0.6229335531677407
26	10	旧	13.036905512296443
26	11	照片	11.805541369086527
26	12	。	15.627349261501877
27	1	演员	15.785445380128744
27	2	在	3.697410447001795
27	3	看	10.76262895082343
27	4	一	9.637838889953493
27	5	位	3.4694777495273
27	6	唤起	18.307750137343845
27	7	她	7.758096022010548
27	8	回忆	10.562248625402233
27	9	的	0.6229335531677407
27	10	老师	8.148212255922644
27	11	。	16.487873634151455
28	1	演员	15.785445380128744
28	2	在	3.697410447001795
28	3	看	10.76262895082343
28	4	一	9.637838889953493
28	5	张	5.092429604305146
28	6	唤起	18.22541428166975
28	7	她	8.123181921219299
28	8	回忆	10.978932126071427
28	9	的	0.6706999935577329
28	10	老师	15.277204533683602
28	11	。	15.73078314358365
29	1	他	4.426464492870965
29	2	在	5.216110488590935
29	3	修理	16.01658040705985
29	4	一	6.4329122077153436
29	5	辆	2.428473915767057
29	6	无法	15.037202013862363
29	7	启动	13.633465349172837
29	8	的	0.14093263744756257
29	9	汽车	3.275020688791983
29	10	。	17.00041364394933
30	1	他	4.426464492870965
30	2	在	5.216110488590935
30	3	修理	16.01658040705985
30	4	一	6.4329122077153436
30	5	套	5.983661620990091
30	6	无法	14.48896988572195
30	7	启动	13.62544976076859
30	8	的	0.21763600864585442
30	9	汽车	7.249323764986755
30	10	。	15.457474326404366
31	1	他	4.426464492870965
31	2	在	5.216110488590935
31	3	修理	16.01658040705985
31	4	一	6.4329122077153436
31	5	套	5.983661620990091
31	6	无法	14.48896988572195
31	7	启动	13.62544976076859
31	8	的	0.21763600864585442
31	9	系统	4.963273523824924
31	10	。	16.219550492432063
32	1	他	4.426464492870965
32	2	在	5.216110488590935
32	3	修理	16.01658040705985
32	4	一	6.4329122077153436
32	5	辆	2.428473915767057
32	6	无法	15.037202013862363
32	7	启动	13.633465349172837
32	8	的	0.14093263744756257
32	9	系统	13.183217966503733
32	10	。	16.184825022786043
33	1	学生	14.49996198307845
33	2	们	19.751159076224127
33	3	在	3.832521629830076
33	4	写	10.843037586263677
33	5	一	4.524880228315304
33	6	部	4.447567055453611
33	7	长	9.571897854931443
33	8	一	11.434770628468158
33	9	个	9.18175961345294
33	10	小时	4.808033222613361
33	11	的	0.0021999328230322135
33	12	电影	2.7789536347597164
33	13	。	17.592241996015176
34	1	学生	14.49996198307845
34	2	们	19.751159076224127
34	3	在	3.832521629830076
34	4	写	10.843037586263677
34	5	一	4.524880228315304
34	6	首	5.334800318572931
34	7	长	11.611044604187882
34	8	一	7.4657305324873136
34	9	个	6.553147801153457
34	10	小时	2.1371274145149783
34	11	的	0.002268091959237495
34	12	电影	5.805453899756358
34	13	。	17.354383481449076
35	1	学生	14.49996198307845
35	2	们	19.751159076224127
35	3	在	3.832521629830076
35	4	写	10.843037586263677
35	5	一	4.524880228315304
35	6	首	5.334800318572931
35	7	长	11.611044604187882
35	8	一	7.4657305324873136
35	9	个	6.553147801153457
35	10	小时	2.1371274145149783
35	11	的	0.002268091959237495
35	12	戏曲	15.391452902056258
35	13	。	17.564001692798684
36	1	学生	14.49996198307845
36	2	们	19.751159076224127
36	3	在	3.832521629830076
36	4	写	10.843037586263677
36	5	一	4.524880228315304
36	6	部	4.447567055453611
36	7	长	9.571897854931443
36	8	一	11.434770628468158
36	9	个	9.18175961345294
36	10	小时	4.808033222613361
36	11	的	0.0021999328230322135
36	12	戏曲	15.4754098969984
36	13	。	17.11722848401692
37	1	我们	7.334104198600133
37	2	在	5.643754989656016
37	3	看	8.253747980753554
37	4	一	2.8633501874311023
37	5	场	2.164116534369459
37	6	吸引	15.296837393813014
37	7	了	3.6584045046553015
37	8	很多	6.142800382055171
37	9	观众	1.1755778797507332
37	10	的	0.26866896894769354
37	11	表演	8.61136182170194
37	12	。	2.0668387936446067
38	1	我们	7.334104198600133
38	2	在	5.643754989656016
38	3	看	8.253747980753554
38	4	一	2.8633501874311023
38	5	块	11.756665271143458
38	6	吸引	15.018708142997646
38	7	了	2.8687395773259468
38	8	很多	6.333431260279575
38	9	观众	1.5592216955988007
38	10	的	0.2878108062160436
38	11	表演	13.323986347229877
38	12	。	2.168720398759291
39	1	我们	7.334104198600133
39	2	在	5.643754989656016
39	3	看	8.253747980753554
39	4	一	2.8633501874311023
39	5	块	11.756665271143458
39	6	吸引	15.018708142997646
39	7	了	2.8687395773259468
39	8	很多	6.333431260279575
39	9	观众	1.5592216955988007
39	10	的	0.2878108062160436
39	11	场地	12.398601386199815
39	12	。	2.015537641813907
40	1	我们	7.334104198600133
40	2	在	5.643754989656016
40	3	看	8.253747980753554
40	4	一	2.8633501874311023
40	5	场	2.164116534369459
40	6	吸引	15.296837393813014
40	7	了	3.6584045046553015
40	8	很多	6.142800382055171
40	9	观众	1.1755778797507332
40	10	的	0.26866896894769354
40	11	场地	16.44949348232121
40	12	。	4.980899308007636
41	1	他	4.426464492870965
41	2	最	12.503967662778551
41	3	喜欢	5.239561920057817
41	4	一	9.227757825575583
41	5	道	8.913595056538561
41	6	让	9.529339358125945
41	7	人	1.385869623182046
41	8	想念	15.64068481327935
41	9	的	2.8604594510652532
41	10	菜	8.136677409388753
41	11	。	3.4379191938701865
42	1	他	4.426464492870965
42	2	最	12.503967662778551
42	3	喜欢	5.239561920057817
42	4	一	9.227757825575583
42	5	瓶	14.076674203815472
42	6	让	12.794831421676207
42	7	人	1.7139701126257805
42	8	想念	15.51347607322328
42	9	的	3.062748491118299
42	10	菜	10.315753490421258
42	11	。	4.18629652834268
43	1	他	4.426464492870965
43	2	最	12.503967662778551
43	3	喜欢	5.239561920057817
43	4	一	9.227757825575583
43	5	瓶	14.076674203815472
43	6	让	12.794831421676207
43	7	人	1.7139701126257805
43	8	想念	15.51347607322328
43	9	的	3.062748491118299
43	10	醋	15.605620033036743
43	11	。	4.2257441371681495
44	1	他	4.426464492870965
44	2	最	12.503967662778551
44	3	喜欢	5.239561920057817
44	4	一	9.227757825575583
44	5	道	8.913595056538561
44	6	让	9.529339358125945
44	7	人	1.385869623182046
44	8	想念	15.64068481327935
44	9	的	2.8604594510652532
44	10	醋	16.540940571922803
44	11	。	4.008016440450632
45	1	她	7.055910593164345
45	2	拿	13.391109312279717
45	3	了	3.4306227234444293
45	4	一	4.225035814322155
45	5	份	4.904951569904814
45	6	被	8.065775308967439
45	7	提供	14.689756860705316
45	8	给	4.39885721020471
45	9	客人	8.380369857104206
45	10	的	0.0612056134739305
45	11	饭	16.179997779800658
45	12	。	12.652710497718147
46	1	她	7.055910593164345
46	2	拿	13.391109312279717
46	3	了	3.4306227234444293
46	4	一	4.225035814322155
46	5	卷	14.672207586134004
46	6	被	9.670383028586421
46	7	提供	15.87893243335023
46	8	给	1.5180071574192624
46	9	客人	9.221331578598708
46	10	的	0.42949231995757486
46	11	饭	15.314788850791231
46	12	。	13.441681167303273
47	1	她	7.055910593164345
47	2	拿	13.391109312279717
47	3	了	3.4306227234444293
47	4	一	4.225035814322155
47	5	卷	14.672207586134004
47	6	被	9.670383028586421
47	7	提供	15.87893243335023
47	8	给	1.5180071574192624
47	9	客人	9.221331578598708
47	10	的	0.42949231995757486
47	11	纸	14.45321036679691
47	12	。	9.43205292382713
48	1	她	7.055910593164345
48	2	拿	13.391109312279717
48	3	了	3.4306227234444293
48	4	一	4.225035814322155
48	5	份	4.904951569904814
48	6	被	8.065775308967439
48	7	提供	14.689756860705316
48	8	给	4.39885721020471
48	9	客人	8.380369857104206
48	10	的	0.0612056134739305
48	11	纸	16.14398347634659
48	12	。	13.311410870210082
49	1	学生	14.49996198307845
49	2	们	19.751159076224127
49	3	在	3.832521629830076
49	4	写	10.843037586263677
49	5	一	4.524880228315304
49	6	部	4.447567055453611
49	7	令	12.10393536179317
49	8	人	0.3081020090770181
49	9	感动	5.7866578680209955
49	10	的	0.0312475183292662
49	11	戏剧	10.104129271888795
49	12	。	15.416445388164504
50	1	学生	14.49996198307845
50	2	们	19.751159076224127
50	3	在	3.832521629830076
50	4	写	10.843037586263677
50	5	一	4.524880228315304
50	6	篇	1.3962391057739652
50	7	令	11.028877963063572
50	8	人	0.27182619351138726
50	9	感动	5.580720982130771
50	10	的	0.024330154579743635
50	11	戏剧	12.19322657203466
50	12	。	14.582476591013545
51	1	学生	14.49996198307845
51	2	们	19.751159076224127
51	3	在	3.832521629830076
51	4	写	10.843037586263677
51	5	一	4.524880228315304
51	6	篇	1.3962391057739652
51	7	令	11.028877963063572
51	8	人	0.27182619351138726
51	9	感动	5.580720982130771
51	10	的	0.024330154579743635
51	11	文章	2.4516733858512367
51	12	。	16.324406372220324
52	1	学生	14.49996198307845
52	2	们	19.751159076224127
52	3	在	3.832521629830076
52	4	写	10.843037586263677
52	5	一	4.524880228315304
52	6	部	4.447567055453611
52	7	令	12.10393536179317
52	8	人	0.3081020090770181
52	9	感动	5.7866578680209955
52	10	的	0.0312475183292662
52	11	文章	5.530248866232526
52	12	。	17.10292377078821
53	1	这	6.18072029443145
53	2	是	4.130535585029372
53	3	一	2.6078084312636935
53	4	辆	11.440936372715441
53	5	有	6.420686751765491
53	6	历史	11.108019472460878
53	7	的	3.0793059786026973
53	8	火车	7.710962092794404
53	9	。	2.342875179296783
54	1	这	6.18072029443145
54	2	是	4.130535585029372
54	3	一	2.6078084312636935
54	4	扇	18.10806720835418
54	5	有	9.980881565211703
54	6	历史	12.794611954485617
54	7	的	3.2735285531457023
54	8	火车	14.473020798953634
54	9	。	1.8296047379553073
55	1	这	6.18072029443145
55	2	是	4.130535585029372
55	3	一	2.6078084312636935
55	4	扇	18.10806720835418
55	5	有	9.980881565211703
55	6	历史	12.794611954485617
55	7	的	3.2735285531457023
55	8	窗户	13.206332425929808
55	9	。	1.8746298814732967
56	1	这	6.18072029443145
56	2	是	4.130535585029372
56	3	一	2.6078084312636935
56	4	辆	11.440936372715441
56	5	有	6.420686751765491
56	6	历史	11.108019472460878
56	7	的	3.0793059786026973
56	8	窗户	16.538853608088793
56	9	。	3.12985026963414
57	1	老师	15.194612034842198
57	2	在	6.672417908095962
57	3	责备	20.640282240920833
57	4	三	15.078682640213223
57	5	名	4.196932746465926
57	6	不	9.32834996484322
57	7	睡觉	18.12840814735732
57	8	的	0.2638011558279487
57	9	学生	3.0458745493183557
57	10	。	20.14454852484026
58	1	老师	15.194612034842198
58	2	在	6.672417908095962
58	3	责备	20.640282240920833
58	4	三	15.078682640213223
58	5	只	5.65434681218975
58	6	不	10.556959479996088
58	7	睡觉	16.540359380241796
58	8	的	0.19199079626996252
58	9	学生	10.143424964338521
58	10	。	19.70170818569231
59	1	老师	15.194612034842198
59	2	在	6.672417908095962
59	3	责备	20.640282240920833
59	4	三	15.078682640213223
59	5	只	5.65434681218975
59	6	不	10.556959479996088
59	7	睡觉	16.540359380241796
59	8	的	0.19199079626996252
59	9	宠物	15.690010509625452
59	10	。	19.19526747307289
60	1	老师	15.194612034842198
60	2	在	6.672417908095962
60	3	责备	20.640282240920833
60	4	三	15.078682640213223
60	5	名	4.196932746465926
60	6	不	9.32834996484322
60	7	睡觉	18.12840814735732
60	8	的	0.2638011558279487
60	9	宠物	17.788520082744654
60	10	。	18.765869380511916
61	1	她	7.055910593164345
61	2	买	14.189496017174982
61	3	过	7.03096777024242
61	4	两	6.388772000906794
61	5	杯	3.633410939605625
61	6	正在	13.704111584477744
61	7	打折	17.219144384005418
61	8	的	0.7588063508624998
61	9	咖啡	6.614447823190744
61	10	。	11.127784192231346
62	1	她	7.055910593164345
62	2	买	14.189496017174982
62	3	过	7.03096777024242
62	4	两	6.388772000906794
62	5	个	4.112726030395159
62	6	正在	12.054529528310397
62	7	打折	16.509125609162474
62	8	的	0.06570813783018536
62	9	咖啡	10.541556514319737
62	10	。	5.445152386363148
63	1	她	7.055910593164345
63	2	买	14.189496017174982
63	3	过	7.03096777024242
63	4	两	6.388772000906794
63	5	个	4.112726030395159
63	6	正在	12.054529528310397
63	7	打折	16.509125609162474
63	8	的	0.06570813783018536
63	9	杯子	16.323412054023052
63	10	。	4.3881713197082775
64	1	她	7.055910593164345
64	2	买	14.189496017174982
64	3	过	7.03096777024242
64	4	两	6.388772000906794
64	5	杯	3.633410939605625
64	6	正在	13.704111584477744
64	7	打折	17.219144384005418
64	8	的	0.7588063508624998
64	9	杯子	17.21068375357821
64	10	。	10.56649596021262
65	1	孩子	14.80591873450234
65	2	在	4.990474587074852
65	3	卖	12.940398370509946
65	4	五	10.140277309045615
65	5	台	8.837471618126202
65	6	有	13.004654213318034
65	7	花纹	15.917021534026773
65	8	的	0.19466895679116192
65	9	桌子	12.82434561480099
65	10	。	0.9875512460054381
66	1	孩子	14.80591873450234
66	2	在	4.990474587074852
66	3	卖	12.940398370509946
66	4	五	10.140277309045615
66	5	块	8.005677743602178
66	6	有	12.585519656630026
66	7	花纹	16.430438684895194
66	8	的	0.21344046252515625
66	9	桌子	13.46651389847105
66	10	。	1.0010142576826269
67	1	孩子	14.80591873450234
67	2	在	4.990474587074852
67	3	卖	12.940398370509946
67	4	五	10.140277309045615
67	5	块	8.005677743602178
67	6	有	12.585519656630026
67	7	花纹	16.430438684895194
67	8	的	0.21344046252515625
67	9	蛋糕	14.717582835084414
67	10	。	0.9951484706911913
68	1	孩子	14.80591873450234
68	2	在	4.990474587074852
68	3	卖	12.940398370509946
68	4	五	10.140277309045615
68	5	台	8.837471618126202
68	6	有	13.004654213318034
68	7	花纹	15.917021534026773
68	8	的	0.19466895679116192
68	9	蛋糕	14.593197102790384
68	10	。	0.9379366940995624
69	1	妈妈	15.21527460482759
69	2	在	6.174307284993228
69	3	做	9.348806999346401
69	4	一	6.751569052732499
69	5	张	7.646582508520858
69	6	代表	11.839035441372644
69	7	幸运	15.64872114486959
69	8	的	0.3216549525875223
69	9	地图	9.805615818092235
69	10	。	3.257120622440766
70	1	妈妈	15.21527460482759
70	2	在	6.174307284993228
70	3	做	9.348806999346401
70	4	一	6.751569052732499
70	5	面	13.214281217278483
70	6	代表	15.476944548967339
70	7	幸运	15.850770978696133
70	8	的	0.4347577836739731
70	9	地图	14.170181596751462
70	10	。	1.9925119387009431
71	1	妈妈	15.21527460482759
71	2	在	6.174307284993228
71	3	做	9.348806999346401
71	4	一	6.751569052732499
71	5	面	13.214281217278483
71	6	代表	15.476944548967339
71	7	幸运	15.850770978696133
71	8	的	0.4347577836739731
71	9	镜子	15.531913212727687
71	10	。	2.240339911709782
72	1	妈妈	15.21527460482759
72	2	在	6.174307284993228
72	3	做	9.348806999346401
72	4	一	6.751569052732499
72	5	张	7.646582508520858
72	6	代表	11.839035441372644
72	7	幸运	15.64872114486959
72	8	的	0.3216549525875223
72	9	镜子	16.324110352609082
72	10	。	2.8352408157956575
73	1	爸爸	14.528946962235516
73	2	买	7.3695874591795025
73	3	了	1.1753807932552434
73	4	一	3.626338377962714
73	5	栋	9.10076314118178
73	6	令	14.42255076429334
73	7	人	2.6197943926736897
73	8	满意	5.80639716289739
73	9	的	0.025886809358148355
73	10	房子	1.8281294665462795
73	11	。	1.4247534241282693
74	1	爸爸	14.528946962235516
74	2	买	7.3695874591795025
74	3	了	1.1753807932552434
74	4	一	3.626338377962714
74	5	条	5.357184269944234
74	6	令	14.646946629355377
74	7	人	2.455134747321388
74	8	满意	5.154242853191967
74	9	的	0.041429975612267356
74	10	房子	4.155516237520686
74	11	。	1.2799283903511096
75	1	爸爸	14.528946962235516
75	2	买	7.3695874591795025
75	3	了	1.1753807932552434
75	4	一	3.626338377962714
75	5	条	5.357184269944234
75	6	令	14.646946629355377
75	7	人	2.455134747321388
75	8	满意	5.154242853191967
75	9	的	0.041429975612267356
75	10	沙发	14.197168241703558
75	11	。	0.9409434374681211
76	1	爸爸	14.528946962235516
76	2	买	7.3695874591795025
76	3	了	1.1753807932552434
76	4	一	3.626338377962714
76	5	栋	9.10076314118178
76	6	令	14.42255076429334
76	7	人	2.6197943926736897
76	8	满意	5.80639716289739
76	9	的	0.025886809358148355
76	10	沙发	14.894817385799733
76	11	。	1.434812551189907
77	1	我	7.333057227135923
77	2	想	4.936414557063436
77	3	种	16.722509923868998
77	4	一	2.6924165689811517
77	5	朵	16.505738426613938
77	6	能	10.283242232143294
77	7	开花	16.221493312941668
77	8	的	1.1251595405380073
77	9	玫瑰	12.680076125105842
77	10	。	3.9986846400815637
78	1	我	7.333057227135923
78	2	想	4.936414557063436
78	3	种	16.722509923868998
78	4	一	2.6924165689811517
78	5	颗	8.31533915924679
78	6	能	7.038711846216309
78	7	开花	17.78304192032089
78	8	的	0.7411376890367336
78	9	玫瑰	15.46198317333365
78	10	。	3.7563370064815302
79	1	我	7.333057227135923
79	2	想	4.936414557063436
79	3	种	16.722509923868998
79	4	一	2.6924165689811517
79	5	颗	8.31533915924679
79	6	能	7.038711846216309
79	7	开花	17.78304192032089
79	8	的	0.7411376890367336
79	9	种子	12.432624618604834
79	10	。	3.6217431986417097
80	1	我	7.333057227135923
80	2	想	4.936414557063436
80	3	种	16.722509923868998
80	4	一	2.6924165689811517
80	5	朵	16.505738426613938
80	6	能	10.283242232143294
80	7	开花	16.221493312941668
80	8	的	1.1251595405380073
80	9	种子	11.135021683763028
80	10	。	3.678070411652442
81	1	我	7.333057227135923
81	2	经常	10.868807210182025
81	3	去	5.815366173393279
81	4	一	6.895067017351437
81	5	家	2.156573535486583
81	6	有	6.913538437642387
81	7	雕塑	14.692091892259292
81	8	的	0.5348009257487618
81	9	医院	7.216084000892074
81	10	。	9.804788995705515
82	1	我	7.333057227135923
82	2	经常	10.868807210182025
82	3	去	5.815366173393279
82	4	一	6.895067017351437
82	5	座	8.258665932650242
82	6	有	7.780983043384417
82	7	雕塑	14.55746896157563
82	8	的	0.5481648387892974
82	9	医院	9.241581930661148
82	10	。	9.338456609042183
83	1	我	7.333057227135923
83	2	经常	10.868807210182025
83	3	去	5.815366173393279
83	4	一	6.895067017351437
83	5	座	8.258665932650242
83	6	有	7.780983043384417
83	7	雕塑	14.55746896157563
83	8	的	0.5481648387892974
83	9	城市	6.004148153717544
83	10	。	8.97978387513399
84	1	我	7.333057227135923
84	2	经常	10.868807210182025
84	3	去	5.815366173393279
84	4	一	6.895067017351437
84	5	家	2.156573535486583
84	6	有	6.913538437642387
84	7	雕塑	14.692091892259292
84	8	的	0.5348009257487618
84	9	城市	10.418707925819803
84	10	。	9.48589199230183
85	1	我	7.333057227135923
85	2	拜访	17.126775029577637
85	3	了	1.5221816686165823
85	4	这	7.443282345348305
85	5	一	4.336200003596495
85	6	所	6.39478141776204
85	7	培养	10.02879119761048
85	8	了	1.5790965307348372
85	9	我	7.442440204562338
85	10	的	1.7346450646759095
85	11	高中	7.883802297034052
85	12	。	6.385767437547145
86	1	我	7.333057227135923
86	2	拜访	17.126775029577637
86	3	了	1.5221816686165823
86	4	这	7.443282345348305
86	5	一	4.336200003596495
86	6	位	5.027129397439452
86	7	培养	13.366391033565264
86	8	了	1.0441217706203219
86	9	我	5.622857155454568
86	10	的	1.2529147740890991
86	11	高中	12.63972838968931
86	12	。	8.71040741250151
87	1	我	7.333057227135923
87	2	拜访	17.126775029577637
87	3	了	1.5221816686165823
87	4	这	7.443282345348305
87	5	一	4.336200003596495
87	6	位	5.027129397439452
87	7	培养	13.366391033565264
87	8	了	1.0441217706203219
87	9	我	5.622857155454568
87	10	的	1.2529147740890991
87	11	老师	8.458739658819184
87	12	。	4.79066292671871
88	1	我	7.333057227135923
88	2	拜访	17.126775029577637
88	3	了	1.5221816686165823
88	4	这	7.443282345348305
88	5	一	4.336200003596495
88	6	所	6.39478141776204
88	7	培养	10.02879119761048
88	8	了	1.5790965307348372
88	9	我	7.442440204562338
88	10	的	1.7346450646759095
88	11	老师	9.164166971676138
88	12	。	4.653129468523332
89	1	他	4.426464492870965
89	2	在	5.216110488590935
89	3	读	11.83297684472844
89	4	一	6.179578734743188
89	5	条	10.167469266685899
89	6	让	9.935491357048754
89	7	他	1.9562221228340206
89	8	流泪	14.312366554648996
89	9	的	0.06975107533143898
89	10	评论	9.583198794805867
89	11	。	2.3532775591008175
90	1	他	4.426464492870965
90	2	在	5.216110488590935
90	3	读	11.83297684472844
90	4	一	6.179578734743188
90	5	首	6.737528157779231
90	6	让	10.648959950563253
90	7	他	1.8602932760555717
90	8	流泪	13.89090213878631
90	9	的	0.07172710540672966
90	10	评论	9.503416318961847
90	11	。	2.012184430236431
91	1	他	4.426464492870965
91	2	在	5.216110488590935
91	3	读	11.83297684472844
91	4	一	6.179578734743188
91	5	首	6.737528157779231
91	6	让	10.648959950563253
91	7	他	1.8602932760555717
91	8	流泪	13.89090213878631
91	9	的	0.07172710540672966
91	10	诗歌	10.309354787061771
91	11	。	1.0705784099966422
92	1	他	4.426464492870965
92	2	在	5.216110488590935
92	3	读	11.83297684472844
92	4	一	6.179578734743188
92	5	条	10.167469266685899
92	6	让	9.935491357048754
92	7	他	1.9562221228340206
92	8	流泪	14.312366554648996
92	9	的	0.06975107533143898
92	10	诗歌	13.113511808302974
92	11	。	1.516604898836178
93	1	她	7.055910593164345
93	2	从来	14.182596200331684
93	3	没	3.513339671847767
93	4	见	8.543726835284296
93	5	过	0.012886307920773277
93	6	一	4.651196093538466
93	7	头	11.563147928681879
93	8	受伤	12.542969559391018
93	9	了	4.639784577183875
93	10	的	3.481426793315194
93	11	老虎	9.512816729288474
93	12	。	3.854349262935642
94	1	她	7.055910593164345
94	2	从来	14.182596200331684
94	3	没	3.513339671847767
94	4	见	8.543726835284296
94	5	过	0.012886307920773277
94	6	一	4.651196093538466
94	7	双	7.818242611903159
94	8	受伤	15.42118355099759
94	9	了	5.587919777418385
94	10	的	2.278531405616775
94	11	老虎	11.11024993454322
94	12	。	4.051308048066133
95	1	她	7.055910593164345
95	2	从来	14.182596200331684
95	3	没	3.513339671847767
95	4	见	8.543726835284296
95	5	过	0.012886307920773277
95	6	一	4.651196093538466
95	7	双	7.818242611903159
95	8	受伤	15.42118355099759
95	9	了	5.587919777418385
95	10	的	2.278531405616775
95	11	眼睛	5.422226704840341
95	12	。	4.493390054010078
96	1	她	7.055910593164345
96	2	从来	14.182596200331684
96	3	没	3.513339671847767
96	4	见	8.543726835284296
96	5	过	0.012886307920773277
96	6	一	4.651196093538466
96	7	头	11.563147928681879
96	8	受伤	12.542969559391018
96	9	了	4.639784577183875
96	10	的	3.481426793315194
96	11	眼睛	6.594639193781006
96	12	。	4.285440224221119
97	1	我	7.333057227135923
97	2	还	6.858750561378953
97	3	没有	2.983322025939877
97	4	检查	11.05811419676883
97	5	一	5.638692418606475
97	6	份	6.400044112816637
97	7	要	12.59720047968294
97	8	被	9.411959453273752
97	9	上交	16.650765247804394
97	10	的	0.3010997103152704
97	11	作业	13.939233245818471
97	12	。	1.6030232347330013
98	1	我	7.333057227135923
98	2	还	6.858750561378953
98	3	没有	2.983322025939877
98	4	检查	11.05811419676883
98	5	一	5.638692418606475
98	6	行	13.571974875920375
98	7	要	14.449796976217364
98	8	被	9.398753037063123
98	9	上交	16.451699704304886
98	10	的	0.43257713010477516
98	11	作业	12.111756430533319
98	12	。	0.9876647094402244
99	1	我	7.333057227135923
99	2	还	6.858750561378953
99	3	没有	2.983322025939877
99	4	检查	11.05811419676883
99	5	一	5.638692418606475
99	6	行	13.571974875920375
99	7	要	14.449796976217364
99	8	被	9.398753037063123
99	9	上交	16.451699704304886
99	10	的	0.43257713010477516
99	11	公式	18.347918077488316
99	12	。	1.088405883413202
100	1	我	7.333057227135923
100	2	还	6.858750561378953
100	3	没有	2.983322025939877
100	4	检查	11.05811419676883
100	5	一	5.638692418606475
100	6	份	6.400044112816637
100	7	要	12.59720047968294
100	8	被	9.411959453273752
100	9	上交	16.650765247804394
100	10	的	0.3010997103152704
100	11	公式	17.87082979981207
100	12	。	1.0283426920446175
101	1	孩子	14.80591873450234
101	2	听到	12.924185160735464
101	3	了	3.4722661888638022
101	4	一	5.59645758306991
101	5	首	8.798771352274791
101	6	令	6.791227076591312
101	7	他	5.0604713439921625
101	8	熟悉	15.446668992386549
101	9	的	0.231012287307081
101	10	歌曲	3.267711854192285
101	11	。	1.3054161005184142
102	1	孩子	14.80591873450234
102	2	听到	12.924185160735464
102	3	了	3.4722661888638022
102	4	一	5.59645758306991
102	5	张	5.959509247078152
102	6	令	7.4263395486123045
102	7	他	3.6885649497506634
102	8	熟悉	15.571840774686642
102	9	的	0.2349573403499079
102	10	歌曲	9.204361454242132
102	11	。	1.371754446093803
103	1	孩子	14.80591873450234
103	2	听到	12.924185160735464
103	3	了	3.4722661888638022
103	4	一	5.59645758306991
103	5	张	5.959509247078152
103	6	令	7.4263395486123045
103	7	他	3.6885649497506634
103	8	熟悉	15.571840774686642
103	9	的	0.2349573403499079
103	10	专辑	11.13182688117061
103	11	。	1.6308416485394162
104	1	孩子	14.80591873450234
104	2	听到	12.924185160735464
104	3	了	3.4722661888638022
104	4	一	5.59645758306991
104	5	首	8.798771352274791
104	6	令	6.791227076591312
104	7	他	5.0604713439921625
104	8	熟悉	15.446668992386549
104	9	的	0.231012287307081
104	10	专辑	13.33130903418261
104	11	。	1.5252136937375838
105	1	护士	18.132283764586056
105	2	做	11.847196989449625
105	3	了	1.6838536321110311
105	4	一	4.909797600064277
105	5	次	2.607572842102357
105	6	需要	12.050014691330098
105	7	仪器	13.128605694653046
105	8	的	0.515837176771015
105	9	检查	9.193074280531803
105	10	。	5.070933514934069
106	1	护士	18.132283764586056
106	2	做	11.847196989449625
106	3	了	1.6838536321110311
106	4	一	4.909797600064277
106	5	篇	7.568475365013789
106	6	需要	12.742903469240439
106	7	仪器	12.935226942752202
106	8	的	0.18223437708633128
106	9	检查	13.36567430908299
106	10	。	8.926671911217682
107	1	护士	18.132283764586056
107	2	做	11.847196989449625
107	3	了	1.6838536321110311
107	4	一	4.909797600064277
107	5	篇	7.568475365013789
107	6	需要	12.742903469240439
107	7	仪器	12.935226942752202
107	8	的	0.18223437708633128
107	9	报告	7.741686515658358
107	10	。	8.025124668826919
108	1	护士	18.132283764586056
108	2	做	11.847196989449625
108	3	了	1.6838536321110311
108	4	一	4.909797600064277
108	5	次	2.607572842102357
108	6	需要	12.050014691330098
108	7	仪器	13.128605694653046
108	8	的	0.515837176771015
108	9	报告	15.823505662659969
108	10	。	3.369814826367133
109	1	这里	9.371900869220783
109	2	是	3.1372671071590297
109	3	两	9.526654843711826
109	4	台	10.848179894521834
109	5	出现	15.919906736185432
109	6	问题	9.947941329604951
109	7	的	0.014773515974781048
109	8	电视	7.169614572462663
109	9	。	5.32391785302795
110	1	这里	9.371900869220783
110	2	是	3.1372671071590297
110	3	两	9.526654843711826
110	4	份	14.464032666696923
110	5	出现	17.42284344804085
110	6	问题	6.306663043713073
110	7	的	0.01073598560208211
110	8	电视	10.327705401062829
110	9	。	4.520532784976467
111	1	这里	9.371900869220783
111	2	是	3.1372671071590297
111	3	两	9.526654843711826
111	4	份	14.464032666696923
111	5	出现	17.42284344804085
111	6	问题	6.306663043713073
111	7	的	0.01073598560208211
111	8	订单	16.503612184698937
111	9	。	2.447710231182782
112	1	这里	9.371900869220783
112	2	是	3.1372671071590297
112	3	两	9.526654843711826
112	4	台	10.848179894521834
112	5	出现	15.919906736185432
112	6	问题	9.947941329604951
112	7	的	0.014773515974781048
112	8	订单	16.159441948904217
112	9	。	2.342354856318977
113	1	他	4.426464492870965
113	2	很	10.802647452669206
113	3	欣赏	7.521080396580862
113	4	一	7.797927784770472
113	5	处	12.10326407906733
113	6	有	7.125465754983402
113	7	名气	10.853231105140956
113	8	的	0.10536221937126555
113	9	景点	12.405474972572414
113	10	。	3.375301176385477
114	1	他	4.426464492870965
114	2	很	10.802647452669206
114	3	欣赏	7.521080396580862
114	4	一	7.797927784770472
114	5	位	2.260589008868962
114	6	有	7.66885166168791
114	7	名气	10.243185934771638
114	8	的	0.06751214178019183
114	9	景点	18.230097536038144
114	10	。	8.173035059186347
115	1	他	4.426464492870965
115	2	很	10.802647452669206
115	3	欣赏	7.521080396580862
115	4	一	7.797927784770472
115	5	位	2.260589008868962
115	6	有	7.66885166168791
115	7	名气	10.243185934771638
115	8	的	0.06751214178019183
115	9	领导	14.115114148142922
115	10	。	8.807072232820687
116	1	他	4.426464492870965
116	2	很	10.802647452669206
116	3	欣赏	7.521080396580862
116	4	一	7.797927784770472
116	5	处	12.10326407906733
116	6	有	7.125465754983402
116	7	名气	10.853231105140956
116	8	的	0.10536221937126555
116	9	领导	15.87362452796355
116	10	。	7.521085168114041
117	1	那里	14.645667054407035
117	2	有	3.4858079456802145
117	3	一	3.1744950612267893
117	4	支	4.405523263060225
117	5	完成	20.20287700365432
117	6	任务	4.803993332763312
117	7	了	12.53130212433227
117	8	的	1.9048370714904195
117	9	舰队	17.579670496024974
117	10	。	3.8709157211427367
118	1	那里	14.645667054407035
118	2	有	3.4858079456802145
118	3	一	3.1744950612267893
118	4	艘	9.108839447618113
118	5	完成	18.56857977214038
118	6	任务	4.063503450583312
118	7	了	12.867945375423545
118	8	的	2.1770981828531575
118	9	舰队	12.762333482971755
118	10	。	10.352879736848507
119	1	那里	14.645667054407035
119	2	有	3.4858079456802145
119	3	一	3.1744950612267893
119	4	艘	9.108839447618113
119	5	完成	18.56857977214038
119	6	任务	4.063503450583312
119	7	了	12.867945375423545
119	8	的	2.1770981828531575
119	9	渔船	5.344362705636243
119	10	。	11.290547863635126
120	1	那里	14.645667054407035
120	2	有	3.4858079456802145
120	3	一	3.1744950612267893
120	4	支	4.405523263060225
120	5	完成	20.20287700365432
120	6	任务	4.803993332763312
120	7	了	12.53130212433227
120	8	的	1.9048370714904195
120	9	渔船	14.967813521535703
120	10	。	4.608545117020881
