sentence_id	token_id	token	surprisal
1	1	那	9.539643297791976
1	2	家	9.148546417530898
1	3	认识	14.711426567547921
1	4	我	4.995769313671538
1	5	的	0.5988604157793063
1	6	老板	10.86373931144687
1	7	投资	16.415301800767274
1	8	的	10.443216171976161
1	9	饭店	17.351444514693398
1	10	很	8.161047548502225
1	11	受	11.738670267080991
1	12	欢迎	0.311504551049552
1	13	。	6.988219280345362
2	1	那	9.539643297791976
2	2	个	7.253094603758985
2	3	认识	12.459368522820185
2	4	我	5.820923974814857
2	5	的	1.3329609690469155
2	6	老板	14.41829280058488
2	7	投资	18.258318196223854
2	8	的	9.53839671337461
2	9	饭店	19.249020954554823
2	10	很	6.975001078819233
2	11	受	13.192605501514223
2	12	欢迎	0.45090588457080116
2	13	。	2.6983750670241022
3	1	那	9.539643297791976
3	2	幅	9.959704783777426
3	3	帮助	16.75902377763562
3	4	过	11.954447872638966
3	5	我	3.2186284075130374
3	6	的	0.5951613348902143
3	7	朋友	9.338625346791261
3	8	喜欢	14.504393500503156
3	9	的	4.115081398207749
3	10	画	6.306061024891008
3	11	吸引	11.613757568244296
3	12	了	0.06551233224702457
3	13	我	3.466921319358349
3	14	。	3.60238574790138
4	1	那	9.539643297791976
4	2	个	7.253094603758985
4	3	帮助	12.521684333827746
4	4	过	9.783064729181852
4	5	我	1.853034046486158
4	6	的	0.3050296273624724
4	7	朋友	7.5896970087352855
4	8	喜欢	11.340662942491534
4	9	的	12.02797655981
4	10	画	16.278708235760504
4	11	吸引	18.983338813155413
4	12	了	1.182645436773413
4	13	我	2.790528831935262
4	14	。	1.8938872705309535
5	1	那	9.539643297791976
5	2	件	8.364255214291934
5	3	教	17.400108726937592
5	4	过	7.953110752612716
5	5	我	3.305194511545487
5	6	的	0.9566119758679719
5	7	老师	13.073327908769926
5	8	收藏	18.23645541455526
5	9	的	0.7238171967679108
5	10	艺术品	8.4983419523613
5	11	获	14.115419076125917
5	12	了	1.1225380797105657
5	13	奖	7.3161119761481075
5	14	。	1.100630693267334
6	1	那	9.539643297791976
6	2	个	7.253094603758985
6	3	教	14.779084025467945
6	4	过	8.673319491621807
6	5	我	3.3613322977730107
6	6	的	0.7421196213078431
6	7	老师	10.255032402769018
6	8	收藏	17.796178032822993
6	9	的	5.587905920049664
6	10	艺术品	11.000582981592387
6	11	获	15.611942298736551
6	12	了	0.8198990978148117
6	13	奖	7.241650414361743
6	14	。	0.6113518536686655
7	1	那	9.539643297791976
7	2	只	7.4231926708007165
7	3	认识	15.843919463973016
7	4	我	6.480626568479501
7	5	的	1.2345316655899694
7	6	店长	18.752501674113617
7	7	喜欢	12.237324245337724
7	8	的	12.781562755915658
7	9	宠物	20.768137959134194
7	10	生病	16.726817038103036
7	11	了	5.31093622443538
7	12	。	0.630695544105194
8	1	那	9.539643297791976
8	2	个	7.253094603758985
8	3	认识	12.459368522820185
8	4	我	5.820923974814857
8	5	的	1.3329609690469155
8	6	店长	21.64873203178736
8	7	喜欢	12.369758579840337
8	8	的	11.962116196386063
8	9	宠物	21.335348237109102
8	10	生病	17.271022723576024
8	11	了	5.366520544705239
8	12	。	0.8178942895161612
9	1	那	9.539643297791976
9	2	首	10.62104457027472
9	3	热爱	16.18640492647109
9	4	艺术	8.507148293821814
9	5	的	0.1632515339001941
9	6	明星	15.680034739665636
9	7	唱	12.946462388912003
9	8	的	8.28732587716297
9	9	歌	6.103522332769202
9	10	很	9.123594268146164
9	11	好听	17.305713026106275
9	12	。	0.6894401568725499
10	1	那	9.539643297791976
10	2	个	7.253094603758985
10	3	热爱	16.23052184391639
10	4	艺术	8.507337729972214
10	5	的	0.3957618606841464
10	6	明星	13.940166009399285
10	7	唱	12.489106162238024
10	8	的	6.451936423088256
10	9	歌	6.035470174646747
10	10	很	8.098795255629298
10	11	好听	17.145757533934812
10	12	。	2.446276395631827
11	1	那	9.539643297791976
11	2	所	10.878980808877074
11	3	学习	12.757837354635313
11	4	历史	13.055434600215008
11	5	的	1.86125339860331
11	6	老人	11.507875332578735
11	7	去	15.13092174993485
11	8	的	12.129854960310539
11	9	学校	7.346974118080922
11	10	关闭	19.782577507046653
11	11	了	4.2187415533350645
11	12	。	1.1309592182635981
12	1	那	9.539643297791976
12	2	个	7.253094603758985
12	3	学习	14.82244939014858
12	4	历史	12.641933114849571
12	5	的	1.193140982661987
12	6	老人	14.239329758334797
12	7	去	13.77784522057243
12	8	的	10.396565934980003
12	9	学校	8.077531678456538
12	10	关闭	20.154898356330207
12	11	了	3.2749613486521127
12	12	。	1.5642068241031524
13	1	那	9.539643297791976
13	2	件	8.364255214291934
13	3	帮助	14.545697591509775
13	4	过	10.412086689935066
13	5	我	1.8191188228216433
13	6	的	0.4006866514371765
13	7	司机	18.93149317025695
13	8	带	9.021782631128147
13	9	的	8.366880350924205
13	10	行李	14.404567351876636
13	11	丢	15.33521770123231
13	12	了	0.8760418946792043
13	13	。	4.916870260007741
14	1	那	9.539643297791976
14	2	个	7.253094603758985
14	3	帮助	12.521684333827746
14	4	过	9.783064729181852
14	5	我	1.853034046486158
14	6	的	0.3050296273624724
14	7	司机	17.42985568333149
14	8	带	8.300691080929276
14	9	的	8.095526014739477
14	10	行李	14.61281555457694
14	11	丢	14.939832573033598
14	12	了	0.8666226071991048
14	13	。	5.291245474399304
15	1	那	9.539643297791976
15	2	本	8.33556673236242
15	3	学习	16.52454491118161
15	4	文学	8.861864850118913
15	5	的	1.183097026646891
15	6	作家	12.024777006234999
15	7	写	9.607359494415334
15	8	的	5.1681950405673405
15	9	书	15.483137336228381
15	10	很	9.44311239639191
15	11	受	7.033901269056386
15	12	欢迎	0.5098248161847323
15	13	。	0.3060248207457903
16	1	那	9.539643297791976
16	2	个	7.253094603758985
16	3	学习	14.82244939014858
16	4	文学	10.470090114568698
16	5	的	0.7269938714062505
16	6	作家	10.584790030480441
16	7	写	8.973603898493238
16	8	的	3.527826879937635
16	9	书	16.028989631138558
16	10	很	7.144558176736297
16	11	受	7.584296275542485
16	12	欢迎	0.4784754920605394
16	13	。	0.5724781815278703
17	1	那	9.539643297791976
17	2	辆	10.18888968223176
17	3	支持	14.605920571700175
17	4	环保	15.715705801440727
17	5	的	0.7593313205978944
17	6	朋友	18.167802030614034
17	7	开	10.697280469477363
17	8	的	6.786890201254309
17	9	车	4.990953078364498
17	10	坏	16.623455152691378
17	11	了	0.2592485282640524
17	12	。	2.105834097538917
18	1	那	9.539643297791976
18	2	个	7.253094603758985
18	3	支持	12.062775107481102
18	4	环保	16.304242754630135
18	5	的	0.8040648161170552
18	6	朋友	9.900089086964442
18	7	开	12.198168963024784
18	8	的	6.9190166367209684
18	9	车	13.414462109997743
18	10	坏	15.930339661782398
18	11	了	0.5163245998521688
18	12	。	1.4093583956783675
19	1	那	9.539643297791976
19	2	份	8.066710396153514
19	3	喜欢	16.9903648106577
19	4	书	8.772166957544727
19	5	的	1.4829615561972247
19	6	孩子	11.896316638925434
19	7	做	9.788716403208703
19	8	的	4.40772936364192
19	9	作业	18.01834813016866
19	10	获	19.19826641541688
19	11	了	1.8434449795325492
19	12	奖	8.695571721086537
19	13	。	1.7514307768962425
20	1	那	9.539643297791976
20	2	个	7.253094603758985
20	3	喜欢	14.557332555942768
20	4	书	9.876546654955305
20	5	的	0.44112245894923774
20	6	孩子	8.533125177889652
20	7	做	9.078937126362682
20	8	的	3.490122068316765
20	9	作业	18.333899331413136
20	10	获	19.355387993308895
20	11	了	1.788185693277299
20	12	奖	9.15580206804701
20	13	。	2.39826347679157
21	1	那	9.539643297791976
21	2	份	8.066710396153514
21	3	认识	15.908428387295434
21	4	我	5.759039379825495
21	5	的	0.760392346645979
21	6	老板	14.099515664399476
21	7	制定	18.4685937654506
21	8	的	2.074202183133451
21	9	合同	14.147650926266806
21	10	到期	15.905766416391785
21	11	了	0.9858966850544988
21	12	。	0.7625589427666597
22	1	那	9.539643297791976
22	2	个	7.253094603758985
22	3	认识	12.459368522820185
22	4	我	5.820923974814857
22	5	的	1.3329609690469155
22	6	老板	14.41829280058488
22	7	制定	16.550829328130135
22	8	的	5.956276392797562
22	9	合同	16.518048186502583
22	10	到期	20.522043109601753
22	11	了	1.2608839187029304
22	12	。	0.6409256934707344
23	1	那	9.539643297791976
23	2	间	14.110180562709438
23	3	帮助	13.859877500815713
23	4	过	10.932264773436636
23	5	我	3.375739600833704
23	6	的	0.6841069332947853
23	7	朋友	7.8346085842065705
23	8	开	11.649020966171214
23	9	的	6.78589890635682
23	10	工厂	13.788089522057405
23	11	倒闭	15.745691016387966
23	12	了	1.1612556272921353
23	13	。	2.4618911129425385
24	1	那	9.539643297791976
24	2	个	7.253094603758985
24	3	帮助	12.521684333827746
24	4	过	9.783064729181852
24	5	我	1.853034046486158
24	6	的	0.3050296273624724
24	7	朋友	7.5896970087352855
24	8	开	12.185748754217094
24	9	的	6.122419931107679
24	10	工厂	12.567206779976445
24	11	倒闭	15.984821949674213
24	12	了	0.7535572661872578
24	13	。	3.326436391074978
25	1	那	9.539643297791976
25	2	张	8.494395752072094
25	3	喜欢	14.981414421216165
25	4	艺术	10.368885738118415
25	5	的	0.4170982564754979
25	6	孩子	12.450450595183298
25	7	照	14.854329114760084
25	8	的	6.467576084880605
25	9	照片	14.445716691634786
25	10	丢	17.906604570666573
25	11	了	0.8641972852516915
25	12	。	3.356665506603278
26	1	那	9.539643297791976
26	2	个	7.253094603758985
26	3	喜欢	14.557332555942768
26	4	艺术	10.06986877617723
26	5	的	0.3153894602564833
26	6	孩子	9.398381588711835
26	7	照	15.709003602871768
26	8	的	6.085496377448621
26	9	照片	15.908746788405963
26	10	丢	18.087885493313422
26	11	了	0.7171139595580769
26	12	。	3.2486001170330354
27	1	那	9.539643297791976
27	2	台	11.93616832947206
27	3	教	14.402438657196427
27	4	过	10.103566219068334
27	5	我	5.876663928302349
27	6	的	1.2099418454471973
27	7	老师	11.51826418237593
27	8	用	7.978657033856663
27	9	的	5.052711814366134
27	10	手机	12.521887438761752
27	11	很	6.767796864285614
27	12	好用	16.186802396296628
27	13	。	0.8254815529687818
28	1	那	9.539643297791976
28	2	个	7.253094603758985
28	3	教	14.779084025467945
28	4	过	8.673319491621807
28	5	我	3.3613322977730107
28	6	的	0.7421196213078431
28	7	老师	10.255032402769018
28	8	用	7.593256108965498
28	9	的	8.783678466284549
28	10	手机	14.679936808788113
28	11	很	6.078072052942673
28	12	好用	17.055514170704726
28	13	。	3.477960312440729
29	1	那	9.539643297791976
29	2	朵	19.579042608836936
29	3	关心	15.434035603080297
29	4	他	7.0543043108823795
29	5	的	0.8065367474112008
29	6	邻居	13.550680937371354
29	7	种	17.600577213625925
29	8	的	7.885242456368587
29	9	花	13.553979408829065
29	10	很	5.891020045149659
29	11	好看	14.76110266589032
29	12	。	1.4758014642949888
30	1	那	9.539643297791976
30	2	个	7.253094603758985
30	3	关心	14.565509098402046
30	4	他	6.317325067203701
30	5	的	0.33727715383328416
30	6	邻居	11.54927224872403
30	7	种	17.791866279336126
30	8	的	5.980092640433227
30	9	花	15.831021482669954
30	10	很	6.282329394081145
30	11	好看	15.267128417096416
30	12	。	1.4912782117489911
31	1	那	9.539643297791976
31	2	台	11.93616832947206
31	3	鼓励	15.252556846665662
31	4	她	11.240775409909652
31	5	的	3.3420878949324475
31	6	科学家	16.62924347816987
31	7	做	6.648678558125283
31	8	的	2.3810262290004403
31	9	电视	12.79669513865906
31	10	坏	15.895179803047427
31	11	了	4.688126823579424
31	12	。	3.0274118231472045
32	1	那	9.539643297791976
32	2	个	7.253094603758985
32	3	鼓励	16.308003926187265
32	4	她	9.918035902916458
32	5	的	2.542044158259756
32	6	科学家	16.862944676786285
32	7	做	8.027875765892496
32	8	的	2.0347844702815934
32	9	电视	15.506112854642382
32	10	坏	15.695043118433347
32	11	了	4.251530040175595
32	12	。	3.0077567644993763
33	1	那	9.539643297791976
33	2	栋	10.74301182347281
33	3	认识	18.771439163049674
33	4	父亲	10.852861684227165
33	5	的	0.4109425791038035
33	6	男人	13.373473960249967
33	7	买	11.301058220385144
33	8	的	7.999343920820536
33	9	房子	8.126520264477392
33	10	起火	17.301905800454406
33	11	了	2.2934651875996934
33	12	。	0.9381731809957472
34	1	那	9.539643297791976
34	2	个	7.253094603758985
34	3	认识	12.459368522820185
34	4	父亲	14.171952176618479
34	5	的	0.23312623741240657
34	6	男人	7.663142373843407
34	7	买	12.058929268218769
34	8	的	7.245453192632311
34	9	房子	9.815940353239867
34	10	起火	18.454396493570343
34	11	了	1.7915811728180557
34	12	。	1.9386304839172084
35	1	那	9.539643297791976
35	2	条	8.132814904631452
35	3	关心	15.693127133902856
35	4	我	7.732151809000122
35	5	的	2.3257236589838683
35	6	朋友	9.156670124496124
35	7	给	6.213220626170326
35	8	的	15.397751309188877
35	9	建议	14.527911143577597
35	10	很	9.571893829967436
35	11	真诚	18.231510562446488
35	12	。	1.2029551456264613
36	1	那	9.539643297791976
36	2	个	7.253094603758985
36	3	关心	14.565509098402046
36	4	我	5.243641246913267
36	5	的	0.6364752528799968
36	6	朋友	6.8676035614310535
36	7	给	6.294642275061108
36	8	的	13.596213387779315
36	9	建议	14.485006507885359
36	10	很	8.359527616299246
36	11	真诚	18.01662666648221
36	12	。	1.7871221639057353
37	1	那	9.539643297791976
37	2	支	10.13274356885827
37	3	教	15.37384339609201
37	4	数学	11.44600197308015
37	5	的	4.237190338724467
37	6	老师	10.002181989493351
37	7	用	7.670116638403542
37	8	的	10.62910855162042
37	9	笔	13.599233882813763
37	10	坏	16.31907513051172
37	11	了	1.2516384992658658
37	12	。	4.453390876867218
38	1	那	9.539643297791976
38	2	个	7.253094603758985
38	3	教	14.779084025467945
38	4	数学	14.001094447240856
38	5	的	1.2512863765494089
38	6	老师	7.931418163165517
38	7	用	8.188479624213727
38	8	的	8.32854908047836
38	9	笔	14.602504507046447
38	10	坏	15.532091328492683
38	11	了	1.775769631496999
38	12	。	4.56436330048588
39	1	那	9.539643297791976
39	2	只	7.4231926708007165
39	3	撞	20.182249808091917
39	4	了	5.482931045122449
39	5	我	5.764151178203349
39	6	的	1.1889566431301688
39	7	女人	12.160441691264879
39	8	丢	17.867573503520468
39	9	的	9.75437307794759
39	10	鞋子	20.850447247919647
39	11	被	9.18550208259272
39	12	找到	12.74227853407045
39	13	了	1.5645859253722278
39	14	。	0.8733882420914938
40	1	那	9.539643297791976
40	2	个	7.253094603758985
40	3	撞	18.518127075428726
40	4	了	5.3578269937350385
40	5	我	4.751070945347308
40	6	的	0.9462738884001212
40	7	女人	6.97772520636736
40	8	丢	17.638067037794222
40	9	的	8.722407863952327
40	10	鞋子	21.411449876435427
40	11	被	9.369235198919966
40	12	找到	12.753974300206735
40	13	了	1.0856149311124597
40	14	。	0.9560832061272748
41	1	那	9.539643297791976
41	2	条	8.132814904631452
41	3	打扰	19.851163953991517
41	4	了	9.773624798476284
41	5	我	7.605332047583225
41	6	的	2.2789016049553084
41	7	邻居	13.323148915529728
41	8	养	17.025052823183287
41	9	的	4.670160232275151
41	10	狗	13.135855740244182
41	11	生病	19.071712953843388
41	12	了	1.125158216875903
41	13	。	1.3556632303931906
42	1	那	9.539643297791976
42	2	个	7.253094603758985
42	3	打扰	20.977057024168626
42	4	了	8.098699862634255
42	5	我	4.816371239458547
42	6	的	0.9339127758199126
42	7	邻居	10.746622834084945
42	8	养	14.904478009599963
42	9	的	7.210391722756853
42	10	狗	14.83290010355384
42	11	生病	18.936835231361385
42	12	了	0.9953335553595366
42	13	。	1.4207238024826268
43	1	那	9.539643297791976
43	2	座	9.15657842951288
43	3	写	13.136899242082379
43	4	过	5.192581724082213
43	5	书	11.243239258409751
43	6	的	0.3123970651672323
43	7	老人	9.45183370346075
43	8	修	16.859359807698212
43	9	的	7.078633983605528
43	10	桥	14.531995740033523
43	11	帮助	17.96470027635435
43	12	了	5.0367409237478284
43	13	我	4.345511128841125
43	14	。	1.447674846173868
44	1	那	9.539643297791976
44	2	个	7.253094603758985
44	3	写	12.9042242659635
44	4	过	3.7529166964855527
44	5	书	8.840811044191945
44	6	的	0.12386689712524657
44	7	老人	10.765679434127584
44	8	修	16.822995619299313
44	9	的	6.904348988435004
44	10	桥	16.006460370227245
44	11	帮助	18.605059298133867
44	12	了	4.315858169158275
44	13	我	2.851381789571491
44	14	。	2.0222258092488374
45	1	那	9.539643297791976
45	2	篇	9.06904458706467
45	3	获	14.316360153039543
45	4	奖	10.556552115552009
45	5	的	0.28570864444534294
45	6	学生	12.839558868857296
45	7	准备	16.10842799763339
45	8	的	10.050331598923862
45	9	报告	17.64872153441665
45	10	感动	17.429566160610364
45	11	了	3.0340469195905087
45	12	我	6.6373365086104315
45	13	。	2.6489104920987643
46	1	那	9.539643297791976
46	2	个	7.253094603758985
46	3	获	17.050207081595882
46	4	奖	8.433377687580993
46	5	的	1.0603065398304778
46	6	学生	7.937859355434163
46	7	准备	13.986254124871941
46	8	的	8.459616349677162
46	9	报告	19.462531335826142
46	10	感动	17.786594518591343
46	11	了	4.215053377568566
46	12	我	5.748733732126766
46	13	。	3.3372586447684256
47	1	那	9.539643297791976
47	2	封	10.496579796265454
47	3	依赖	17.846065155018973
47	4	我	7.494097699374137
47	5	的	0.40702368415204404
47	6	朋友	14.032182315585992
47	7	写	11.989302588420834
47	8	的	4.522454667392154
47	9	信	1.6726510278787572
47	10	很	6.560006260167029
47	11	真诚	13.138319119876613
47	12	。	2.0895050360796006
48	1	那	9.539643297791976
48	2	个	7.253094603758985
48	3	依赖	15.842541119486942
48	4	我	9.078740302844402
48	5	的	1.9657940355797763
48	6	朋友	9.323888087809792
48	7	写	12.498658233168378
48	8	的	3.653755858510962
48	9	信	14.505239517673644
48	10	很	6.812907853518567
48	11	真诚	12.575200068643255
48	12	。	1.9043704687569374
49	1	那	9.539643297791976
49	2	堂	20.631486866268006
49	3	教	14.208460353901053
49	4	过	4.411795773479838
49	5	我	3.1053151665569274
49	6	的	4.24234698072263
49	7	老师	7.612512754766271
49	8	教	10.834873582269104
49	9	的	7.213658489354046
49	10	课	15.095802485211834
49	11	获	20.777253283819135
49	12	了	4.511425082212327
49	13	奖	8.718518036386754
49	14	。	0.5957803277556479
50	1	那	9.539643297791976
50	2	个	7.253094603758985
50	3	教	14.779084025467945
50	4	过	8.673319491621807
50	5	我	3.3613322977730107
50	6	的	0.7421196213078431
50	7	老师	10.255032402769018
50	8	教	10.232476032352565
50	9	的	6.441814793817031
50	10	课	12.163837576897507
50	11	获	17.50530228691153
50	12	了	0.49389776512217054
50	13	奖	8.568284869546758
50	14	。	0.8587650293260225
51	1	那	9.539643297791976
51	2	块	12.381487340038877
51	3	喜欢	15.43962981461107
51	4	音乐	10.657061708205795
51	5	的	0.3118430387193811
51	6	医生	19.174840117601548
51	7	喜欢	9.869028887999733
51	8	的	13.69345014602817
51	9	手表	17.39232206702563
51	10	丢	19.354693345480072
51	11	了	2.2853709275857597
51	12	。	2.785227253001551
52	1	那	9.539643297791976
52	2	个	7.253094603758985
52	3	喜欢	14.557332555942768
52	4	音乐	9.254325524136974
52	5	的	0.33830455951483174
52	6	医生	14.630144083874363
52	7	喜欢	8.543605595859319
52	8	的	13.379978813453349
52	9	手表	18.269290422110316
52	10	丢	18.61885626023701
52	11	了	1.7899226775399342
52	12	。	3.3091861364806903
53	1	那	9.539643297791976
53	2	篇	9.06904458706467
53	3	获	14.316360153039543
53	4	奖	10.556552115552009
53	5	的	0.28570864444534294
53	6	学生	12.839558868857296
53	7	写	11.595447113900825
53	8	的	5.495310515762085
53	9	论文	13.414471871388471
53	10	感动	16.963942004358472
53	11	了	0.7593465012487997
53	12	我	8.659422599655727
53	13	。	4.520461404812636
54	1	那	9.539643297791976
54	2	个	7.253094603758985
54	3	获	17.050207081595882
54	4	奖	8.433377687580993
54	5	的	1.0603065398304778
54	6	学生	7.937859355434163
54	7	写	12.295739202848004
54	8	的	3.9444514700184783
54	9	论文	15.716263414736758
54	10	感动	16.788609078804953
54	11	了	1.3824468603562678
54	12	我	7.378985701313354
54	13	。	5.647346406882477
55	1	那	9.539643297791976
55	2	场	8.15382200693836
55	3	参加	14.5410025247437
55	4	过	5.4199000008911895
55	5	比赛	9.238504494328787
55	6	的	0.18943400845214597
55	7	演员	16.17196995495727
55	8	准备	11.883952459319403
55	9	的	7.501178423068907
55	10	表演	16.521228464219746
55	11	很	6.465582296937171
55	12	受	7.21423995577878
55	13	欢迎	0.2499403726731515
55	14	。	0.2518251421942068
56	1	那	9.539643297791976
56	2	个	7.253094603758985
56	3	参加	11.998583792109855
56	4	过	4.0175680736377295
56	5	比赛	11.755089975218446
56	6	的	0.07099551142620442
56	7	演员	12.556921919483642
56	8	准备	11.265787111194172
56	9	的	6.572896336796447
56	10	表演	16.264335318804683
56	11	很	6.837619821024049
56	12	受	7.020058982990932
56	13	欢迎	0.22474847329534953
56	14	。	0.1278022487778685
57	1	那	9.539643297791976
57	2	间	14.110180562709438
57	3	救	15.74952176423902
57	4	过	8.287792063458397
57	5	我	4.8243091710188395
57	6	的	1.301637659520722
57	7	警察	13.69509094382822
57	8	工作	14.192385182050216
57	9	的	11.55608775603325
57	10	办公室	15.2690174579335
57	11	起火	15.91921177488534
57	12	了	0.9749838267996438
57	13	。	2.238420682595361
58	1	那	9.539643297791976
58	2	个	7.253094603758985
58	3	救	15.537061439313458
58	4	过	8.189289011812392
58	5	我	3.8605534128328216
58	6	的	0.9479053212575721
58	7	警察	13.58151184461748
58	8	工作	13.793091577908775
58	9	的	8.889175665279936
58	10	办公室	16.04697960665976
58	11	起火	16.027279150918588
58	12	了	1.0384669361907868
58	13	。	3.1724879267473227
59	1	那	9.539643297791976
59	2	首	10.62104457027472
59	3	打	9.910193480400185
59	4	游戏	14.785811028372986
59	5	的	0.21953452851199273
59	6	孩子	15.028611189368732
59	7	写	9.64512985764101
59	8	的	3.946869913974453
59	9	诗	15.777619247571366
59	10	很	10.171845698787237
59	11	有趣	8.018055244728387
59	12	。	0.8609302585937115
60	1	那	9.539643297791976
60	2	个	7.253094603758985
60	3	打	11.777079742346345
60	4	游戏	12.634613447199161
60	5	的	0.20607212568916822
60	6	孩子	10.17961895168186
60	7	写	10.151040518101667
60	8	的	2.622847985533859
60	9	诗	17.021915512269615
60	10	很	8.536212919536425
60	11	有趣	7.788207838549454
60	12	。	2.1735206849700432
61	1	那	9.539643297791976
61	2	家	9.148546417530898
61	3	依赖	15.856003960137887
61	4	我	9.803096481098166
61	5	的	1.5274729847225856
61	6	朋友	7.973166726365356
61	7	去	10.440294892925465
61	8	的	11.226326027313306
61	9	银行	11.605539994439283
61	10	帮助	9.466538065241338
61	11	了	5.712728311609183
61	12	我	0.98707629841455
61	13	。	1.8865313940690385
62	1	那	9.539643297791976
62	2	个	7.253094603758985
62	3	依赖	15.842541119486942
62	4	我	9.078740302844402
62	5	的	1.9657940355797763
62	6	朋友	9.323888087809792
62	7	去	9.820728614832099
62	8	的	10.593306020598362
62	9	银行	12.548396530219364
62	10	帮助	9.441225052125091
62	11	了	5.597246609783582
62	12	我	1.0625233136188257
62	13	。	1.996122599842792
