sentence_id	token_id	token	surprisal
1	1	那	9.539306004356593
1	2	位	8.232425577820067
1	3	教授	9.008693932305842
1	4	写	10.355626083093249
1	5	了	0.4566443303212253
1	6	读者	17.491919951386194
1	7	喜欢	9.615854517684546
1	8	的	0.65051168287998
1	9	书	2.219552273075408
1	10	的	16.232686465396554
1	11	内容	8.797448896390748
1	12	。	3.0523918921736453
2	1	那	9.539306004356593
2	2	位	8.232425577820067
2	3	教授	9.008693932305842
2	4	打	11.2863680853252
2	5	了	2.0868712882141764
2	6	读者	19.462683632733388
2	7	喜欢	17.91510920607314
2	8	的	3.8947713915272715
2	9	书	4.510166736846614
2	10	的	14.53676479220752
2	11	内容	10.211016341600867
2	12	。	8.45673403295919
3	1	弟弟	19.039486934988822
3	2	启动	18.838435976015475
3	3	了	6.586938568247227
3	4	父亲	13.034517783785141
3	5	买	13.324763284645108
3	6	的	8.580775424377336
3	7	车	9.113784974160211
3	8	。	3.259343624464023
4	1	弟弟	19.039486934988822
4	2	认识	15.441616923617659
4	3	了	3.1865645780821836
4	4	父亲	9.752898179345529
4	5	买	14.423772608365347
4	6	的	9.119614443491464
4	7	车	7.526597525649436
4	8	。	6.143116583081635
5	1	他	4.426464492870965
5	2	拿	15.41561139114892
5	3	了	3.795904722174601
5	4	桌子	18.637527710919525
5	5	上	11.747888170653468
5	6	的	3.5227401164000227
5	7	妈妈	16.663881863142578
5	8	放	11.90649887179174
5	9	的	6.591497843942022
5	10	筷子	19.678141204977123
5	11	。	6.673529859900626
6	1	他	4.426464492870965
6	2	听	13.95393551325366
6	3	了	1.1402225758100144
6	4	桌子	20.505664049868017
6	5	上	15.096000845652362
6	6	的	2.9343269703376933
6	7	妈妈	19.168174544747288
6	8	放	15.782897549291874
6	9	的	4.776089688407225
6	10	筷子	19.911698366497887
6	11	。	7.416403163229589
7	1	她	7.055910593164345
7	2	终于	12.149353140801917
7	3	实现	5.15481868449055
7	4	了	0.06459515263972904
7	5	她	5.6116708430739735
7	6	设立	18.38233512712974
7	7	的	0.6396168998860929
7	8	理想	7.533881206697856
7	9	。	0.45465853885026064
8	1	她	7.055910593164345
8	2	终于	12.149353140801917
8	3	购买	13.143268613615895
8	4	了	0.04107030347753238
8	5	她	5.783758013684022
8	6	设立	15.557146957635325
8	7	的	0.0327001938344722
8	8	理想	14.889985471587337
8	9	。	13.9152836893945
9	1	我	7.333057227135923
9	2	修理	17.239536299176528
9	3	了	2.1120275119095275
9	4	这个	8.217012065250902
9	5	父亲	15.500203940594936
9	6	使用	13.454044322057179
9	7	的	2.0448764155431363
9	8	电脑	8.602881376103852
9	9	。	1.874989434283691
10	1	我	7.333057227135923
10	2	阅读	16.848209124242132
10	3	了	0.8558353699180756
10	4	这个	7.016675419388797
10	5	父亲	16.714385056156694
10	6	使用	14.873805086212165
10	7	的	2.0081975508712304
10	8	电脑	11.079072512872614
10	9	。	2.6316638227483935
11	1	我	7.333057227135923
11	2	邀请	15.46310999256883
11	3	过	8.936947165504677
11	4	母亲	12.413810507176532
11	5	认识	16.719345218075674
11	6	的	10.199460995796308
11	7	我	8.193622702550982
11	8	的	1.747924618684138
11	9	朋友	9.790135364910256
11	10	。	2.360148906029835
12	1	我	7.333057227135923
12	2	打开	16.390119744108013
12	3	过	5.948812834668566
12	4	母亲	14.355016070085448
12	5	认识	17.48700553228077
12	6	的	1.003380359186437
12	7	我	10.673102948207898
12	8	的	1.9144303221132901
12	9	朋友	9.786749649178375
12	10	。	6.38444127889079
13	1	记者	8.10311562444799
13	2	采访	8.450790524372467
13	3	了	1.2916868980291198
13	4	人民	11.089338766033112
13	5	喜爱	18.421300339555998
13	6	的	8.697255106879993
13	7	艺术家	11.14963778884249
13	8	。	2.137923275713561
14	1	记者	8.10311562444799
14	2	制作	17.85768914189193
14	3	了	1.6364138701220554
14	4	人民	15.472290052885242
14	5	喜爱	9.965860849511209
14	6	的	0.042197225063915766
14	7	艺术家	16.340625968778873
14	8	。	4.08866291786039
15	1	他	4.426464492870965
15	2	参与	15.886107556206193
15	3	了	1.0144832973630464
15	4	宗教	16.214711189205495
15	5	引发	17.995508036314376
15	6	的	0.8687280154384567
15	7	战争	11.001272403855808
15	8	。	0.7286790428344432
16	1	他	4.426464492870965
16	2	建造	18.328338002899564
16	3	了	2.629683232018248
16	4	宗教	16.195904121547187
16	5	引发	16.479939618690082
16	6	的	4.428017578512694
16	7	战争	11.012968590720412
16	8	。	1.6520286478342285
17	1	她	7.055910593164345
17	2	批评	11.504609043747983
17	3	了	5.389596673112816
17	4	她	6.094812414957861
17	5	爱	11.585000873890525
17	6	的	2.4449521691806098
17	7	儿子	11.956686113645354
17	8	。	4.427109167598978
18	1	她	7.055910593164345
18	2	改正	23.18581664487899
18	3	了	3.098509663884702
18	4	她	6.972147028924887
18	5	爱	11.02817617210873
18	6	的	2.258817487866793
18	7	儿子	10.622735153560804
18	8	。	2.667093969117687
19	1	我	7.333057227135923
19	2	结束	17.24870546344645
19	3	了	0.6998262982459664
19	4	我	8.016833391423859
19	5	正在	10.434073782775528
19	6	进行	3.7609409745585936
19	7	的	0.057584188220161536
19	8	谈话	13.19672336547228
19	9	。	3.162713917729434
20	1	我	7.333057227135923
20	2	表扬	19.949939749259542
20	3	了	0.9996395109460039
20	4	我	3.0508445609902317
20	5	正在	11.200239007978979
20	6	进行	5.923934237480282
20	7	的	0.0558457386951261
20	8	谈话	12.877807525499684
20	9	。	5.304046834493349
21	1	他	4.426464492870965
21	2	买	15.425651553223792
21	3	了	0.7273946941365317
21	4	这些	10.641951912376044
21	5	我	12.3632277487059
21	6	喜欢	5.143086268830466
21	7	的	0.17135232125691857
21	8	笔	13.156646131958958
21	9	。	4.225201278076419
22	1	他	4.426464492870965
22	2	种	18.737290081558378
22	3	了	2.2809848149306973
22	4	这些	9.040177330253304
22	5	我	12.31783353293806
22	6	喜欢	5.308588237697641
22	7	的	0.19879770545072262
22	8	笔	13.859747353686217
22	9	。	2.762412380201937
23	1	他	4.426464492870965
23	2	提出	9.400632366901844
23	3	了	4.197057565513514
23	4	很多	10.499203175593404
23	5	他	11.576542419276727
23	6	不	4.105613688125317
23	7	理解	6.794026830660542
23	8	的	0.10831825210160417
23	9	问题	2.5151583022628543
23	10	。	5.1799968220095565
24	1	他	4.426464492870965
24	2	申请	16.948911307447638
24	3	了	5.8480131740011885
24	4	很多	9.920579162636983
24	5	他	9.921557753586157
24	6	不	5.829057095556081
24	7	理解	7.769327606347055
24	8	的	0.06857243123351964
24	9	问题	6.298420283425848
24	10	。	4.3131404585689666
25	1	这	6.18072029443145
25	2	款	14.933235648845447
25	3	药	12.31185117000759
25	4	治疗	13.339850079205455
25	5	了	2.427659269639122
25	6	医生	11.371214067268617
25	7	诊断	12.785823402343176
25	8	的	2.0195789280434155
25	9	他	12.426621099211346
25	10	的	6.208954159578639
25	11	疾病	2.327604584824428
25	12	。	10.267887958703994
26	1	这	6.18072029443145
26	2	款	14.933235648845447
26	3	药	12.31185117000759
26	4	缓解	17.69588147355791
26	5	了	0.38320305090216067
26	6	医生	10.358155497531904
26	7	诊断	13.43374541693413
26	8	的	3.230396392086803
26	9	他	19.157547866254106
26	10	的	7.0416494752124805
26	11	疾病	5.136415900854274
26	12	。	9.248197086916008
27	1	我	7.333057227135923
27	2	看	7.762946222113662
27	3	着	3.6633819090867323
27	4	我	4.349984040393856
27	5	想念	19.183372361452186
27	6	的	6.689973737466623
27	7	奶奶	12.620631896971886
27	8	的	10.339398507454987
27	9	面容	16.979387459467105
27	10	。	9.824573172537043
28	1	我	7.333057227135923
28	2	听	10.362511945832145
28	3	着	6.112989246123814
28	4	我	5.3848358580553715
28	5	想念	20.75831713776113
28	6	的	4.569870221732785
28	7	奶奶	15.012819392070433
28	8	的	9.718519364002788
28	9	面容	17.99226207420466
28	10	。	9.464143967562109
29	1	学者	16.063895376395156
29	2	发现	8.687957048135598
29	3	了	5.51876845773938
29	4	这个	8.866355285566254
29	5	古人	16.620980481089973
29	6	留下	9.787617547003968
29	7	的	0.03400723097324487
29	8	规律	14.515087367720255
29	9	。	9.43721611104796
30	1	学者	16.063895376395156
30	2	发明	15.969858893447562
30	3	了	3.026779902512409
30	4	这个	8.687534881663254
30	5	古人	18.430963192846555
30	6	留下	12.424850678726514
30	7	的	0.0708495288920119
30	8	规律	15.015691273232704
30	9	。	0.28637236880534545
31	1	母亲	15.789959700851341
31	2	准备	13.471995222513534
31	3	了	3.9235080960073176
31	4	儿子	14.389181515352817
31	5	喜欢	8.83566631709678
31	6	的	0.5167327302588873
31	7	晚饭	14.95631848337559
31	8	。	13.374365888484533
32	1	母亲	15.789959700851341
32	2	责备	21.269250035377212
32	3	了	6.855183283816579
32	4	儿子	7.998862146280814
32	5	喜欢	16.8034397140027
32	6	的	7.623972512359373
32	7	晚饭	15.340623238269771
32	8	。	1.8505463859907252
33	1	孩子	14.80591873450234
33	2	培养	13.461243472271294
33	3	了	1.6688734886887744
33	4	这个	13.395243778631304
33	5	母亲	11.155266007777094
33	6	欣赏	20.89988114027699
33	7	的	2.561693966507022
33	8	特长	11.125213759243366
33	9	。	0.9120199826623292
34	1	孩子	14.80591873450234
34	2	改正	20.39768912277647
34	3	了	3.4812926917047378
34	4	这个	11.053529211017988
34	5	母亲	14.146020970316478
34	6	欣赏	19.288512497954237
34	7	的	1.9716841661087727
34	8	特长	13.46449737806337
34	9	。	10.547781402075785
35	1	政府	10.716827491536288
35	2	设立	12.025193161091275
35	3	了	1.9964704503052708
35	4	媒体	13.076979290642804
35	5	提倡	15.580810130206082
35	6	的	1.2948456640190855
35	7	项目	15.348097604507359
35	8	。	12.541413451326292
36	1	政府	10.716827491536288
36	2	引发	19.32402824118455
36	3	了	1.1723791631868217
36	4	媒体	7.70400191975002
36	5	提倡	16.36990667687803
36	6	的	2.1912164943882217
36	7	项目	16.843083459754496
36	8	。	2.043245901343795
37	1	我	7.333057227135923
37	2	回忆	12.072528555451603
37	3	了	2.2122946324041877
37	4	同学	17.61874552843147
37	5	提到	15.321999988682698
37	6	的	5.40349608915907
37	7	之前	17.002454348190163
37	8	的	6.637661889165187
37	9	经历	4.3495339547222756
37	10	。	1.9139100541608371
38	1	我	7.333057227135923
38	2	帮助	14.96209562413915
38	3	了	6.602443570556581
38	4	同学	14.422855980862973
38	5	提到	20.068146361547697
38	6	的	12.568049528458879
38	7	之前	15.524394968038962
38	8	的	13.53304136538776
38	9	经历	15.854266132618221
38	10	。	5.4576606501385925
39	1	花园	17.11135901529647
39	2	长满	19.55548737892435
39	3	了	3.740538980064244
39	4	爷爷	16.654338252097354
39	5	种	13.732733764684056
39	6	的	2.977773024773157
39	7	草	13.568095775580105
39	8	。	1.586060246934906
40	1	花园	17.11135901529647
40	2	吸引	13.798559186568411
40	3	了	0.6201815148079142
40	4	爷爷	20.446422623561865
40	5	种	14.695844314820398
40	6	的	8.106872020377494
40	7	草	16.164590963806816
40	8	。	1.9806839595663632
41	1	雨水	17.783911786339694
41	2	清洗	19.675949256710297
41	3	了	2.328447365699283
41	4	父亲	14.462222976750809
41	5	建造	17.089868802444343
41	6	的	0.20240264456033685
41	7	大楼	11.107331735655606
41	8	。	0.17645129164408502
42	1	雨水	17.783911786339694
42	2	灌溉	14.990656939876821
42	3	了	3.432424701119409
42	4	父亲	15.574317263351581
42	5	建造	17.774435029625565
42	6	的	2.4697052187743225
42	7	大楼	14.823474490155078
42	8	。	0.6850145687680964
43	1	我	7.333057227135923
43	2	听从	21.482400151923414
43	3	了	4.085215645956964
43	4	母亲	11.198506823579564
43	5	认同	19.727408856257554
43	6	的	1.3373922803407368
43	7	老师	13.94896516422233
43	8	的	5.672128850984109
43	9	建议	7.0144203056732835
43	10	。	0.48351474279498063
44	1	我	7.333057227135923
44	2	安装	17.534180175152947
44	3	了	0.7937367969097515
44	4	母亲	17.177698385843616
44	5	认同	18.095481931857194
44	6	的	6.72101620712035
44	7	老师	13.60740089676085
44	8	的	11.752336467062023
44	9	建议	8.419158308803247
44	10	。	0.6982867084899027
45	1	警官	20.158191804505723
45	2	疏散	18.137602481474563
45	3	了	2.340752472602823
45	4	他	6.465270236547006
45	5	看到	12.242868655782011
45	6	的	0.2612699465609296
45	7	人群	9.777452122950692
45	8	。	13.843503180288778
46	1	警官	20.158191804505723
46	2	解除	18.49907953299282
46	3	了	1.6863459747568825
46	4	他	5.616973004553387
46	5	看到	16.1400393658178
46	6	的	0.7907695010841636
46	7	人群	14.07724997286023
46	8	。	10.097484310123377
47	1	他	4.426464492870965
47	2	卖	18.77025095540111
47	3	过	5.844020537545919
47	4	一些	7.504315872321726
47	5	奶奶	15.75963508249216
47	6	买	7.4164333349609635
47	7	了	1.032040184500012
47	8	的	6.137124828760278
47	9	化肥	11.323609624108073
47	10	。	3.9158268624117483
48	1	他	4.426464492870965
48	2	摘	22.87588460538249
48	3	过	6.299349326155266
48	4	一些	9.30614139534341
48	5	奶奶	14.905241480431421
48	6	买	10.398348796445056
48	7	了	0.7018247210394293
48	8	的	8.842262648204283
48	9	化肥	11.8674284532635
48	10	。	3.4291991228470806
49	1	她	7.055910593164345
49	2	戴	14.826106259122525
49	3	过	9.016141521516769
49	4	我	12.136587342941752
49	5	买	12.936238261979753
49	6	的	1.9901015146161996
49	7	耳机	19.22004336670696
49	8	。	15.74494148834033
50	1	她	7.055910593164345
50	2	穿	16.515635069894554
50	3	过	6.428732369734352
50	4	我	10.966229544915773
50	5	买	10.11248338537279
50	6	的	0.5653308992823298
50	7	耳机	20.224997817714417
50	8	。	4.146301393973914
51	1	他	4.426464492870965
51	2	在	5.216110488590935
51	3	学校	11.990984868033243
51	4	里	5.13641785345774
51	5	吃	14.538297841341599
51	6	过	4.240030965028822
51	7	厨师	17.326857201232755
51	8	做	13.658043341559996
51	9	的	9.064201084032646
51	10	饭	11.723684636726063
51	11	。	0.1269622108025601
52	1	他	4.426464492870965
52	2	在	5.216110488590935
52	3	学校	11.990984868033243
52	4	里	5.13641785345774
52	5	讲	8.454370090345233
52	6	过	5.265122179733268
52	7	厨师	20.27347182571603
52	8	做	9.536200001046815
52	9	的	6.4456605460499645
52	10	饭	16.226944780262116
52	11	。	1.6065988792013286
53	1	他	4.426464492870965
53	2	见	15.570496237939976
53	3	过	2.1810001400543513
53	4	我	10.114333811409843
53	5	认识	13.387369552905113
53	6	的	2.414380463478089
53	7	店长	21.578298915995262
53	8	。	11.292015891665685
54	1	他	4.426464492870965
54	2	去	15.33604771259886
54	3	过	3.3572772787773495
54	4	我	9.620525531473422
54	5	认识	12.739567158776367
54	6	的	0.7022016988801525
54	7	店长	24.507496133697323
54	8	。	7.687985269421077
55	1	我	7.333057227135923
55	2	听	10.362511945832145
55	3	过	1.2472259660021088
55	4	这些	7.266153798144181
55	5	孩子	10.34597543075538
55	6	制造	20.863767676176778
55	7	的	5.1392834556471385
55	8	声音	9.413019408316927
55	9	。	6.182344612166716
56	1	我	7.333057227135923
56	2	见	12.062143580093979
56	3	过	0.5188374595052387
56	4	这些	6.69721015949683
56	5	孩子	8.225594159307757
56	6	制造	19.1929601438125
56	7	的	6.651139732543136
56	8	声音	16.805072393887407
56	9	。	1.842954447234618
57	1	爷爷	19.14233614214322
57	2	安装	16.95139176314918
57	3	过	7.195847590939081
57	4	他	8.568900356192273
57	5	设计	7.549785515690054
57	6	的	0.03962461035141729
57	7	机器	11.6190467568358
57	8	。	1.9066892551804386
58	1	爷爷	19.14233614214322
58	2	种植	14.398304562147398
58	3	过	7.823823871140803
58	4	他	8.241200438832728
58	5	设计	15.746597096361114
58	6	的	0.16089296459360014
58	7	机器	16.75218952478147
58	8	。	1.514771785750014
59	1	她	7.055910593164345
59	2	说	1.2037522031859087
59	3	过	11.5062568545028
59	4	这	7.213222970953112
59	5	些	13.6179957308626
59	6	我	8.072356092343703
59	7	听	10.304632972762164
59	8	过	2.5892111939921847
59	9	的	0.510096223178266
59	10	话	2.6841420644949707
59	11	。	7.541636660217918
60	1	她	7.055910593164345
60	2	吃	17.07731784364836
60	3	过	3.598314994254224
60	4	这	7.920475925884421
60	5	些	12.408772082833963
60	6	我	10.133598612169784
60	7	听	8.857712372631795
60	8	过	4.083579035616225
60	9	的	0.0404091011593124
60	10	话	4.556245842988389
60	11	。	8.255464970247928
61	1	母亲	15.789959700851341
61	2	买	11.595672041163088
61	3	了	0.8503970542830857
61	4	她	8.670636009466076
61	5	用	9.955286177250628
61	6	过	2.4368513927681548
61	7	的	0.3454994281212791
61	8	纸	13.747684187227271
61	9	。	13.702750565220072
62	1	母亲	15.789959700851341
62	2	喝	12.342384897954734
62	3	了	1.8391720852348072
62	4	她	13.33964747026646
62	5	用	8.342379751350776
62	6	过	3.904370867569071
62	7	的	0.5337111259181739
62	8	纸	13.695900016702147
62	9	。	13.421473755674143
