sentence_id	token_id	token	surprisal
1	1	随着	8.841960066067305
1	2	人民	9.5265775153797
1	3	选择	19.635596172293543
1	4	的	2.266588090142548
1	5	政府	18.08531165062857
1	6	发展	10.680076723517516
1	7	，	0.12238009094185998
1	8	经济	6.1665126428032835
1	9	变	14.53397031259017
1	10	好	14.149312105873236
1	11	了	0.7727258909846739
1	12	。	2.593966570258999
2	1	随着	8.841960066067305
2	2	人民	9.5265775153797
2	3	选择	19.635596172293543
2	4	的	2.266588090142548
2	5	政府	18.08531165062857
2	6	发展	10.680076723517516
2	7	。	17.19078057527622
3	1	随着	8.841960066067305
3	2	人民	9.5265775153797
3	3	需要	21.44605672553624
3	4	的	0.9031753309338555
3	5	互联网	15.118203235167613
3	6	的	10.366557315580195
3	7	出现	3.6166028149851996
3	8	，	0.05090313177018402
3	9	生活	12.465976041360378
3	10	质量	4.169577316892784
3	11	提高	4.7068557820474695
3	12	了	4.3445893376937335
3	13	。	2.464312293815766
4	1	随着	8.841960066067305
4	2	人民	9.5265775153797
4	3	需要	21.44605672553624
4	4	的	0.9031753309338555
4	5	互联网	15.118203235167613
4	6	的	10.366557315580195
4	7	出现	3.6166028149851996
4	8	。	12.785973234495899
5	1	随着	8.841960066067305
5	2	一阵	17.914500059154314
5	3	司机	17.689437450630255
5	4	播放	20.708948786586802
5	5	的	2.4954928322966055
5	6	铃声	14.551136943244629
5	7	，	0.07170429629783825
5	8	火车	16.22574531170541
5	9	开	11.151397435292083
5	10	了	1.9909658079029953
5	11	。	8.82699705364567
6	1	随着	8.841960066067305
6	2	一阵	17.914500059154314
6	3	司机	17.689437450630255
6	4	播放	20.708948786586802
6	5	的	2.4954928322966055
6	6	铃声	14.551136943244629
6	7	。	17.03673541805398
7	1	随着	8.841960066067305
7	2	我	12.809662888296213
7	3	认识	10.616524938250002
7	4	的	4.736301442099297
7	5	他	14.116301370343308
7	6	的	3.132800331044457
7	7	年龄	11.576258006934331
7	8	增长	11.298437917483596
7	9	，	3.752726569259522
7	10	他	3.9131015062083634
7	11	更	8.4328717319938
7	12	有	4.946541476404448
7	13	自信	10.776314494713134
7	14	了	7.324797203750663
7	15	。	0.05396360916540743
8	1	随着	8.841960066067305
8	2	我	12.809662888296213
8	3	认识	10.616524938250002
8	4	的	4.736301442099297
8	5	他	14.116301370343308
8	6	的	3.132800331044457
8	7	年龄	11.576258006934331
8	8	增长	11.298437917483596
8	9	。	14.26854256104636
9	1	随着	8.841960066067305
9	2	我	12.809662888296213
9	3	不	9.760692738602721
9	4	喜欢	5.813311603081061
9	5	的	9.490903394074863
9	6	冬天	14.311086804341862
9	7	的	9.332069958491374
9	8	到来	2.6393627103624056
9	9	，	0.0181755901488998
9	10	树木	15.271328755341571
9	11	凋零	20.261092992046215
9	12	了	4.378820399328546
9	13	。	4.114958932902425
10	1	随着	8.841960066067305
10	2	我	12.809662888296213
10	3	不	9.760692738602721
10	4	喜欢	5.813311603081061
10	5	的	9.490903394074863
10	6	冬天	14.311086804341862
10	7	的	9.332069958491374
10	8	到来	2.6393627103624056
10	9	。	13.289634284648216
11	1	随着	8.841960066067305
11	2	人民	9.5265775153797
11	3	需要	21.44605672553624
11	4	的	0.9031753309338555
11	5	科技	16.45158953527074
11	6	发展	7.278613842405633
11	7	，	0.11389990589751164
11	8	电脑	9.24175306657753
11	9	功能	14.217967481995828
11	10	变得	10.368716676831696
11	11	更	8.826636663834265
11	12	多	9.908935629053914
11	13	了	4.785602884983987
11	14	。	1.8836443975676929
12	1	随着	8.841960066067305
12	2	人民	9.5265775153797
12	3	需要	21.44605672553624
12	4	的	0.9031753309338555
12	5	科技	16.45158953527074
12	6	发展	7.278613842405633
12	7	。	17.03995917006776
13	1	自从	12.903334129420152
13	2	见	16.42785025107839
13	3	了	5.448373274494223
13	4	我	7.907164745363012
13	5	介绍	13.709532129749398
13	6	的	3.195866808408738
13	7	他	9.482685871366236
13	8	，	10.456181444316428
13	9	她	8.93591536459148
13	10	一直	6.834765976356678
13	11	在	1.8927580160583801
13	12	写信	19.018268225096435
13	13	。	4.0463108121161895
14	1	自从	12.903334129420152
14	2	见	16.42785025107839
14	3	了	5.448373274494223
14	4	我	7.907164745363012
14	5	介绍	13.709532129749398
14	6	的	3.195866808408738
14	7	他	9.482685871366236
14	8	。	15.763084190824998
15	1	自从	12.903334129420152
15	2	修	19.67177728439642
15	3	了	7.453453081072567
15	4	村民	14.348848621574923
15	5	需要	17.26865594568607
15	6	的	1.8938933334559778
15	7	公路	8.166291811225676
15	8	，	5.833683926686888
15	9	农村	12.689066029629572
15	10	经济	6.29267757646781
15	11	变	8.880639011987242
15	12	好	10.355275157716207
15	13	了	0.5746362270231486
15	14	。	15.501452749690728
16	1	自从	12.903334129420152
16	2	修	19.67177728439642
16	3	了	7.453453081072567
16	4	村民	14.348848621574923
16	5	需要	17.26865594568607
16	6	的	1.8938933334559778
16	7	公路	8.166291811225676
16	8	。	16.17085301831675
17	1	自从	12.903334129420152
17	2	离开	12.506329819311304
17	3	她	13.015223251752104
17	4	依赖	18.31872764700981
17	5	的	1.0899724977474037
17	6	家乡	6.474364191209361
17	7	，	11.239882169538433
17	8	她	6.574035680026398
17	9	一直	9.82064826584758
17	10	想念	17.953874748939114
17	11	父母	5.56095113814915
17	12	。	14.354925410057902
18	1	自从	12.903334129420152
18	2	离开	12.506329819311304
18	3	她	13.015223251752104
18	4	依赖	18.31872764700981
18	5	的	1.0899724977474037
18	6	家乡	6.474364191209361
18	7	。	16.36567812774915
19	1	自从	12.903334129420152
19	2	老师	16.964219026371396
19	3	称赞	15.218047410292705
19	4	的	14.997432412879583
19	5	他	6.377549299769591
19	6	开始	11.686531931534944
19	7	读书	9.222474123887054
19	8	，	2.3549663953470343
19	9	他	3.327316463514677
19	10	的	3.384270666960461
19	11	成绩	9.970321049072908
19	12	提高	7.403888135385742
19	13	了	0.5113778033313849
19	14	。	12.477506946973037
20	1	自从	12.903334129420152
20	2	老师	16.964219026371396
20	3	称赞	15.218047410292705
20	4	的	14.997432412879583
20	5	他	6.377549299769591
20	6	开始	11.686531931534944
20	7	读书	9.222474123887054
20	8	。	14.858234687776559
21	1	自从	12.903334129420152
21	2	老师	16.964219026371396
21	3	认可	16.093238351440135
21	4	的	11.868573937315915
21	5	他	6.523195423832696
21	6	获得	11.39630221390388
21	7	大奖	12.760411093530038
21	8	，	7.705866289355939
21	9	他	6.060954414557457
21	10	不	8.145749044606973
21	11	学习	17.524191487209265
21	12	了	8.399772038587315
21	13	。	9.590928297097548
22	1	自从	12.903334129420152
22	2	老师	16.964219026371396
22	3	认可	16.093238351440135
22	4	的	11.868573937315915
22	5	他	6.523195423832696
22	6	获得	11.39630221390388
22	7	大奖	12.760411093530038
22	8	。	14.985138013013824
23	1	自从	12.903334129420152
23	2	我	8.081194764709299
23	3	提到	11.445639751408724
23	4	的	11.113948524245451
23	5	她	10.696629381569956
23	6	认识	12.69940816921904
23	7	了	3.6111879503140756
23	8	老师	17.45040461541278
23	9	，	2.4202720474169723
23	10	她	3.1792189745739705
23	11	努力	13.548656475756673
23	12	训练	10.496398392779128
23	13	。	3.0261350747430527
24	1	自从	12.903334129420152
24	2	我	8.081194764709299
24	3	提到	11.445639751408724
24	4	的	11.113948524245451
24	5	她	10.696629381569956
24	6	认识	12.69940816921904
24	7	了	3.6111879503140756
24	8	老师	17.45040461541278
24	9	。	9.523050382068632
25	1	自从	12.903334129420152
25	2	我	8.081194764709299
25	3	帮助	13.625696537749864
25	4	过	8.79215085948433
25	5	的	14.121627824792483
25	6	她	14.03283289493745
25	7	参与	15.244887444051372
25	8	了	4.369895749572379
25	9	活动	11.77737642567945
25	10	，	6.705280007060082
25	11	她	6.740523348300812
25	12	认识	13.499929087419744
25	13	了	1.197758550104595
25	14	很多	5.614683632749006
25	15	人	5.5284590146561925
25	16	。	2.8569066442474025
26	1	自从	12.903334129420152
26	2	我	8.081194764709299
26	3	帮助	13.625696537749864
26	4	过	8.79215085948433
26	5	的	14.121627824792483
26	6	她	14.03283289493745
26	7	参与	15.244887444051372
26	8	了	4.369895749572379
26	9	活动	11.77737642567945
26	10	。	2.920264097477073
27	1	自从	12.903334129420152
27	2	我	8.081194764709299
27	3	关心	14.427267364019553
27	4	的	12.487186586071381
27	5	她	9.2871213519863
27	6	学习	16.462756008208217
27	7	了	2.651631459646879
27	8	外语	10.964866897472731
27	9	，	0.7234206018482894
27	10	她	3.5128359242092415
27	11	看	10.467880308823254
27	12	了	1.326728371308647
27	13	很多	5.672077636781864
27	14	电影	9.305472052544545
27	15	。	5.849631516715888
28	1	自从	12.903334129420152
28	2	我	8.081194764709299
28	3	关心	14.427267364019553
28	4	的	12.487186586071381
28	5	她	9.2871213519863
28	6	学习	16.462756008208217
28	7	了	2.651631459646879
28	8	外语	10.964866897472731
28	9	。	9.705584028620805
29	1	因为	9.497582686958179
29	2	喝	15.48248245736174
29	3	了	2.287050160966828
29	4	他	13.071384981991354
29	5	买	8.539502590210674
29	6	的	0.8020816463393388
29	7	酒	6.9217600287044405
29	8	，	0.12022930114666508
29	9	他	2.094885174457268
29	10	摔	15.274607014804396
29	11	了	1.0059307684929166
29	12	。	2.5300615935297657
30	1	因为	9.497582686958179
30	2	喝	15.48248245736174
30	3	了	2.287050160966828
30	4	他	13.071384981991354
30	5	买	8.539502590210674
30	6	的	0.8020816463393388
30	7	酒	6.9217600287044405
30	8	。	8.303048262482463
31	1	因为	9.497582686958179
31	2	老师	14.586755801007083
31	3	想	8.953681651579203
31	4	见	16.121122519134765
31	5	的	9.907701638259624
31	6	他	8.448315394038943
31	7	要	8.4945264753065
31	8	迟到	20.794095845105545
31	9	了	5.355578662621056
31	10	，	2.317145008688982
31	11	他	3.050484549713161
31	12	结束	17.080557451232607
31	13	了	0.919261407605191
31	14	谈话	13.201333772259517
31	15	。	1.1205599410577634
32	1	因为	9.497582686958179
32	2	老师	14.586755801007083
32	3	想	8.953681651579203
32	4	见	16.121122519134765
32	5	的	9.907701638259624
32	6	他	8.448315394038943
32	7	要	8.4945264753065
32	8	迟到	20.794095845105545
32	9	了	5.355578662621056
32	10	。	2.4603035589568805
33	1	因为	9.497582686958179
33	2	我	5.293083086160831
33	3	了解	9.696530409565451
33	4	的	5.349945280591026
33	5	他	8.93344589375505
33	6	没有	7.113873396862552
33	7	练习	16.031743229364317
33	8	题目	21.036037885058178
33	9	，	1.8936696149438461
33	10	他	4.240835011163227
33	11	没有	5.17162199057158
33	12	成功	9.927905338652508
33	13	。	1.6239057908453276
34	1	因为	9.497582686958179
34	2	我	5.293083086160831
34	3	了解	9.696530409565451
34	4	的	5.349945280591026
34	5	他	8.93344589375505
34	6	没有	7.113873396862552
34	7	练习	16.031743229364317
34	8	题目	21.036037885058178
34	9	。	1.4552695784983598
35	1	因为	9.497582686958179
35	2	她	6.7492627982944065
35	3	得	13.157544571914343
35	4	的	10.473195342278004
35	5	疾病	17.02809643859858
35	6	，	1.2611495986721977
35	7	她	2.3882501902535793
35	8	拒绝	11.8556200995123
35	9	了	2.9660664865122186
35	10	演出	17.878111712242628
35	11	。	1.7452820913096332
36	1	因为	9.497582686958179
36	2	她	6.7492627982944065
36	3	得	13.157544571914343
36	4	的	10.473195342278004
36	5	疾病	17.02809643859858
36	6	。	2.5467034556049626
37	1	因为	9.497582686958179
37	2	听	15.904732801905226
37	3	着	4.656006739944377
37	4	她	6.072573984376518
37	5	喜欢	10.535994893495761
37	6	的	13.528472326124081
37	7	音乐	11.128102645787536
37	8	，	0.5748000280561882
37	9	她	1.6331493505437322
37	10	错过	16.506778474945406
37	11	了	0.25235246328449534
37	12	广播	14.693360271052114
37	13	。	3.784586319584051
38	1	因为	9.497582686958179
38	2	听	15.904732801905226
38	3	着	4.656006739944377
38	4	她	6.072573984376518
38	5	喜欢	10.535994893495761
38	6	的	13.528472326124081
38	7	音乐	11.128102645787536
38	8	。	3.0080124116268507
39	1	尽管	9.235217249395438
39	2	工人	15.646963333143065
39	3	尊敬	16.928297779217957
39	4	的	3.1164254993484164
39	5	领导	12.674538603407782
39	6	已经	9.724717786775216
39	7	离去	18.61980225268958
39	8	，	0.451100148360851
39	9	工人	12.10318294424762
39	10	还	10.867462611361674
39	11	在	3.1522861229945818
39	12	工作	10.02256293085729
39	13	。	3.289903910108592
40	1	尽管	9.235217249395438
40	2	工人	15.646963333143065
40	3	尊敬	16.928297779217957
40	4	的	3.1164254993484164
40	5	领导	12.674538603407782
40	6	已经	9.724717786775216
40	7	离去	18.61980225268958
40	8	。	13.542665524116373
41	1	尽管	9.235217249395438
41	2	我	7.887227921128522
41	3	认识	11.220913157880457
41	4	的	5.633953357626243
41	5	他	11.101808327699274
41	6	年纪	14.678964645551204
41	7	小	6.480310398396213
41	8	，	0.373880871770794
41	9	他	4.471179703537146
41	10	有	10.255962462538093
41	11	能力	6.663413824465792
41	12	。	6.6980259670021525
42	1	尽管	9.235217249395438
42	2	我	7.887227921128522
42	3	认识	11.220913157880457
42	4	的	5.633953357626243
42	5	他	11.101808327699274
42	6	年纪	14.678964645551204
42	7	小	6.480310398396213
42	8	。	13.112492520667303
43	1	尽管	9.235217249395438
43	2	他	7.385016290535512
43	3	教	15.204994733231175
43	4	过	4.987832391260909
43	5	的	4.8763670848340155
43	6	她	10.37715273166048
43	7	会	9.480118841649897
43	8	开车	15.416334292608802
43	9	，	1.1686747502005232
43	10	她	3.550148248680628
43	11	今天	8.982036018498164
43	12	没有	9.307875406752274
43	13	开车	13.920857511881664
43	14	。	2.3534515850304274
44	1	尽管	9.235217249395438
44	2	他	7.385016290535512
44	3	教	15.204994733231175
44	4	过	4.987832391260909
44	5	的	4.8763670848340155
44	6	她	10.37715273166048
44	7	会	9.480118841649897
44	8	开车	15.416334292608802
44	9	。	13.589783178842708
45	1	尽管	9.235217249395438
45	2	我	7.887227921128522
45	3	欣赏	14.444166823369887
45	4	的	6.236668359992525
45	5	作家	14.435738881288252
45	6	很	5.91198877886481
45	7	年轻	9.569300565552268
45	8	，	0.06166408431923287
45	9	他	5.607202442965487
45	10	写	8.644159882804843
45	11	了	3.193181039094327
45	12	很多	5.632785006860644
45	13	作品	5.212946292642485
45	14	。	2.8489634448510515
46	1	尽管	9.235217249395438
46	2	我	7.887227921128522
46	3	欣赏	14.444166823369887
46	4	的	6.236668359992525
46	5	作家	14.435738881288252
46	6	很	5.91198877886481
46	7	年轻	9.569300565552268
46	8	。	11.688312511090515
47	1	尽管	9.235217249395438
47	2	他	7.385016290535512
47	3	尊敬	18.34433200468795
47	4	的	3.221383547697158
47	5	父亲	6.831183546526411
47	6	不	4.619379952432482
47	7	同意	9.709336445230107
47	8	他	3.136508937843921
47	9	唱歌	19.640513027643728
47	10	，	0.42796472361419546
47	11	他	4.016983400642559
47	12	还是	3.9070203645115384
47	13	买	12.811010457770124
47	14	了	0.14352684117334036
47	15	吉他	18.790010012566484
47	16	。	1.9901089225377149
48	1	尽管	9.235217249395438
48	2	他	7.385016290535512
48	3	尊敬	18.34433200468795
48	4	的	3.221383547697158
48	5	父亲	6.831183546526411
48	6	不	4.619379952432482
48	7	同意	9.709336445230107
48	8	他	3.136508937843921
48	9	唱歌	19.640513027643728
48	10	。	11.409787919008792
49	1	尽管	9.235217249395438
49	2	他	7.385016290535512
49	3	负责	14.58061858908324
49	4	的	1.5537182189325698
49	5	经济	10.211157665330283
49	6	不	9.75750650058086
49	7	好	6.893432806575547
49	8	，	0.09384320664975832
49	9	他	3.8467945509689443
49	10	还是	3.1506977092619906
49	11	关心	10.59471761042613
49	12	慈善	17.581595943914166
49	13	。	5.750082572483933
50	1	尽管	9.235217249395438
50	2	他	7.385016290535512
50	3	负责	14.58061858908324
50	4	的	1.5537182189325698
50	5	经济	10.211157665330283
50	6	不	9.75750650058086
50	7	好	6.893432806575547
50	8	。	13.802767909438543
51	1	如果	8.799724155402336
51	2	她	8.773377005592087
51	3	做	8.837222774049717
51	4	完	12.937254766071568
51	5	老师	12.127988965696538
51	6	布置	19.273635515310552
51	7	的	4.395288348926655
51	8	作业	6.324380823552119
51	9	，	0.05194120959404813
51	10	她	1.7115324179505649
51	11	去	11.83951660515082
51	12	健身房	14.843240671543867
51	13	。	12.57621909392077
52	1	如果	8.799724155402336
52	2	她	8.773377005592087
52	3	做	8.837222774049717
52	4	完	12.937254766071568
52	5	老师	12.127988965696538
52	6	布置	19.273635515310552
52	7	的	4.395288348926655
52	8	作业	6.324380823552119
52	9	。	13.293888414325124
53	1	如果	8.799724155402336
53	2	我	6.3999170566846075
53	3	采访	14.900165975760592
53	4	过	2.694030293119358
53	5	的	13.394926119836043
53	6	她们	16.949646061216527
53	7	照	20.129632768639958
53	8	了	4.649727978468746
53	9	相	17.50257589077424
53	10	，	4.699221377330076
53	11	她们	8.370828938075405
53	12	就	2.13890949883816
53	13	留下	16.614415865200655
53	14	了	0.12262356510532868
53	15	回忆	15.322031382317334
53	16	。	4.427350258588319
54	1	如果	8.799724155402336
54	2	我	6.3999170566846075
54	3	采访	14.900165975760592
54	4	过	2.694030293119358
54	5	的	13.394926119836043
54	6	她们	16.949646061216527
54	7	照	20.129632768639958
54	8	了	4.649727978468746
54	9	相	17.50257589077424
54	10	。	2.7520208684031076
55	1	如果	8.799724155402336
55	2	培养	18.339179868921185
55	3	了	4.204100583816302
55	4	她	11.097253547495214
55	5	需要	13.816055804818632
55	6	的	6.911279680204778
55	7	信心	8.151062593848316
55	8	，	0.10437753081554035
55	9	她	1.1947683037453203
55	10	可以	5.452328602321046
55	11	实现	8.37351351335738
55	12	梦想	8.765212684504561
55	13	。	0.26738602402939193
56	1	如果	8.799724155402336
56	2	培养	18.339179868921185
56	3	了	4.204100583816302
56	4	她	11.097253547495214
56	5	需要	13.816055804818632
56	6	的	6.911279680204778
56	7	信心	8.151062593848316
56	8	。	13.0957365144358
57	1	如果	8.799724155402336
57	2	父亲	14.712768416195738
57	3	期待	17.00136996105602
57	4	的	9.510593499943042
57	5	他	5.898334899493307
57	6	不	5.668462583929994
57	7	尝试	13.228602883857953
57	8	，	1.7525694328764132
57	9	他	2.4236200208260357
57	10	将	4.3862446415672025
57	11	失去	8.618008180338606
57	12	机会	6.236312157963042
57	13	。	0.3921872505282096
58	1	如果	8.799724155402336
58	2	父亲	14.712768416195738
58	3	期待	17.00136996105602
58	4	的	9.510593499943042
58	5	他	5.898334899493307
58	6	不	5.668462583929994
58	7	尝试	13.228602883857953
58	8	。	8.04995001619136
59	1	如果	8.799724155402336
59	2	母亲	14.240799394397909
59	3	喜欢	8.255453241911034
59	4	的	12.444298238661862
59	5	她	9.398550688914938
59	6	来	9.90830787046842
59	7	，	3.050886408967955
59	8	母亲	9.025770841921968
59	9	会	4.065581817100195
59	10	准备	12.235736777836166
59	11	水果	16.2874331517324
59	12	。	2.045040730290154
60	1	如果	8.799724155402336
60	2	母亲	14.240799394397909
60	3	喜欢	8.255453241911034
60	4	的	12.444298238661862
60	5	她	9.398550688914938
60	6	来	9.90830787046842
60	7	。	11.792021744390269
