sentence_id	token_id	token	surprisal
1	1	那	9.980842853415787
1	2	家	11.23354659679567
1	3	亲切	18.472648679278265
1	4	的	2.2601233069127886
1	5	老板	7.797098076572503
1	6	投资	13.948839152416092
1	7	的	10.839603531608304
1	8	饭店	16.41537823991088
1	9	很	8.090558372928385
1	10	受	6.5900186524532955
1	11	欢迎	0.7256165159362382
1	12	。	6.079706686924396
2	1	那	9.980842853415787
2	2	个	8.432623425006938
2	3	亲切	17.56977333833543
2	4	的	1.453054603444265
2	5	老板	14.464989223425654
2	6	投资	15.517689069035598
2	7	的	9.474646097915809
2	8	饭店	16.002232604584137
2	9	很	7.472432551605465
2	10	受	6.840460961046176
2	11	欢迎	0.8126123848230549
2	12	。	0.8425936204403826
3	1	那	9.980842853415787
3	2	幅	11.543599436384056
3	3	聪明	15.389650164029426
3	4	的	1.3988155808843459
3	5	朋友	16.258515916253373
3	6	喜欢	11.375765382975757
3	7	的	14.15100496813669
3	8	画	12.053390691826166
3	9	吸引	17.25118515437366
3	10	了	1.9477912962859136
3	11	我	5.4593435604605105
3	12	。	2.505688506273202
4	1	那	9.980842853415787
4	2	个	8.432623425006938
4	3	聪明	15.608565635767917
4	4	的	0.4309150405660631
4	5	朋友	7.034615107182923
4	6	喜欢	10.589361701873692
4	7	的	9.877991524360183
4	8	画	15.550181709111094
4	9	吸引	15.904773645773929
4	10	了	1.3198490521185704
4	11	我	4.089727641297813
4	12	。	6.568445394805181
5	1	那	9.980842853415787
5	2	件	9.038060021806967
5	3	细心	19.022204629732787
5	4	的	0.762599643078012
5	5	老师	12.594974366777343
5	6	收藏	17.687058953260554
5	7	的	7.765148398980898
5	8	艺术品	18.8410105045392
5	9	获	14.446526028277248
5	10	了	4.462786068280749
5	11	奖	11.287245830956664
5	12	。	3.1163163422479414
6	1	那	9.980842853415787
6	2	个	8.432623425006938
6	3	细心	17.975769620845995
6	4	的	1.0563693344907037
6	5	老师	9.103923707416811
6	6	收藏	18.563436035700477
6	7	的	7.163697372349475
6	8	艺术品	18.20712155007493
6	9	获	14.08175676516045
6	10	了	3.0429365446681658
6	11	奖	8.133803179860891
6	12	。	5.870687918869407
7	1	那	9.980842853415787
7	2	只	6.382601749086103
7	3	负责	13.58664594163541
7	4	的	10.527656080851681
7	5	店长	21.24811576774904
7	6	喜欢	13.40343098469937
7	7	的	13.29386584126101
7	8	宠物	18.433364374573387
7	9	生病	17.80124636125197
7	10	了	7.159363112850713
7	11	。	0.3076871674162476
8	1	那	9.980842853415787
8	2	个	8.432623425006938
8	3	负责	13.621482327239427
8	4	的	3.8617624164445274
8	5	店长	21.18969574302499
8	6	喜欢	15.007191427634666
8	7	的	11.286687162999328
8	8	宠物	20.385519422904096
8	9	生病	18.665727731766523
8	10	了	6.0426554935925765
8	11	。	0.9634836613722655
9	1	那	9.980842853415787
9	2	首	11.53651856427512
9	3	有名	15.888968942529338
9	4	的	0.6782552524443446
9	5	明星	15.148566006732047
9	6	唱	14.341010914018952
9	7	的	7.22229708434817
9	8	歌	12.682754749455341
9	9	很	8.959094796349774
9	10	好听	15.101487759098816
9	11	。	0.5045151020664065
10	1	那	9.980842853415787
10	2	个	8.432623425006938
10	3	有名	15.326836345468742
10	4	的	0.2759640845540119
10	5	明星	15.286098618072494
10	6	唱	14.855521595259987
10	7	的	6.614173980764392
10	8	歌	11.440959785600128
10	9	很	7.813351711151483
10	10	好听	14.851363765946118
10	11	。	0.9994460002407948
11	1	那	9.980842853415787
11	2	所	12.252314767333345
11	3	富有	12.032430626969116
11	4	的	6.709329096569249
11	5	老人	14.445483480889486
11	6	去	12.196835349937444
11	7	的	11.39373318255403
11	8	学校	9.362235556500238
11	9	关闭	19.8621851764846
11	10	了	1.6877278796840045
11	11	。	0.9508961825645059
12	1	那	9.980842853415787
12	2	个	8.432623425006938
12	3	富有	15.341940262990732
12	4	的	5.133873287829978
12	5	老人	13.498797061157603
12	6	去	10.91280185467496
12	7	的	5.235153794707635
12	8	学校	11.365064556970566
12	9	关闭	16.745898004905087
12	10	了	1.5407992939304762
12	11	。	1.7795152777893861
13	1	那	9.980842853415787
13	2	件	9.038060021806967
13	3	紧张	18.873665755087277
13	4	的	1.714316334542275
13	5	司机	17.312492846107162
13	6	带	9.228611138408773
13	7	的	13.55653166828668
13	8	行李	13.662922273313072
13	9	丢	15.702866966402397
13	10	了	0.4312833224751529
13	11	。	4.560310390262359
14	1	那	9.980842853415787
14	2	个	8.432623425006938
14	3	紧张	15.585116063482502
14	4	的	0.8439166810903416
14	5	司机	14.977050198594561
14	6	带	9.01819127903336
14	7	的	11.87232836238639
14	8	行李	13.46396443374374
14	9	丢	16.44039929125651
14	10	了	0.5048280284285198
14	11	。	5.013281644933684
15	1	那	9.980842853415787
15	2	本	9.371361307078697
15	3	有名	15.54998885105957
15	4	的	0.33361067023131596
15	5	作家	13.642882301468312
15	6	写	7.702131874945088
15	7	的	3.8888093628243112
15	8	书	16.666540033635577
15	9	很	7.5094101438013325
15	10	受	8.458364631901134
15	11	欢迎	0.7796769736984572
15	12	。	1.229222239309948
16	1	那	9.980842853415787
16	2	个	8.432623425006938
16	3	有名	15.326836345468742
16	4	的	0.2759640845540119
16	5	作家	11.116994199861317
16	6	写	10.60180371741366
16	7	的	3.2440260809531978
16	8	书	16.042909496027782
16	9	很	7.44813879162858
16	10	受	7.861164129301017
16	11	欢迎	0.7509916222545456
16	12	。	1.174009996690046
17	1	那	9.980842853415787
17	2	辆	10.668138627979356
17	3	熟悉	16.81103690248977
17	4	的	4.235781818055173
17	5	朋友	14.275885048130597
17	6	开	9.923079371960931
17	7	的	3.890802460389949
17	8	车	2.100434365426196
17	9	坏	16.01688889257288
17	10	了	0.7848502342985171
17	11	。	2.7039300707471767
18	1	那	9.980842853415787
18	2	个	8.432623425006938
18	3	熟悉	17.214969555340183
18	4	的	2.104533868539697
18	5	朋友	6.266994142624711
18	6	开	13.302743021852677
18	7	的	7.342361248276198
18	8	车	10.296378536752457
18	9	坏	18.071803215813077
18	10	了	1.5172465497682026
18	11	。	3.1381542961869258
19	1	那	9.980842853415787
19	2	份	7.55263839617049
19	3	淘气	21.02641129340717
19	4	的	3.7882849386983253
19	5	孩子	14.938728858622333
19	6	做	12.677754045032756
19	7	的	3.5008543247546413
19	8	作业	16.993655121103558
19	9	获	19.23517045272257
19	10	了	4.831215004418951
19	11	奖	13.815171820194237
19	12	。	1.6526384559414282
20	1	那	9.980842853415787
20	2	个	8.432623425006938
20	3	淘气	19.493430827244538
20	4	的	3.6907068398779685
20	5	孩子	6.37742753362339
20	6	做	11.225452816377668
20	7	的	1.9197653944015656
20	8	作业	17.19165146279893
20	9	获	20.94221986175984
20	10	了	4.283465024800989
20	11	奖	13.18212706507856
20	12	。	1.5759597421247378
21	1	那	9.980842853415787
21	2	份	7.55263839617049
21	3	严格	14.937721271838821
21	4	的	1.8233130506610848
21	5	老板	17.205258335923062
21	6	制定	15.986243005073163
21	7	的	7.28953025636622
21	8	合同	10.556999085517674
21	9	到期	15.161144491580444
21	10	了	6.347151670880706
21	11	。	0.7401514378145748
22	1	那	9.980842853415787
22	2	个	8.432623425006938
22	3	严格	16.64894876594375
22	4	的	2.8663351142231406
22	5	老板	16.46209581936148
22	6	制定	16.712292728442215
22	7	的	9.520258862222548
22	8	合同	11.545604987093853
22	9	到期	15.349481640730403
22	10	了	7.798314933673467
22	11	。	1.6916221381751484
23	1	那	9.980842853415787
23	2	间	14.694829026830767
23	3	负责	13.753011046244204
23	4	的	5.948847133116146
23	5	朋友	12.516879735902599
23	6	开	10.965599496386986
23	7	的	7.741058562213112
23	8	工厂	9.454148277843714
23	9	倒闭	18.99735391595955
23	10	了	2.6564458782617635
23	11	。	0.667072405302406
24	1	那	9.980842853415787
24	2	个	8.432623425006938
24	3	负责	13.621482327239427
24	4	的	3.8617624164445274
24	5	朋友	13.360240831997345
24	6	开	11.833827708855416
24	7	的	7.239711121196066
24	8	工厂	11.277385247341897
24	9	倒闭	18.668343684470102
24	10	了	2.7736252252736904
24	11	。	0.8000196855916499
25	1	那	9.980842853415787
25	2	张	9.463018748184098
25	3	聪明	15.94073362288011
25	4	的	1.2049163919516772
25	5	孩子	11.538752759580504
25	6	照	18.39180101851928
25	7	的	8.879367164777449
25	8	照片	14.745528352846208
25	9	丢	16.75875409203917
25	10	了	0.4144987605942845
25	11	。	3.6763812390737485
26	1	那	9.980842853415787
26	2	个	8.432623425006938
26	3	聪明	15.608565635767917
26	4	的	0.4309150405660631
26	5	孩子	6.4971421642232485
26	6	照	19.225941609554127
26	7	的	7.474100769001417
26	8	照片	17.27255272459854
26	9	丢	15.648945383334521
26	10	了	0.627402658489487
26	11	。	2.741521872288544
27	1	那	9.980842853415787
27	2	台	12.342900109368287
27	3	负责	14.582306076248827
27	4	的	6.686640585910652
27	5	老师	13.85087230392837
27	6	用	8.461098275351056
27	7	的	11.081440463045993
27	8	手机	11.077565886180707
27	9	很	7.528118915435186
27	10	好用	17.01698041695927
27	11	。	0.6818402444749836
28	1	那	9.980842853415787
28	2	个	8.432623425006938
28	3	负责	13.621482327239427
28	4	的	3.8617624164445274
28	5	老师	13.15720326943972
28	6	用	9.706381714648273
28	7	的	9.486516083334926
28	8	手机	11.843967128878518
28	9	很	8.106125360173749
28	10	好用	17.299431008049467
28	11	。	1.1451684833090354
29	1	那	9.980842853415787
29	2	朵	20.619289902784285
29	3	细心	17.574131281763574
29	4	的	0.9625682552200914
29	5	邻居	16.094382873846747
29	6	种	14.397468908473002
29	7	的	9.234060942606675
29	8	花	11.466829812529326
29	9	很	8.382391160021598
29	10	好看	12.443247152015545
29	11	。	1.2926112837294284
30	1	那	9.980842853415787
30	2	个	8.432623425006938
30	3	细心	17.975769620845995
30	4	的	1.0563693344907037
30	5	邻居	10.623769167089947
30	6	种	14.855056311141915
30	7	的	8.126743007517994
30	8	花	11.125729091726058
30	9	很	7.803500698545335
30	10	好看	12.735391300328544
30	11	。	2.4404247640199372
31	1	那	9.980842853415787
31	2	台	12.342900109368287
31	3	优秀	12.526814966629757
31	4	的	2.27990809003591
31	5	科学家	13.725355228607498
31	6	做	14.68926943895373
31	7	的	5.416622884749287
31	8	电视	18.09152312051036
31	9	坏	14.52016286175673
31	10	了	1.5673378440386188
31	11	。	3.8850638792325185
32	1	那	9.980842853415787
32	2	个	8.432623425006938
32	3	优秀	15.497588605132655
32	4	的	1.4104757257080607
32	5	科学家	9.857877750734936
32	6	做	12.937208798021402
32	7	的	3.493764668305751
32	8	电视	17.986491569503436
32	9	坏	13.19385251054257
32	10	了	2.2435207353267828
32	11	。	4.137659460523949
33	1	那	9.980842853415787
33	2	栋	12.945252920468587
33	3	富有	12.226553513102107
33	4	的	10.565364768918833
33	5	男人	13.44071439220312
33	6	买	12.220544235254906
33	7	的	9.976880715302727
33	8	房子	9.495215850600744
33	9	起火	15.820852910722309
33	10	了	2.1682139471775628
33	11	。	0.6990843433038947
34	1	那	9.980842853415787
34	2	个	8.432623425006938
34	3	富有	15.341940262990732
34	4	的	5.133873287829978
34	5	男人	9.27824008955291
34	6	买	13.075089582526417
34	7	的	7.956194376032087
34	8	房子	7.399771128837145
34	9	起火	18.2617259729616
34	10	了	4.741929706286953
34	11	。	0.9402573578541933
35	1	那	9.980842853415787
35	2	条	10.073769201282662
35	3	紧张	15.277917921690733
35	4	的	1.3223251438230434
35	5	朋友	17.92425229377838
35	6	给	8.253874190459818
35	7	的	17.454208713712433
35	8	建议	14.854150628642259
35	9	很	6.450171687125149
35	10	真诚	11.457775784336249
35	11	。	0.9383165849753397
36	1	那	9.980842853415787
36	2	个	8.432623425006938
36	3	紧张	15.585116063482502
36	4	的	0.8439166810903416
36	5	朋友	14.150945741288595
36	6	给	8.21174904172291
36	7	的	15.336457430276454
36	8	建议	14.324319553959
36	9	很	5.832415472662532
36	10	真诚	11.421197343579877
36	11	。	1.63472760440564
37	1	那	9.980842853415787
37	2	支	12.304398248169157
37	3	负责	12.176573999290397
37	4	的	6.373851347746005
37	5	老师	15.231606329892472
37	6	用	7.9759278602963875
37	7	的	10.908167985066427
37	8	笔	14.243545977153971
37	9	坏	17.002858612683994
37	10	了	0.7705445294942876
37	11	。	3.0292249601911863
38	1	那	9.980842853415787
38	2	个	8.432623425006938
38	3	负责	13.621482327239427
38	4	的	3.8617624164445274
38	5	老师	13.15720326943972
38	6	用	9.706381714648273
38	7	的	9.486516083334926
38	8	笔	15.355238333866836
38	9	坏	16.31050740402071
38	10	了	0.7527609523875896
38	11	。	1.8897050778437574
39	1	那	9.980842853415787
39	2	只	6.382601749086103
39	3	内向	22.015444899813584
39	4	的	9.316635591899896
39	5	女人	8.891823470532962
39	6	丢	17.362287238943274
39	7	的	11.621294450256542
39	8	鞋子	19.843041271479223
39	9	被	8.921050432280992
39	10	找到	13.717008454510363
39	11	了	4.6776146558923415
39	12	。	1.4183842120010013
40	1	那	9.980842853415787
40	2	个	8.432623425006938
40	3	内向	18.339111323250535
40	4	的	4.672644140146637
40	5	女人	7.24975975675774
40	6	丢	18.066209572059478
40	7	的	9.71877539603814
40	8	鞋子	20.308499836837214
40	9	被	9.339792381150232
40	10	找到	13.726902233864237
40	11	了	3.3826394709659553
40	12	。	1.8185123011748345
41	1	那	9.980842853415787
41	2	条	10.073769201282662
41	3	孤独	19.141811978477154
41	4	的	2.3621919171334227
41	5	邻居	14.37955836501375
41	6	养	12.754959486317723
41	7	的	8.639482472723827
41	8	狗	10.572482280711228
41	9	生病	18.37862174488025
41	10	了	4.135364855022431
41	11	。	0.4836195233957312
42	1	那	9.980842853415787
42	2	个	8.432623425006938
42	3	孤独	19.90497308817374
42	4	的	2.264820052007792
42	5	邻居	11.740384377913074
42	6	养	13.510372433758334
42	7	的	7.270641869192801
42	8	狗	10.252675526203262
42	9	生病	18.06912426400011
42	10	了	3.064509002537463
42	11	。	1.1575676272673547
43	1	那	9.980842853415787
43	2	座	9.656879639960895
43	3	幽默	18.119083060764456
43	4	的	1.547371657185515
43	5	老人	13.470872117903482
43	6	修	18.1532147358298
43	7	的	8.119682098395515
43	8	桥	13.360551996797824
43	9	帮助	17.74217505004509
43	10	了	5.146967939495312
43	11	我	4.2105990197078
43	12	。	1.3546166311072625
44	1	那	9.980842853415787
44	2	个	8.432623425006938
44	3	幽默	17.369451428034935
44	4	的	0.781617738788384
44	5	老人	12.746708513667777
44	6	修	18.493974757485333
44	7	的	6.74951875018337
44	8	桥	13.801728910832537
44	9	帮助	16.71743048819623
44	10	了	5.388011323113702
44	11	我	3.341104151018328
44	12	。	1.8928935175109984
45	1	那	9.980842853415787
45	2	篇	9.970530681242384
45	3	认真	14.748818972418963
45	4	的	1.304589407375822
45	5	学生	16.12636461418291
45	6	准备	16.942502170429762
45	7	的	5.8361236337137115
45	8	报告	5.83717883401745
45	9	感动	17.67174433059857
45	10	了	0.957557935078043
45	11	我	4.165614408647997
45	12	。	3.3686870093156642
46	1	那	9.980842853415787
46	2	个	8.432623425006938
46	3	认真	16.44698534946849
46	4	的	1.2887107849942154
46	5	学生	13.695451872776985
46	6	准备	14.252707853681102
46	7	的	5.4307429576277855
46	8	报告	16.250278468498124
46	9	感动	19.4810006461979
46	10	了	8.461990698787787
46	11	我	11.717487918352688
46	12	。	7.401701675820689
47	1	那	9.980842853415787
47	2	封	10.813854682158155
47	3	亲切	16.187874618407935
47	4	的	0.9467089490104357
47	5	朋友	15.049266081799153
47	6	写	10.144908546254442
47	7	的	4.5164062778545
47	8	信	13.640932050165702
47	9	很	7.921272115287721
47	10	真诚	11.400878301632176
47	11	。	0.569573104196607
48	1	那	9.980842853415787
48	2	个	8.432623425006938
48	3	亲切	17.56977333833543
48	4	的	1.453054603444265
48	5	朋友	4.896456520109524
48	6	写	10.841849563265036
48	7	的	2.834544521226917
48	8	信	15.514430809279872
48	9	很	7.589657739319279
48	10	真诚	10.590108159730534
48	11	。	0.7610109509253675
49	1	那	9.980842853415787
49	2	堂	22.05080137365848
49	3	有名	14.84436316408486
49	4	的	1.7251885174679273
49	5	老师	14.284389504868841
49	6	教	11.461300539487617
49	7	的	9.942098698172074
49	8	课	17.42775563838181
49	9	获	19.432935150902637
49	10	了	5.5272001006207745
49	11	奖	13.0374566144977
49	12	。	1.2124440428100058
50	1	那	9.980842853415787
50	2	个	8.432623425006938
50	3	有名	15.326836345468742
50	4	的	0.2759640845540119
50	5	老师	11.688879163515502
50	6	教	12.055547697332443
50	7	的	8.47945607084283
50	8	课	14.162873671489223
50	9	获	17.08194119434681
50	10	了	4.0692742266995054
50	11	奖	10.419452290606188
50	12	。	5.653795542128975
51	1	那	9.980842853415787
51	2	块	13.281748936419596
51	3	细心	17.445890944230456
51	4	的	1.9714884878293404
51	5	医生	12.953369668376276
51	6	喜欢	13.59901266356539
51	7	的	10.919992542180168
51	8	手表	18.381147052667032
51	9	丢	18.030185978882272
51	10	了	0.8051898817501524
51	11	。	7.0029533737119465
52	1	那	9.980842853415787
52	2	个	8.432623425006938
52	3	细心	17.975769620845995
52	4	的	1.0563693344907037
52	5	医生	7.454128064305728
52	6	喜欢	13.360272333909727
52	7	的	10.213998980482387
52	8	手表	18.28924326576019
52	9	丢	18.048935552250924
52	10	了	0.7989999916152613
52	11	。	7.101642050073451
53	1	那	9.980842853415787
53	2	篇	9.970530681242384
53	3	优秀	16.75930695002776
53	4	的	1.1078216103395064
53	5	学生	13.711980035220577
53	6	写	9.075655426381914
53	7	的	3.721818722260238
53	8	论文	13.460840924922522
53	9	感动	22.080263633958467
53	10	了	3.1855208537506883
53	11	我	5.48985864814253
53	12	。	1.8583903827114767
54	1	那	9.980842853415787
54	2	个	8.432623425006938
54	3	优秀	15.497588605132655
54	4	的	1.4104757257080607
54	5	学生	8.953670057824908
54	6	写	12.084544926587789
54	7	的	1.9081216894869897
54	8	论文	12.149756742646403
54	9	感动	20.20981177352556
54	10	了	1.7855940994136716
54	11	我	3.686048230883628
54	12	。	1.0820915757308
55	1	那	9.980842853415787
55	2	场	10.324659579239775
55	3	专业	18.39836280339677
55	4	的	5.457962654190034
55	5	演员	16.32614265189708
55	6	准备	13.945305562827677
55	7	的	6.94016589104038
55	8	表演	9.830128380685892
55	9	很	8.002248864654774
55	10	受	6.298035095608682
55	11	欢迎	0.8560508704517957
55	12	。	0.25638589673435774
56	1	那	9.980842853415787
56	2	个	8.432623425006938
56	3	专业	12.052526969434453
56	4	的	6.768934870869501
56	5	演员	13.130808232610605
56	6	准备	13.053900328198687
56	7	的	5.050017631706808
56	8	表演	11.965295717666663
56	9	很	5.937022255573282
56	10	受	7.678179193544892
56	11	欢迎	0.2594022697613809
56	12	。	0.8402201341941691
57	1	那	9.980842853415787
57	2	间	14.694829026830767
57	3	勇敢	14.984881683483273
57	4	的	2.2236328123114006
57	5	警察	12.124582591787203
57	6	工作	15.568432191922085
57	7	的	7.988340486753728
57	8	办公室	17.009806685834775
57	9	起火	15.537645977893703
57	10	了	3.674119703934295
57	11	。	1.8574921333353558
58	1	那	9.980842853415787
58	2	个	8.432623425006938
58	3	勇敢	16.191753906058267
58	4	的	0.6406492019352257
58	5	警察	13.347822217072647
58	6	工作	15.889366883321316
58	7	的	8.730879615636553
58	8	办公室	17.106579442806748
58	9	起火	14.510952807029923
58	10	了	3.2499530521299107
58	11	。	3.6661723586721706
59	1	那	9.980842853415787
59	2	首	11.53651856427512
59	3	聪明	17.184385427045058
59	4	的	1.220258784607708
59	5	孩子	11.201250499751055
59	6	写	10.11179749260554
59	7	的	3.1431594116284387
59	8	诗	17.80221637617811
59	9	很	9.269877153524263
59	10	有趣	8.948446108217638
59	11	。	1.1674519305366005
60	1	那	9.980842853415787
60	2	个	8.432623425006938
60	3	聪明	15.608565635767917
60	4	的	0.4309150405660631
60	5	孩子	6.4971421642232485
60	6	写	12.410452767171776
60	7	的	2.4423396347878494
60	8	诗	19.208409087475587
60	9	很	8.507548493395461
60	10	有趣	8.409457403816944
60	11	。	1.6435115531410815
61	1	那	9.980842853415787
61	2	家	11.23354659679567
61	3	细心	17.976009214161436
61	4	的	1.1087183540277934
61	5	朋友	7.455772273614038
61	6	去	9.024806615226616
61	7	的	9.930036230887133
61	8	银行	11.141242400127396
61	9	帮助	10.899993553728791
61	10	了	4.384640572665532
61	11	我	2.8891768509940476
61	12	。	2.978280613013567
62	1	那	9.980842853415787
62	2	个	8.432623425006938
62	3	细心	17.975769620845995
62	4	的	1.0563693344907037
62	5	朋友	6.541769790849628
62	6	去	8.482548851540678
62	7	的	9.806213119484944
62	8	银行	11.056581923969489
62	9	帮助	11.289201666247038
62	10	了	4.273227567181053
62	11	我	2.5914558873805618
62	12	。	3.0232015542492547
