sentence_id	token_id	token	surprisal
1	1	随着	8.661231082092735
1	2	人民	8.636884440438815
1	3	选择	18.902121334500304
1	4	的	2.1335136479197203
1	5	政府	19.140937925764554
1	6	发展	10.86041079185489
1	7	，	0.6854968864340805
1	8	经济	6.950533352816336
1	9	变	16.280345836775126
1	10	好	12.704513799713368
1	11	了	4.359527245315604
1	12	。	14.488457609082033
2	1	随着	8.661231082092735
2	2	人民	8.636884440438815
2	3	选择	18.902121334500304
2	4	的	2.1335136479197203
2	5	政府	19.140937925764554
2	6	发展	10.86041079185489
2	7	。	17.982180637139564
3	1	随着	8.661231082092735
3	2	人民	8.636884440438815
3	3	需要	19.446948721263066
3	4	的	1.4544995481315084
3	5	互联网	21.821609021468923
3	6	的	10.1306882979218
3	7	出现	8.618603813585864
3	8	，	0.07720308749101434
3	9	生活	10.988314068729295
3	10	质量	5.319622204610923
3	11	提高	6.586823944011684
3	12	了	4.039320953009764
3	13	。	0.7155696666876281
4	1	随着	8.661231082092735
4	2	人民	8.636884440438815
4	3	需要	19.446948721263066
4	4	的	1.4544995481315084
4	5	互联网	21.821609021468923
4	6	的	10.1306882979218
4	7	出现	8.618603813585864
4	8	。	14.22689268712449
5	1	随着	8.661231082092735
5	2	一阵	17.13098467624529
5	3	司机	17.460305327169632
5	4	播放	15.416176796197256
5	5	的	3.6984116326547323
5	6	铃声	14.780575112510725
5	7	，	0.07123030003006647
5	8	火车	14.482703705775577
5	9	开	12.197228314338659
5	10	了	1.0224892021011982
5	11	。	7.711210145470048
6	1	随着	8.661231082092735
6	2	一阵	17.13098467624529
6	3	司机	17.460305327169632
6	4	播放	15.416176796197256
6	5	的	3.6984116326547323
6	6	铃声	14.780575112510725
6	7	。	17.041329649093797
7	1	随着	8.661231082092735
7	2	我	14.240258343768948
7	3	认识	11.490757847328467
7	4	的	2.605596092005449
7	5	他	18.126761005423702
7	6	的	4.795616144653607
7	7	年龄	9.631480726814338
7	8	增长	11.002457855289961
7	9	，	2.878599632936414
7	10	他	2.376087958122156
7	11	更	10.699947448343593
7	12	有	6.846537310826747
7	13	自信	11.145118915768407
7	14	了	9.694943612812978
7	15	。	0.3938618948179311
8	1	随着	8.661231082092735
8	2	我	14.240258343768948
8	3	认识	11.490757847328467
8	4	的	2.605596092005449
8	5	他	18.126761005423702
8	6	的	4.795616144653607
8	7	年龄	9.631480726814338
8	8	增长	11.002457855289961
8	9	。	11.200711507150729
9	1	随着	8.661231082092735
9	2	我	14.240258343768948
9	3	不	13.637272966789261
9	4	喜欢	5.172185242330549
9	5	的	4.698378500325994
9	6	冬天	16.763841049313484
9	7	的	3.7688046248869185
9	8	到来	2.927397376635838
9	9	，	0.0499494399171283
9	10	树木	15.842587251864416
9	11	凋零	19.889742974665822
9	12	了	7.515749702708675
9	13	。	0.6603222516359608
10	1	随着	8.661231082092735
10	2	我	14.240258343768948
10	3	不	13.637272966789261
10	4	喜欢	5.172185242330549
10	5	的	4.698378500325994
10	6	冬天	16.763841049313484
10	7	的	3.7688046248869185
10	8	到来	2.927397376635838
10	9	。	11.992644440678205
11	1	随着	8.661231082092735
11	2	人民	8.636884440438815
11	3	需要	19.446948721263066
11	4	的	1.4544995481315084
11	5	科技	17.097701675172118
11	6	发展	8.238012334379128
11	7	，	0.4230428358838054
11	8	电脑	10.160492612802308
11	9	功能	14.333392975941635
11	10	变得	11.455132423262228
11	11	更	8.989847964692402
11	12	多	7.551688555135556
11	13	了	6.962356893290618
11	14	。	0.4994825583251412
12	1	随着	8.661231082092735
12	2	人民	8.636884440438815
12	3	需要	19.446948721263066
12	4	的	1.4544995481315084
12	5	科技	17.097701675172118
12	6	发展	8.238012334379128
12	7	。	17.36486986612592
13	1	自从	13.473648161059957
13	2	见	16.227616252904454
13	3	了	7.481643286822845
13	4	我	7.12177242913269
13	5	介绍	14.02735057857467
13	6	的	2.9008919585688346
13	7	他	11.604778458130795
13	8	，	9.426389366292469
13	9	她	7.8603555453006635
13	10	一直	12.549601432988311
13	11	在	2.6921731873682404
13	12	写信	18.3127106458451
13	13	。	17.775372666350037
14	1	自从	13.473648161059957
14	2	见	16.227616252904454
14	3	了	7.481643286822845
14	4	我	7.12177242913269
14	5	介绍	14.02735057857467
14	6	的	2.9008919585688346
14	7	他	11.604778458130795
14	8	。	15.1214028665119
15	1	自从	13.473648161059957
15	2	修	18.310132639323655
15	3	了	6.695528281768954
15	4	村民	12.255556128957494
15	5	需要	18.97431944854638
15	6	的	7.317532549532572
15	7	公路	4.345442020007852
15	8	，	11.0304096422674
15	9	农村	12.362342639490677
15	10	经济	10.65752555696892
15	11	变	11.493145929170822
15	12	好	13.950671873119333
15	13	了	1.4085411109346353
15	14	。	7.156555752085296
16	1	自从	13.473648161059957
16	2	修	18.310132639323655
16	3	了	6.695528281768954
16	4	村民	12.255556128957494
16	5	需要	18.97431944854638
16	6	的	7.317532549532572
16	7	公路	4.345442020007852
16	8	。	16.960376660684958
17	1	自从	13.473648161059957
17	2	离开	13.249161997253983
17	3	她	12.734576030640248
17	4	依赖	19.700876209184052
17	5	的	2.4688645429719287
17	6	家乡	5.413427033878172
17	7	，	4.6910200139910785
17	8	她	2.2402602839595005
17	9	一直	6.215978973509991
17	10	想念	15.524013257765418
17	11	父母	4.2160070340514295
17	12	。	1.5640511964614916
18	1	自从	13.473648161059957
18	2	离开	13.249161997253983
18	3	她	12.734576030640248
18	4	依赖	19.700876209184052
18	5	的	2.4688645429719287
18	6	家乡	5.413427033878172
18	7	。	16.246766649761426
19	1	自从	13.473648161059957
19	2	老师	16.43403026974977
19	3	称赞	16.393390885008937
19	4	的	15.688708585413515
19	5	他	5.194243454592971
19	6	开始	13.81696651874826
19	7	读书	9.420844666623722
19	8	，	1.3270463341777656
19	9	他	2.65443823443006
19	10	的	2.859117908709223
19	11	成绩	7.230801824330214
19	12	提高	8.048539937727583
19	13	了	0.4178406800888581
19	14	。	5.7868396433348295
20	1	自从	13.473648161059957
20	2	老师	16.43403026974977
20	3	称赞	16.393390885008937
20	4	的	15.688708585413515
20	5	他	5.194243454592971
20	6	开始	13.81696651874826
20	7	读书	9.420844666623722
20	8	。	9.743661465704747
21	1	自从	13.473648161059957
21	2	老师	16.43403026974977
21	3	认可	17.675157884485035
21	4	的	13.962196274514774
21	5	他	6.545093404143358
21	6	获得	11.337835388201412
21	7	大奖	14.230382371250016
21	8	，	1.2401549163523384
21	9	他	3.6081045405682772
21	10	不	7.098025328726692
21	11	学习	15.391280257274886
21	12	了	6.904226566749301
21	13	。	3.9472468359881674
22	1	自从	13.473648161059957
22	2	老师	16.43403026974977
22	3	认可	17.675157884485035
22	4	的	13.962196274514774
22	5	他	6.545093404143358
22	6	获得	11.337835388201412
22	7	大奖	14.230382371250016
22	8	。	9.615556640993418
23	1	自从	13.473648161059957
23	2	我	7.9531984123993364
23	3	提到	11.326935535204456
23	4	的	11.271599433537524
23	5	她	8.777912389432352
23	6	认识	11.196112895728767
23	7	了	4.102664495550755
23	8	老师	16.908816297672487
23	9	，	3.7388911261498805
23	10	她	3.396797049541888
23	11	努力	12.638888490316674
23	12	训练	9.397457010846892
23	13	。	4.332603984396869
24	1	自从	13.473648161059957
24	2	我	7.9531984123993364
24	3	提到	11.326935535204456
24	4	的	11.271599433537524
24	5	她	8.777912389432352
24	6	认识	11.196112895728767
24	7	了	4.102664495550755
24	8	老师	16.908816297672487
24	9	。	9.971214863806281
25	1	自从	13.473648161059957
25	2	我	7.9531984123993364
25	3	帮助	14.455548762521026
25	4	过	8.49203585509239
25	5	的	14.207714546055186
25	6	她	8.489148609124761
25	7	参与	12.58333424015558
25	8	了	2.902524096572492
25	9	活动	10.511801915450746
25	10	，	0.1635190435691385
25	11	她	4.81572815437579
25	12	认识	10.628720746546136
25	13	了	1.607077752457002
25	14	很多	5.157832123318116
25	15	人	2.771013515846306
25	16	。	3.435244470560221
26	1	自从	13.473648161059957
26	2	我	7.9531984123993364
26	3	帮助	14.455548762521026
26	4	过	8.49203585509239
26	5	的	14.207714546055186
26	6	她	8.489148609124761
26	7	参与	12.58333424015558
26	8	了	2.902524096572492
26	9	活动	10.511801915450746
26	10	。	5.733912597980961
27	1	自从	13.473648161059957
27	2	我	7.9531984123993364
27	3	关心	15.52563025907314
27	4	的	12.835537772506441
27	5	她	8.016515368307594
27	6	学习	13.818717281266025
27	7	了	5.721068319300528
27	8	外语	10.413956288552697
27	9	，	0.9628342329892803
27	10	她	5.3093861290958415
27	11	看	11.563427603952462
27	12	了	0.26779567770942947
27	13	很多	6.584332106846432
27	14	电影	8.146520122393923
27	15	。	11.614037029006454
28	1	自从	13.473648161059957
28	2	我	7.9531984123993364
28	3	关心	15.52563025907314
28	4	的	12.835537772506441
28	5	她	8.016515368307594
28	6	学习	13.818717281266025
28	7	了	5.721068319300528
28	8	外语	10.413956288552697
28	9	。	2.573531107810055
29	1	因为	9.656495617632554
29	2	喝	13.973908754592646
29	3	了	2.9383367484941445
29	4	他	10.845139640885861
29	5	买	8.964712595979506
29	6	的	3.0275543733973294
29	7	酒	8.41079366174855
29	8	，	0.6925333195662446
29	9	他	2.9598302390111684
29	10	摔	15.194640291194332
29	11	了	0.7719241893886419
29	12	。	7.792085320296508
30	1	因为	9.656495617632554
30	2	喝	13.973908754592646
30	3	了	2.9383367484941445
30	4	他	10.845139640885861
30	5	买	8.964712595979506
30	6	的	3.0275543733973294
30	7	酒	8.41079366174855
30	8	。	12.613265475814849
31	1	因为	9.656495617632554
31	2	老师	13.566296254824916
31	3	想	9.363805906261042
31	4	见	14.748263218084169
31	5	的	11.950824946422799
31	6	他	9.918288484964428
31	7	要	7.658793639143681
31	8	迟到	19.253864988478767
31	9	了	7.851578876004851
31	10	，	1.01903352458487
31	11	他	5.247295258288759
31	12	结束	14.634662305074642
31	13	了	0.11235747340374758
31	14	谈话	14.290471911741847
31	15	。	1.8318099236299759
32	1	因为	9.656495617632554
32	2	老师	13.566296254824916
32	3	想	9.363805906261042
32	4	见	14.748263218084169
32	5	的	11.950824946422799
32	6	他	9.918288484964428
32	7	要	7.658793639143681
32	8	迟到	19.253864988478767
32	9	了	7.851578876004851
32	10	。	3.6881607234843443
33	1	因为	9.656495617632554
33	2	我	6.170276013092693
33	3	了解	9.065833287772271
33	4	的	8.719937430210983
33	5	他	7.770029385521738
33	6	没有	7.819348039961923
33	7	练习	14.369996094807071
33	8	题目	20.52593865504867
33	9	，	0.9477545685811322
33	10	他	5.380524429485007
33	11	没有	5.58061981759181
33	12	成功	9.821851514963228
33	13	。	2.3653133397307897
34	1	因为	9.656495617632554
34	2	我	6.170276013092693
34	3	了解	9.065833287772271
34	4	的	8.719937430210983
34	5	他	7.770029385521738
34	6	没有	7.819348039961923
34	7	练习	14.369996094807071
34	8	题目	20.52593865504867
34	9	。	4.304635485395465
35	1	因为	9.656495617632554
35	2	她	7.791037714414912
35	3	得	10.027187299161227
35	4	的	8.246673662348673
35	5	疾病	18.398235310812147
35	6	，	2.2544584545912087
35	7	她	2.830386157766455
35	8	拒绝	11.341090552738194
35	9	了	4.639988511072943
35	10	演出	18.282642601986225
35	11	。	2.1517621496901427
36	1	因为	9.656495617632554
36	2	她	7.791037714414912
36	3	得	10.027187299161227
36	4	的	8.246673662348673
36	5	疾病	18.398235310812147
36	6	。	4.668745185342367
37	1	因为	9.656495617632554
37	2	听	15.854667674371438
37	3	着	6.025856748958493
37	4	她	7.556979501994437
37	5	喜欢	10.779900884291983
37	6	的	11.094068424952894
37	7	音乐	8.990429778860296
37	8	，	0.24162988149137732
37	9	她	1.7689130316155257
37	10	错过	16.614115882982915
37	11	了	0.7357302866781623
37	12	广播	14.331517785358145
37	13	。	2.0618266919768473
38	1	因为	9.656495617632554
38	2	听	15.854667674371438
38	3	着	6.025856748958493
38	4	她	7.556979501994437
38	5	喜欢	10.779900884291983
38	6	的	11.094068424952894
38	7	音乐	8.990429778860296
38	8	。	5.984301539438633
39	1	尽管	9.102854023201028
39	2	工人	16.202962090253003
39	3	尊敬	17.422074313810995
39	4	的	6.197443388488679
39	5	领导	13.82067447072798
39	6	已经	12.980418799017457
39	7	离去	16.24164658176541
39	8	，	0.06570037661856531
39	9	工人	9.952344517204423
39	10	还	9.487747876049966
39	11	在	3.7629686075126187
39	12	工作	9.844145266192925
39	13	。	7.7514776045469205
40	1	尽管	9.102854023201028
40	2	工人	16.202962090253003
40	3	尊敬	17.422074313810995
40	4	的	6.197443388488679
40	5	领导	13.82067447072798
40	6	已经	12.980418799017457
40	7	离去	16.24164658176541
40	8	。	7.430604826920387
41	1	尽管	9.102854023201028
41	2	我	8.456743974318476
41	3	认识	10.172946949766686
41	4	的	4.299414752164569
41	5	他	12.340404451181676
41	6	年纪	13.116179801982106
41	7	小	5.2085490504298235
41	8	，	0.4769905026436234
41	9	他	4.035633485251665
41	10	有	9.261476543186077
41	11	能力	4.94131899557361
41	12	。	5.370242643171352
42	1	尽管	9.102854023201028
42	2	我	8.456743974318476
42	3	认识	10.172946949766686
42	4	的	4.299414752164569
42	5	他	12.340404451181676
42	6	年纪	13.116179801982106
42	7	小	5.2085490504298235
42	8	。	10.707357403187693
43	1	尽管	9.102854023201028
43	2	他	7.396156626388121
43	3	教	16.97480051290172
43	4	过	2.280972114417281
43	5	的	7.174374117022005
43	6	她	11.526493264357015
43	7	会	8.714927165373382
43	8	开车	15.925734864071984
43	9	，	1.8876629140618917
43	10	她	4.316134567399217
43	11	今天	10.24826758502158
43	12	没有	7.615500038941349
43	13	开车	13.299147929762682
43	14	。	2.7693908436903882
44	1	尽管	9.102854023201028
44	2	他	7.396156626388121
44	3	教	16.97480051290172
44	4	过	2.280972114417281
44	5	的	7.174374117022005
44	6	她	11.526493264357015
44	7	会	8.714927165373382
44	8	开车	15.925734864071984
44	9	。	9.352104050749446
45	1	尽管	9.102854023201028
45	2	我	8.456743974318476
45	3	欣赏	13.522241719322512
45	4	的	5.877145272100297
45	5	作家	16.67666247208963
45	6	很	5.047207863566776
45	7	年轻	7.2496381102703396
45	8	，	0.10548114002807552
45	9	他	5.94964688939443
45	10	写	10.483355089564455
45	11	了	5.705558893721289
45	12	很多	6.3477095230650775
45	13	作品	3.244372949556123
45	14	。	6.47844263180184
46	1	尽管	9.102854023201028
46	2	我	8.456743974318476
46	3	欣赏	13.522241719322512
46	4	的	5.877145272100297
46	5	作家	16.67666247208963
46	6	很	5.047207863566776
46	7	年轻	7.2496381102703396
46	8	。	9.866995870051667
47	1	尽管	9.102854023201028
47	2	他	7.396156626388121
47	3	尊敬	17.938109741773584
47	4	的	5.616042733008818
47	5	父亲	6.926879791070398
47	6	不	6.688244581214782
47	7	同意	7.944541511087181
47	8	他	2.544568842379533
47	9	唱歌	18.825089808788974
47	10	，	0.8501056812010148
47	11	他	2.775704751594901
47	12	还是	3.889430315622903
47	13	买	13.313862115549838
47	14	了	0.30891450356260464
47	15	吉他	18.27490439517186
47	16	。	1.8499913020653906
48	1	尽管	9.102854023201028
48	2	他	7.396156626388121
48	3	尊敬	17.938109741773584
48	4	的	5.616042733008818
48	5	父亲	6.926879791070398
48	6	不	6.688244581214782
48	7	同意	7.944541511087181
48	8	他	2.544568842379533
48	9	唱歌	18.825089808788974
48	10	。	8.505450711300185
49	1	尽管	9.102854023201028
49	2	他	7.396156626388121
49	3	负责	12.529215800520422
49	4	的	2.339996003780854
49	5	经济	6.052107733588791
49	6	不	10.505010668180553
49	7	好	5.652609542008271
49	8	，	0.05304678594887946
49	9	他	3.2137182743332744
49	10	还是	3.117292448643745
49	11	关心	12.532049792077487
49	12	慈善	15.543958834088414
49	13	。	1.6174434185109732
50	1	尽管	9.102854023201028
50	2	他	7.396156626388121
50	3	负责	12.529215800520422
50	4	的	2.339996003780854
50	5	经济	6.052107733588791
50	6	不	10.505010668180553
50	7	好	5.652609542008271
50	8	。	10.554499099364243
51	1	如果	8.413032198002263
51	2	她	9.388595687051822
51	3	做	8.728425636432608
51	4	完	6.345098088354099
51	5	老师	15.118891975602423
51	6	布置	17.473902377334575
51	7	的	1.3510706774054455
51	8	作业	7.2639101214954565
51	9	，	0.20166360681805884
51	10	她	2.746511611264097
51	11	去	11.683032076385587
51	12	健身房	13.85370956789339
51	13	。	11.977176700225684
52	1	如果	8.413032198002263
52	2	她	9.388595687051822
52	3	做	8.728425636432608
52	4	完	6.345098088354099
52	5	老师	15.118891975602423
52	6	布置	17.473902377334575
52	7	的	1.3510706774054455
52	8	作业	7.2639101214954565
52	9	。	11.846442744281788
53	1	如果	8.413032198002263
53	2	我	6.556320102538349
53	3	采访	13.43854715638133
53	4	过	4.1510375729192255
53	5	的	11.3883547193739
53	6	她们	14.72140044499583
53	7	照	20.49548994424277
53	8	了	2.446672988248096
53	9	相	16.110633026091264
53	10	，	1.803837763870888
53	11	她们	5.708667477163232
53	12	就	4.1032558909634105
53	13	留下	14.183908941286788
53	14	了	0.1560698050665792
53	15	回忆	14.247636273492134
53	16	。	2.7317886580344464
54	1	如果	8.413032198002263
54	2	我	6.556320102538349
54	3	采访	13.43854715638133
54	4	过	4.1510375729192255
54	5	的	11.3883547193739
54	6	她们	14.72140044499583
54	7	照	20.49548994424277
54	8	了	2.446672988248096
54	9	相	16.110633026091264
54	10	。	4.212743197368056
55	1	如果	8.413032198002263
55	2	培养	14.493491461277475
55	3	了	7.294504136738421
55	4	她	9.940691872247491
55	5	需要	12.018045380115417
55	6	的	0.9293173191098631
55	7	信心	15.838753099548114
55	8	，	0.3049508252601498
55	9	她	1.2855835260225348
55	10	可以	5.835093441375577
55	11	实现	8.665775477002754
55	12	梦想	7.6783700069417335
55	13	。	0.8971513120892354
56	1	如果	8.413032198002263
56	2	培养	14.493491461277475
56	3	了	7.294504136738421
56	4	她	9.940691872247491
56	5	需要	12.018045380115417
56	6	的	0.9293173191098631
56	7	信心	15.838753099548114
56	8	。	11.71955013444584
57	1	如果	8.413032198002263
57	2	父亲	17.230594032273128
57	3	期待	16.52358985044712
57	4	的	10.710567300958047
57	5	他	4.929207098468424
57	6	不	6.049139879867468
57	7	尝试	13.100258725741028
57	8	，	2.155243497712604
57	9	他	1.25768350776616
57	10	将	3.0417422000039664
57	11	失去	8.929603125629711
57	12	机会	5.821505388642322
57	13	。	3.263985358493983
58	1	如果	8.413032198002263
58	2	父亲	17.230594032273128
58	3	期待	16.52358985044712
58	4	的	10.710567300958047
58	5	他	4.929207098468424
58	6	不	6.049139879867468
58	7	尝试	13.100258725741028
58	8	。	10.56820406088778
59	1	如果	8.413032198002263
59	2	母亲	14.877633934659166
59	3	喜欢	9.807893359982778
59	4	的	11.959605396446875
59	5	她	7.6763951265204895
59	6	来	7.604199209737942
59	7	，	3.427032937709164
59	8	母亲	7.635864902688908
59	9	会	2.8504734341595537
59	10	准备	12.29043798278019
59	11	水果	15.699558029082269
59	12	。	2.299568527504732
60	1	如果	8.413032198002263
60	2	母亲	14.877633934659166
60	3	喜欢	9.807893359982778
60	4	的	11.959605396446875
60	5	她	7.6763951265204895
60	6	来	7.604199209737942
60	7	。	12.25881318288463
