sentence_id	token_id	token	surprisal
1	1	那	9.980756563723787
1	2	位	9.569809392356
1	3	教授	7.52440728601778
1	4	写	10.186635432813215
1	5	了	0.6379701862106586
1	6	书	13.379784584815802
1	7	的	11.392980465114782
1	8	内容	11.470604772664302
1	9	。	7.126246416973245
2	1	那	9.980756563723787
2	2	位	9.569809392356
2	3	教授	7.52440728601778
2	4	打	12.397020877993395
2	5	了	1.0955423269138436
2	6	书	14.51166425648696
2	7	的	12.160787274833112
2	8	内容	16.64985846237839
2	9	。	7.1892653702935405
3	1	弟弟	18.13744255399514
3	2	启动	18.491295391543215
3	3	了	2.571052543791808
3	4	车	14.978061153329513
3	5	。	3.35266251772498
4	1	弟弟	18.13744255399514
4	2	认识	12.51905535461627
4	3	了	5.857737976453439
4	4	车	11.027902300696383
4	5	。	10.784539801433375
5	1	他	4.290290250121991
5	2	拿	16.371833151151154
5	3	了	1.706275074861587
5	4	桌子	16.970835794894473
5	5	上	10.54949919876271
5	6	的	10.630999350750244
5	7	筷子	21.43748039024635
5	8	。	4.250286259446753
6	1	他	4.290290250121991
6	2	听	13.513590722435431
6	3	了	0.48375394108174774
6	4	桌子	19.37205818298057
6	5	上	11.769542699383209
6	6	的	3.099070074342471
6	7	筷子	19.662407421355937
6	8	。	13.276290747862078
7	1	她	7.674425434149787
7	2	终于	12.252724879977468
7	3	实现	5.99271162638647
7	4	了	0.04681917747562281
7	5	理想	7.208965398402398
7	6	。	2.782224152291235
8	1	她	7.674425434149787
8	2	终于	12.252724879977468
8	3	购买	14.754034194758894
8	4	了	0.1089785712628597
8	5	理想	16.097984141393255
8	6	。	16.404567938724306
9	1	我	7.816946472995532
9	2	修理	16.54459623247193
9	3	了	1.0780605462264425
9	4	这个	6.425537025394007
9	5	电脑	10.110467576142526
9	6	。	3.741176740814211
10	1	我	7.816946472995532
10	2	阅读	15.8843043665842
10	3	了	1.6250023970147325
10	4	这个	6.157116337666846
10	5	电脑	13.418090317113197
10	6	。	4.333661464474389
11	1	我	7.816946472995532
11	2	邀请	15.566744392708596
11	3	过	5.29282190014181
11	4	我	3.446695993701926
11	5	的	2.4530024405084845
11	6	朋友	1.6790921981406939
11	7	。	7.071729354289715
12	1	我	7.816946472995532
12	2	打开	16.311128204755867
12	3	过	10.261008349195393
12	4	我	5.166778194763857
12	5	的	0.3588493792474381
12	6	朋友	8.949468842875511
12	7	。	4.50721989495036
13	1	记者	8.515421628346244
13	2	采访	7.7979359961171735
13	3	了	1.0276114330807502
13	4	艺术家	14.362035656018694
13	5	。	1.4751688299494532
14	1	记者	8.515421628346244
14	2	制作	17.52768517683125
14	3	了	0.7201978808227985
14	4	艺术家	17.062209268895966
14	5	。	7.423306745432399
15	1	他	4.290290250121991
15	2	参与	15.603558529068554
15	3	了	1.1610104526270781
15	4	战争	16.64217196289595
15	5	。	7.989791082973575
16	1	他	4.290290250121991
16	2	建造	18.686146233149362
16	3	了	1.3616274709317793
16	4	战争	16.10655466476673
16	5	。	14.941090454371363
17	1	她	7.674425434149787
17	2	批评	11.593122957605829
17	3	了	4.178113624287331
17	4	儿子	15.761836399609201
17	5	。	5.5408414242277715
18	1	她	7.674425434149787
18	2	改正	22.133682049015345
18	3	了	4.621648766327027
18	4	儿子	13.621346551325864
18	5	。	16.950068574847073
19	1	我	7.816946472995532
19	2	结束	17.430242539449424
19	3	了	0.39337882228685217
19	4	谈话	16.190081728667987
19	5	。	3.7151339837802126
20	1	我	7.816946472995532
20	2	表扬	20.219820268718383
20	3	了	2.8709764113358105
20	4	谈话	17.077108208715035
20	5	。	6.188866762988518
21	1	他	4.290290250121991
21	2	买	14.277719837350812
21	3	了	0.48484040318137644
21	4	这些	10.468991873587914
21	5	笔	13.08665925410067
21	6	。	4.508760620672163
22	1	他	4.290290250121991
22	2	种	17.230426520953575
22	3	了	1.5679197496510398
22	4	这些	7.260430983094334
22	5	笔	14.34033495510873
22	6	。	7.262894142532787
23	1	他	4.290290250121991
23	2	提出	9.051197683528049
23	3	了	5.00157753985572
23	4	很多	10.382824354734886
23	5	问题	4.856998685151929
23	6	。	4.148518131970576
24	1	他	4.290290250121991
24	2	申请	19.242602744041605
24	3	了	5.891653263265791
24	4	很多	11.478961791543934
24	5	问题	11.115140216356025
24	6	。	8.351775238602947
25	1	这	6.331728329654116
25	2	款	15.02954467642109
25	3	药	12.889588976693435
25	4	治疗	10.8746537116237
25	5	了	3.012578158176005
25	6	他	10.835532988618972
25	7	的	0.5768289426026456
25	8	疾病	5.631648551375811
25	9	。	4.134383859274465
26	1	这	6.331728329654116
26	2	款	15.02954467642109
26	3	药	12.889588976693435
26	4	缓解	16.16322413034232
26	5	了	0.12070262155327072
26	6	他	10.814655468456024
26	7	的	2.046336008055178
26	8	疾病	8.75561450484686
26	9	。	2.077078437589293
27	1	我	7.816946472995532
27	2	看	7.833596899574383
27	3	着	4.450300782106618
27	4	奶奶	13.501022334470068
27	5	的	4.55685571498794
27	6	面容	16.589706674635337
27	7	。	9.515238880839824
28	1	我	7.816946472995532
28	2	听	9.64910775579754
28	3	着	6.089742825894742
28	4	奶奶	14.35155492572882
28	5	的	2.0729861612495526
28	6	面容	17.5503932296373
28	7	。	4.30428860068875
29	1	学者	15.685336493655745
29	2	发现	8.27794157776574
29	3	了	6.575052461470591
29	4	这个	8.453483624758931
29	5	规律	13.044639109530308
29	6	。	4.585558483193147
30	1	学者	15.685336493655745
30	2	发明	13.846744189014432
30	3	了	3.628885249595932
30	4	这个	9.838798218166787
30	5	规律	11.989489998456968
30	6	。	1.3154279490642793
31	1	母亲	15.371263770984715
31	2	准备	11.630917642555538
31	3	了	4.735264701292692
31	4	晚饭	16.794669358929706
31	5	。	7.55452736160197
32	1	母亲	15.371263770984715
32	2	责备	18.759201674612452
32	3	了	10.376955838744855
32	4	晚饭	17.35484770936236
32	5	。	5.518545889978945
33	1	孩子	15.896548566518618
33	2	培养	12.833015303929422
33	3	了	2.088796160871901
33	4	这个	11.533597678308361
33	5	特长	13.754253368626564
33	6	。	1.6813896351024908
34	1	孩子	15.896548566518618
34	2	改正	20.25105448431443
34	3	了	3.3070394159363516
34	4	这个	8.630722560817546
34	5	特长	17.400985159438704
34	6	。	3.307919796044331
35	1	政府	11.558013598989659
35	2	设立	12.421694854853653
35	3	了	1.8917117200545341
35	4	项目	9.808044515367882
35	5	。	9.42103982589775
36	1	政府	11.558013598989659
36	2	引发	20.061884274811355
36	3	了	1.9914369332261757
36	4	项目	16.302495156717633
36	5	。	11.283665222352568
37	1	我	7.816946472995532
37	2	回忆	12.488071840364054
37	3	了	2.158621093938482
37	4	之前	14.313114146570086
37	5	的	4.0404304887317295
37	6	经历	5.870875044246851
37	7	。	9.431128609265393
38	1	我	7.816946472995532
38	2	帮助	15.31704470584516
38	3	了	5.691585238440883
38	4	之前	16.13945964715971
38	5	的	2.5967816488544244
38	6	经历	12.848403766962186
38	7	。	4.4334340572612305
39	1	花园	17.458196216550522
39	2	长满	19.42719776801791
39	3	了	7.25253194152215
39	4	草	16.96216674436846
39	5	。	3.4752504567180935
40	1	花园	17.458196216550522
40	2	吸引	13.494235616106014
40	3	了	2.355936815503057
40	4	草	19.64628492535215
40	5	。	4.718586691728362
41	1	雨水	17.99713734129867
41	2	清洗	18.547984408355266
41	3	了	2.4865190385759774
41	4	大楼	18.795002414935674
41	5	。	3.3945003107618703
42	1	雨水	17.99713734129867
42	2	灌溉	13.146253533604039
42	3	了	3.595180834074977
42	4	大楼	18.004338098860572
42	5	。	4.82851140796263
43	1	我	7.816946472995532
43	2	听从	19.20913323301802
43	3	了	3.6355045796138796
43	4	老师	11.655881825157184
43	5	的	0.49229507465843625
43	6	建议	7.082810109061974
43	7	。	2.2283523161192846
44	1	我	7.816946472995532
44	2	安装	16.539648368042446
44	3	了	0.32367384008843203
44	4	老师	15.560717596412001
44	5	的	5.304350982940221
44	6	建议	12.343468489094853
44	7	。	11.585600977565669
45	1	警官	20.06623996246029
45	2	疏散	17.94962069411741
45	3	了	4.781917995506191
45	4	人群	12.017470020989485
45	5	。	15.414464863631444
46	1	警官	20.06623996246029
46	2	解除	17.494974850091797
46	3	了	2.5103841230728037
46	4	人群	17.41017878079365
46	5	。	3.379747479004095
47	1	他	4.290290250121991
47	2	卖	17.737320086311477
47	3	过	7.794345667656987
47	4	一些	6.924716995846541
47	5	化肥	12.148284690511716
47	6	。	3.899503839719472
48	1	他	4.290290250121991
48	2	摘	22.30896797714274
48	3	过	5.602676163705599
48	4	一些	7.569427991722115
48	5	化肥	14.022018226322977
48	6	。	6.587837598859807
49	1	她	7.674425434149787
49	2	戴	15.064122885487524
49	3	过	8.340995433005322
49	4	耳机	17.92330556896069
49	5	。	13.779047582387534
50	1	她	7.674425434149787
50	2	穿	16.31202927778058
50	3	过	8.509410976479732
50	4	耳机	20.37836748329881
50	5	。	13.168324832754962
51	1	他	4.290290250121991
51	2	在	4.7895114407550565
51	3	学校	12.613914518121806
51	4	里	4.9408711136308945
51	5	吃	12.99410861274248
51	6	过	5.744555999265053
51	7	饭	7.392795323457463
51	8	。	3.558070274549344
52	1	他	4.290290250121991
52	2	在	4.7895114407550565
52	3	学校	12.613914518121806
52	4	里	4.9408711136308945
52	5	讲	6.9601506891892555
52	6	过	4.841651884403973
52	7	饭	14.73401171685284
52	8	。	3.625367289302382
53	1	他	4.290290250121991
53	2	见	14.811560047174382
53	3	过	4.060058960535837
53	4	店长	21.238930794948633
53	5	。	12.27873557257432
54	1	他	4.290290250121991
54	2	去	15.10841655281607
54	3	过	6.283240014643344
54	4	店长	21.627653145216073
54	5	。	12.405946907449582
55	1	我	7.816946472995532
55	2	听	9.64910775579754
55	3	过	1.3970976075516752
55	4	这些	7.6147869540611275
55	5	声音	7.182258874595345
55	6	。	5.59420243724535
56	1	我	7.816946472995532
56	2	见	11.331858123418385
56	3	过	0.7296245350988109
56	4	这些	7.491573229979487
56	5	声音	7.370390576566617
56	6	。	5.124938572179033
57	1	爷爷	18.417746593789918
57	2	安装	17.40243125282912
57	3	过	10.765117430249248
57	4	机器	12.75486459350357
57	5	。	3.980900224524035
58	1	爷爷	18.417746593789918
58	2	种植	16.2281924630151
58	3	过	8.664395751962452
58	4	机器	15.70190282339005
58	5	。	6.1950720577435305
59	1	她	7.674425434149787
59	2	说	1.6704720953064287
59	3	过	12.859081070023443
59	4	这	7.231717213383245
59	5	些	12.663743977003364
59	6	话	4.41943549713465
59	7	。	4.5777405118824746
60	1	她	7.674425434149787
60	2	吃	15.39619811372907
60	3	过	4.448244839828611
60	4	这	8.777289818821192
60	5	些	10.500423462322878
60	6	话	10.367827524240596
60	7	。	11.159641092810837
61	1	母亲	15.371263770984715
61	2	买	11.0875150032928
61	3	了	1.2687986077418287
61	4	纸	14.132638599432656
61	5	。	5.7199965865837115
62	1	母亲	15.371263770984715
62	2	喝	14.298581616516355
62	3	了	2.141410661757863
62	4	纸	15.090315235333907
62	5	。	6.022901644528176
