sentence_id	token_id	token	surprisal
1	1	他	4.292381327976734
1	2	喜欢	13.23788226514781
1	3	那	8.534747050523556
1	4	家	8.718183369335343
1	5	我	9.02388914739911
1	6	采访	12.234154319548914
1	7	过	1.4316354693554203
1	8	的	0.4703440646459569
1	9	老板	12.972148075209482
1	10	投资	18.462273408173147
1	11	的	8.132246251479188
1	12	饭店	17.90960632473366
1	13	。	4.225464993521484
2	1	他	4.292381327976734
2	2	喜欢	13.23788226514781
2	3	那	8.534747050523556
2	4	个	5.603731903521325
2	5	我	8.14136692593846
2	6	采访	12.063827885180423
2	7	过	1.562941913425071
2	8	的	0.3464717145552001
2	9	老板	17.30939172716524
2	10	投资	19.544879777712595
2	11	的	5.627149431505302
2	12	饭店	12.63652668663633
2	13	。	11.588443463264724
3	1	她	7.675482656812138
3	2	在	4.380224504362541
3	3	看	12.631466149119271
3	4	那	12.151892731243727
3	5	幅	6.9586361697993055
3	6	我	11.35154967043131
3	7	介绍	10.889632990647016
3	8	的	0.6203943658333912
3	9	朋友	14.204025705368267
3	10	喜欢	15.038515520506024
3	11	的	0.8635698959529776
3	12	画	9.91560096461005
3	13	。	17.64502092208636
4	1	她	7.675482656812138
4	2	在	4.380224504362541
4	3	看	12.631466149119271
4	4	那	12.151892731243727
4	5	个	5.98619502749564
4	6	我	7.916916089412403
4	7	介绍	12.395157078376748
4	8	的	0.6163116212762247
4	9	朋友	9.438781321196387
4	10	喜欢	16.63069177989503
4	11	的	12.325337007031763
4	12	画	14.749542486678251
4	13	。	2.961037459450381
5	1	我	7.818437265971117
5	2	欣赏	13.982976864490283
5	3	那	7.104955597545835
5	4	件	4.363506060839427
5	5	我	6.147311619228773
5	6	喜欢	6.41927553034904
5	7	的	0.3622591518919833
5	8	老师	14.508139066041387
5	9	收藏	16.14932569217318
5	10	的	0.9160132135496042
5	11	艺术品	8.074707523354064
5	12	。	1.8801007792445006
6	1	我	7.818437265971117
6	2	欣赏	13.982976864490283
6	3	那	7.104955597545835
6	4	个	5.936934988714441
6	5	我	6.321705138711351
6	6	喜欢	5.788753125524416
6	7	的	0.7238336911712437
6	8	老师	12.275050800280226
6	9	收藏	18.50771366780127
6	10	的	1.341124032229871
6	11	艺术品	9.946345440600538
6	12	。	1.9682988657944946
7	1	他	4.292381327976734
7	2	打	14.81014437063373
7	3	了	2.9172089364037035
7	4	那	11.605360433684822
7	5	只	9.233873867498424
7	6	我	9.988278252766627
7	7	认识	8.98715600033924
7	8	的	1.2289980205079516
7	9	店长	19.321890319112896
7	10	喜欢	15.62462671818713
7	11	的	13.044098978945158
7	12	宠物	19.130223538685996
7	13	。	7.571357774699663
8	1	他	4.292381327976734
8	2	打	14.81014437063373
8	3	了	2.9172089364037035
8	4	那	11.605360433684822
8	5	个	4.145587867487002
8	6	我	9.732389659810053
8	7	认识	8.655010003198775
8	8	的	0.8230229286042885
8	9	店长	19.447745033918785
8	10	喜欢	15.524472522643947
8	11	的	12.712505946027463
8	12	宠物	19.254232999769485
8	13	。	7.551622362039097
9	1	我	7.818437265971117
9	2	在	5.804750769993674
9	3	思念	18.808619962530283
9	4	那	9.82454582547485
9	5	首	7.968618722724116
9	6	我	7.876218018983266
9	7	见	11.606426018765823
9	8	过	0.9612703416433703
9	9	的	0.6011802638201118
9	10	明星	15.093276464337322
9	11	唱	15.188546953108144
9	12	的	6.444430573538568
9	13	歌	9.948702815937366
9	14	。	1.5251587388242882
10	1	我	7.818437265971117
10	2	在	5.804750769993674
10	3	思念	18.808619962530283
10	4	那	9.82454582547485
10	5	个	3.6004886297382157
10	6	我	6.447663920744063
10	7	见	11.303472780819789
10	8	过	0.6552964420231575
10	9	的	0.8328476137583607
10	10	明星	14.177643464259333
10	11	唱	12.691241013486263
10	12	的	6.184604233806098
10	13	歌	6.189048670841615
10	14	。	1.2550032297086204
11	1	她	7.675482656812138
11	2	拜访	19.765025483125875
11	3	了	1.2328534181362762
11	4	那	11.57599362866387
11	5	所	6.024054465971275
11	6	我	11.338743122678295
11	7	认识	7.187141113399463
11	8	的	1.5421160454851162
11	9	老人	13.61131291651759
11	10	去	14.699627224908596
11	11	的	2.9257329607565907
11	12	学校	2.3720193118156487
11	13	。	7.516358145655346
12	1	她	7.675482656812138
12	2	拜访	19.765025483125875
12	3	了	1.2328534181362762
12	4	那	11.57599362866387
12	5	个	3.883046207376154
12	6	我	7.913176088034987
12	7	认识	6.517009789839847
12	8	的	1.2249663089853158
12	9	老人	13.33518990601695
12	10	去	13.941254659324017
12	11	的	4.300053455743679
12	12	学校	6.569226642865459
12	13	。	6.894188643716575
13	1	他	4.292381327976734
13	2	检查	16.50631087312044
13	3	了	0.8442788051207302
13	4	那	10.042862985430414
13	5	件	4.401092360043794
13	6	我	11.80818773990724
13	7	采访	13.278783556728548
13	8	过	1.762855058972157
13	9	的	0.3810109675776445
13	10	司机	16.716886258378146
13	11	带	11.428622134743378
13	12	的	2.773215964264139
13	13	行李	11.789724474534964
13	14	。	0.7445638402172818
14	1	他	4.292381327976734
14	2	检查	16.50631087312044
14	3	了	0.8442788051207302
14	4	那	10.042862985430414
14	5	个	5.24204941697295
14	6	我	12.935428602015897
14	7	采访	12.345131334004662
14	8	过	2.579118682017331
14	9	的	0.6032169037367225
14	10	司机	13.991870288053434
14	11	带	14.163025040822603
14	12	的	4.036128695209783
14	13	行李	12.798925684068067
14	14	。	1.3536615071092655
15	1	我	7.818437265971117
15	2	听说	10.237203586538651
15	3	过	3.235518959268468
15	4	那	6.463890411121444
15	5	本	4.145022084602886
15	6	我	6.5562848947467565
15	7	喜欢	7.690761126467315
15	8	的	1.0292718164523293
15	9	作家	16.2880670524101
15	10	写	11.082688544411212
15	11	的	2.1878385124535953
15	12	书	2.060902897591262
15	13	。	2.2292504040019168
16	1	我	7.818437265971117
16	2	听说	10.237203586538651
16	3	过	3.235518959268468
16	4	那	6.463890411121444
16	5	个	6.36845055395646
16	6	我	6.482542582020244
16	7	喜欢	7.356852644134825
16	8	的	1.1907740636818005
16	9	作家	15.172993926609138
16	10	写	11.017874038598237
16	11	的	2.9528679001895313
16	12	书	14.237487657026207
16	13	。	4.0472118822028875
17	1	她	7.675482656812138
17	2	撞	22.48469303186895
17	3	了	2.7286925971033185
17	4	那	9.39640051164087
17	5	辆	5.71348105321519
17	6	我	12.809970718299589
17	7	介绍	15.218875473472302
17	8	的	0.3914489325059094
17	9	朋友	13.603290906622064
17	10	开	9.817114837438922
17	11	的	0.44916184708269213
17	12	车	2.0244762063513093
17	13	。	1.3951888077236703
18	1	她	7.675482656812138
18	2	撞	22.48469303186895
18	3	了	2.7286925971033185
18	4	那	9.39640051164087
18	5	个	5.63589976277656
18	6	我	9.27781077747678
18	7	介绍	14.048489030651432
18	8	的	0.6678581772349617
18	9	朋友	7.866902178207212
18	10	开	16.80619453980914
18	11	的	8.42244987429791
18	12	车	8.912687250230633
18	13	。	2.613397831127031
19	1	我们	8.004534736199224
19	2	认可	15.260090097761386
19	3	了	4.994569886039827
19	4	那	8.617321387023757
19	5	份	3.897594530030773
19	6	他	8.056206765418516
19	7	教	15.64661482371885
19	8	的	1.9670642684887696
19	9	孩子	7.238887154693273
19	10	做	11.810601181549686
19	11	的	1.4196176943841436
19	12	作业	13.02955870781662
19	13	。	4.151369027933086
20	1	我们	8.004534736199224
20	2	认可	15.260090097761386
20	3	了	4.994569886039827
20	4	那	8.617321387023757
20	5	个	5.24448699483176
20	6	他	9.327380643512768
20	7	教	15.360296564835984
20	8	的	1.571963776530609
20	9	孩子	4.246843095714581
20	10	做	11.551577001760734
20	11	的	1.5676631149535751
20	12	作业	12.200523501841815
20	13	。	4.4806136983662554
21	1	他们	7.573741259985798
21	2	接受	12.495265871923113
21	3	了	1.0291666746413242
21	4	那	13.399283276671525
21	5	份	2.4706939808685817
21	6	我	11.618712898959181
21	7	采访	12.308466403398327
21	8	过	2.346186213055873
21	9	的	0.43990370009534985
21	10	老板	18.30709762386963
21	11	制定	19.42210693875269
21	12	的	1.2254730849862057
21	13	合同	8.422013788809068
21	14	。	8.165612085695685
22	1	他们	7.573741259985798
22	2	接受	12.495265871923113
22	3	了	1.0291666746413242
22	4	那	13.399283276671525
22	5	个	5.074253306575081
22	6	我	10.631790443909608
22	7	采访	12.298948300448266
22	8	过	1.6741605546118734
22	9	的	0.34067376987987075
22	10	老板	16.46810866190681
22	11	制定	19.75401322511891
22	12	的	4.993754519515434
22	13	合同	8.958055246256833
22	14	。	8.44897919332496
23	1	他	4.292381327976734
23	2	离开	13.176477470760013
23	3	了	3.4321720655555836
23	4	那	10.082253494833875
23	5	间	4.999084117521175
23	6	我	10.407419637255316
23	7	尊敬	15.740488029960161
23	8	的	0.10068650787238198
23	9	朋友	10.964681626834036
23	10	开	17.27453796133956
23	11	的	11.534472642695931
23	12	工厂	11.075814850673396
23	13	。	3.6447090078897304
24	1	他	4.292381327976734
24	2	离开	13.176477470760013
24	3	了	3.4321720655555836
24	4	那	10.082253494833875
24	5	个	4.05096154106597
24	6	我	8.902120457304633
24	7	尊敬	15.239135441021467
24	8	的	0.16157829585119998
24	9	朋友	8.353912869935037
24	10	开	17.649486750256088
24	11	的	8.681897402735984
24	12	工厂	10.606060115587766
24	13	。	4.954362849610462
25	1	她	7.675482656812138
25	2	找	16.606646954791607
25	3	了	1.8832919069722855
25	4	那	12.011193941517362
25	5	张	4.777968280320181
25	6	我	7.850389742364165
25	7	教	11.69229680354475
25	8	的	1.7126637630677664
25	9	孩子	7.412463966737889
25	10	照	21.635079262977555
25	11	的	7.485380349361819
25	12	照片	13.098708899734362
25	13	。	3.1773441416632267
26	1	她	7.675482656812138
26	2	找	16.606646954791607
26	3	了	1.8832919069722855
26	4	那	12.011193941517362
26	5	个	3.304045276284569
26	6	我	8.040262500085646
26	7	教	11.991994721611945
26	8	的	1.353757065142517
26	9	孩子	2.339450118682045
26	10	照	21.531229524338713
26	11	的	7.586306617172454
26	12	照片	15.161987910593055
26	13	。	3.5397340149336287
27	1	我	7.818437265971117
27	2	需要	8.784214198392995
27	3	那	11.352517048764827
27	4	台	9.900738498390176
27	5	我们	10.639206346353518
27	6	欣赏	14.190974652522364
27	7	的	1.71740914259901
27	8	老师	15.798947271661277
27	9	用	8.640413032001476
27	10	的	3.6447203686295637
27	11	手机	8.836090385974842
27	12	。	1.213748837942802
28	1	我	7.818437265971117
28	2	需要	8.784214198392995
28	3	那	11.352517048764827
28	4	个	3.959515734231317
28	5	我们	11.558593215330866
28	6	欣赏	16.968240954832474
28	7	的	1.1548091000723772
28	8	老师	13.228212989802167
28	9	用	9.862583503950063
28	10	的	7.233445926925526
28	11	手机	9.830015053059938
28	12	。	1.2440140541141176
29	1	他	4.292381327976734
29	2	在	4.788641701370567
29	3	画	16.009245567254155
29	4	那	16.946455152936082
29	5	朵	14.085126110010677
29	6	我	13.58985450404574
29	7	关心	14.944073557284895
29	8	的	0.476706193132884
29	9	邻居	16.49953150797728
29	10	种	15.406973805188883
29	11	的	8.415906898164963
29	12	花	11.97061883261641
29	13	。	16.47956829449342
30	1	他	4.292381327976734
30	2	在	4.788641701370567
30	3	画	16.009245567254155
30	4	那	16.946455152936082
30	5	个	6.704374427169256
30	6	我	11.038406203601191
30	7	关心	12.54282418688004
30	8	的	0.25367147364831055
30	9	邻居	15.941061303358893
30	10	种	15.614432993639966
30	11	的	8.359105770884838
30	12	花	12.237805890429541
30	13	。	16.64894632332306
31	1	她	7.675482656812138
31	2	在	4.380224504362541
31	3	介绍	9.15435010197846
31	4	那	15.299553392503881
31	5	台	9.671985423947675
31	6	我	12.577056690303792
31	7	尊敬	17.041875382696766
31	8	的	0.2745735618992313
31	9	科学家	12.986212112058553
31	10	做	12.282122105537056
31	11	的	7.924484456856305
31	12	电视	16.86542968548413
31	13	。	18.443012713418113
32	1	她	7.675482656812138
32	2	在	4.380224504362541
32	3	介绍	9.15435010197846
32	4	那	15.299553392503881
32	5	个	6.356628472160814
32	6	我	10.360982616521376
32	7	尊敬	15.688504375078175
32	8	的	0.1876071966453594
32	9	科学家	11.267708192432437
32	10	做	11.076778013394843
32	11	的	8.365760301328578
32	12	电视	15.896296183892446
32	13	。	17.780261297968153
33	1	我	7.818437265971117
33	2	见	11.330591623574865
33	3	过	0.7295565596391818
33	4	那	7.211067145451036
33	5	栋	10.688452387649328
33	6	他	9.757533866595416
33	7	认识	11.132827333464796
33	8	的	1.3038040721636293
33	9	男人	12.276619672460356
33	10	买	14.985965165662648
33	11	的	4.187462700462447
33	12	房子	1.7256581820068675
33	13	。	1.9724126799286381
34	1	我	7.818437265971117
34	2	见	11.330591623574865
34	3	过	0.7295565596391818
34	4	那	7.211067145451036
34	5	个	4.944682344770953
34	6	他	8.930743674021002
34	7	认识	9.121330466235896
34	8	的	1.3810828789857794
34	9	男人	8.725209913473591
34	10	买	14.438010233394266
34	11	的	8.523180205421426
34	12	房子	10.809396994378872
34	13	。	2.853092372066101
35	1	我	7.818437265971117
35	2	拒绝	12.208000148252129
35	3	了	4.154835059947196
35	4	那	7.648146950010474
35	5	条	6.6045493688156505
35	6	我	6.382674975768921
35	7	欣赏	15.018541542922819
35	8	的	0.8900084780785207
35	9	朋友	14.031943558392861
35	10	给	10.13086965514941
35	11	的	6.727413526157946
35	12	建议	10.272873245238358
35	13	。	1.7079171643855346
36	1	我	7.818437265971117
36	2	拒绝	12.208000148252129
36	3	了	4.154835059947196
36	4	那	7.648146950010474
36	5	个	4.99892412222901
36	6	我	6.200833840698664
36	7	欣赏	15.453050678429769
36	8	的	0.9010658056053842
36	9	朋友	11.248936496709327
36	10	给	10.333727260800998
36	11	的	8.870843599639244
36	12	建议	10.35228585670204
36	13	。	2.5007336189959517
37	1	他	4.292381327976734
37	2	在	4.788641701370567
37	3	看	12.58107051723927
37	4	那	10.522415141461291
37	5	支	11.75793729940694
37	6	我	11.41639630986134
37	7	关心	13.719036502136717
37	8	的	0.32318344102201024
37	9	老师	12.964295278506839
37	10	用	11.882215269624666
37	11	的	8.52587396167904
37	12	笔	14.028722493538226
37	13	。	2.7770628166266107
38	1	他	4.292381327976734
38	2	在	4.788641701370567
38	3	看	12.58107051723927
38	4	那	10.522415141461291
38	5	个	5.369899837439512
38	6	我	7.115578709167046
38	7	关心	12.260823096435253
38	8	的	0.3789351621299346
38	9	老师	13.917617424853162
38	10	用	13.016707364868836
38	11	的	8.26086000342616
38	12	笔	14.60835792491224
38	13	。	1.698048347102315
39	1	她	7.675482656812138
39	2	在	4.380224504362541
39	3	找	16.59707500295545
39	4	那	14.670645932189561
39	5	只	7.544479732383621
39	6	我	11.08455451808161
39	7	帮助	11.806908917865208
39	8	过	5.470975357185623
39	9	的	0.7283400001736879
39	10	女人	7.39026071351519
39	11	丢	18.01850510123046
39	12	的	11.547722491489708
39	13	鞋子	20.76351603401855
39	14	。	2.122032563700145
40	1	她	7.675482656812138
40	2	在	4.380224504362541
40	3	找	16.59707500295545
40	4	那	14.670645932189561
40	5	个	5.179628391233749
40	6	我	9.73476437357479
40	7	帮助	11.962904149939618
40	8	过	4.9546354853481915
40	9	的	0.4467833305753288
40	10	女人	7.4721491294233715
40	11	丢	17.46270636566011
40	12	的	11.695604823076295
40	13	鞋子	19.9845629984854
40	14	。	2.509706889672003
41	1	我	7.818437265971117
41	2	讨厌	15.540678589188367
41	3	那	7.1167029504159025
41	4	条	7.600278285173566
41	5	我	6.278148081487672
41	6	关心	13.850496031610518
41	7	的	0.4408048816482335
41	8	邻居	16.24053609519384
41	9	养	16.57055757679815
41	10	的	7.429441222230807
41	11	狗	9.962124170459205
41	12	。	1.5559989518808948
42	1	我	7.818437265971117
42	2	讨厌	15.540678589188367
42	3	那	7.1167029504159025
42	4	个	4.250540694913852
42	5	我	5.7670515129799185
42	6	关心	12.612469978794813
42	7	的	0.3992034317683064
42	8	邻居	16.02625070912653
42	9	养	16.989999851282008
42	10	的	7.515687606460148
42	11	狗	9.893538675946004
42	12	。	1.9057635368898787
43	1	他	4.292381327976734
43	2	发现	12.325476035248833
43	3	了	5.080939584463753
43	4	那	9.303011603703297
43	5	座	4.855982950535807
43	6	我	12.75917355128702
43	7	采访	14.337742222596908
43	8	过	1.416477926540054
43	9	的	0.7804196529644969
43	10	老人	10.030716433261233
43	11	修	22.42149289446867
43	12	的	5.41409764664111
43	13	桥	8.68341849808722
43	14	。	8.314572144213088
44	1	他	4.292381327976734
44	2	发现	12.325476035248833
44	3	了	5.080939584463753
44	4	那	9.303011603703297
44	5	个	5.245822090284097
44	6	我	9.990137916093666
44	7	采访	13.653021607825742
44	8	过	1.9838136856184363
44	9	的	0.6101166253340082
44	10	老人	11.451371493275964
44	11	修	22.316142382368255
44	12	的	6.408282858520167
44	13	桥	12.021739825439127
44	14	。	7.07658862812292
45	1	她	7.675482656812138
45	2	评价	12.468114180388051
45	3	了	4.610563474926721
45	4	那	12.3144525077774
45	5	篇	6.3050792235927275
45	6	我	9.9272660622607
45	7	培养	15.14564860804446
45	8	的	1.2820393773549341
45	9	学生	9.37867652135229
45	10	准备	20.066040630507587
45	11	的	3.881526210809426
45	12	报告	15.86865516097501
45	13	。	5.287776370845336
46	1	她	7.675482656812138
46	2	评价	12.468114180388051
46	3	了	4.610563474926721
46	4	那	12.3144525077774
46	5	个	6.617827302859148
46	6	我	7.177030198681905
46	7	培养	14.001715504196113
46	8	的	1.3948415876870541
46	9	学生	9.337113158483064
46	10	准备	19.825394495094784
46	11	的	2.7202373941751716
46	12	报告	17.644798852177473
46	13	。	0.7676819430752744
47	1	我	7.818437265971117
47	2	在	5.804750769993674
47	3	等	10.679457808619432
47	4	那	7.561384736839486
47	5	封	8.505761375242184
47	6	我	6.977575343628004
47	7	依赖	17.051091879320538
47	8	的	0.6419968231152211
47	9	朋友	16.46195568669384
47	10	写	8.382405949588701
47	11	的	3.0257747246586746
47	12	信	4.213514919676285
47	13	。	1.8340033416568673
48	1	我	7.818437265971117
48	2	在	5.804750769993674
48	3	等	10.679457808619432
48	4	那	7.561384736839486
48	5	个	3.78389804539432
48	6	我	7.2110963030270625
48	7	依赖	16.230347410711097
48	8	的	0.9571290922796933
48	9	朋友	9.603567176682645
48	10	写	12.86506554351402
48	11	的	4.008734514492517
48	12	信	14.636563618821611
48	13	。	2.3000937430481514
49	1	他	4.292381327976734
49	2	提到	15.025716343169481
49	3	了	4.738146024736825
49	4	那	9.064108660656672
49	5	堂	20.350029420651857
49	6	我	10.671119932154305
49	7	认识	10.224972049740899
49	8	的	1.5692741711798561
49	9	老师	11.949457176943596
49	10	教	17.9418445468648
49	11	的	3.0036758198783957
49	12	课	6.097913590152629
49	13	。	12.08335478441073
50	1	他	4.292381327976734
50	2	提到	15.025716343169481
50	3	了	4.738146024736825
50	4	那	9.064108660656672
50	5	个	5.345507390885317
50	6	我	8.259490180265587
50	7	认识	8.192284590104215
50	8	过	3.0675829150804006
50	9	的	0.5456985614491785
50	10	老师	13.985685342847908
50	11	教	18.96261356655478
50	12	的	3.105375490989587
50	13	课	9.997661423552373
50	14	。	6.903708595139676
51	1	她	7.675482656812138
51	2	推荐	17.495839894029892
51	3	了	0.9470603993813604
51	4	那	12.75299058554474
51	5	块	12.140022600602506
51	6	我	8.59720201241872
51	7	信任	15.033038424275276
51	8	的	0.8270310317523695
51	9	医生	13.859673946466415
51	10	喜欢	15.208606482911293
51	11	的	0.7333678434580264
51	12	手表	12.254295580841259
51	13	。	13.403538789477366
52	1	她	7.675482656812138
52	2	推荐	17.495839894029892
52	3	了	0.9470603993813604
52	4	那	12.75299058554474
52	5	个	6.2606165694945375
52	6	我	8.219969113150178
52	7	信任	15.076867908565333
52	8	的	0.9519205413241991
52	9	医生	11.978847670169287
52	10	喜欢	16.301406962716726
52	11	的	1.1828690647433007
52	12	手表	15.505832053824236
52	13	。	6.845131894026039
53	1	我	7.818437265971117
53	2	选择	9.858413378306754
53	3	了	0.4654574150784754
53	4	那	8.94238817998096
53	5	篇	7.996437475150081
53	6	她	10.570130517645914
53	7	教	12.142313144099376
53	8	的	1.9245101155454947
53	9	学生	13.398339830085327
53	10	写	8.531350125822982
53	11	的	3.19255507182865
53	12	论文	8.83685564072725
53	13	。	2.1026102262636357
54	1	我	7.818437265971117
54	2	选择	9.858413378306754
54	3	了	0.4654574150784754
54	4	那	8.94238817998096
54	5	个	4.090648992585329
54	6	她	13.147529682798229
54	7	教	13.072234615545327
54	8	的	1.632214444845708
54	9	学生	11.373366272751795
54	10	写	12.17073283243026
54	11	的	3.8287195982208715
54	12	论文	8.89965049068121
54	13	。	2.847813638904796
55	1	她	7.675482656812138
55	2	喜欢	11.827061646851385
55	3	那	9.138956136296589
55	4	场	7.444474870721372
55	5	我	8.421815375685533
55	6	听说	12.514102176081202
55	7	过	1.1141613599953857
55	8	的	0.17582973822199222
55	9	演员	19.1150491742671
55	10	准备	13.6036369907508
55	11	的	2.181888673357207
55	12	表演	3.60271971744217
55	13	。	1.610270409172898
56	1	她	7.675482656812138
56	2	喜欢	11.827061646851385
56	3	那	9.138956136296589
56	4	个	5.412200681716008
56	5	我	7.445405578122227
56	6	听说	12.098460463667266
56	7	过	1.0963100361287772
56	8	的	0.2572061562940178
56	9	演员	16.829315098132632
56	10	准备	13.159505484596423
56	11	的	6.119242467045609
56	12	表演	8.727256148914861
56	13	。	5.495724710097733
57	1	他	4.292381327976734
57	2	称赞	10.3918845211037
57	3	了	6.97148910104743
57	4	那	10.822906958032164
57	5	间	10.071329669530854
57	6	我	12.192143738735524
57	7	采访	14.62968644485965
57	8	过	1.3083236511590002
57	9	的	0.5993047960143798
57	10	警察	11.71476800859152
57	11	工作	13.602825199315859
57	12	的	15.163372061573085
57	13	办公室	12.065345264307908
57	14	。	8.972485571192493
58	1	他	4.292381327976734
58	2	称赞	10.3918845211037
58	3	了	6.97148910104743
58	4	那	10.822906958032164
58	5	个	7.8847295629228284
58	6	我	8.849694984058075
58	7	采访	12.73867134902006
58	8	过	1.372725080790488
58	9	的	0.6608527492763727
58	10	警察	12.880560995969262
58	11	工作	13.119862674415586
58	12	的	16.511171750929705
58	13	办公室	13.418255577496907
58	14	。	7.743425619359172
59	1	我	7.818437265971117
59	2	听说	10.237203586538651
59	3	过	3.235518959268468
59	4	那	6.463890411121444
59	5	首	9.46240217563857
59	6	他	9.401574892624069
59	7	培养	14.752180977344892
59	8	的	0.7539436024791613
59	9	孩子	3.6631138985017344
59	10	写	13.084404564629963
59	11	的	2.7708791506434096
59	12	诗	17.188474694840323
59	13	。	5.507993413875255
60	1	我	7.818437265971117
60	2	听说	10.237203586538651
60	3	过	3.235518959268468
60	4	那	6.463890411121444
60	5	个	6.36845055395646
60	6	他	9.031423446936216
60	7	培养	14.608625826478416
60	8	的	1.0087903507735945
60	9	孩子	1.5083684325200295
60	10	写	14.053900545121756
60	11	的	2.6828153550685983
60	12	诗	18.36716377556168
60	13	。	5.55247002055431
61	1	我	7.818437265971117
61	2	选择	9.858413378306754
61	3	了	0.4654574150784754
61	4	那	8.94238817998096
61	5	家	5.578491541803373
61	6	我	6.16968929855873
61	7	依赖	15.831227404447269
61	8	的	1.4019794700584995
61	9	朋友	9.418237099311249
61	10	去	6.1324900693409745
61	11	的	14.119029229145141
61	12	银行	12.082510801154882
61	13	。	2.3016106028086796
62	1	我	7.818437265971117
62	2	选择	9.858413378306754
62	3	了	0.4654574150784754
62	4	那	8.94238817998096
62	5	个	4.090648992585329
62	6	我	6.154145201981713
62	7	依赖	16.36585943814744
62	8	的	1.6702626209419194
62	9	朋友	10.720023072634675
62	10	去	6.157502707447563
62	11	的	14.610659027134531
62	12	银行	12.984845201077334
62	13	。	2.6497062740157844
