sentence_id	token_id	token	surprisal
1	1	我	7.816946472995532
1	2	很	6.2545625297583385
1	3	喜欢	5.568468495371079
1	4	一	6.055612721997964
1	5	位	3.5155419505299186
1	6	新闻	11.891857513181613
1	7	提到	17.353853738089107
1	8	的	3.511310888937828
1	9	明星	11.232613936523919
1	10	。	3.0793438757644793
2	1	我	7.816946472995532
2	2	很	6.2545625297583385
2	3	喜欢	5.568468495371079
2	4	一	6.055612721997964
2	5	首	9.479393653483779
2	6	新闻	10.304547014233883
2	7	提到	14.037034174828655
2	8	的	6.239258532081877
2	9	明星	11.130337131540912
2	10	。	1.5941268240655262
3	1	我	7.816946472995532
3	2	很	6.2545625297583385
3	3	喜欢	5.568468495371079
3	4	一	6.055612721997964
3	5	首	9.479393653483779
3	6	新闻	10.304547014233883
3	7	提到	14.037034174828655
3	8	的	6.239258532081877
3	9	歌曲	12.673819080139765
3	10	。	1.4489840414850477
4	1	我	7.816946472995532
4	2	很	6.2545625297583385
4	3	喜欢	5.568468495371079
4	4	一	6.055612721997964
4	5	位	3.5155419505299186
4	6	新闻	11.891857513181613
4	7	提到	17.353853738089107
4	8	的	3.511310888937828
4	9	歌曲	14.920414241572232
4	10	。	2.733081880416762
5	1	她	7.674425434149787
5	2	开车	17.964677628384713
5	3	去	3.8380713817799084
5	4	了	4.535159557426255
5	5	一	3.6147261188150637
5	6	家	2.0441021279577285
5	7	我	8.586890552889948
5	8	推荐	14.453606247290928
5	9	过	2.5371847816589224
5	10	的	0.18659423843280365
5	11	店	8.47559127409167
5	12	。	2.3660389887476185
6	1	她	7.674425434149787
6	2	开车	17.964677628384713
6	3	去	3.8380713817799084
6	4	了	4.535159557426255
6	5	一	3.6147261188150637
6	6	座	6.717049105857029
6	7	我	9.39707196207474
6	8	推荐	14.540874436573255
6	9	过	2.5599216691322795
6	10	的	0.13136937460200215
6	11	店	12.391572151359966
6	12	。	1.545179073415511
7	1	她	7.674425434149787
7	2	开车	17.964677628384713
7	3	去	3.8380713817799084
7	4	了	4.535159557426255
7	5	一	3.6147261188150637
7	6	座	6.717049105857029
7	7	我	9.39707196207474
7	8	推荐	14.540874436573255
7	9	过	2.5599216691322795
7	10	的	0.13136937460200215
7	11	山	9.57679594021856
7	12	。	1.416530798559748
8	1	她	7.674425434149787
8	2	开车	17.964677628384713
8	3	去	3.8380713817799084
8	4	了	4.535159557426255
8	5	一	3.6147261188150637
8	6	家	2.0441021279577285
8	7	我	8.586890552889948
8	8	推荐	14.453606247290928
8	9	过	2.5371847816589224
8	10	的	0.18659423843280365
8	11	山	12.482091493659823
8	12	。	2.078002882543416
9	1	他	4.290290250121991
9	2	有	11.983198791820108
9	3	一	4.4043864791928975
9	4	双	7.96607234284787
9	5	我	11.981986223287635
9	6	穿	11.923232241985986
9	7	坏	14.858815215142577
9	8	了	6.022371064533516
9	9	的	0.16965885419566007
9	10	手套	14.092565916881867
9	11	。	7.3871675693089
10	1	他	4.290290250121991
10	2	有	11.983198791820108
10	3	一	4.4043864791928975
10	4	枚	10.105768874454977
10	5	我	13.900439440789242
10	6	穿	11.674645316272532
10	7	坏	17.2371229512395
10	8	了	4.326851530517544
10	9	的	0.3550384498129233
10	10	手套	14.172653398295779
10	11	。	8.448664431956288
11	1	他	4.290290250121991
11	2	有	11.983198791820108
11	3	一	4.4043864791928975
11	4	枚	10.105768874454977
11	5	我	13.900439440789242
11	6	穿	11.674645316272532
11	7	坏	17.2371229512395
11	8	了	4.326851530517544
11	9	的	0.3550384498129233
11	10	纽扣	19.909450069925498
11	11	。	8.693815969643154
12	1	他	4.290290250121991
12	2	有	11.983198791820108
12	3	一	4.4043864791928975
12	4	双	7.96607234284787
12	5	我	11.981986223287635
12	6	穿	11.923232241985986
12	7	坏	14.858815215142577
12	8	了	6.022371064533516
12	9	的	0.16965885419566007
12	10	纽扣	18.92158164956126
12	11	。	7.746551739017264
13	1	店长	21.75787433051535
13	2	拿	17.181719355502956
13	3	着	2.246889124673409
13	4	一	4.012878554620372
13	5	只	6.045428970700229
13	6	他	10.216890509406078
13	7	买	10.70956261712859
13	8	的	0.8297044238920108
13	9	兔子	17.898827534516244
13	10	。	13.786463724330048
14	1	店长	21.75787433051535
14	2	拿	17.181719355502956
14	3	着	2.246889124673409
14	4	一	4.012878554620372
14	5	根	8.648168927407298
14	6	他	11.337466755136646
14	7	买	12.36379937057282
14	8	的	0.41456588354738244
14	9	兔子	17.104178486249438
14	10	。	14.53086886689465
15	1	店长	21.75787433051535
15	2	拿	17.181719355502956
15	3	着	2.246889124673409
15	4	一	4.012878554620372
15	5	根	8.648168927407298
15	6	他	11.337466755136646
15	7	买	12.36379937057282
15	8	的	0.41456588354738244
15	9	萝卜	12.861598081898038
15	10	。	14.604799643151836
16	1	店长	21.75787433051535
16	2	拿	17.181719355502956
16	3	着	2.246889124673409
16	4	一	4.012878554620372
16	5	只	6.045428970700229
16	6	他	10.216890509406078
16	7	买	10.70956261712859
16	8	的	0.8297044238920108
16	9	萝卜	13.706036177583812
16	10	。	13.792968131518663
17	1	他	4.290290250121991
17	2	认识	15.472456506080544
17	3	了	4.561020042282109
17	4	一	7.689318701847615
17	5	名	6.333421822536707
17	6	我	11.548258285411322
17	7	知道	10.71492245846028
17	8	的	0.3919646707027056
17	9	男孩	10.388255527961341
17	10	。	6.509199468617169
18	1	他	4.290290250121991
18	2	认识	15.472456506080544
18	3	了	4.561020042282109
18	4	一	7.689318701847615
18	5	本	6.390068106790515
18	6	我	10.95871004542397
18	7	知道	8.626298273032816
18	8	的	0.46747626846519097
18	9	男孩	15.097067332424658
18	10	。	7.925285568278099
19	1	他	4.290290250121991
19	2	认识	15.472456506080544
19	3	了	4.561020042282109
19	4	一	7.689318701847615
19	5	本	6.390068106790515
19	6	我	10.95871004542397
19	7	知道	8.626298273032816
19	8	的	0.46747626846519097
19	9	小说	4.759280961116595
19	10	。	8.193716027602868
20	1	他	4.290290250121991
20	2	认识	15.472456506080544
20	3	了	4.561020042282109
20	4	一	7.689318701847615
20	5	名	6.333421822536707
20	6	我	11.548258285411322
20	7	知道	10.71492245846028
20	8	的	0.3919646707027056
20	9	小说	12.630128039932224
20	10	。	6.691170807807026
21	1	男人	17.085461657449592
21	2	在	4.140154545345876
21	3	扫描	19.08824175392625
21	4	一	5.717499262394561
21	5	篇	7.750297013877507
21	6	我	12.159433721930753
21	7	发	14.54956824046748
21	8	的	1.3501545788833624
21	9	文章	2.2633640997145505
21	10	。	19.093479112870355
22	1	男人	17.085461657449592
22	2	在	4.140154545345876
22	3	扫描	19.08824175392625
22	4	一	5.717499262394561
22	5	张	5.4991419986041095
22	6	我	11.301593505559246
22	7	发	15.342873978036828
22	8	的	1.2970506003673563
22	9	文章	7.993822942845469
22	10	。	19.8278429564524
23	1	男人	17.085461657449592
23	2	在	4.140154545345876
23	3	扫描	19.08824175392625
23	4	一	5.717499262394561
23	5	张	5.4991419986041095
23	6	我	11.301593505559246
23	7	发	15.342873978036828
23	8	的	1.2970506003673563
23	9	图片	8.03509851324462
23	10	。	20.240112607345083
24	1	男人	17.085461657449592
24	2	在	4.140154545345876
24	3	扫描	19.08824175392625
24	4	一	5.717499262394561
24	5	篇	7.750297013877507
24	6	我	12.159433721930753
24	7	发	14.54956824046748
24	8	的	1.3501545788833624
24	9	图片	9.526236529176728
24	10	。	19.369021562228326
25	1	演员	16.3371348174529
25	2	在	3.6227304182371967
25	3	看	13.298074185071762
25	4	一	10.247235225796288
25	5	张	3.767646912859405
25	6	她	10.921651996604638
25	7	以前	14.462347674991392
25	8	拍	8.086748715150392
25	9	过	6.395757659704273
25	10	的	0.15116726378110457
25	11	照片	5.811217458098724
25	12	。	20.427119375436604
26	1	演员	16.3371348174529
26	2	在	3.6227304182371967
26	3	看	13.298074185071762
26	4	一	10.247235225796288
26	5	位	4.268025605009477
26	6	她	11.822949921239058
26	7	以前	12.714992448261775
26	8	拍	8.581123434603612
26	9	过	5.494815904376281
26	10	的	0.3654615172204956
26	11	照片	7.6085417533037685
26	12	。	15.917222477515224
27	1	演员	16.3371348174529
27	2	在	3.6227304182371967
27	3	看	13.298074185071762
27	4	一	10.247235225796288
27	5	位	4.268025605009477
27	6	她	11.822949921239058
27	7	以前	12.714992448261775
27	8	拍	8.581123434603612
27	9	过	5.494815904376281
27	10	的	0.3654615172204956
27	11	老师	13.28583939891945
27	12	。	15.88065273010956
28	1	演员	16.3371348174529
28	2	在	3.6227304182371967
28	3	看	13.298074185071762
28	4	一	10.247235225796288
28	5	张	3.767646912859405
28	6	她	10.921651996604638
28	7	以前	14.462347674991392
28	8	拍	8.086748715150392
28	9	过	6.395757659704273
28	10	的	0.15116726378110457
28	11	老师	15.225887792942729
28	12	。	16.32856887008944
29	1	他	4.290290250121991
29	2	在	4.7895114407550565
29	3	修理	18.15209004224372
29	4	一	6.64191503846336
29	5	辆	3.5856041828718688
29	6	我	14.01032525214901
29	7	使用	9.769331434332948
29	8	过	2.918523478156409
29	9	的	0.17858525464498598
29	10	汽车	3.583642536080461
29	11	。	4.601631109109448
30	1	他	4.290290250121991
30	2	在	4.7895114407550565
30	3	修理	18.15209004224372
30	4	一	6.64191503846336
30	5	套	4.842275590207272
30	6	我	13.820509855757287
30	7	使用	9.034259379064174
30	8	过	3.362176111452335
30	9	的	0.21296551212904546
30	10	汽车	6.710350586323926
30	11	。	3.963953516116149
31	1	他	4.290290250121991
31	2	在	4.7895114407550565
31	3	修理	18.15209004224372
31	4	一	6.64191503846336
31	5	套	4.842275590207272
31	6	我	13.820509855757287
31	7	使用	9.034259379064174
31	8	过	3.362176111452335
31	9	的	0.21296551212904546
31	10	系统	4.835829263650496
31	11	。	4.405358910519411
32	1	他	4.290290250121991
32	2	在	4.7895114407550565
32	3	修理	18.15209004224372
32	4	一	6.64191503846336
32	5	辆	3.5856041828718688
32	6	我	14.01032525214901
32	7	使用	9.769331434332948
32	8	过	2.918523478156409
32	9	的	0.17858525464498598
32	10	系统	9.353192620718474
32	11	。	5.528323952479724
33	1	学生	14.611202228896731
33	2	们	21.047284608836115
33	3	在	5.750516275208483
33	4	写	12.148188011537577
33	5	一	3.4055021505308574
33	6	部	2.921847389028848
33	7	他	9.484370444090018
33	8	要	9.839700529018486
33	9	评价	15.206064240743686
33	10	的	0.5652384848243628
33	11	电影	3.326099226611518
33	12	。	9.016867978063672
34	1	学生	14.611202228896731
34	2	们	21.047284608836115
34	3	在	5.750516275208483
34	4	写	12.148188011537577
34	5	一	3.4055021505308574
34	6	首	4.412086326896919
34	7	他	9.643861494781788
34	8	要	10.418138271154248
34	9	评价	15.77548732931372
34	10	的	0.8401601229887063
34	11	电影	4.858288305228157
34	12	。	9.187856293802795
35	1	学生	14.611202228896731
35	2	们	21.047284608836115
35	3	在	5.750516275208483
35	4	写	12.148188011537577
35	5	一	3.4055021505308574
35	6	首	4.412086326896919
35	7	他	9.643861494781788
35	8	要	10.418138271154248
35	9	评价	15.77548732931372
35	10	的	0.8401601229887063
35	11	戏曲	16.934791931523407
35	12	。	10.140341890260046
36	1	学生	14.611202228896731
36	2	们	21.047284608836115
36	3	在	5.750516275208483
36	4	写	12.148188011537577
36	5	一	3.4055021505308574
36	6	部	2.921847389028848
36	7	他	9.484370444090018
36	8	要	9.839700529018486
36	9	评价	15.206064240743686
36	10	的	0.5652384848243628
36	11	戏曲	17.86772675225255
36	12	。	10.343884903259777
37	1	我们	8.003944277833243
37	2	在	5.194202675180078
37	3	看	8.79670528176343
37	4	一	5.702919428344831
37	5	场	3.3360311835863357
37	6	很多	16.114377385381243
37	7	人	3.776275837884427
37	8	看	9.459377446443007
37	9	的	2.420416043854111
37	10	表演	9.411322450247312
37	11	。	5.785775790616398
38	1	我们	8.003944277833243
38	2	在	5.194202675180078
38	3	看	8.79670528176343
38	4	一	5.702919428344831
38	5	块	11.650202526599852
38	6	很多	13.516100402203072
38	7	人	1.8914563184131268
38	8	看	8.527923718652865
38	9	的	2.40968092636939
38	10	表演	12.785841150377877
38	11	。	6.642622881678122
39	1	我们	8.003944277833243
39	2	在	5.194202675180078
39	3	看	8.79670528176343
39	4	一	5.702919428344831
39	5	块	11.650202526599852
39	6	很多	13.516100402203072
39	7	人	1.8914563184131268
39	8	看	8.527923718652865
39	9	的	2.40968092636939
39	10	场地	12.566242771832023
39	11	。	5.553840692740863
40	1	我们	8.003944277833243
40	2	在	5.194202675180078
40	3	看	8.79670528176343
40	4	一	5.702919428344831
40	5	场	3.3360311835863357
40	6	很多	16.114377385381243
40	7	人	3.776275837884427
40	8	看	9.459377446443007
40	9	的	2.420416043854111
40	10	场地	14.958546752893824
40	11	。	7.23927186009999
41	1	他	4.290290250121991
41	2	最	12.883094700892496
41	3	喜欢	3.9928709429137648
41	4	一	10.22699190137806
41	5	道	8.951954659089647
41	6	妈妈	16.150030168883738
41	7	做	10.51821250383734
41	8	的	2.130694081339314
41	9	菜	9.112349724953845
41	10	。	8.511128765671629
42	1	他	4.290290250121991
42	2	最	12.883094700892496
42	3	喜欢	3.9928709429137648
42	4	一	10.22699190137806
42	5	瓶	13.010825369629142
42	6	妈妈	15.12276726808551
42	7	做	10.514140553583388
42	8	的	2.835513782885215
42	9	菜	8.106790334329801
42	10	。	7.702593725147537
43	1	他	4.290290250121991
43	2	最	12.883094700892496
43	3	喜欢	3.9928709429137648
43	4	一	10.22699190137806
43	5	瓶	13.010825369629142
43	6	妈妈	15.12276726808551
43	7	做	10.514140553583388
43	8	的	2.835513782885215
43	9	醋	18.785894380870843
43	10	。	8.004398606556848
44	1	他	4.290290250121991
44	2	最	12.883094700892496
44	3	喜欢	3.9928709429137648
44	4	一	10.22699190137806
44	5	道	8.951954659089647
44	6	妈妈	16.150030168883738
44	7	做	10.51821250383734
44	8	的	2.130694081339314
44	9	醋	19.534685804161867
44	10	。	8.585674303348753
45	1	她	7.674425434149787
45	2	拿	13.902593743026554
45	3	了	1.752822445771887
45	4	一	4.939607920630042
45	5	份	4.174128408389237
45	6	她	7.780723385077245
45	7	准备	9.69101797374342
45	8	的	2.732925603952296
45	9	饭	15.997488124252122
45	10	。	11.079568389230346
46	1	她	7.674425434149787
46	2	拿	13.902593743026554
46	3	了	1.752822445771887
46	4	一	4.939607920630042
46	5	卷	14.977743712524905
46	6	她	10.914746239582591
46	7	准备	11.525782796158715
46	8	的	2.2608549239225226
46	9	饭	13.229771724374046
46	10	。	13.207577900069097
47	1	她	7.674425434149787
47	2	拿	13.902593743026554
47	3	了	1.752822445771887
47	4	一	4.939607920630042
47	5	卷	14.977743712524905
47	6	她	10.914746239582591
47	7	准备	11.525782796158715
47	8	的	2.2608549239225226
47	9	纸	13.350144388191296
47	10	。	12.156863422121617
48	1	她	7.674425434149787
48	2	拿	13.902593743026554
48	3	了	1.752822445771887
48	4	一	4.939607920630042
48	5	份	4.174128408389237
48	6	她	7.780723385077245
48	7	准备	9.69101797374342
48	8	的	2.732925603952296
48	9	纸	14.19975094678751
48	10	。	10.657110658467431
49	1	学生	14.611202228896731
49	2	们	21.047284608836115
49	3	在	5.750516275208483
49	4	写	12.148188011537577
49	5	一	3.4055021505308574
49	6	部	2.921847389028848
49	7	老师	13.635868824642898
49	8	需要	13.453288633794529
49	9	的	0.49622235611650467
49	10	戏剧	10.25492892746135
49	11	。	11.888558961379289
50	1	学生	14.611202228896731
50	2	们	21.047284608836115
50	3	在	5.750516275208483
50	4	写	12.148188011537577
50	5	一	3.4055021505308574
50	6	篇	2.0657640539007858
50	7	老师	13.25583925920995
50	8	需要	13.578801160785062
50	9	的	0.5291211650674228
50	10	戏剧	11.778418638746999
50	11	。	12.807103650797416
51	1	学生	14.611202228896731
51	2	们	21.047284608836115
51	3	在	5.750516275208483
51	4	写	12.148188011537577
51	5	一	3.4055021505308574
51	6	篇	2.0657640539007858
51	7	老师	13.25583925920995
51	8	需要	13.578801160785062
51	9	的	0.5291211650674228
51	10	文章	1.694256061061452
51	11	。	9.237577388297296
52	1	学生	14.611202228896731
52	2	们	21.047284608836115
52	3	在	5.750516275208483
52	4	写	12.148188011537577
52	5	一	3.4055021505308574
52	6	部	2.921847389028848
52	7	老师	13.635868824642898
52	8	需要	13.453288633794529
52	9	的	0.49622235611650467
52	10	文章	5.693013233686045
52	11	。	8.89197942147618
53	1	这	6.331728329654116
53	2	是	3.160635888555589
53	3	一	4.008146644870045
53	4	辆	12.563408482760288
53	5	她	13.659098078913818
53	6	设计	10.235817134084456
53	7	的	0.30265813907765704
53	8	火车	10.055151077251985
53	9	。	2.9391136707470054
54	1	这	6.331728329654116
54	2	是	3.160635888555589
54	3	一	4.008146644870045
54	4	扇	19.514625121229127
54	5	她	14.431303012053839
54	6	设计	11.393559100414436
54	7	的	0.44408395962329905
54	8	火车	15.063407892788788
54	9	。	2.8677116059981245
55	1	这	6.331728329654116
55	2	是	3.160635888555589
55	3	一	4.008146644870045
55	4	扇	19.514625121229127
55	5	她	14.431303012053839
55	6	设计	11.393559100414436
55	7	的	0.44408395962329905
55	8	窗户	14.58707030350699
55	9	。	3.2263426640576967
56	1	这	6.331728329654116
56	2	是	3.160635888555589
56	3	一	4.008146644870045
56	4	辆	12.563408482760288
56	5	她	13.659098078913818
56	6	设计	10.235817134084456
56	7	的	0.30265813907765704
56	8	窗户	16.5203752855666
56	9	。	4.15639143541496
57	1	老师	14.581864843098309
57	2	在	6.279783421442463
57	3	责备	19.347164753267723
57	4	三	13.439195171529839
57	5	名	2.8843785175468852
57	6	他	10.148149664251804
57	7	责备	22.94370203267806
57	8	过	9.795343378298014
57	9	的	0.4010967268059318
57	10	学生	3.9542713516684813
57	11	。	9.960932149996097
58	1	老师	14.581864843098309
58	2	在	6.279783421442463
58	3	责备	19.347164753267723
58	4	三	13.439195171529839
58	5	只	5.776949014454466
58	6	他	12.177786193223625
58	7	责备	21.779087802226258
58	8	过	9.947920286357316
58	9	的	0.3039651148018834
58	10	学生	13.037455966782986
58	11	。	3.5901615003187857
59	1	老师	14.581864843098309
59	2	在	6.279783421442463
59	3	责备	19.347164753267723
59	4	三	13.439195171529839
59	5	只	5.776949014454466
59	6	他	12.177786193223625
59	7	责备	21.779087802226258
59	8	过	9.947920286357316
59	9	的	0.3039651148018834
59	10	宠物	17.700981166315458
59	11	。	3.780319226890242
60	1	老师	14.581864843098309
60	2	在	6.279783421442463
60	3	责备	19.347164753267723
60	4	三	13.439195171529839
60	5	名	2.8843785175468852
60	6	他	10.148149664251804
60	7	责备	22.94370203267806
60	8	过	9.795343378298014
60	9	的	0.4010967268059318
60	10	宠物	18.755799083376388
60	11	。	11.678499878171948
61	1	她	7.674425434149787
61	2	买	13.623254789464845
61	3	过	7.88543067093752
61	4	两	6.159576731424188
61	5	杯	7.682453203420387
61	6	我	12.537900664805647
61	7	想要	12.538599601293846
61	8	的	0.9455220905290247
61	9	咖啡	9.131974470759886
61	10	。	3.6497794848135783
62	1	她	7.674425434149787
62	2	买	13.623254789464845
62	3	过	7.88543067093752
62	4	两	6.159576731424188
62	5	个	3.3223278039871147
62	6	我	11.299757710641003
62	7	想要	9.545004148790639
62	8	的	0.6802884907208337
62	9	咖啡	13.458961519896292
62	10	。	4.339011722696156
63	1	她	7.674425434149787
63	2	买	13.623254789464845
63	3	过	7.88543067093752
63	4	两	6.159576731424188
63	5	个	3.3223278039871147
63	6	我	11.299757710641003
63	7	想要	9.545004148790639
63	8	的	0.6802884907208337
63	9	杯子	18.377005832852333
63	10	。	3.557081174672433
64	1	她	7.674425434149787
64	2	买	13.623254789464845
64	3	过	7.88543067093752
64	4	两	6.159576731424188
64	5	杯	7.682453203420387
64	6	我	12.537900664805647
64	7	想要	12.538599601293846
64	8	的	0.9455220905290247
64	9	杯子	18.18106596822207
64	10	。	2.888957384363536
65	1	孩子	15.896548566518618
65	2	在	4.9846004096891505
65	3	卖	11.665644411993476
65	4	五	12.867927644642194
65	5	台	10.306327633182931
65	6	他	14.42850216767085
65	7	买	7.709838188278894
65	8	的	1.645326629324046
65	9	桌子	15.27987203111897
65	10	。	1.3285206230093394
66	1	孩子	15.896548566518618
66	2	在	4.9846004096891505
66	3	卖	11.665644411993476
66	4	五	12.867927644642194
66	5	块	8.329633623885506
66	6	他	12.301923568726323
66	7	买	7.518212493860531
66	8	的	1.7760729466440353
66	9	桌子	16.316568178573405
66	10	。	1.838465303198106
67	1	孩子	15.896548566518618
67	2	在	4.9846004096891505
67	3	卖	11.665644411993476
67	4	五	12.867927644642194
67	5	块	8.329633623885506
67	6	他	12.301923568726323
67	7	买	7.518212493860531
67	8	的	1.7760729466440353
67	9	蛋糕	17.17057465080795
67	10	。	1.746739022339014
68	1	孩子	15.896548566518618
68	2	在	4.9846004096891505
68	3	卖	11.665644411993476
68	4	五	12.867927644642194
68	5	台	10.306327633182931
68	6	他	14.42850216767085
68	7	买	7.709838188278894
68	8	的	1.645326629324046
68	9	蛋糕	17.290736764666676
68	10	。	1.3693224617723985
69	1	妈妈	15.118703850783046
69	2	在	6.826620285594501
69	3	做	8.423008886348608
69	4	一	5.993223643177679
69	5	张	8.154791548461034
69	6	我	7.7014971505045295
69	7	正在	8.886805380504093
69	8	用	8.719189065986768
69	9	的	1.7316699227799859
69	10	地图	9.479063329716382
69	11	。	3.0553265254264943
70	1	妈妈	15.118703850783046
70	2	在	6.826620285594501
70	3	做	8.423008886348608
70	4	一	5.993223643177679
70	5	面	13.650949486031443
70	6	我	8.200860503581886
70	7	正在	9.072215563444757
70	8	用	9.040389083505303
70	9	的	1.5705636829083147
70	10	地图	12.221444440643026
70	11	。	2.7549073014907037
71	1	妈妈	15.118703850783046
71	2	在	6.826620285594501
71	3	做	8.423008886348608
71	4	一	5.993223643177679
71	5	面	13.650949486031443
71	6	我	8.200860503581886
71	7	正在	9.072215563444757
71	8	用	9.040389083505303
71	9	的	1.5705636829083147
71	10	镜子	16.517831242706407
71	11	。	2.4097059564503667
72	1	妈妈	15.118703850783046
72	2	在	6.826620285594501
72	3	做	8.423008886348608
72	4	一	5.993223643177679
72	5	张	8.154791548461034
72	6	我	7.7014971505045295
72	7	正在	8.886805380504093
72	8	用	8.719189065986768
72	9	的	1.7316699227799859
72	10	镜子	17.055363484070668
72	11	。	2.6081970770762837
73	1	爸爸	15.287213620988297
73	2	买	8.612904580484912
73	3	了	1.7712547403991223
73	4	一	4.444640068891655
73	5	栋	10.260177638990434
73	6	他	11.920776410965239
73	7	听说	14.151857179503445
73	8	过	2.7882741165873313
73	9	的	0.21228060719417385
73	10	房子	2.812883823369617
73	11	。	1.642278233700992
74	1	爸爸	15.287213620988297
74	2	买	8.612904580484912
74	3	了	1.7712547403991223
74	4	一	4.444640068891655
74	5	条	5.552453850451776
74	6	他	13.021046488530338
74	7	听说	14.234965257539265
74	8	过	3.1146351568773127
74	9	的	0.22269175313097378
74	10	房子	5.760073561140743
74	11	。	1.8172751673412222
75	1	爸爸	15.287213620988297
75	2	买	8.612904580484912
75	3	了	1.7712547403991223
75	4	一	4.444640068891655
75	5	条	5.552453850451776
75	6	他	13.021046488530338
75	7	听说	14.234965257539265
75	8	过	3.1146351568773127
75	9	的	0.22269175313097378
75	10	沙发	13.9856714581813
75	11	。	1.5515310495107855
76	1	爸爸	15.287213620988297
76	2	买	8.612904580484912
76	3	了	1.7712547403991223
76	4	一	4.444640068891655
76	5	栋	10.260177638990434
76	6	他	11.920776410965239
76	7	听说	14.151857179503445
76	8	过	2.7882741165873313
76	9	的	0.21228060719417385
76	10	沙发	14.092689757127005
76	11	。	1.4708993654587346
77	1	我	7.816946472995532
77	2	想	3.93398323302749
77	3	种	14.76014375898406
77	4	一	3.613858626887904
77	5	朵	17.107491422121317
77	6	她	12.92341245184231
77	7	研究	13.145843281066789
77	8	过	3.532446772028294
77	9	的	0.1355444577550884
77	10	玫瑰	12.984447319684875
77	11	。	1.8880896746456983
78	1	我	7.816946472995532
78	2	想	3.93398323302749
78	3	种	14.76014375898406
78	4	一	3.613858626887904
78	5	颗	8.781667610411095
78	6	她	12.158828472569716
78	7	研究	13.567790122737286
78	8	过	4.586613071667941
78	9	的	0.08846777081194546
78	10	玫瑰	16.50242482286592
78	11	。	3.0794053635409
79	1	我	7.816946472995532
79	2	想	3.93398323302749
79	3	种	14.76014375898406
79	4	一	3.613858626887904
79	5	颗	8.781667610411095
79	6	她	12.158828472569716
79	7	研究	13.567790122737286
79	8	过	4.586613071667941
79	9	的	0.08846777081194546
79	10	种子	12.088667271953867
79	11	。	2.4129382446770222
80	1	我	7.816946472995532
80	2	想	3.93398323302749
80	3	种	14.76014375898406
80	4	一	3.613858626887904
80	5	朵	17.107491422121317
80	6	她	12.92341245184231
80	7	研究	13.145843281066789
80	8	过	3.532446772028294
80	9	的	0.1355444577550884
80	10	种子	10.325625760887917
80	11	。	1.9326224550639495
81	1	我	7.816946472995532
81	2	经常	11.00523804457216
81	3	去	6.0710514723412885
81	4	一	6.737245454309782
81	5	家	2.0817881572104007
81	6	他	10.627533350915364
81	7	去年	13.643476548604326
81	8	去	7.287716076608831
81	9	过	2.5886201558631967
81	10	的	0.28950117951168863
81	11	医院	7.136948710500278
81	12	。	5.297390803040798
82	1	我	7.816946472995532
82	2	经常	11.00523804457216
82	3	去	6.0710514723412885
82	4	一	6.737245454309782
82	5	座	5.818198467403139
82	6	他	11.297318012068189
82	7	去年	14.55756178749838
82	8	去	7.807241338802427
82	9	过	3.0881291229777332
82	10	的	0.39839175583104236
82	11	医院	5.564842472785102
82	12	。	3.9797850212192714
83	1	我	7.816946472995532
83	2	经常	11.00523804457216
83	3	去	6.0710514723412885
83	4	一	6.737245454309782
83	5	座	5.818198467403139
83	6	他	11.297318012068189
83	7	去年	14.55756178749838
83	8	去	7.807241338802427
83	9	过	3.0881291229777332
83	10	的	0.39839175583104236
83	11	城市	4.33536310531683
83	12	。	2.653608932370119
84	1	我	7.816946472995532
84	2	经常	11.00523804457216
84	3	去	6.0710514723412885
84	4	一	6.737245454309782
84	5	家	2.0817881572104007
84	6	他	10.627533350915364
84	7	去年	13.643476548604326
84	8	去	7.287716076608831
84	9	过	2.5886201558631967
84	10	的	0.28950117951168863
84	11	城市	9.334348151929802
84	12	。	3.8128657842998024
85	1	我	7.816946472995532
85	2	拜访	18.130359034390054
85	3	了	1.1565848923179054
85	4	这	7.49853895995189
85	5	一	4.996682893870229
85	6	所	7.734588834046022
85	7	我	11.478007325306038
85	8	怀念	14.095833051458037
85	9	的	2.2710339806986184
85	10	高中	11.197179490411727
85	11	。	4.692708486602527
86	1	我	7.816946472995532
86	2	拜访	18.130359034390054
86	3	了	1.1565848923179054
86	4	这	7.49853895995189
86	5	一	4.996682893870229
86	6	位	4.194382800691663
86	7	我	8.420914042869427
86	8	怀念	14.422337574095039
86	9	的	2.8775144645389474
86	10	高中	14.76666170013982
86	11	。	8.251031178228061
87	1	我	7.816946472995532
87	2	拜访	18.130359034390054
87	3	了	1.1565848923179054
87	4	这	7.49853895995189
87	5	一	4.996682893870229
87	6	位	4.194382800691663
87	7	我	8.420914042869427
87	8	怀念	14.422337574095039
87	9	的	2.8775144645389474
87	10	老师	8.308272388613872
87	11	。	4.083535813288407
88	1	我	7.816946472995532
88	2	拜访	18.130359034390054
88	3	了	1.1565848923179054
88	4	这	7.49853895995189
88	5	一	4.996682893870229
88	6	所	7.734588834046022
88	7	我	11.478007325306038
88	8	怀念	14.095833051458037
88	9	的	2.2710339806986184
88	10	老师	8.631324773942566
88	11	。	2.2213272117362948
89	1	他	4.290290250121991
89	2	在	4.7895114407550565
89	3	读	12.151121958668593
89	4	一	8.122204289728902
89	5	条	8.747624637526783
89	6	网友	17.0317042384768
89	7	写	14.562856730486821
89	8	的	3.433745637384078
89	9	评论	6.409687393375833
89	10	。	4.829001048174206
90	1	他	4.290290250121991
90	2	在	4.7895114407550565
90	3	读	12.151121958668593
90	4	一	8.122204289728902
90	5	首	6.88975201925183
90	6	网友	19.114127175548646
90	7	写	7.260645620327637
90	8	的	0.10104846302568404
90	9	评论	7.37232632799175
90	10	。	18.949605256806763
91	1	他	4.290290250121991
91	2	在	4.7895114407550565
91	3	读	12.151121958668593
91	4	一	8.122204289728902
91	5	首	6.88975201925183
91	6	网友	19.114127175548646
91	7	写	7.260645620327637
91	8	的	0.10104846302568404
91	9	诗歌	10.707824792993485
91	10	。	18.513644505133158
92	1	他	4.290290250121991
92	2	在	4.7895114407550565
92	3	读	12.151121958668593
92	4	一	8.122204289728902
92	5	条	8.747624637526783
92	6	网友	17.0317042384768
92	7	写	14.562856730486821
92	8	的	3.433745637384078
92	9	诗歌	11.787403299114686
92	10	。	6.107855928840138
93	1	她	7.674425434149787
93	2	从来	14.763640397239175
93	3	没	3.8341769897611755
93	4	见	8.7714391237554
93	5	过	0.016800419737371897
93	6	一	7.227540990417424
93	7	头	9.24210976750554
93	8	他	11.790322177361801
93	9	画	10.85954502562332
93	10	的	0.20637308056029724
93	11	老虎	13.865388745660852
93	12	。	5.369035168646889
94	1	她	7.674425434149787
94	2	从来	14.763640397239175
94	3	没	3.8341769897611755
94	4	见	8.7714391237554
94	5	过	0.016800419737371897
94	6	一	7.227540990417424
94	7	双	8.78459338004508
94	8	他	12.879995505232223
94	9	画	11.903904599950643
94	10	的	0.1204826859673318
94	11	老虎	15.816874274985707
94	12	。	8.940084424625724
95	1	她	7.674425434149787
95	2	从来	14.763640397239175
95	3	没	3.8341769897611755
95	4	见	8.7714391237554
95	5	过	0.016800419737371897
95	6	一	7.227540990417424
95	7	双	8.78459338004508
95	8	他	12.879995505232223
95	9	画	11.903904599950643
95	10	的	0.1204826859673318
95	11	眼睛	8.763592044627046
95	12	。	12.524659075716997
96	1	她	7.674425434149787
96	2	从来	14.763640397239175
96	3	没	3.8341769897611755
96	4	见	8.7714391237554
96	5	过	0.016800419737371897
96	6	一	7.227540990417424
96	7	头	9.24210976750554
96	8	他	11.790322177361801
96	9	画	10.85954502562332
96	10	的	0.20637308056029724
96	11	眼睛	8.01110169369052
96	12	。	6.296841708853833
97	1	我	7.816946472995532
97	2	还	7.6407084515452635
97	3	没有	2.909591746521885
97	4	检查	11.318575280829805
97	5	一	8.664032762784245
97	6	份	8.091559451718439
97	7	他	8.287866007725427
97	8	刚刚	10.297287726977594
97	9	在	4.793985921078232
97	10	看	13.799755556896471
97	11	的	4.952990860151743
97	12	作业	11.423558730284128
97	13	。	4.286083986756253
98	1	我	7.816946472995532
98	2	还	7.6407084515452635
98	3	没有	2.909591746521885
98	4	检查	11.318575280829805
98	5	一	8.664032762784245
98	6	行	14.244651729627613
98	7	他	9.190412166155546
98	8	刚刚	13.271689234723759
98	9	在	4.790535990229941
98	10	看	13.571784528550978
98	11	的	3.291431986937212
98	12	作业	10.863083793258497
98	13	。	3.7935092652292894
99	1	我	7.816946472995532
99	2	还	7.6407084515452635
99	3	没有	2.909591746521885
99	4	检查	11.318575280829805
99	5	一	8.664032762784245
99	6	行	14.244651729627613
99	7	他	9.190412166155546
99	8	刚刚	13.271689234723759
99	9	在	4.790535990229941
99	10	看	13.571784528550978
99	11	的	3.291431986937212
99	12	公式	19.98541483104553
99	13	。	3.6614610238543577
100	1	我	7.816946472995532
100	2	还	7.6407084515452635
100	3	没有	2.909591746521885
100	4	检查	11.318575280829805
100	5	一	8.664032762784245
100	6	份	8.091559451718439
100	7	他	8.287866007725427
100	8	刚刚	10.297287726977594
100	9	在	4.793985921078232
100	10	看	13.799755556896471
100	11	的	4.952990860151743
100	12	公式	19.63485394035247
100	13	。	3.603906698788464
101	1	孩子	15.896548566518618
101	2	听到	12.49867228309445
101	3	了	3.6446133171123947
101	4	一	7.358254165455577
101	5	首	6.78854412192468
101	6	他	8.190610802807427
101	7	熟悉	11.39623025153655
101	8	的	0.1827757447765208
101	9	歌曲	4.5514286436265365
101	10	。	4.089765682104755
102	1	孩子	15.896548566518618
102	2	听到	12.49867228309445
102	3	了	3.6446133171123947
102	4	一	7.358254165455577
102	5	张	5.218688439147613
102	6	他	7.8004568453524925
102	7	熟悉	12.451969970111122
102	8	的	0.1511654271158136
102	9	歌曲	8.001350216079217
102	10	。	4.692231534347044
103	1	孩子	15.896548566518618
103	2	听到	12.49867228309445
103	3	了	3.6446133171123947
103	4	一	7.358254165455577
103	5	张	5.218688439147613
103	6	他	7.8004568453524925
103	7	熟悉	12.451969970111122
103	8	的	0.1511654271158136
103	9	专辑	9.866618029120318
103	10	。	3.7147214344395962
104	1	孩子	15.896548566518618
104	2	听到	12.49867228309445
104	3	了	3.6446133171123947
104	4	一	7.358254165455577
104	5	首	6.78854412192468
104	6	他	8.190610802807427
104	7	熟悉	11.39623025153655
104	8	的	0.1827757447765208
104	9	专辑	12.163892969496374
104	10	。	3.6054464238246595
105	1	护士	19.013821265521756
105	2	做	12.299802262935806
105	3	了	2.7419089138178023
105	4	一	4.953707980137814
105	5	次	3.42147364837723
105	6	她	12.210965350021972
105	7	需要	11.254884217925849
105	8	做	5.31419036050751
105	9	的	1.4744551898319713
105	10	检查	10.221062342480536
105	11	。	2.832105997087126
106	1	护士	19.013821265521756
106	2	做	12.299802262935806
106	3	了	2.7419089138178023
106	4	一	4.953707980137814
106	5	篇	8.437964422550756
106	6	她	9.548473142713327
106	7	需要	10.776424419499314
106	8	做	6.564797236116377
106	9	的	0.5024659712852895
106	10	检查	13.319313124195276
106	11	。	3.624918250326729
107	1	护士	19.013821265521756
107	2	做	12.299802262935806
107	3	了	2.7419089138178023
107	4	一	4.953707980137814
107	5	篇	8.437964422550756
107	6	她	9.548473142713327
107	7	需要	10.776424419499314
107	8	做	6.564797236116377
107	9	的	0.5024659712852895
107	10	报告	6.452876759241136
107	11	。	3.2897912870046326
108	1	护士	19.013821265521756
108	2	做	12.299802262935806
108	3	了	2.7419089138178023
108	4	一	4.953707980137814
108	5	次	3.42147364837723
108	6	她	12.210965350021972
108	7	需要	11.254884217925849
108	8	做	5.31419036050751
108	9	的	1.4744551898319713
108	10	报告	12.25548516697657
108	11	。	3.3054163179649123
109	1	这里	9.673400341942449
109	2	是	2.924235334049511
109	3	两	9.845506493769971
109	4	台	10.175605241329439
109	5	厂家	16.759630319820964
109	6	刚	15.871475270325277
109	7	接到	11.354889552473367
109	8	的	2.7369005761995595
109	9	电视	11.062446729417971
109	10	。	5.81576554080749
110	1	这里	9.673400341942449
110	2	是	2.924235334049511
110	3	两	9.845506493769971
110	4	份	12.128044415418554
110	5	厂家	16.98858330176744
110	6	刚	14.820746274520808
110	7	接到	6.5503813158950095
110	8	的	1.9270342423089204
110	9	电视	13.76442210285586
110	10	。	4.974889494867156
111	1	这里	9.673400341942449
111	2	是	2.924235334049511
111	3	两	9.845506493769971
111	4	份	12.128044415418554
111	5	厂家	16.98858330176744
111	6	刚	14.820746274520808
111	7	接到	6.5503813158950095
111	8	的	1.9270342423089204
111	9	订单	11.444576238212406
111	10	。	0.7616436282507522
112	1	这里	9.673400341942449
112	2	是	2.924235334049511
112	3	两	9.845506493769971
112	4	台	10.175605241329439
112	5	厂家	16.759630319820964
112	6	刚	15.871475270325277
112	7	接到	11.354889552473367
112	8	的	2.7369005761995595
112	9	订单	14.271150426423006
112	10	。	1.8517281393761067
113	1	他	4.290290250121991
113	2	很	10.496283757112904
113	3	欣赏	9.543715147900452
113	4	一	8.864596200899335
113	5	处	11.203051546359696
113	6	他	8.287260719323378
113	7	今天	11.646427652618748
113	8	见到	11.6317036554492
113	9	的	0.03114478591047032
113	10	景点	12.468451308359448
113	11	。	2.654249010586753
114	1	他	4.290290250121991
114	2	很	10.496283757112904
114	3	欣赏	9.543715147900452
114	4	一	8.864596200899335
114	5	位	2.93762506664892
114	6	他	9.528192838200667
114	7	今天	10.715529665905898
114	8	见到	11.30593472071753
114	9	的	0.07796359780358841
114	10	景点	15.41689189698559
114	11	。	4.861895468395005
115	1	他	4.290290250121991
115	2	很	10.496283757112904
115	3	欣赏	9.543715147900452
115	4	一	8.864596200899335
115	5	位	2.93762506664892
115	6	他	9.528192838200667
115	7	今天	10.715529665905898
115	8	见到	11.30593472071753
115	9	的	0.07796359780358841
115	10	领导	15.605715355186021
115	11	。	5.140246312351238
116	1	他	4.290290250121991
116	2	很	10.496283757112904
116	3	欣赏	9.543715147900452
116	4	一	8.864596200899335
116	5	处	11.203051546359696
116	6	他	8.287260719323378
116	7	今天	11.646427652618748
116	8	见到	11.6317036554492
116	9	的	0.03114478591047032
116	10	领导	18.22534021987005
116	11	。	6.46231797745078
117	1	那里	14.55051569107234
117	2	有	2.9375695491195675
117	3	一	3.0191753488346045
117	4	支	6.434209189242921
117	5	司令	16.29371351071151
117	6	安排	15.617513011699799
117	7	的	1.8827832315741588
117	8	舰队	12.478686982926845
117	9	。	4.750734866242993
118	1	那里	14.55051569107234
118	2	有	2.9375695491195675
118	3	一	3.0191753488346045
118	4	艘	8.004473979220041
118	5	司令	15.057913937255982
118	6	安排	16.75042310337053
118	7	的	2.2883531080987254
118	8	舰队	9.512218035729596
118	9	。	4.235269802194381
119	1	那里	14.55051569107234
119	2	有	2.9375695491195675
119	3	一	3.0191753488346045
119	4	艘	8.004473979220041
119	5	司令	15.057913937255982
119	6	安排	16.75042310337053
119	7	的	2.2883531080987254
119	8	渔船	7.396920303501908
119	9	。	4.581945538575297
120	1	那里	14.55051569107234
120	2	有	2.9375695491195675
120	3	一	3.0191753488346045
120	4	支	6.434209189242921
120	5	司令	16.29371351071151
120	6	安排	15.617513011699799
120	7	的	1.8827832315741588
120	8	渔船	14.798332953143515
120	9	。	4.942312768981566
