sentence_id	token_id	token	surprisal
1	1	随着	8.661233948081247
1	2	当地	10.79356579135592
1	3	的	4.400814584943049
1	4	政府	14.792957649240126
1	5	发展	4.917535205708511
1	6	，	0.2652119044681598
1	7	经济	9.506485624544688
1	8	变	15.76263753042462
1	9	好	12.077896045082412
1	10	了	3.437472881547862
1	11	。	1.6309760450329946
2	1	随着	8.661233948081247
2	2	当地	10.79356579135592
2	3	的	4.400814584943049
2	4	政府	14.792957649240126
2	5	发展	4.917535205708511
2	6	。	17.099598490789525
3	1	随着	8.661233948081247
3	2	庞大	15.22680338004093
3	3	的	0.05109029332349735
3	4	互联网	11.499163364196757
3	5	的	3.758652616893322
3	6	出现	5.208214861268644
3	7	，	0.22424247238082984
3	8	生活	14.02590856918377
3	9	质量	9.763470068556408
3	10	提高	8.221801423648216
3	11	了	1.5863479677787211
3	12	。	1.495604413167655
4	1	随着	8.661233948081247
4	2	庞大	15.22680338004093
4	3	的	0.05109029332349735
4	4	互联网	11.499163364196757
4	5	的	3.758652616893322
4	6	出现	5.208214861268644
4	7	。	16.235119288759066
5	1	随着	8.661233948081247
5	2	一阵	17.130982447495636
5	3	很	17.214284583219086
5	4	响	12.84544708528066
5	5	的	3.089916864075718
5	6	铃声	16.13113983305943
5	7	，	1.68935124845774
5	8	火车	16.412909419460235
5	9	开	12.847819166917589
5	10	了	1.4318284399817998
5	11	。	7.117275191636509
6	1	随着	8.661233948081247
6	2	一阵	17.130982447495636
6	3	很	17.214284583219086
6	4	响	12.84544708528066
6	5	的	3.089916864075718
6	6	铃声	16.13113983305943
6	7	。	18.04963272360287
7	1	随着	8.661233948081247
7	2	不	15.528142732445563
7	3	自信	15.975059558746093
7	4	的	0.3322306089129512
7	5	他	17.334781212062445
7	6	的	1.673699868443066
7	7	年龄	11.645301637164117
7	8	增长	10.580291367141584
7	9	，	0.03831093474414615
7	10	他	1.898317512590495
7	11	更	10.216452808291308
7	12	有	5.374603805250544
7	13	自信	10.829604712752925
7	14	了	7.844805905587705
7	15	。	0.04674481347547044
8	1	随着	8.661233948081247
8	2	不	15.528142732445563
8	3	自信	15.975059558746093
8	4	的	0.3322306089129512
8	5	他	17.334781212062445
8	6	的	1.673699868443066
8	7	年龄	11.645301637164117
8	8	增长	10.580291367141584
8	9	。	12.851116470547467
9	1	随着	8.661233948081247
9	2	寒冷	19.34473624543015
9	3	的	0.5769589916878424
9	4	冬天	12.051556325384364
9	5	的	4.087474528191564
9	6	到来	3.643023908286061
9	7	，	0.026482273244390342
9	8	树木	14.72899348923481
9	9	凋零	19.881258436583792
9	10	了	8.376068432353733
9	11	。	0.519427961853367
10	1	随着	8.661233948081247
10	2	寒冷	19.34473624543015
10	3	的	0.5769589916878424
10	4	冬天	12.051556325384364
10	5	的	4.087474528191564
10	6	到来	3.643023908286061
10	7	。	15.148032163312266
11	1	随着	8.661233948081247
11	2	新兴	12.223778532247554
11	3	的	0.1334598253318724
11	4	科技	9.261891456774649
11	5	发展	7.417787205931226
11	6	，	6.794167834345572
11	7	电脑	13.222658786683127
11	8	功能	12.158022464713298
11	9	变得	14.880693878419805
11	10	更	7.496489650484989
11	11	多	6.749764679824693
11	12	了	10.218519186128589
11	13	。	13.06221052748542
12	1	随着	8.661233948081247
12	2	新兴	12.223778532247554
12	3	的	0.1334598253318724
12	4	科技	9.261891456774649
12	5	发展	7.417787205931226
12	6	。	14.323990868929805
13	1	自从	13.473650703216864
13	2	见	16.22761511221757
13	3	了	7.481644644100964
13	4	聪明	16.47180367294039
13	5	的	2.029350650531889
13	6	他	11.476516659753678
13	7	，	2.7525833426689275
13	8	她	6.35020496658295
13	9	一直	6.983279835112896
13	10	在	2.129435435235152
13	11	写信	18.070595506027445
13	12	。	3.1969255191663564
14	1	自从	13.473650703216864
14	2	见	16.22761511221757
14	3	了	7.481644644100964
14	4	聪明	16.47180367294039
14	5	的	2.029350650531889
14	6	他	11.476516659753678
14	7	。	13.61077231801518
15	1	自从	13.473650703216864
15	2	修	18.310134632612638
15	3	了	6.69553190126835
15	4	新	8.712379084125963
15	5	的	3.826739848057869
15	6	公路	3.3543375257869528
15	7	，	12.084468447590403
15	8	农村	13.209644930364064
15	9	经济	8.197992330836229
15	10	变	11.454083249793882
15	11	好	14.03227268205238
15	12	了	1.0176295420582733
15	13	。	8.142213925811731
16	1	自从	13.473650703216864
16	2	修	18.310134632612638
16	3	了	6.69553190126835
16	4	新	8.712379084125963
16	5	的	3.826739848057869
16	6	公路	3.3543375257869528
16	7	。	16.57830103482663
17	1	自从	13.473650703216864
17	2	离开	13.249162980363826
17	3	美丽	15.136276859270716
17	4	的	0.3759713499202988
17	5	家乡	7.100746238775152
17	6	，	3.8856820889898387
17	7	她	5.831627217629453
17	8	一直	6.542259784494171
17	9	想念	16.046858571071027
17	10	父母	4.505301709367657
17	11	。	1.7146373025673682
18	1	自从	13.473650703216864
18	2	离开	13.249162980363826
18	3	美丽	15.136276859270716
18	4	的	0.3759713499202988
18	5	家乡	7.100746238775152
18	6	。	15.642032393704639
19	1	自从	13.473650703216864
19	2	淘气	21.590715370902245
19	3	的	15.599102385878354
19	4	他	13.347286446341087
19	5	开始	6.666721071013214
19	6	读书	8.872704155846307
19	7	，	9.526168080856621
19	8	他	2.6565830123775527
19	9	的	2.550827383928336
19	10	成绩	9.721947673483044
19	11	提高	7.1446513595124514
19	12	了	0.5856546809137342
19	13	。	6.669533196712607
20	1	自从	13.473650703216864
20	2	淘气	21.590715370902245
20	3	的	15.599102385878354
20	4	他	13.347286446341087
20	5	开始	6.666721071013214
20	6	读书	8.872704155846307
20	7	。	17.792362709872123
21	1	自从	13.473650703216864
21	2	自负	22.329077237996415
21	3	的	15.718636144113788
21	4	他	8.939302389788118
21	5	获得	10.74999372091289
21	6	大奖	15.270116039640584
21	7	，	1.7792558780368495
21	8	他	11.653161866538738
21	9	不	8.203716371504171
21	10	学习	16.297915385935312
21	11	了	9.121224236977
21	12	。	5.832627046929844
22	1	自从	13.473650703216864
22	2	自负	22.329077237996415
22	3	的	15.718636144113788
22	4	他	8.939302389788118
22	5	获得	10.74999372091289
22	6	大奖	15.270116039640584
22	7	。	2.356519195710831
23	1	自从	13.473650703216864
23	2	勤奋	18.418656886900102
23	3	的	16.388310478292823
23	4	她	14.24662528174892
23	5	认识	12.027971659693854
23	6	了	3.57843612746521
23	7	老师	13.663366337064716
23	8	，	5.314308447548626
23	9	她	12.683610764722005
23	10	努力	14.376476646301526
23	11	训练	9.140723994689097
23	12	。	16.180702683829082
24	1	自从	13.473650703216864
24	2	勤奋	18.418656886900102
24	3	的	16.388310478292823
24	4	她	14.24662528174892
24	5	认识	12.027971659693854
24	6	了	3.57843612746521
24	7	老师	13.663366337064716
24	8	。	17.792043231539793
25	1	自从	13.473650703216864
25	2	勇敢	18.84217401557477
25	3	的	4.218433528402095
25	4	她	9.820140049191231
25	5	参与	12.797951020514105
25	6	了	3.0957125982984977
25	7	活动	10.531603265684701
25	8	，	5.586991280316511
25	9	她	13.44130288257928
25	10	认识	12.230833292328512
25	11	了	2.428015960756966
25	12	很多	7.400463310233121
25	13	人	3.4307015932330387
25	14	。	6.779682731199131
26	1	自从	13.473650703216864
26	2	勇敢	18.84217401557477
26	3	的	4.218433528402095
26	4	她	9.820140049191231
26	5	参与	12.797951020514105
26	6	了	3.0957125982984977
26	7	活动	10.531603265684701
26	8	。	20.822752596922598
27	1	自从	13.473650703216864
27	2	聪明	18.253724801499104
27	3	的	13.626427184536865
27	4	她	10.982400215080027
27	5	学习	12.315936104962212
27	6	了	5.315519166461897
27	7	外语	10.07790746827267
27	8	，	0.7716318786571037
27	9	她	3.6578636347885407
27	10	看	13.577429828218001
27	11	了	0.6962017083159822
27	12	很多	8.491199770810354
27	13	电影	9.129193753324799
27	14	。	5.8317073097721845
28	1	自从	13.473650703216864
28	2	聪明	18.253724801499104
28	3	的	13.626427184536865
28	4	她	10.982400215080027
28	5	学习	12.315936104962212
28	6	了	5.315519166461897
28	7	外语	10.07790746827267
28	8	。	12.34581191504725
29	1	因为	9.656494164551468
29	2	喝	13.973907103025581
29	3	了	2.93833899979645
29	4	美味	18.20791200265848
29	5	的	5.772845295969283
29	6	酒	6.299014703009277
29	7	，	0.4513516532909634
29	8	他	4.72563646142747
29	9	摔	15.574975508137705
29	10	了	0.7664646084557916
29	11	。	5.853315471035344
30	1	因为	9.656494164551468
30	2	喝	13.973907103025581
30	3	了	2.93833899979645
30	4	美味	18.20791200265848
30	5	的	5.772845295969283
30	6	酒	6.299014703009277
30	7	。	9.39773315481203
31	1	因为	9.656494164551468
31	2	准时	19.04394663958765
31	3	的	4.31986000413195
31	4	他	12.522994869354406
31	5	要	7.422123737398529
31	6	迟到	19.425261682772884
31	7	了	8.77979231830571
31	8	，	1.4775485998428195
31	9	他	2.815682741253724
31	10	结束	12.656562505897753
31	11	了	0.05090020253220473
31	12	谈话	14.316953200235943
31	13	。	3.006285384498895
32	1	因为	9.656494164551468
32	2	准时	19.04394663958765
32	3	的	4.31986000413195
32	4	他	12.522994869354406
32	5	要	7.422123737398529
32	6	迟到	19.425261682772884
32	7	了	8.77979231830571
32	8	。	6.22419193236297
33	1	因为	9.656494164551468
33	2	懒惰	22.28302039984091
33	3	的	4.420555214699913
33	4	他	12.270210982912737
33	5	没有	5.771816743780171
33	6	练习	13.58912661878049
33	7	题目	18.940512301510907
33	8	，	0.3009550219255317
33	9	他	2.4733355806404234
33	10	没有	6.204851300208233
33	11	成功	8.21595120511229
33	12	。	1.1584891287834154
34	1	因为	9.656494164551468
34	2	懒惰	22.28302039984091
34	3	的	4.420555214699913
34	4	他	12.270210982912737
34	5	没有	5.771816743780171
34	6	练习	13.58912661878049
34	7	题目	18.940512301510907
34	8	。	6.312057269483262
35	1	因为	9.656494164551468
35	2	严重	15.553692320268858
35	3	的	1.557304546558754
35	4	疾病	8.063753978178767
35	5	，	1.5770175328690712
35	6	她	7.4326599642564375
35	7	拒绝	11.133686505324704
35	8	了	2.4010811816933497
35	9	演出	16.911663409781674
35	10	。	2.7324623185745907
36	1	因为	9.656494164551468
36	2	严重	15.553692320268858
36	3	的	1.557304546558754
36	4	疾病	8.063753978178767
36	5	。	11.850440741661842
37	1	因为	9.656494164551468
37	2	听	15.854669088919984
37	3	着	6.025854996338094
37	4	美妙	18.913000228669684
37	5	的	0.2076847468496581
37	6	音乐	3.7043648092150576
37	7	，	1.2422194751324227
37	8	她	7.9169558648999185
37	9	错过	16.738983627473544
37	10	了	0.5636904099489897
37	11	广播	14.738224526013425
37	12	。	1.9104770234903299
38	1	因为	9.656494164551468
38	2	听	15.854669088919984
38	3	着	6.025854996338094
38	4	美妙	18.913000228669684
38	5	的	0.2076847468496581
38	6	音乐	3.7043648092150576
38	7	。	12.439819641456445
39	1	尽管	9.102854365252899
39	2	认真	15.677798805657812
39	3	的	8.575753576095344
39	4	领导	15.697014602453208
39	5	已经	13.696259781501098
39	6	离去	18.29905278638035
39	7	，	0.07648936563285247
39	8	工人	16.61623103824951
39	9	还	8.397979404272235
39	10	在	3.510367921265072
39	11	工作	8.208907781655228
39	12	。	3.6115976119678805
40	1	尽管	9.102854365252899
40	2	认真	15.677798805657812
40	3	的	8.575753576095344
40	4	领导	15.697014602453208
40	5	已经	13.696259781501098
40	6	离去	18.29905278638035
40	7	。	9.656628396217684
41	1	尽管	9.102854365252899
41	2	优秀	16.057881759743168
41	3	的	3.174316129389542
41	4	他	13.761271382168587
41	5	年纪	15.253150698959416
41	6	小	6.124147981849241
41	7	，	0.2671756135960024
41	8	他	3.649380348292503
41	9	有	9.955396860676899
41	10	能力	4.723154179558264
41	11	。	8.936261738462917
42	1	尽管	9.102854365252899
42	2	优秀	16.057881759743168
42	3	的	3.174316129389542
42	4	他	13.761271382168587
42	5	年纪	15.253150698959416
42	6	小	6.124147981849241
42	7	。	14.89896783838384
43	1	尽管	9.102854365252899
43	2	环保	14.03690709554914
43	3	的	5.769178869125991
43	4	她	17.030601790905337
43	5	会	11.484004749597126
43	6	开车	16.64835765220966
43	7	，	2.4440836848407628
43	8	她	3.8401736565237456
43	9	今天	10.797387759005616
43	10	没有	6.7714032530442125
43	11	开车	13.209788399064948
43	12	。	2.817529613119916
44	1	尽管	9.102854365252899
44	2	环保	14.03690709554914
44	3	的	5.769178869125991
44	4	她	17.030601790905337
44	5	会	11.484004749597126
44	6	开车	16.64835765220966
44	7	。	10.004198174818328
45	1	尽管	9.102854365252899
45	2	富有	16.104291029989362
45	3	的	6.771238872655193
45	4	作家	16.9806014330142
45	5	很	5.299964008495067
45	6	年轻	5.514731204104223
45	7	，	0.06915792062618209
45	8	他	4.462640367926383
45	9	写	11.409412019365206
45	10	了	3.5790040634337714
45	11	很多	5.77071520943781
45	12	作品	3.0551672324201746
45	13	。	4.659897336959361
46	1	尽管	9.102854365252899
46	2	富有	16.104291029989362
46	3	的	6.771238872655193
46	4	作家	16.9806014330142
46	5	很	5.299964008495067
46	6	年轻	5.514731204104223
46	7	。	10.122172448165102
47	1	尽管	9.102854365252899
47	2	固执	21.480741452813785
47	3	的	6.457505642894567
47	4	父亲	9.150733296603725
47	5	不	5.685542960886998
47	6	同意	7.150764440283034
47	7	他	3.039472524767632
47	8	唱歌	19.335596861290185
47	9	，	0.8705102391259061
47	10	他	3.2348366712443664
47	11	还是	2.9966930646924794
47	12	买	13.040906211557456
47	13	了	0.26168938630647176
47	14	吉他	19.174517619888846
47	15	。	1.7528784774829376
48	1	尽管	9.102854365252899
48	2	固执	21.480741452813785
48	3	的	6.457505642894567
48	4	父亲	9.150733296603725
48	5	不	5.685542960886998
48	6	同意	7.150764440283034
48	7	他	3.039472524767632
48	8	唱歌	19.335596861290185
48	9	。	8.12553715574576
49	1	尽管	9.102854365252899
49	2	国内	9.986373896386365
49	3	的	3.785332899039659
49	4	经济	5.017600439823958
49	5	不	8.516998250651937
49	6	好	10.034441233094107
49	7	，	0.7524010178623541
49	8	他	11.054344975874443
49	9	还是	2.667511887738513
49	10	关心	12.378471748081566
49	11	慈善	14.055309100694103
49	12	。	2.0673275659187595
50	1	尽管	9.102854365252899
50	2	国内	9.986373896386365
50	3	的	3.785332899039659
50	4	经济	5.017600439823958
50	5	不	8.516998250651937
50	6	好	10.034441233094107
50	7	。	11.082899635682715
51	1	如果	8.413028690342294
51	2	自律	18.41482044453754
51	3	的	6.060426847810156
51	4	她	14.595309913259626
51	5	做	7.624648661081565
51	6	完	5.324611748719271
51	7	作业	12.910898508222395
51	8	，	0.3153107360490708
51	9	她	3.081692210750319
51	10	去	11.562290185024992
51	11	健身房	14.260126066434893
51	12	。	12.609982240440047
52	1	如果	8.413028690342294
52	2	自律	18.41482044453754
52	3	的	6.060426847810156
52	4	她	14.595309913259626
52	5	做	7.624648661081565
52	6	完	5.324611748719271
52	7	作业	12.910898508222395
52	8	。	11.271428697834835
53	1	如果	8.413028690342294
53	2	开心	19.41825008313001
53	3	的	4.513904148073124
53	4	她们	15.647278990285294
53	5	照	16.8359642464686
53	6	了	3.8153109522855857
53	7	相	13.148665133182305
53	8	，	0.4475010034950344
53	9	她们	3.7136968647112667
53	10	就	3.8382426640116734
53	11	留下	16.69346815975473
53	12	了	0.24245542620614913
53	13	回忆	15.09181958985603
53	14	。	1.3182310382482711
54	1	如果	8.413028690342294
54	2	开心	19.41825008313001
54	3	的	4.513904148073124
54	4	她们	15.647278990285294
54	5	照	16.8359642464686
54	6	了	3.8153109522855857
54	7	相	13.148665133182305
54	8	。	12.93761276087399
55	1	如果	8.413028690342294
55	2	培养	14.493491400591843
55	3	了	7.294501019308974
55	4	坚定	17.661976883590327
55	5	的	1.0832325019990634
55	6	信心	6.598552712278661
55	7	，	0.26424791043107376
55	8	她	8.079988611524684
55	9	可以	6.090548209474733
55	10	实现	7.385486855417483
55	11	梦想	7.105683120636726
55	12	。	1.3585561492249099
56	1	如果	8.413028690342294
56	2	培养	14.493491400591843
56	3	了	7.294501019308974
56	4	坚定	17.661976883590327
56	5	的	1.0832325019990634
56	6	信心	6.598552712278661
56	7	。	12.052134349218854
57	1	如果	8.413028690342294
57	2	内向	19.22663196003392
57	3	的	5.6226641519591
57	4	他	12.937541167017748
57	5	不	5.909350314221861
57	6	尝试	11.09027247572407
57	7	，	4.564403638925548
57	8	他	1.2477920906545137
57	9	将	2.144340863004274
57	10	失去	7.424476436263731
57	11	机会	5.599826333541188
57	12	。	2.146140276751879
58	1	如果	8.413028690342294
58	2	内向	19.22663196003392
58	3	的	5.6226641519591
58	4	他	12.937541167017748
58	5	不	5.909350314221861
58	6	尝试	11.09027247572407
58	7	。	15.747678372613642
59	1	如果	8.413028690342294
59	2	可爱	18.53650790743115
59	3	的	3.3792108847734745
59	4	她	10.168772499745824
59	5	来	9.408407395120932
59	6	，	5.397430231539403
59	7	母亲	12.515673433356739
59	8	会	2.7423348298837595
59	9	准备	12.918724210639454
59	10	水果	15.871150822624074
59	11	。	2.7445627029333934
60	1	如果	8.413028690342294
60	2	她	9.388593903940059
60	3	来	10.589966428131959
60	4	。	14.408274964709516
