sentence_id	token_id	token	surprisal
1	1	随着	8.661231082092735
1	2	政府	9.703805820976507
1	3	发展	8.341354032014735
1	4	，	7.426599132265675
1	5	经济	4.702852193671518
1	6	变	20.47385620187383
1	7	好	13.945035621814128
1	8	了	3.0948206956107356
1	9	。	1.081548749019106
2	1	随着	8.661231082092735
2	2	政府	9.703805820976507
2	3	发展	8.341354032014735
2	4	。	17.629416074753603
3	1	随着	8.661231082092735
3	2	互联网	14.278515590188745
3	3	的	0.952758514384243
3	4	出现	6.919794581155564
3	5	，	0.18912468839291918
3	6	生活	14.052794536002626
3	7	质量	7.715527605759654
3	8	提高	6.322769997091484
3	9	了	2.601373682228008
3	10	。	1.276680757176102
4	1	随着	8.661231082092735
4	2	互联网	14.278515590188745
4	3	的	0.952758514384243
4	4	出现	6.919794581155564
4	5	。	14.463404024983063
5	1	随着	8.661231082092735
5	2	一阵	17.13098467624529
5	3	铃声	18.27918931365034
5	4	，	0.8575389178580437
5	5	火车	15.76370224414449
5	6	开	13.440830097708755
5	7	了	1.1917982999828638
5	8	。	7.116796623364763
6	1	随着	8.661231082092735
6	2	一阵	17.13098467624529
6	3	铃声	18.27918931365034
6	4	。	17.46227076585773
7	1	随着	8.661231082092735
7	2	他	11.08834040594755
7	3	的	1.5044045311373644
7	4	年龄	12.113901885199233
7	5	增长	8.406065593656002
7	6	，	0.11676000205729054
7	7	他	3.1357470745888065
7	8	更	10.575776119998139
7	9	有	5.603133960934336
7	10	自信	11.286486598358593
7	11	了	8.869604411488496
7	12	。	0.0893286026718556
8	1	随着	8.661231082092735
8	2	他	11.08834040594755
8	3	的	1.5044045311373644
8	4	年龄	12.113901885199233
8	5	增长	8.406065593656002
8	6	。	14.582723607670836
9	1	随着	8.661231082092735
9	2	冬天	15.110365561065139
9	3	的	0.6822522392109356
9	4	到来	3.1290198190518126
9	5	，	0.1800516927456428
9	6	树木	15.213179571468537
9	7	凋零	20.120695468251768
9	8	了	8.503867118550161
9	9	。	1.326675373787893
10	1	随着	8.661231082092735
10	2	冬天	15.110365561065139
10	3	的	0.6822522392109356
10	4	到来	3.1290198190518126
10	5	。	14.755712241472061
11	1	随着	8.661231082092735
11	2	科技	9.148217512000477
11	3	发展	6.782134415593571
11	4	，	4.687164488591385
11	5	电脑	11.076041369584853
11	6	功能	13.844625289913083
11	7	变得	11.279698443575583
11	8	更	8.340143332423978
11	9	多	7.443648637161914
11	10	了	6.702458760777887
11	11	。	0.020280206902882014
12	1	随着	8.661231082092735
12	2	科技	9.148217512000477
12	3	发展	6.782134415593571
12	4	。	17.880247051547155
13	1	自从	13.473648161059957
13	2	见	16.227616252904454
13	3	了	7.481643286822845
13	4	他	6.048518690943908
13	5	，	11.058208513329738
13	6	她	10.854462554987641
13	7	一直	9.945683216235082
13	8	在	1.9314192726561146
13	9	写信	17.079983452410985
13	10	。	8.83830558843664
14	1	自从	13.473648161059957
14	2	见	16.227616252904454
14	3	了	7.481643286822845
14	4	他	6.048518690943908
14	5	。	14.960843889535724
15	1	自从	13.473648161059957
15	2	修	18.310132639323655
15	3	了	6.695528281768954
15	4	公路	3.4910747107630726
15	5	，	11.022343829052375
15	6	农村	10.840128805854206
15	7	经济	8.014067139411239
15	8	变	14.73478556796428
15	9	好	13.968889138218827
15	10	了	3.1399165828669453
15	11	。	11.761092984680417
16	1	自从	13.473648161059957
16	2	修	18.310132639323655
16	3	了	6.695528281768954
16	4	公路	3.4910747107630726
16	5	。	16.567918539190607
17	1	自从	13.473648161059957
17	2	离开	13.249161997253983
17	3	家乡	9.641044312475472
17	4	，	4.591154130007439
17	5	她	6.230449792470779
17	6	一直	5.973233445296557
17	7	想念	15.972146040340654
17	8	父母	3.439101439752079
17	9	。	1.6425566826455054
18	1	自从	13.473648161059957
18	2	离开	13.249161997253983
18	3	家乡	9.641044312475472
18	4	。	16.037318463131953
19	1	自从	13.473648161059957
19	2	他	5.630427042490018
19	3	开始	6.378589576670148
19	4	读书	7.946081457474694
19	5	，	5.558490429677072
19	6	他	2.4964867749836017
19	7	的	2.3106395699630156
19	8	成绩	8.25950536842668
19	9	提高	6.938214339729242
19	10	了	0.3321925915136035
19	11	。	6.617542534400073
20	1	自从	13.473648161059957
20	2	他	5.630427042490018
20	3	开始	6.378589576670148
20	4	读书	7.946081457474694
20	5	。	17.17289737995842
21	1	自从	13.473648161059957
21	2	他	5.630427042490018
21	3	获得	8.998347543623964
21	4	大奖	15.386755558398065
21	5	，	5.35746567182607
21	6	他	3.0710492164909198
21	7	不	8.319148356294676
21	8	学习	15.659706450835813
21	9	了	8.33284258763183
21	10	。	5.393590752102838
22	1	自从	13.473648161059957
22	2	他	5.630427042490018
22	3	获得	8.998347543623964
22	4	大奖	15.386755558398065
22	5	。	15.68552608276044
23	1	自从	13.473648161059957
23	2	她	9.14220828055227
23	3	认识	11.528502869275773
23	4	了	5.1834054516706445
23	5	老师	14.909741322824608
23	6	，	2.148254196750557
23	7	她	9.747836788510106
23	8	努力	12.30489229349675
23	9	训练	9.451049692750331
23	10	。	1.047478967553019
24	1	自从	13.473648161059957
24	2	她	9.14220828055227
24	3	认识	11.528502869275773
24	4	了	5.1834054516706445
24	5	老师	14.909741322824608
24	6	。	14.249138670060226
25	1	自从	13.473648161059957
25	2	她	9.14220828055227
25	3	参与	12.640952954021277
25	4	了	3.301600000078693
25	5	活动	11.515658366246846
25	6	，	2.3249140882363832
25	7	她	3.9382514089336595
25	8	认识	10.013707762971116
25	9	了	3.289117931854804
25	10	很多	7.381975952944984
25	11	人	3.180448107449564
25	12	。	4.497248674329839
26	1	自从	13.473648161059957
26	2	她	9.14220828055227
26	3	参与	12.640952954021277
26	4	了	3.301600000078693
26	5	活动	11.515658366246846
26	6	。	5.670980785509691
27	1	自从	13.473648161059957
27	2	她	9.14220828055227
27	3	学习	13.510224289571422
27	4	了	3.855135488112836
27	5	外语	9.460816979680452
27	6	，	2.4346276702934944
27	7	她	4.376057662638566
27	8	看	12.925867806401016
27	9	了	0.8636172174085459
27	10	很多	8.991917583622879
27	11	电影	8.245955786440504
27	12	。	5.170995433396186
28	1	自从	13.473648161059957
28	2	她	9.14220828055227
28	3	学习	13.510224289571422
28	4	了	3.855135488112836
28	5	外语	9.460816979680452
28	6	。	13.568763776024412
29	1	因为	9.656495617632554
29	2	喝	13.973908754592646
29	3	了	2.9383367484941445
29	4	酒	6.5127677383103375
29	5	，	1.150265236134267
29	6	他	5.6650159663201265
29	7	摔	15.233987041548765
29	8	了	0.5430375059847492
29	9	。	5.670640111033258
30	1	因为	9.656495617632554
30	2	喝	13.973908754592646
30	3	了	2.9383367484941445
30	4	酒	6.5127677383103375
30	5	。	10.28487265980479
31	1	因为	9.656495617632554
31	2	他	5.662441351792054
31	3	要	7.002168835203371
31	4	迟到	20.387118219280293
31	5	了	8.348311374405277
31	6	，	3.118725342935946
31	7	他	3.4120802445684006
31	8	结束	12.521786945272957
31	9	了	0.1816043263645355
31	10	谈话	14.910764238882862
31	11	。	1.9717283242282804
32	1	因为	9.656495617632554
32	2	他	5.662441351792054
32	3	要	7.002168835203371
32	4	迟到	20.387118219280293
32	5	了	8.348311374405277
32	6	。	2.002479839290096
33	1	因为	9.656495617632554
33	2	他	5.662441351792054
33	3	没有	6.434390981166857
33	4	练习	13.81184543412073
33	5	题目	19.593728369872423
33	6	，	0.8260053988352993
33	7	他	3.1814316360514994
33	8	没有	5.8360174105681395
33	9	成功	7.890211028352724
33	10	。	1.3283091162872296
34	1	因为	9.656495617632554
34	2	他	5.662441351792054
34	3	没有	6.434390981166857
34	4	练习	13.81184543412073
34	5	题目	19.593728369872423
34	6	。	2.2774255612080694
35	1	因为	9.656495617632554
35	2	疾病	15.967456714143967
35	3	，	7.279651030224173
35	4	她	8.6294088401904
35	5	拒绝	13.217844320031745
35	6	了	2.9884703818821663
35	7	演出	17.263170744631232
35	8	。	2.4428439331774428
36	1	因为	9.656495617632554
36	2	疾病	15.967456714143967
36	3	。	15.459939653963417
37	1	因为	9.656495617632554
37	2	听	15.854667674371438
37	3	着	6.025856748958493
37	4	音乐	9.536965199022287
37	5	，	1.035446569464881
37	6	她	7.057087735368931
37	7	错过	16.167030271704505
37	8	了	0.48101962835950474
37	9	广播	14.094029162728233
37	10	。	3.0026280278622153
38	1	因为	9.656495617632554
38	2	听	15.854667674371438
38	3	着	6.025856748958493
38	4	音乐	9.536965199022287
38	5	。	12.53029994357069
39	1	尽管	9.102854023201028
39	2	领导	14.142183051499446
39	3	已经	9.528977115158288
39	4	离去	17.250474033139376
39	5	，	0.09329828399026496
39	6	工人	14.554331891139078
39	7	还	8.30768463602719
39	8	在	3.235313621933514
39	9	工作	9.69052066000485
39	10	。	5.421074873208013
40	1	尽管	9.102854023201028
40	2	领导	14.142183051499446
40	3	已经	9.528977115158288
40	4	离去	17.250474033139376
40	5	。	10.414112919657342
41	1	尽管	9.102854023201028
41	2	他	7.396156626388121
41	3	年纪	14.336166497371327
41	4	小	4.634069280069397
41	5	，	0.213538220745086
41	6	他	4.1893230647484145
41	7	有	9.488474519844871
41	8	能力	5.473719498168194
41	9	。	6.958145740899312
42	1	尽管	9.102854023201028
42	2	他	7.396156626388121
42	3	年纪	14.336166497371327
42	4	小	4.634069280069397
42	5	。	13.76037961559782
43	1	尽管	9.102854023201028
43	2	她	8.220497760091027
43	3	会	12.091812333236486
43	4	开车	14.675207456961036
43	5	，	1.9291548154342664
43	6	她	3.9309840382222347
43	7	今天	10.521310231092649
43	8	没有	6.251074522696342
43	9	开车	12.783840195184524
43	10	。	2.699555621992616
44	1	尽管	9.102854023201028
44	2	她	8.220497760091027
44	3	会	12.091812333236486
44	4	开车	14.675207456961036
44	5	。	10.28200229086815
45	1	尽管	9.102854023201028
45	2	作家	16.171022668791693
45	3	很	6.568930693268264
45	4	年轻	6.42115539468498
45	5	，	0.10025303923060136
45	6	他	4.639673193187676
45	7	写	11.228184557662843
45	8	了	4.747325434097526
45	9	很多	5.844764692738288
45	10	作品	2.9357062378623056
45	11	。	4.5145510012698935
46	1	尽管	9.102854023201028
46	2	作家	16.171022668791693
46	3	很	6.568930693268264
46	4	年轻	6.42115539468498
46	5	。	10.729782833061158
47	1	尽管	9.102854023201028
47	2	父亲	15.99872792114599
47	3	不	5.146491378387264
47	4	同意	7.505061763833414
47	5	他	3.6141238816819623
47	6	唱歌	19.254893925850197
47	7	，	0.8163506605192197
47	8	他	2.7442416698261667
47	9	还是	2.743779320261794
47	10	买	12.919850048427136
47	11	了	0.3443672834788316
47	12	吉他	18.80929537933723
47	13	。	1.9662703581056036
48	1	尽管	9.102854023201028
48	2	父亲	15.99872792114599
48	3	不	5.146491378387264
48	4	同意	7.505061763833414
48	5	他	3.6141238816819623
48	6	唱歌	19.254893925850197
48	7	。	9.27128617089653
49	1	尽管	9.102854023201028
49	2	经济	8.496672599290227
49	3	不	9.026100242539698
49	4	好	9.385091043372626
49	5	，	0.5892049047868184
49	6	他	9.29914156875531
49	7	还是	3.7559020667901066
49	8	关心	12.107765359861183
49	9	慈善	14.749888462087881
49	10	。	2.163702571433433
50	1	尽管	9.102854023201028
50	2	经济	8.496672599290227
50	3	不	9.026100242539698
50	4	好	9.385091043372626
50	5	。	11.493517664840873
51	1	如果	8.413032198002263
51	2	她	9.388595687051822
51	3	做	8.728425636432608
51	4	完	6.345098088354099
51	5	作业	14.286127742637987
51	6	，	0.1868722001355536
51	7	她	1.9542486993878185
51	8	去	10.440833262787784
51	9	健身房	14.533284731702466
51	10	。	12.592875863723151
52	1	如果	8.413032198002263
52	2	她	9.388595687051822
52	3	做	8.728425636432608
52	4	完	6.345098088354099
52	5	作业	14.286127742637987
52	6	。	11.726084223706096
53	1	如果	8.413032198002263
53	2	她们	11.127598466034065
53	3	照	17.70602099188246
53	4	了	2.921093838216649
53	5	相	15.139408996893287
53	6	，	0.7925319515680087
53	7	她们	2.2430130228288263
53	8	就	4.636520424101029
53	9	留下	16.814327036277845
53	10	了	0.2544388456226159
53	11	回忆	14.8098831890118
53	12	。	2.2382823721809757
54	1	如果	8.413032198002263
54	2	她们	11.127598466034065
54	3	照	17.70602099188246
54	4	了	2.921093838216649
54	5	相	15.139408996893287
54	6	。	14.877880647488752
55	1	如果	8.413032198002263
55	2	培养	14.493491461277475
55	3	了	7.294504136738421
55	4	信心	16.581061081483277
55	5	，	0.567517278927248
55	6	她	6.148872467915552
55	7	可以	6.205877469130073
55	8	实现	8.6229724873889
55	9	梦想	6.682953188207293
55	10	。	1.1276262733905469
56	1	如果	8.413032198002263
56	2	培养	14.493491461277475
56	3	了	7.294504136738421
56	4	信心	16.581061081483277
56	5	。	12.315361387385401
57	1	如果	8.413032198002263
57	2	他	7.710221208015188
57	3	不	4.8484213783441845
57	4	尝试	9.830483789432844
57	5	，	3.0023339166072134
57	6	他	1.2707103144300902
57	7	将	2.331343338717538
57	8	失去	7.605306851244393
57	9	机会	5.988305909788679
57	10	。	2.557399349245763
58	1	如果	8.413032198002263
58	2	他	7.710221208015188
58	3	不	4.8484213783441845
58	4	尝试	9.830483789432844
58	5	。	14.302923979748591
59	1	如果	8.413032198002263
59	2	她	9.388595687051822
59	3	来	10.589964486408551
59	4	，	3.8773020418637927
59	5	母亲	11.299085912600681
59	6	会	3.152570148826719
59	7	准备	13.21858874783409
59	8	水果	15.37361344982606
59	9	。	3.2342874035224014
60	1	如果	8.413032198002263
60	2	她	9.388595687051822
60	3	来	10.589964486408551
60	4	。	14.408267747221885
