sentence_id	token_id	token	surprisal
1	1	随着	8.661233948081247
1	2	支持	17.103836808693693
1	3	国际	10.17135626225722
1	4	贸易	6.342111977596282
1	5	的	1.4698466762735478
1	6	政府	10.25482409834244
1	7	发展	13.282231075738224
1	8	，	2.5967260555609784
1	9	经济	9.134593904794087
1	10	变	17.880309272221297
1	11	好	14.185076699252576
1	12	了	3.8730492826022243
1	13	。	1.638852395800697
2	1	随着	8.661233948081247
2	2	支持	17.103836808693693
2	3	国际	10.17135626225722
2	4	贸易	6.342111977596282
2	5	的	1.4698466762735478
2	6	政府	10.25482409834244
2	7	发展	13.282231075738224
2	8	。	15.32763606943574
3	1	随着	8.661233948081247
3	2	缩短	17.025333499585305
3	3	人们	14.700147597403738
3	4	距离	12.659545716319698
3	5	的	0.866511923774965
3	6	互联网	17.265350151879503
3	7	的	7.69351912632375
3	8	出现	4.5730496116773764
3	9	，	0.01799484389960071
3	10	生活	12.5599405409706
3	11	质量	8.23873533824775
3	12	提高	6.277086237864069
3	13	了	3.870763491563878
3	14	。	0.7552926336405221
4	1	随着	8.661233948081247
4	2	缩短	17.025333499585305
4	3	人们	14.700147597403738
4	4	距离	12.659545716319698
4	5	的	0.866511923774965
4	6	互联网	17.265350151879503
4	7	的	7.69351912632375
4	8	出现	4.5730496116773764
4	9	。	15.47616808475641
5	1	随着	8.661233948081247
5	2	一阵	17.130982447495636
5	3	提醒	15.630716387423067
5	4	乘客	11.90103118437196
5	5	的	1.4556994672658234
5	6	铃声	15.304639955242187
5	7	，	0.3189537758919272
5	8	火车	14.207361697124924
5	9	开	12.994426074297934
5	10	了	1.5163351269795555
5	11	。	8.064447468112647
6	1	随着	8.661233948081247
6	2	一阵	17.130982447495636
6	3	提醒	15.630716387423067
6	4	乘客	11.90103118437196
6	5	的	1.4556994672658234
6	6	铃声	15.304639955242187
6	7	。	16.98215269684772
7	1	随着	8.661233948081247
7	2	不	15.528142732445563
7	3	敢	11.537756600136792
7	4	说话	12.343330891622713
7	5	的	0.29950168712939274
7	6	他	9.175968789483541
7	7	的	1.079546663347756
7	8	年龄	10.609654134753256
7	9	增长	11.301906131625515
7	10	，	0.08249937201655655
7	11	他	2.032591943199222
7	12	更	10.366027741462403
7	13	有	6.13162252671718
7	14	自信	10.622995487155421
7	15	了	8.567456746473454
7	16	。	0.11826106102071776
8	1	随着	8.661233948081247
8	2	不	15.528142732445563
8	3	敢	11.537756600136792
8	4	说话	12.343330891622713
8	5	的	0.29950168712939274
8	6	他	9.175968789483541
8	7	的	1.079546663347756
8	8	年龄	10.609654134753256
8	9	增长	11.301906131625515
8	10	。	14.97186783254449
9	1	随着	8.661233948081247
9	2	下	15.158296759112524
9	3	很多	19.580064349420525
9	4	雪	16.062539807066763
9	5	的	1.0419151484907232
9	6	冬天	12.258123339615786
9	7	的	5.358693736308339
9	8	到来	2.668930700142326
9	9	，	0.05505744077809993
9	10	树木	15.193499442860542
9	11	凋零	20.501660071789843
9	12	了	7.359263735809421
9	13	。	0.5984195510597345
10	1	随着	8.661233948081247
10	2	下	15.158296759112524
10	3	很多	19.580064349420525
10	4	雪	16.062539807066763
10	5	的	1.0419151484907232
10	6	冬天	12.258123339615786
10	7	的	5.358693736308339
10	8	到来	2.668930700142326
10	9	。	11.435034398447726
11	1	随着	8.661233948081247
11	2	提高	15.91606768845434
11	3	人们	9.356994934774072
11	4	生活	2.124606820279247
11	5	质量	3.800196844379144
11	6	的	0.7111528886386154
11	7	科技	5.113935458334204
11	8	发展	10.579837529863966
11	9	，	6.758279649570987
11	10	电脑	11.49291480069111
11	11	功能	12.394878340939755
11	12	变得	11.41490462848654
11	13	更	7.308833091125251
11	14	多	5.656586436341556
11	15	了	10.42648331845595
11	16	。	13.561943892724457
12	1	随着	8.661233948081247
12	2	提高	15.91606768845434
12	3	人们	9.356994934774072
12	4	生活	2.124606820279247
12	5	质量	3.800196844379144
12	6	的	0.7111528886386154
12	7	科技	5.113935458334204
12	8	发展	10.579837529863966
12	9	。	16.2248517348524
13	1	自从	13.473650703216864
13	2	见	16.22761511221757
13	3	了	7.481644644100964
13	4	学习	16.578736634073472
13	5	文学	15.76670765469244
13	6	的	1.425932141877496
13	7	他	10.759132233563193
13	8	，	5.040914577092508
13	9	她	12.936498438989545
13	10	一直	8.887194625705433
13	11	在	2.3341037515542666
13	12	写	6.199972521380289
13	13	信	11.370332763024251
13	14	。	16.314416801817288
14	1	自从	13.473650703216864
14	2	见	16.22761511221757
14	3	了	7.481644644100964
14	4	学习	16.578736634073472
14	5	文学	15.76670765469244
14	6	的	1.425932141877496
14	7	他	10.759132233563193
14	8	。	15.048312216738296
15	1	自从	13.473650703216864
15	2	修	18.310134632612638
15	3	了	6.69553190126835
15	4	通往	10.66373560452368
15	5	城市	10.875371914592975
15	6	的	0.5155237797018657
15	7	公路	0.9066431375843464
15	8	，	11.404996828215374
15	9	农村	11.466140651331813
15	10	经济	12.441482169878213
15	11	变	12.81831014093278
15	12	好	14.8374226071372
15	13	了	0.5536642633613411
15	14	。	7.853440525657419
16	1	自从	13.473650703216864
16	2	修	18.310134632612638
16	3	了	6.69553190126835
16	4	通往	10.66373560452368
16	5	城市	10.875371914592975
16	6	的	0.5155237797018657
16	7	公路	0.9066431375843464
16	8	。	16.773594778133784
17	1	自从	13.473650703216864
17	2	离开	13.249162980363826
17	3	培养	17.27848787609419
17	4	了	10.145456337432435
17	5	她	8.309749112115952
17	6	的	1.0596479573483748
17	7	家乡	9.604170428529734
17	8	，	7.596141944856569
17	9	她	1.5620021170820024
17	10	一直	6.147411997797249
17	11	想念	16.198262049008065
17	12	父母	4.517849281283091
17	13	。	1.64732342031688
18	1	自从	13.473650703216864
18	2	离开	13.249162980363826
18	3	培养	17.27848787609419
18	4	了	10.145456337432435
18	5	她	8.309749112115952
18	6	的	1.0596479573483748
18	7	家乡	9.604170428529734
18	8	。	15.879267548290628
19	1	自从	13.473650703216864
19	2	打	15.396452458893028
19	3	游戏	12.018700537909403
19	4	的	14.939195349260622
19	5	他	8.632392687513892
19	6	开始	6.214006351172344
19	7	读书	10.755393261193774
19	8	，	2.012181851238495
19	9	他	11.187246745300513
19	10	的	1.2148383430001104
19	11	成绩	10.296353091174026
19	12	提高	9.087927466260368
19	13	了	0.6313546735876372
19	14	。	5.174089325756498
20	1	自从	13.473650703216864
20	2	打	15.396452458893028
20	3	游戏	12.018700537909403
20	4	的	14.939195349260622
20	5	他	8.632392687513892
20	6	开始	6.214006351172344
20	7	读书	10.755393261193774
20	8	。	4.404338827230475
21	1	自从	13.473650703216864
21	2	认识	13.716215776205052
21	3	科学家	13.515260146030336
21	4	的	3.465116019372047
21	5	他	16.60232625307416
21	6	获得	9.533583879665677
21	7	大奖	14.10751096240459
21	8	，	9.095861242585656
21	9	他	6.922601272217051
21	10	不	8.776727635753389
21	11	学习	15.186569120879653
21	12	了	7.7470321712677475
21	13	。	15.383116993276133
22	1	自从	13.473650703216864
22	2	认识	13.716215776205052
22	3	科学家	13.515260146030336
22	4	的	3.465116019372047
22	5	他	16.60232625307416
22	6	获得	9.533583879665677
22	7	大奖	14.10751096240459
22	8	。	16.03288864430553
23	1	自从	13.473650703216864
23	2	热爱	17.49446340365091
23	3	艺术	11.808608716556098
23	4	的	1.651367890059504
23	5	她	9.410965151354546
23	6	认识	11.607126193258388
23	7	了	5.232998606603147
23	8	老师	12.913115954354126
23	9	，	3.5798915705324816
23	10	她	13.28762676317379
23	11	努力	12.288189620977946
23	12	训练	9.267485880597675
23	13	。	18.54570610666981
24	1	自从	13.473650703216864
24	2	热爱	17.49446340365091
24	3	艺术	11.808608716556098
24	4	的	1.651367890059504
24	5	她	9.410965151354546
24	6	认识	11.607126193258388
24	7	了	5.232998606603147
24	8	老师	12.913115954354126
24	9	。	18.332636544503046
25	1	自从	13.473650703216864
25	2	设立	16.132912438913664
25	3	了	6.22052819140751
25	4	目标	13.410833376795395
25	5	的	17.010680346072974
25	6	她	15.784984235468158
25	7	参与	16.257713499291597
25	8	了	1.3897571758987226
25	9	活动	10.936334836453497
25	10	，	0.3018846010210581
25	11	她	15.16338086330336
25	12	认识	10.356074257896282
25	13	了	4.499862773413838
25	14	很多	6.88717734518508
25	15	人	3.314053268043267
25	16	。	3.123784716426968
26	1	自从	13.473650703216864
26	2	设立	16.132912438913664
26	3	了	6.22052819140751
26	4	目标	13.410833376795395
26	5	的	17.010680346072974
26	6	她	15.784984235468158
26	7	参与	16.257713499291597
26	8	了	1.3897571758987226
26	9	活动	10.936334836453497
26	10	。	4.6446644657260805
27	1	自从	13.473650703216864
27	2	申请	13.538709600031174
27	3	留学	14.570166722742577
27	4	的	16.226747374201032
27	5	她	14.658208238995222
27	6	学习	14.688842045997347
27	7	了	8.300514913690563
27	8	外语	6.9889089697845606
27	9	，	8.730535530979779
27	10	她	11.833916903634659
27	11	看	13.860909335314602
27	12	了	4.235457321858377
27	13	很多	9.11860551308476
27	14	电影	8.876340559663902
27	15	。	14.448994709669563
28	1	自从	13.473650703216864
28	2	申请	13.538709600031174
28	3	留学	14.570166722742577
28	4	的	16.226747374201032
28	5	她	14.658208238995222
28	6	学习	14.688842045997347
28	7	了	8.300514913690563
28	8	外语	6.9889089697845606
28	9	。	16.087716024680972
29	1	因为	9.656494164551468
29	2	喝	13.973907103025581
29	3	了	2.93833899979645
29	4	让	10.30973343240126
29	5	他	3.8976356250459006
29	6	开心	12.692696428581733
29	7	的	8.588809115176943
29	8	酒	15.488502332280362
29	9	，	0.3716503805612774
29	10	他	2.0649705584581994
29	11	摔	14.93325776208387
29	12	了	0.6709204966491313
29	13	。	3.5941521137511074
30	1	因为	9.656494164551468
30	2	喝	13.973907103025581
30	3	了	2.93833899979645
30	4	让	10.30973343240126
30	5	他	3.8976356250459006
30	6	开心	12.692696428581733
30	7	的	8.588809115176943
30	8	酒	15.488502332280362
30	9	。	4.4641983758021695
31	1	因为	9.656494164551468
31	2	需要	11.494828241912376
31	3	工作	10.738938343221637
31	4	的	3.28923353686082
31	5	他	13.459365801698041
31	6	要	11.606851423430989
31	7	迟到	20.70103590034781
31	8	了	7.7141146350464425
31	9	，	2.7173215937377506
31	10	他	2.812278150481532
31	11	结束	13.168663596827585
31	12	了	0.07987190389171417
31	13	谈话	15.77747242562306
31	14	。	2.198500166338704
32	1	因为	9.656494164551468
32	2	需要	11.494828241912376
32	3	工作	10.738938343221637
32	4	的	3.28923353686082
32	5	他	13.459365801698041
32	6	要	11.606851423430989
32	7	迟到	20.70103590034781
32	8	了	7.7141146350464425
32	9	。	1.2119983012660214
33	1	因为	9.656494164551468
33	2	不	8.645566350222772
33	3	读书	16.575456271711296
33	4	的	11.196874919389451
33	5	他	8.350426132903557
33	6	没有	8.25985976210216
33	7	练习	12.333552157821728
33	8	题目	20.042730132777024
33	9	，	1.0044339846901806
33	10	他	3.844427225051234
33	11	没有	7.262559344963464
33	12	成功	8.43574180512853
33	13	。	1.8531477690294622
34	1	因为	9.656494164551468
34	2	不	8.645566350222772
34	3	读书	16.575456271711296
34	4	的	11.196874919389451
34	5	他	8.350426132903557
34	6	没有	8.25985976210216
34	7	练习	12.333552157821728
34	8	题目	20.042730132777024
34	9	。	4.452308847924826
35	1	因为	9.656494164551468
35	2	困扰	16.74372729573705
35	3	着	7.103945720602152
35	4	她	7.612104927986799
35	5	的	0.36583190070972194
35	6	疾病	8.682000711100805
35	7	，	2.564550460781703
35	8	她	2.678771958716254
35	9	拒绝	11.390945055957665
35	10	了	2.665163849015727
35	11	演出	17.71477932688215
35	12	。	1.7693698540024485
36	1	因为	9.656494164551468
36	2	困扰	16.74372729573705
36	3	着	7.103945720602152
36	4	她	7.612104927986799
36	5	的	0.36583190070972194
36	6	疾病	8.682000711100805
36	7	。	10.481031702378743
37	1	因为	9.656494164551468
37	2	听	15.854669088919984
37	3	着	6.025854996338094
37	4	吸引	18.58947304388901
37	5	她	9.755186638859094
37	6	的	3.311436073475406
37	7	音乐	9.366396392612302
37	8	，	3.252111373708928
37	9	她	3.3909998417198466
37	10	错过	16.96537525927404
37	11	了	0.7699405389521559
37	12	广播	14.993703887255307
37	13	。	2.5334227951534416
38	1	因为	9.656494164551468
38	2	听	15.854669088919984
38	3	着	6.025854996338094
38	4	吸引	18.58947304388901
38	5	她	9.755186638859094
38	6	的	3.311436073475406
38	7	音乐	9.366396392612302
38	8	。	10.592824860385818
39	1	尽管	9.102854365252899
39	2	负责	15.655874248388962
39	3	工程	10.962551953169932
39	4	的	0.5927485625004039
39	5	领导	8.814339891655123
39	6	已经	6.205752179142216
39	7	离去	16.701391603240268
39	8	，	0.0421294778123098
39	9	工人	17.38516928677312
39	10	还	7.260252855795272
39	11	在	3.163470298356941
39	12	工作	9.745229116778049
39	13	。	7.658602307107358
40	1	尽管	9.102854365252899
40	2	负责	15.655874248388962
40	3	工程	10.962551953169932
40	4	的	0.5927485625004039
40	5	领导	8.814339891655123
40	6	已经	6.205752179142216
40	7	离去	16.701391603240268
40	8	。	11.557611544736162
41	1	尽管	9.102854365252899
41	2	努力	15.267915564439921
41	3	工作	9.005191723914749
41	4	的	14.000831570408252
41	5	他	11.971221720877452
41	6	年纪	18.582245946308483
41	7	小	7.7039545419041815
41	8	，	0.3160413108443123
41	9	他	2.8992239943313933
41	10	有	8.570859300312762
41	11	能力	5.394472522633777
41	12	。	7.368586907469009
42	1	尽管	9.102854365252899
42	2	努力	15.267915564439921
42	3	工作	9.005191723914749
42	4	的	14.000831570408252
42	5	他	11.971221720877452
42	6	年纪	18.582245946308483
42	7	小	7.7039545419041815
42	8	。	8.466230246981851
43	1	尽管	9.102854365252899
43	2	支持	17.08936868851649
43	3	环保	13.494686715790607
43	4	活动	10.543484049981899
43	5	的	0.7513512267805211
43	6	她	18.06698076798287
43	7	会	12.376707487228416
43	8	开车	17.34359176648985
43	9	，	2.4396335629943167
43	10	她	3.6876585670477056
43	11	今天	10.944776921155764
43	12	没有	6.3074760057847925
43	13	开车	13.922446873426622
43	14	。	1.857129213819718
44	1	尽管	9.102854365252899
44	2	支持	17.08936868851649
44	3	环保	13.494686715790607
44	4	活动	10.543484049981899
44	5	的	0.7513512267805211
44	6	她	18.06698076798287
44	7	会	12.376707487228416
44	8	开车	17.34359176648985
44	9	。	9.507640646918716
45	1	尽管	9.102854365252899
45	2	买	14.655889634819502
45	3	了	3.5374166767029536
45	4	房子	7.505210834864169
45	5	的	3.414367518980214
45	6	作家	16.539103651820817
45	7	很	6.176531468829253
45	8	年轻	7.8069987354903105
45	9	，	0.07970017815547692
45	10	他	4.738568681090669
45	11	写	10.709548290508621
45	12	了	4.655677485044777
45	13	很多	5.630406515989009
45	14	作品	4.223439647159466
45	15	。	4.507514257596483
46	1	尽管	9.102854365252899
46	2	买	14.655889634819502
46	3	了	3.5374166767029536
46	4	房子	7.505210834864169
46	5	的	3.414367518980214
46	6	作家	16.539103651820817
46	7	很	6.176531468829253
46	8	年轻	7.8069987354903105
46	9	。	10.101112469584208
47	1	尽管	9.102854365252899
47	2	热爱	17.442056992332862
47	3	文学	13.229888238321394
47	4	的	1.790112420381945
47	5	父亲	10.030385132155331
47	6	不	5.977772269604955
47	7	同意	9.276118116289155
47	8	他	3.778997998604538
47	9	唱歌	19.106364186261715
47	10	，	1.0483108280039346
47	11	他	3.212010502298
47	12	还是	3.000194441589187
47	13	买	13.274751854310026
47	14	了	0.4599042159755413
47	15	吉他	18.088706631518576
47	16	。	2.2997060817536408
48	1	尽管	9.102854365252899
48	2	热爱	17.442056992332862
48	3	文学	13.229888238321394
48	4	的	1.790112420381945
48	5	父亲	10.030385132155331
48	6	不	5.977772269604955
48	7	同意	9.276118116289155
48	8	他	3.778997998604538
48	9	唱歌	19.106364186261715
48	10	。	9.549967964840505
49	1	尽管	9.102854365252899
49	2	影响	12.785984555459553
49	3	他	9.10540049694865
49	4	收入	13.76382292998262
49	5	的	0.2944580073367433
49	6	经济	6.497447569644258
49	7	不	8.181616701779667
49	8	好	8.696118121731736
49	9	，	0.1426744834169682
49	10	他	3.571777525450244
49	11	还是	3.0580980639279858
49	12	关心	11.029044813977407
49	13	慈善	15.268954980483727
49	14	。	1.8701952479130455
50	1	尽管	9.102854365252899
50	2	影响	12.785984555459553
50	3	他	9.10540049694865
50	4	收入	13.76382292998262
50	5	的	0.2944580073367433
50	6	经济	6.497447569644258
50	7	不	8.181616701779667
50	8	好	8.696118121731736
50	9	。	9.897631315291022
51	1	如果	8.413028690342294
51	2	准备	12.757171922266814
51	3	比赛	9.777272429593872
51	4	的	15.25487692953174
51	5	她	9.310265222363512
51	6	做	12.890536449436993
51	7	完	11.916703860007672
51	8	作业	17.545758463066164
51	9	，	6.114779006631181
51	10	她	6.128060859468889
51	11	去	9.216996751068208
51	12	健身房	13.733164887464639
51	13	。	2.9954483787295487
52	1	如果	8.413028690342294
52	2	准备	12.757171922266814
52	3	比赛	9.777272429593872
52	4	的	15.25487692953174
52	5	她	9.310265222363512
52	6	做	12.890536449436993
52	7	完	11.916703860007672
52	8	作业	17.545758463066164
52	9	。	6.2549013998112315
53	1	如果	8.413028690342294
53	2	即将	15.677330373349253
53	3	离开	12.341005023621843
53	4	的	4.687601043385833
53	5	她们	15.43010517933989
53	6	照	17.564114658447863
53	7	了	4.288109461110935
53	8	相	15.044284326412807
53	9	，	0.5524428039913687
53	10	她们	2.365963170363159
53	11	就	5.602245427339682
53	12	留下	16.190063443639588
53	13	了	0.31965611574392483
53	14	回忆	14.099807098102389
53	15	。	2.201357653369598
54	1	如果	8.413028690342294
54	2	即将	15.677330373349253
54	3	离开	12.341005023621843
54	4	的	4.687601043385833
54	5	她们	15.43010517933989
54	6	照	17.564114658447863
54	7	了	4.288109461110935
54	8	相	15.044284326412807
54	9	。	14.314513386862771
55	1	如果	8.413028690342294
55	2	培养	14.493491400591843
55	3	了	7.294501019308974
55	4	支撑	16.014398032203175
55	5	她	9.680490185821391
55	6	努力	9.987396693607593
55	7	的	0.1684886648195345
55	8	信心	12.705743541739722
55	9	，	0.30425488880514706
55	10	她	1.3100993644163594
55	11	可以	6.010771962739312
55	12	实现	7.124846545028049
55	13	梦想	8.636647444215228
55	14	。	2.4165838675665725
56	1	如果	8.413028690342294
56	2	培养	14.493491400591843
56	3	了	7.294501019308974
56	4	支撑	16.014398032203175
56	5	她	9.680490185821391
56	6	努力	9.987396693607593
56	7	的	0.1684886648195345
56	8	信心	12.705743541739722
56	9	。	12.659501071663072
57	1	如果	8.413028690342294
57	2	没有	5.772758287027063
57	3	工作	13.353833904201867
57	4	的	2.785384205200188
57	5	他	15.651920851494879
57	6	不	8.424949056452967
57	7	尝试	12.884973007081506
57	8	，	4.278973459706762
57	9	他	7.441877323861078
57	10	将	6.240650226838596
57	11	失去	7.803397885861244
57	12	机会	6.319406064312034
57	13	。	2.3474881923552573
58	1	如果	8.413028690342294
58	2	没有	5.772758287027063
58	3	工作	13.353833904201867
58	4	的	2.785384205200188
58	5	他	15.651920851494879
58	6	不	8.424949056452967
58	7	尝试	12.884973007081506
58	8	。	4.059448230246915
59	1	如果	8.413028690342294
59	2	喜欢	16.799842881228088
59	3	水果	14.397951650063824
59	4	的	1.7965425590825959
59	5	她	13.114592323606232
59	6	来	9.300090311089747
59	7	，	5.5030655480615565
59	8	母亲	10.86235850226754
59	9	会	3.2707112981419044
59	10	准备	11.901756740920803
59	11	水果	13.200098452281807
59	12	。	2.6628405729432814
60	1	如果	8.413028690342294
60	2	喜欢	16.799842881228088
60	3	水果	14.397951650063824
60	4	的	1.7965425590825959
60	5	她	13.114592323606232
60	6	来	9.300090311089747
60	7	。	13.102942180409258
