sentence_id	token_id	token	surprisal
1	1	记者	8.51549947856095
1	2	采访	7.799234693801834
1	3	了	1.0271806628367983
1	4	研发	19.19360656059731
1	5	产品	14.681616272068794
1	6	并且	16.200612826570563
1	7	获	16.57952925759527
1	8	了	13.67793206278894
1	9	奖	10.814020597094526
1	10	。	15.205371801336582
2	1	记者	8.51549947856095
2	2	采访	7.799234693801834
2	3	了	1.0271806628367983
2	4	研发	19.19360656059731
2	5	产品	14.681616272068794
2	6	并且	16.200612826570563
2	7	获	16.57952925759527
2	8	了	13.67793206278894
2	9	奖	10.814020597094526
2	10	的	0.6045039305311803
2	11	科学家	6.668757979475657
2	12	。	0.9383806977338054
3	1	他	4.2923855535597895
3	2	认识	15.472359659569094
3	3	了	4.561667253524398
3	4	写	16.044742106672793
3	5	书	9.74384707114254
3	6	并且	13.621221689729325
3	7	教	10.348994707515438
3	8	课	13.184556023711565
3	9	。	8.326551539935664
4	1	他	4.2923855535597895
4	2	认识	15.472359659569094
4	3	了	4.561667253524398
4	4	写	16.044742106672793
4	5	书	9.74384707114254
4	6	并且	13.621221689729325
4	7	教	10.348994707515438
4	8	课	13.184556023711565
4	9	的	6.280005422994847
4	10	老师	9.410617561340999
4	11	。	9.305775093603685
5	1	他	4.2923855535597895
5	2	拍	16.373180128138493
5	3	下	11.763917448610556
5	4	了	0.6699990536460732
5	5	获得	18.33655090823644
5	6	大奖	13.013405909702996
5	7	并且	12.226614711649574
5	8	吸引	12.733389120790761
5	9	游客	13.55217305331577
5	10	。	1.5457049663135791
6	1	他	4.2923855535597895
6	2	拍	16.373180128138493
6	3	下	11.763917448610556
6	4	了	0.6699990536460732
6	5	获得	18.33655090823644
6	6	大奖	13.013405909702996
6	7	并且	12.226614711649574
6	8	吸引	12.733389120790761
6	9	游客	13.55217305331577
6	10	的	6.447414396758376
6	11	艺术品	16.643221375024424
6	12	。	1.0528142135859753
7	1	我们	8.004536466386183
7	2	参加	12.42268410786823
7	3	了	1.592351682151257
7	4	吸引	16.688628027156287
7	5	学生	14.861685722345257
7	6	并且	16.04039476774117
7	7	受到	11.875091069769866
7	8	好评	10.194133043364289
7	9	。	16.632523348616587
8	1	我们	8.004536466386183
8	2	参加	12.42268410786823
8	3	了	1.592351682151257
8	4	吸引	16.688628027156287
8	5	学生	14.861685722345257
8	6	并且	16.04039476774117
8	7	受到	11.875091069769866
8	8	好评	10.194133043364289
8	9	的	0.20230797257971744
8	10	活动	3.603995364829771
8	11	。	1.3944449314517016
9	1	他	4.2923855535597895
9	2	想起	17.760398685736874
9	3	了	3.574497284625256
9	4	写	14.185142369089188
9	5	过	3.8518104441736725
9	6	歌	16.063136943034053
9	7	而且	15.00224661761996
9	8	写	6.234209653472433
9	9	过	2.7952505702541828
9	10	书	9.47033476860247
9	11	。	17.39826210907728
10	1	他	4.2923855535597895
10	2	想起	17.760398685736874
10	3	了	3.574497284625256
10	4	写	14.185142369089188
10	5	过	3.8518104441736725
10	6	歌	16.063136943034053
10	7	而且	15.00224661761996
10	8	写	6.234209653472433
10	9	过	2.7952505702541828
10	10	书	9.47033476860247
10	11	的	0.19258569140001214
10	12	同学	9.750915252799302
10	13	。	9.729072236374819
11	1	司机	17.19640518549288
11	2	启动	16.080329508453048
11	3	了	3.2880359904092913
11	4	装有	16.16149361391055
11	5	音响	14.503701502870591
11	6	并且	14.015760026556947
11	7	配备	9.747936923562563
11	8	屏幕	14.782726457157082
11	9	。	7.1938336836465595
12	1	司机	17.19640518549288
12	2	启动	16.080329508453048
12	3	了	3.2880359904092913
12	4	装有	16.16149361391055
12	5	音响	14.503701502870591
12	6	并且	14.015760026556947
12	7	配备	9.747936923562563
12	8	屏幕	14.782726457157082
12	9	的	1.233384791552723
12	10	车	9.928655016746575
12	11	。	10.449523820738293
13	1	爸爸	15.285129410077264
13	2	买	8.612940186651244
13	3	了	1.7701528726634344
13	4	带	10.32361818821392
13	5	家具	14.972007324351445
13	6	还	9.241384856099849
13	7	配	17.540457863350838
13	8	保险	13.38567708796576
13	9	。	6.0534698601688035
14	1	爸爸	15.285129410077264
14	2	买	8.612940186651244
14	3	了	1.7701528726634344
14	4	带	10.32361818821392
14	5	家具	14.972007324351445
14	6	还	9.241384856099849
14	7	配	17.540457863350838
14	8	保险	13.38567708796576
14	9	的	13.574703259895458
14	10	房子	13.59877759350536
14	11	。	7.660540510773714
15	1	他	4.2923855535597895
15	2	损失	18.774528890065906
15	3	了	0.9848910470873733
15	4	买	14.096906854923152
15	5	药	8.826892790461145
15	6	和	8.195381577485577
15	7	买	9.211115968899783
15	8	菜	6.048746587396934
15	9	。	17.628402662785163
16	1	他	4.2923855535597895
16	2	损失	18.774528890065906
16	3	了	0.9848910470873733
16	4	买	14.096906854923152
16	5	药	8.826892790461145
16	6	和	8.195381577485577
16	7	买	9.211115968899783
16	8	菜	6.048746587396934
16	9	的	0.5360174740734038
16	10	现金	8.335479778088498
16	11	。	0.7833415241909591
17	1	我	7.818439009042589
17	2	拜访	18.131047693877097
17	3	了	1.1559482949871338
17	4	去	15.741474362351127
17	5	过	4.802052064728478
17	6	中国	6.164481604549273
17	7	并且	14.00539338461595
17	8	去	5.245071363370258
17	9	过	3.0575054279015745
17	10	美国	2.793154557832537
17	11	。	16.127748475237425
18	1	我	7.818439009042589
18	2	拜访	18.131047693877097
18	3	了	1.1559482949871338
18	4	去	15.741474362351127
18	5	过	4.802052064728478
18	6	中国	6.164481604549273
18	7	并且	14.00539338461595
18	8	去	5.245071363370258
18	9	过	3.0575054279015745
18	10	美国	2.793154557832537
18	11	的	0.2538849394736218
18	12	邻居	13.764233099243242
18	13	。	2.0569621479749856
19	1	爷爷	18.418194895880934
19	2	中止	18.93938336017334
19	3	了	2.14199130637342
19	4	引发	16.519478362478942
19	5	争吵	16.364411855904514
19	6	并且	13.791409507970101
19	7	伤害	10.626764575371837
19	8	亲情	20.28253977900347
19	9	。	2.4578488962385876
20	1	爷爷	18.418194895880934
20	2	中止	18.93938336017334
20	3	了	2.14199130637342
20	4	引发	16.519478362478942
20	5	争吵	16.364411855904514
20	6	并且	13.791409507970101
20	7	伤害	10.626764575371837
20	8	亲情	20.28253977900347
20	9	的	3.1663688298174577
20	10	谈话	11.151565254340255
20	11	。	2.9140238966854497
21	1	她	7.675485447184122
21	2	提到	15.029265575666031
21	3	了	4.766618426297079
21	4	看	13.428640161875371
21	5	着	4.1760082423898055
21	6	电视	5.021039937076743
21	7	和	6.1989756375058676
21	8	听	5.312416857128952
21	9	着	3.1051216818831406
21	10	歌	15.778849630260737
21	11	。	16.59876055211184
22	1	她	7.675485447184122
22	2	提到	15.029265575666031
22	3	了	4.766618426297079
22	4	看	13.428640161875371
22	5	着	4.1760082423898055
22	6	电视	5.021039937076743
22	7	和	6.1989756375058676
22	8	听	5.312416857128952
22	9	着	3.1051216818831406
22	10	歌	15.778849630260737
22	11	的	0.441530865888339
22	12	女儿	11.153409004194941
22	13	。	3.4191234572058278
23	1	医生	14.4937853574851
23	2	表扬	20.7155353373685
23	3	了	2.3607511706958064
23	4	帮助	14.656115049556433
23	5	老人	10.08472057813782
23	6	并且	15.96777296194341
23	7	关心	11.101520629874301
23	8	同学	15.938067182828178
23	9	。	13.607394702498084
24	1	医生	14.4937853574851
24	2	表扬	20.7155353373685
24	3	了	2.3607511706958064
24	4	帮助	14.656115049556433
24	5	老人	10.08472057813782
24	6	并且	15.96777296194341
24	7	关心	11.101520629874301
24	8	同学	15.938067182828178
24	9	的	0.11868526432768078
24	10	孩子	6.854794542208921
24	11	。	2.8386916245549116
25	1	她	7.675485447184122
25	2	介绍	8.170049086695023
25	3	了	5.017179101371765
25	4	生产	14.476066854241008
25	5	电视	10.759405682896265
25	6	并且	17.35085179421796
25	7	安装	12.393259118115665
25	8	电视	2.8505303627946432
25	9	。	18.73501985253644
26	1	她	7.675485447184122
26	2	介绍	8.170049086695023
26	3	了	5.017179101371765
26	4	生产	14.476066854241008
26	5	电视	10.759405682896265
26	6	并且	17.35085179421796
26	7	安装	12.393259118115665
26	8	电视	2.8505303627946432
26	9	的	2.1637961956833323
26	10	工厂	11.831445182177418
26	11	。	0.395073766495571
27	1	我	7.818439009042589
27	2	洗	18.98923226018669
27	3	了	2.0002567352657756
27	4	陪伴	19.294274504013224
27	5	过	14.703194666582696
27	6	母亲	12.712948259588913
27	7	也	8.756425261628436
27	8	陪伴	16.395158686165857
27	9	过	5.736074718669073
27	10	我	1.366433521657214
27	11	。	2.5025398270139902
28	1	我	7.818439009042589
28	2	洗	18.98923226018669
28	3	了	2.0002567352657756
28	4	陪伴	19.294274504013224
28	5	过	14.703194666582696
28	6	母亲	12.712948259588913
28	7	也	8.756425261628436
28	8	陪伴	16.395158686165857
28	9	过	5.736074718669073
28	10	我	1.366433521657214
28	11	的	4.438607090748604
28	12	衣服	12.965605132949463
28	13	。	2.176477849252535
29	1	学生	14.61224044537322
29	2	们	21.047197928587114
29	3	写	12.45532490273073
29	4	着	2.5454202677320055
29	5	困扰	20.13589743198056
29	6	他们	7.943537723014359
29	7	还	12.340524517825386
29	8	困扰	14.402519503865804
29	9	家长	11.698250300231877
29	10	。	1.5309192005127414
30	1	学生	14.61224044537322
30	2	们	21.047197928587114
30	3	写	12.45532490273073
30	4	着	2.5454202677320055
30	5	困扰	20.13589743198056
30	6	他们	7.943537723014359
30	7	还	12.340524517825386
30	8	困扰	14.402519503865804
30	9	家长	11.698250300231877
30	10	的	1.4730504398467303
30	11	作业	13.068160585247867
30	12	。	0.7782496092446252
31	1	店长	21.749469279129244
31	2	拿	17.186446038352855
31	3	着	2.242714379975361
31	4	开	17.427125753514645
31	5	大门	13.72669982345925
31	6	和	11.018804921248815
31	7	开	5.67305460312366
31	8	仓库	12.343046473019513
31	9	。	17.47905969496132
32	1	店长	21.749469279129244
32	2	拿	17.186446038352855
32	3	着	2.242714379975361
32	4	开	17.427125753514645
32	5	大门	13.72669982345925
32	6	和	11.018804921248815
32	7	开	5.67305460312366
32	8	仓库	12.343046473019513
32	9	的	0.1324261371312332
32	10	钥匙	8.953742107255167
32	11	。	14.00451734653491
33	1	有人	14.256528009128921
33	2	听	11.324537159222768
33	3	着	4.304632372008559
33	4	打扰	21.004619668685812
33	5	了	8.438703854150504
33	6	邻居	17.013336587637582
33	7	而且	17.916615497129357
33	8	触发	20.309167016813774
33	9	了	3.4729320104331265
33	10	警报	15.972700210009933
33	11	。	0.6237554902392901
34	1	有人	14.256528009128921
34	2	听	11.324537159222768
34	3	着	4.304632372008559
34	4	打扰	21.004619668685812
34	5	了	8.438703854150504
34	6	邻居	17.013336587637582
34	7	而且	17.916615497129357
34	8	触发	20.309167016813774
34	9	了	3.4729320104331265
34	10	警报	15.972700210009933
34	11	的	4.418112687931512
34	12	音乐	12.970963497868638
34	13	。	0.5103979421197096
35	1	我	7.818439009042589
35	2	观察	13.411652522654961
35	3	着	8.550778520214624
35	4	经营	14.652795255786408
35	5	商店	14.12376619327295
35	6	还	8.623550353245022
35	7	经营	15.162239168387273
35	8	餐厅	12.683971714863503
35	9	。	10.001609156764289
36	1	我	7.818439009042589
36	2	观察	13.411652522654961
36	3	着	8.550778520214624
36	4	经营	14.652795255786408
36	5	商店	14.12376619327295
36	6	还	8.623550353245022
36	7	经营	15.162239168387273
36	8	餐厅	12.683971714863503
36	9	的	13.619327051612075
36	10	男人	17.31460163669881
36	11	。	6.679480005605015
37	1	学生	14.61224044537322
37	2	们	21.047197928587114
37	3	读	12.524979591274736
37	4	着	5.323147371490329
37	5	描述	15.910149402254639
37	6	故事	8.599701117689591
37	7	并且	15.976094295487272
37	8	带来	11.455692276099512
37	9	乐趣	13.318508269068957
37	10	。	0.47480233935249316
38	1	学生	14.61224044537322
38	2	们	21.047197928587114
38	3	读	12.524979591274736
38	4	着	5.323147371490329
38	5	描述	15.910149402254639
38	6	故事	8.599701117689591
38	7	并且	15.976094295487272
38	8	带来	11.455692276099512
38	9	乐趣	13.318508269068957
38	10	的	5.731283690708537
38	11	书	13.065583675732512
38	12	。	0.4828495343980137
39	1	教练	13.800208539112644
39	2	创办	16.01358941433537
39	3	过	11.56093944639256
39	4	教	15.565324492914115
39	5	动作	15.192302199489042
39	6	并且	14.881086220723176
39	7	辅导	13.743947425560691
39	8	孩子	10.115809503688169
39	9	。	1.2926917849280244
40	1	教练	13.800208539112644
40	2	创办	16.01358941433537
40	3	过	11.56093944639256
40	4	教	15.565324492914115
40	5	动作	15.192302199489042
40	6	并且	14.881086220723176
40	7	辅导	13.743947425560691
40	8	孩子	10.115809503688169
40	9	的	3.2268713957602415
40	10	健身房	12.676175824435333
40	11	。	0.6224254514400798
41	1	我	7.818439009042589
41	2	喜欢	8.111863678408909
41	3	过	7.71491096342022
41	4	给	11.077223454166706
41	5	我	2.9699471586729445
41	6	信心	16.14874602593784
41	7	并且	17.350900932160947
41	8	帮助	5.32131503046179
41	9	过	15.031831783039209
41	10	我	5.277923854163447
41	11	。	14.869777165252003
42	1	我	7.818439009042589
42	2	喜欢	8.111863678408909
42	3	过	7.71491096342022
42	4	给	11.077223454166706
42	5	我	2.9699471586729445
42	6	信心	16.14874602593784
42	7	并且	17.350900932160947
42	8	帮助	5.32131503046179
42	9	过	15.031831783039209
42	10	我	5.277923854163447
42	11	的	0.1638218456588305
42	12	音乐	12.620297093806855
42	13	。	2.989797150697271
43	1	她	7.675485447184122
43	2	开	14.472461632077628
43	3	过	6.786702179797231
43	4	容纳	16.785859754227108
43	5	很多	14.541874519859071
43	6	人	3.2843017702666444
43	7	并且	16.730767642149033
43	8	通过	10.8745764294368
43	9	安全	16.11392763473964
43	10	测试	8.525137646300863
43	11	。	3.1222982691991774
44	1	她	7.675485447184122
44	2	开	14.472461632077628
44	3	过	6.786702179797231
44	4	容纳	16.785859754227108
44	5	很多	14.541874519859071
44	6	人	3.2843017702666444
44	7	并且	16.730767642149033
44	8	通过	10.8745764294368
44	9	安全	16.11392763473964
44	10	测试	8.525137646300863
44	11	的	12.99305518597619
44	12	车	17.372417632414482
44	13	。	4.658806079409004
45	1	他	4.2923855535597895
45	2	修理	19.029747290692168
45	3	过	7.2236292017487855
45	4	丢失	17.241011286158443
45	5	了	4.599470953018361
45	6	芯片	13.286717817096282
45	7	还	15.546330482237394
45	8	丢失	13.518364011210267
45	9	了	0.38568021797267704
45	10	屏幕	12.3903129104459
45	11	。	18.336736029147517
46	1	他	4.2923855535597895
46	2	修理	19.029747290692168
46	3	过	7.2236292017487855
46	4	丢失	17.241011286158443
46	5	了	4.599470953018361
46	6	芯片	13.286717817096282
46	7	还	15.546330482237394
46	8	丢失	13.518364011210267
46	9	了	0.38568021797267704
46	10	屏幕	12.3903129104459
46	11	的	0.20744129777786213
46	12	电脑	6.522744059358487
46	13	。	0.49010176105983305
47	1	他	4.2923855535597895
47	2	讲	14.194134773197305
47	3	过	5.077858417134543
47	4	介绍	14.833902326702074
47	5	画家	18.431242084031943
47	6	并且	14.323643056071525
47	7	介绍	9.39128015888322
47	8	博物馆	15.527837371047212
47	9	。	3.322104303800586
48	1	他	4.2923855535597895
48	2	讲	14.194134773197305
48	3	过	5.077858417134543
48	4	介绍	14.833902326702074
48	5	画家	18.431242084031943
48	6	并且	14.323643056071525
48	7	介绍	9.39128015888322
48	8	博物馆	15.527837371047212
48	9	的	0.5334475355241608
48	10	课	13.90231701980531
48	11	。	0.713730265590172
49	1	我	7.818439009042589
49	2	邀请	15.565152266643924
49	3	过	5.291329472344859
49	4	喜欢	15.670107347114001
49	5	明星	10.84724441958511
49	6	而且	15.94827127821312
49	7	喜欢	10.371719806725508
49	8	作家	16.28148742944728
49	9	。	3.8850490351197067
50	1	我	7.818439009042589
50	2	邀请	15.565152266643924
50	3	过	5.291329472344859
50	4	喜欢	15.670107347114001
50	5	明星	10.84724441958511
50	6	而且	15.94827127821312
50	7	喜欢	10.371719806725508
50	8	作家	16.28148742944728
50	9	的	4.591328323038894
50	10	朋友	16.351784035846975
50	11	。	4.771056767623094
51	1	她	7.675485447184122
51	2	申请	18.632961761552206
51	3	过	11.717446135757104
51	4	减轻	17.06366685532933
51	5	她	7.126622889744972
51	6	负担	6.8261583804574855
51	7	同时	23.494015245103142
51	8	缓解	18.665573885586042
51	9	她	5.152132814863066
51	10	压力	11.347874548985232
51	11	。	1.0899483470207798
52	1	她	7.675485447184122
52	2	申请	18.632961761552206
52	3	过	11.717446135757104
52	4	减轻	17.06366685532933
52	5	她	7.126622889744972
52	6	负担	6.8261583804574855
52	7	同时	23.494015245103142
52	8	缓解	18.665573885586042
52	9	她	5.152132814863066
52	10	压力	11.347874548985232
52	11	的	4.838013556899099
52	12	奖金	13.065252694485935
52	13	。	1.6137872219156009
53	1	她	7.675485447184122
53	2	去	13.947993295550571
53	3	卖	12.139762583188602
53	4	礼物	15.29438889085813
53	5	并且	12.378124091510053
53	6	回收	14.592545606956122
53	7	报纸	12.359347911294691
53	8	。	5.139335686618182
54	1	她	7.675485447184122
54	2	去	13.947993295550571
54	3	卖	12.139762583188602
54	4	礼物	15.29438889085813
54	5	并且	12.378124091510053
54	6	回收	14.592545606956122
54	7	报纸	12.359347911294691
54	8	的	2.986899989350192
54	9	商店	13.696158744056206
54	10	。	4.480267807402157
55	1	弟弟	18.136680943034047
55	2	需要	15.509026780063724
55	3	用于	14.943452905135473
55	4	游戏	13.102552818410174
55	5	和	4.537030513585577
55	6	买	15.775709512630343
55	7	书	4.782807964569244
55	8	。	7.859818067112229
56	1	弟弟	18.136680943034047
56	2	需要	15.509026780063724
56	3	用于	14.943452905135473
56	4	游戏	13.102552818410174
56	5	和	4.537030513585577
56	6	买	15.775709512630343
56	7	书	4.782807964569244
56	8	的	1.764438506871926
56	9	钱	7.993170596309952
56	10	。	1.521577806698673
57	1	他	4.2923855535597895
57	2	很	10.49553439831966
57	3	欣赏	9.5418561090789
57	4	写	16.072998406589452
57	5	小说	8.838061038535628
57	6	并且	15.523900823604023
57	7	做	9.378492286551804
57	8	慈善	17.350671226837505
57	9	。	3.5692803687372106
58	1	他	4.2923855535597895
58	2	很	10.49553439831966
58	3	欣赏	9.5418561090789
58	4	写	16.072998406589452
58	5	小说	8.838061038535628
58	6	并且	15.523900823604023
58	7	做	9.378492286551804
58	8	慈善	17.350671226837505
58	9	的	4.737611532784328
58	10	作家	19.300439276040805
58	11	。	5.267431549036303
59	1	我	7.818439009042589
59	2	经常	11.004566072870816
59	3	去	6.072251630486367
59	4	提供	17.207076141517874
59	5	停车位	21.542941082805342
59	6	并且	10.271943074513104
59	7	帮助	8.166656994172257
59	8	残疾人	15.235691489600526
59	9	。	3.4146539618106573
60	1	我	7.818439009042589
60	2	经常	11.004566072870816
60	3	去	6.072251630486367
60	4	提供	17.207076141517874
60	5	停车位	21.542941082805342
60	6	并且	10.271943074513104
60	7	帮助	8.166656994172257
60	8	残疾人	15.235691489600526
60	9	的	4.665862746582917
60	10	医院	15.014427313204763
60	11	。	3.230055204735976
