sentence_id	token_id	token	surprisal
1	1	那	9.980844881549901
1	2	家	11.233541113620186
1	3	老板	7.487036053399027
1	4	投资	10.3822289546301
1	5	的	3.651037297484436
1	6	饭店	10.068904477294716
1	7	很	7.616103062517091
1	8	受	4.85381092716576
1	9	欢迎	0.632676888145383
1	10	。	1.5361604536788604
2	1	那	9.980844881549901
2	2	个	8.432620200219082
2	3	老板	12.465670151414283
2	4	投资	11.741787757180138
2	5	的	2.2631438023012436
2	6	饭店	14.073042037946045
2	7	很	6.959075924557993
2	8	受	5.876476720805826
2	9	欢迎	0.7103998325045069
2	10	。	2.1548465649273396
3	1	那	9.980844881549901
3	2	幅	11.54359306015377
3	3	朋友	17.833750986664096
3	4	喜欢	10.534588918208215
3	5	的	1.2483245492427315
3	6	画	6.726123264305784
3	7	吸引	11.803499563706474
3	8	了	0.21277222682880392
3	9	我	6.8489732813233815
3	10	。	1.796605882142586
4	1	那	9.980844881549901
4	2	个	8.432620200219082
4	3	朋友	10.24697458437267
4	4	喜欢	10.786925745583499
4	5	的	6.851567183115392
4	6	画	14.938667697782137
4	7	吸引	12.963906233417724
4	8	了	0.44675344419724183
4	9	我	4.135356821482858
4	10	。	3.5417212944801264
5	1	那	9.980844881549901
5	2	件	9.038059288114416
5	3	老师	17.659319495828584
5	4	收藏	13.228989793835446
5	5	的	0.2129565225316128
5	6	艺术品	8.777885200569948
5	7	获	14.491273833045788
5	8	了	3.744118304879393
5	9	奖	10.420307234647652
5	10	。	3.0046045304443822
6	1	那	9.980844881549901
6	2	个	8.432620200219082
6	3	老师	10.111141810254455
6	4	收藏	17.879172854502965
6	5	的	4.337457040278181
6	6	艺术品	10.168646798986629
6	7	获	15.135892332755326
6	8	了	3.8929452483147884
6	9	奖	9.794158124827675
6	10	。	4.087507614883293
7	1	那	9.980844881549901
7	2	只	6.38260274647371
7	3	店长	23.478801078758035
7	4	喜欢	11.451238595799083
7	5	的	14.003431334696032
7	6	宠物	18.581743317502287
7	7	生病	17.785541980169313
7	8	了	7.845233622196261
7	9	。	1.3393770244267387
8	1	那	9.980844881549901
8	2	个	8.432620200219082
8	3	店长	20.68794377503812
8	4	喜欢	13.115964468224654
8	5	的	12.084341759221786
8	6	宠物	20.470708552066725
8	7	生病	18.685639462672484
8	8	了	5.999294031553319
8	9	。	1.410504065298312
9	1	那	9.980844881549901
9	2	首	11.536520340052055
9	3	明星	15.022255008463048
9	4	唱	12.323646182798242
9	5	的	2.896073709084554
9	6	歌	3.4618492414730824
9	7	很	8.642869720695721
9	8	好听	16.335862973416994
9	9	。	1.3784481055680686
10	1	那	9.980844881549901
10	2	个	8.432620200219082
10	3	明星	17.620289830341463
10	4	唱	11.941148308027188
10	5	的	2.480109116173402
10	6	歌	2.501477632290012
10	7	很	7.453147475357888
10	8	好听	15.405444565770942
10	9	。	2.429152741447737
11	1	那	9.980844881549901
11	2	所	12.252316458568755
11	3	老人	13.580839343786351
11	4	去	11.007053724002525
11	5	的	8.10654706862946
11	6	学校	4.513083557843565
11	7	关闭	16.21875337642006
11	8	了	1.0789939821489867
11	9	。	2.7548749131835564
12	1	那	9.980844881549901
12	2	个	8.432620200219082
12	3	老人	14.68756410071903
12	4	去	9.330782243930493
12	5	的	6.089398569702411
12	6	学校	10.018641724106317
12	7	关闭	15.815914562127276
12	8	了	0.9193625209093881
12	9	。	2.5254191385383393
13	1	那	9.980844881549901
13	2	件	9.038059288114416
13	3	司机	18.745340153885685
13	4	带	7.670025553835821
13	5	的	2.7570353260190075
13	6	行李	13.069473481660083
13	7	丢	14.907547407670414
13	8	了	0.6875725354823459
13	9	。	5.703994548436782
14	1	那	9.980844881549901
14	2	个	8.432620200219082
14	3	司机	16.338976417719927
14	4	带	8.33760119641552
14	5	的	6.4440614427677545
14	6	行李	13.580750327672021
14	7	丢	15.41721650675968
14	8	了	0.5861912109081686
14	9	。	6.215893430400342
15	1	那	9.980844881549901
15	2	本	9.3713611152768
15	3	作家	16.172866938858167
15	4	写	5.3223150004192945
15	5	的	0.5708150626907837
15	6	书	2.482003741784318
15	7	很	6.406417738676716
15	8	受	6.154973353650931
15	9	欢迎	0.5868937640928777
15	10	。	1.0843333514738802
16	1	那	9.980844881549901
16	2	个	8.432620200219082
16	3	作家	13.26151933332186
16	4	写	9.49583793947075
16	5	的	1.5850269356819382
16	6	书	5.705230502848529
16	7	很	6.140985246324625
16	8	受	6.8678121299633474
16	9	欢迎	0.5756264675803209
16	10	。	2.2715859417806357
17	1	那	9.980844881549901
17	2	辆	10.668130695085962
17	3	朋友	17.176404265192083
17	4	开	5.2012869641855275
17	5	的	2.018939773075985
17	6	车	1.5262298171202318
17	7	坏	15.636720757318862
17	8	了	0.6329752561237001
17	9	。	2.9497761474092172
18	1	那	9.980844881549901
18	2	个	8.432620200219082
18	3	朋友	10.24697458437267
18	4	开	10.363957861807823
18	5	的	5.025305560096747
18	6	车	8.547766820481911
18	7	坏	15.749248969625548
18	8	了	0.5793891730276641
18	9	。	4.069918725979605
19	1	那	9.980844881549901
19	2	份	7.552641124101404
19	3	孩子	15.485043538946329
19	4	做	10.374904161714554
19	5	的	1.6021372846653676
19	6	作业	12.435719682073199
19	7	获	15.221067281719343
19	8	了	2.7539098808637164
19	9	奖	12.636352633296838
19	10	。	4.077513121884664
20	1	那	9.980844881549901
20	2	个	8.432620200219082
20	3	孩子	7.731656113216328
20	4	做	8.802901370485731
20	5	的	1.9727444978183897
20	6	作业	16.791934825129474
20	7	获	17.070268324319116
20	8	了	3.0689049139761124
20	9	奖	12.256230060585935
20	10	。	4.67777703078562
21	1	那	9.980844881549901
21	2	份	7.552641124101404
21	3	老板	15.62095931015444
21	4	制定	16.837365544047252
21	5	的	0.7959690887226074
21	6	合同	8.031886953830309
21	7	到期	14.773565866114026
21	8	了	6.393434592576014
21	9	。	1.143191353331872
22	1	那	9.980844881549901
22	2	个	8.432620200219082
22	3	老板	12.465670151414283
22	4	制定	16.62303958833296
22	5	的	3.60729013967682
22	6	合同	9.505513497975102
22	7	到期	14.593332064479661
22	8	了	5.086351002993254
22	9	。	2.5531011826708863
23	1	那	9.980844881549901
23	2	间	14.694829441050475
23	3	朋友	9.341175189175775
23	4	开	9.106087885660266
23	5	的	5.483355641658086
23	6	工厂	10.019261919886745
23	7	倒闭	16.011198306489696
23	8	了	2.214495547855236
23	9	。	2.7065527776464933
24	1	那	9.980844881549901
24	2	个	8.432620200219082
24	3	朋友	10.24697458437267
24	4	开	10.363957861807823
24	5	的	5.025305560096747
24	6	工厂	9.574382994197208
24	7	倒闭	15.520791292496831
24	8	了	1.7849084949635738
24	9	。	3.8761607049829223
25	1	那	9.980844881549901
25	2	张	9.463014398467275
25	3	孩子	13.327778246102678
25	4	照	17.980755101554898
25	5	的	2.3904808820138967
25	6	照片	4.794284779028537
25	7	丢	17.721989170696787
25	8	了	0.6058678721236959
25	9	。	7.311353686185555
26	1	那	9.980844881549901
26	2	个	8.432620200219082
26	3	孩子	7.731656113216328
26	4	照	18.021182018788135
26	5	的	7.729406904068426
26	6	照片	15.817238000316564
26	7	丢	17.852231403708956
26	8	了	1.0230628847815524
26	9	。	3.597705096571687
27	1	那	9.980844881549901
27	2	台	12.342898779749659
27	3	老师	14.566134680104916
27	4	用	7.540164832240237
27	5	的	5.443185577425069
27	6	手机	8.955797773993481
27	7	很	6.391216811740357
27	8	好用	17.723562636782887
27	9	。	1.1266285004843866
28	1	那	9.980844881549901
28	2	个	8.432620200219082
28	3	老师	10.111141810254455
28	4	用	8.803950878168184
28	5	的	6.707345932596439
28	6	手机	11.36581574332478
28	7	很	10.170083017681613
28	8	好用	17.679862665085707
28	9	。	1.365072591125596
29	1	那	9.980844881549901
29	2	朵	20.619288195232023
29	3	邻居	17.88061132473627
29	4	种	14.375373052712717
29	5	的	3.651258068311577
29	6	花	8.043570054329422
29	7	很	6.4387121454635405
29	8	好看	12.810942197240436
29	9	。	0.9745907104961873
30	1	那	9.980844881549901
30	2	个	8.432620200219082
30	3	邻居	14.438386310378206
30	4	种	15.447479795587647
30	5	的	8.143216826520224
30	6	花	11.39162935018117
30	7	很	7.673059621680025
30	8	好看	12.827145787366405
30	9	。	1.9471459531319084
31	1	那	9.980844881549901
31	2	台	12.342898779749659
31	3	科学家	16.258925438369864
31	4	做	11.408249884478693
31	5	的	1.8346661139693552
31	6	电视	13.461664023162456
31	7	坏	16.648965359935218
31	8	了	0.6588010547513932
31	9	。	4.299350960856643
32	1	那	9.980844881549901
32	2	个	8.432620200219082
32	3	科学家	16.07772381190032
32	4	做	9.925420207266725
32	5	的	1.7833164508944392
32	6	电视	16.42450242569864
32	7	坏	15.445564843829644
32	8	了	1.2519607611585286
32	9	。	4.774301392388864
33	1	那	9.980844881549901
33	2	栋	12.945249317039723
33	3	男人	15.69132597373315
33	4	买	10.942814180840372
33	5	的	2.6967621597683333
33	6	房子	2.541371170536948
33	7	起火	12.866143903831173
33	8	了	2.2307992496749307
33	9	。	2.8709844230397294
34	1	那	9.980844881549901
34	2	个	8.432620200219082
34	3	男人	7.236522394047832
34	4	买	11.659528614841143
34	5	的	7.507131270801473
34	6	房子	9.008275639030373
34	7	起火	18.65965318559887
34	8	了	3.5473417953439252
34	9	。	1.1606802372122758
35	1	那	9.980844881549901
35	2	条	10.073767489647254
35	3	朋友	15.610783823309635
35	4	给	7.960023931718595
35	5	的	9.9585888459616
35	6	建议	10.349606445319203
35	7	很	6.0274220376063425
35	8	真诚	13.536526018467129
35	9	。	1.0266163380319426
36	1	那	9.980844881549901
36	2	个	8.432620200219082
36	3	朋友	10.24697458437267
36	4	给	8.021195832500407
36	5	的	12.057153404043888
36	6	建议	9.243770839932466
36	7	很	5.69329412476025
36	8	真诚	13.82070867053882
36	9	。	1.9560783032125642
37	1	那	9.980844881549901
37	2	支	12.304391356766024
37	3	老师	14.86724703708304
37	4	用	6.945628202719057
37	5	的	9.108614189193347
37	6	笔	13.09030056041967
37	7	坏	17.63349667541857
37	8	了	1.530694548486025
37	9	。	2.0550254166346207
38	1	那	9.980844881549901
38	2	个	8.432620200219082
38	3	老师	10.111141810254455
38	4	用	8.803950878168184
38	5	的	6.707345932596439
38	6	笔	14.434580013094944
38	7	坏	17.871993306666425
38	8	了	2.0752678139469367
38	9	。	1.6525914725619657
39	1	那	9.980844881549901
39	2	只	6.38260274647371
39	3	女人	14.7786382746078
39	4	丢	16.91142599999809
39	5	的	9.551871772313191
39	6	鞋子	19.70900818228281
39	7	被	11.285564643617263
39	8	找到	14.115668887276982
39	9	了	4.150254774043475
39	10	。	1.9215858287836767
40	1	那	9.980844881549901
40	2	个	8.432620200219082
40	3	女人	8.444246972512431
40	4	丢	16.83890577410684
40	5	的	8.118360636091253
40	6	鞋子	19.788973106153094
40	7	被	10.255779753650302
40	8	找到	13.859059398316035
40	9	了	2.4735315665623148
40	10	。	2.8284859350539335
41	1	那	9.980844881549901
41	2	条	10.073767489647254
41	3	邻居	15.150541826245718
41	4	养	12.840900084879415
41	5	的	4.045174493510636
41	6	狗	9.366551612667486
41	7	生病	17.472009230673066
41	8	了	1.7305899793777826
41	9	。	2.647815003338323
42	1	那	9.980844881549901
42	2	个	8.432620200219082
42	3	邻居	14.438386310378206
42	4	养	13.873242717815074
42	5	的	6.7932664027229706
42	6	狗	9.769435795339078
42	7	生病	17.647653030554196
42	8	了	1.546547991680768
42	9	。	3.199605334963806
43	1	那	9.980844881549901
43	2	座	9.65687745067695
43	3	老人	15.627275850380826
43	4	修	15.066420243726888
43	5	的	4.430623268953667
43	6	桥	8.178522150022111
43	7	帮助	16.583041753202203
43	8	了	3.8243460598021386
43	9	我	5.372553412319405
43	10	。	3.2982169371157113
44	1	那	9.980844881549901
44	2	个	8.432620200219082
44	3	老人	14.68756410071903
44	4	修	16.16538801912801
44	5	的	6.188725457927127
44	6	桥	12.762708389763354
44	7	帮助	17.174058946564102
44	8	了	5.057627133508433
44	9	我	3.230827799499181
44	10	。	3.001473663076382
45	1	那	9.980844881549901
45	2	篇	9.970530137347575
45	3	学生	14.77558056835679
45	4	准备	16.426968348483847
45	5	的	5.40449316772343
45	6	报告	7.897603786304067
45	7	感动	17.63919281905123
45	8	了	0.6208376408797989
45	9	我	5.153565740413725
45	10	。	3.7871138468287455
46	1	那	9.980844881549901
46	2	个	8.432620200219082
46	3	学生	8.984167299370611
46	4	准备	12.198489177050213
46	5	的	4.944427460620709
46	6	报告	17.02912106401294
46	7	感动	18.68563689234204
46	8	了	8.555136512502216
46	9	我	11.589658262785505
46	10	。	13.408610774193406
47	1	那	9.980844881549901
47	2	封	10.813850728833978
47	3	朋友	17.90301939960825
47	4	写	7.1506476841834825
47	5	的	0.3060325291269237
47	6	信	2.790409376455578
47	7	很	6.080320800819116
47	8	真诚	13.133508272127877
47	9	。	1.604302686253675
48	1	那	9.980844881549901
48	2	个	8.432620200219082
48	3	朋友	10.24697458437267
48	4	写	10.429424633608964
48	5	的	2.3582696305848287
48	6	信	14.139166367940398
48	7	很	6.059757690564865
48	8	真诚	12.872087143517554
48	9	。	2.528021826919087
49	1	那	9.980844881549901
49	2	堂	22.05079911942657
49	3	老师	13.049843463798418
49	4	教	11.813697676885987
49	5	的	5.852875660032645
49	6	课	9.05363756340008
49	7	获	17.836729437319477
49	8	了	3.7659415236678626
49	9	奖	10.91977773462034
49	10	。	0.6110712600062698
50	1	那	9.980844881549901
50	2	个	8.432620200219082
50	3	老师	10.111141810254455
50	4	教	11.264020193089724
50	5	的	6.5920407107109895
50	6	课	11.334302386385318
50	7	获	18.042905443110996
50	8	了	3.7354238980916534
50	9	奖	10.408685550400534
50	10	。	2.4184594850585768
51	1	那	9.980844881549901
51	2	块	13.28174996100739
51	3	医生	16.230324658638338
51	4	喜欢	11.905081419229624
51	5	的	2.0542665344894786
51	6	手表	13.772271160627795
51	7	丢	16.3707907184572
51	8	了	0.9324295528771387
51	9	。	6.662531173057019
52	1	那	9.980844881549901
52	2	个	8.432620200219082
52	3	医生	12.853539225551966
52	4	喜欢	11.606231355655783
52	5	的	4.90047169139973
52	6	手表	15.466022531907072
52	7	丢	16.69657114073599
52	8	了	0.6633965888206461
52	9	。	7.88078044431218
53	1	那	9.980844881549901
53	2	篇	9.970530137347575
53	3	学生	14.77558056835679
53	4	写	7.574575025723803
53	5	的	0.7005459771133147
53	6	论文	6.657106199446808
53	7	感动	17.86159916836145
53	8	了	1.3472587092953887
53	9	我	5.400547484308888
53	10	。	3.4169548277343864
54	1	那	9.980844881549901
54	2	个	8.432620200219082
54	3	学生	8.984167299370611
54	4	写	11.591475669374326
54	5	的	1.7278769101618252
54	6	论文	13.376196743973573
54	7	感动	19.393856805563836
54	8	了	2.197910363244972
54	9	我	4.02151631738063
54	10	。	2.077713118412845
55	1	那	9.980844881549901
55	2	场	10.324658509391794
55	3	演员	17.429676773266657
55	4	准备	14.797001832865618
55	5	的	1.5067177355988264
55	6	表演	1.898881075539805
55	7	很	7.802119893862631
55	8	受	5.379817509243509
55	9	欢迎	0.9533536705288412
55	10	。	0.7259277172235272
56	1	那	9.980844881549901
56	2	个	8.432620200219082
56	3	演员	13.898651491879939
56	4	准备	12.223634718429395
56	5	的	5.052636287383137
56	6	表演	11.729529747312348
56	7	很	6.887257447068897
56	8	受	8.10047919920143
56	9	欢迎	0.371946661233693
56	10	。	1.3945439799624069
57	1	那	9.980844881549901
57	2	间	14.694829441050475
57	3	警察	13.559725323622668
57	4	工作	14.655735263713758
57	5	的	1.6549224325933594
57	6	办公室	5.864753118542048
57	7	起火	13.110639523616534
57	8	了	2.7409161499332697
57	9	。	4.080255148928018
58	1	那	9.980844881549901
58	2	个	8.432620200219082
58	3	警察	14.33105309957348
58	4	工作	15.864509967709182
58	5	的	2.5789870397761874
58	6	办公室	12.934087003214515
58	7	起火	14.575156176869754
58	8	了	2.888137576356968
58	9	。	2.728147855260559
59	1	那	9.980844881549901
59	2	首	11.536520340052055
59	3	孩子	14.55950171969532
59	4	写	8.86757922706208
59	5	的	0.9851023939742021
59	6	诗	7.675748267364426
59	7	很	7.805385825952428
59	8	有趣	7.0999447480902305
59	9	。	2.2653605945826456
60	1	那	9.980844881549901
60	2	个	8.432620200219082
60	3	孩子	7.731656113216328
60	4	写	12.002232245281075
60	5	的	1.6806254211771119
60	6	诗	18.57591759099497
60	7	很	8.060388381168572
60	8	有趣	8.524170941656976
60	9	。	2.2527547034056283
61	1	那	9.980844881549901
61	2	家	11.233541113620186
61	3	朋友	9.95241746072616
61	4	去	7.709105707225692
61	5	的	9.562364959925702
61	6	银行	12.383874165846912
61	7	帮助	12.180170309200662
61	8	了	4.257086790326994
61	9	我	2.827008803784622
61	10	。	3.20496946447615
62	1	那	9.980844881549901
62	2	个	8.432620200219082
62	3	朋友	10.24697458437267
62	4	去	7.834356779606313
62	5	的	9.449081901807418
62	6	银行	11.939676020863644
62	7	帮助	12.006799080502063
62	8	了	4.085560223524141
62	9	我	2.4609168463692583
62	10	。	3.061619909633407
