sentence_id	token_id	token	surprisal
1	1	那	9.980844881549901
1	2	家	11.233541113620186
1	3	我	9.649966920246158
1	4	采访	11.630094527735846
1	5	过	2.5432901001397
1	6	的	1.1721548856058774
1	7	老板	11.534774021412865
1	8	投资	15.014437996330443
1	9	的	7.2307432658812445
1	10	饭店	14.251515006326159
1	11	很	5.85795025415463
1	12	受	7.692765406043861
1	13	欢迎	1.2474553088711104
1	14	。	8.599626879965314
2	1	那	9.980844881549901
2	2	个	8.432620200219082
2	3	我	8.03127987943057
2	4	采访	11.520172872227349
2	5	过	3.3302582732541524
2	6	的	0.8780434477337806
2	7	老板	16.388351136681294
2	8	投资	15.74612831201825
2	9	的	10.180475081913201
2	10	饭店	15.134411279635628
2	11	很	7.817739308391893
2	12	受	7.481764599801707
2	13	欢迎	1.4483094573913604
2	14	。	2.103987413659226
3	1	那	9.980844881549901
3	2	幅	11.54359306015377
3	3	我	11.456417867984246
3	4	介绍	11.13532382403261
3	5	的	0.6825825631171938
3	6	朋友	14.854490192837595
3	7	喜欢	12.352471273403907
3	8	的	2.3496719718366847
3	9	画	7.819181496983532
3	10	吸引	12.116042675881374
3	11	了	0.15155964128382493
3	12	我	3.842960094936913
3	13	。	1.1493288842173968
4	1	那	9.980844881549901
4	2	个	8.432620200219082
4	3	我	8.03127987943057
4	4	介绍	13.813890571672452
4	5	的	0.7501448959624426
4	6	朋友	10.259757400988157
4	7	喜欢	12.028485774980432
4	8	的	6.351499222970666
4	9	画	15.879495234213834
4	10	吸引	13.278315487485031
4	11	了	0.28077111488906326
4	12	我	2.3300262895648274
4	13	。	1.595235280412723
5	1	那	9.980844881549901
5	2	件	9.038059288114416
5	3	我	7.965154470029141
5	4	喜欢	7.289702248612002
5	5	的	0.7299835406017792
5	6	老师	15.846858785312989
5	7	收藏	15.827099726677346
5	8	的	0.839946792169215
5	9	艺术品	8.681295550853264
5	10	获	16.007956432090154
5	11	了	2.408709894455015
5	12	奖	11.22882566378425
5	13	。	1.1128220257980388
6	1	那	9.980844881549901
6	2	个	8.432620200219082
6	3	我	8.03127987943057
6	4	喜欢	7.500257282673651
6	5	的	1.3472660018217724
6	6	老师	12.274767878690746
6	7	收藏	17.963761249209142
6	8	的	2.5341685181954716
6	9	艺术品	10.103127327830862
6	10	获	16.231259288470326
6	11	了	2.7581497838147584
6	12	奖	10.738326114320415
6	13	。	1.6405411828774703
7	1	那	9.980844881549901
7	2	只	6.38260274647371
7	3	我	12.558885724640994
7	4	认识	7.654226259187769
7	5	的	1.5730446585223916
7	6	店长	20.562285351952738
7	7	喜欢	11.079399671612649
7	8	的	12.820363052256766
7	9	宠物	19.66027048206223
7	10	生病	18.25921992055983
7	11	了	6.093545066226113
7	12	。	0.8747449673471266
8	1	那	9.980844881549901
8	2	个	8.432620200219082
8	3	我	8.03127987943057
8	4	认识	7.438642312715523
8	5	的	0.9868892630359909
8	6	店长	21.924334727124858
8	7	喜欢	12.328405638353075
8	8	的	8.897126882363622
8	9	宠物	20.43405202796599
8	10	生病	17.6578783772417
8	11	了	3.9863581987292918
8	12	。	6.87575287927298
9	1	那	9.980844881549901
9	2	首	11.536520340052055
9	3	我	11.118637512421408
9	4	见	9.584089603070467
9	5	过	0.9637892368374494
9	6	的	0.4451971521244218
9	7	明星	17.846456170931717
9	8	唱	13.495358559711171
9	9	的	3.257922568227656
9	10	歌	3.17067534391866
9	11	很	8.361718422343529
9	12	好听	15.726207829919773
9	13	。	1.1021554609583433
10	1	那	9.980844881549901
10	2	个	8.432620200219082
10	3	我	8.03127987943057
10	4	见	10.60045328218061
10	5	过	0.8702052039731214
10	6	的	0.6079920764064042
10	7	明星	17.377575308661875
10	8	唱	14.182572464671267
10	9	的	3.9565059658559107
10	10	歌	3.8780648968330667
10	11	很	7.277397098210528
10	12	好听	15.368177201904913
10	13	。	1.1096569562208742
11	1	那	9.980844881549901
11	2	所	12.252316458568755
11	3	我	9.788049589462666
11	4	认识	9.411067095910703
11	5	的	2.4721967644190954
11	6	老人	13.71537270479751
11	7	去	12.016738878388303
11	8	的	10.918433902104283
11	9	学校	8.850201812996943
11	10	关闭	19.81218913732272
11	11	了	1.2592225138112099
11	12	。	2.034623728296438
12	1	那	9.980844881549901
12	2	个	8.432620200219082
12	3	我	8.03127987943057
12	4	认识	7.438642312715523
12	5	的	0.9868892630359909
12	6	老人	16.77192754477487
12	7	去	10.333212140488904
12	8	的	7.236860011916853
12	9	学校	8.406638684948902
12	10	关闭	15.647012528418031
12	11	了	0.7102103995835165
12	12	。	2.4314180803978758
13	1	那	9.980844881549901
13	2	件	9.038059288114416
13	3	我	7.965154470029141
13	4	采访	12.622289885530208
13	5	过	2.7593858769063786
13	6	的	0.5712224689175116
13	7	司机	16.49436743353018
13	8	带	8.537157818285202
13	9	的	6.539015991025522
13	10	行李	12.977239134237578
13	11	丢	15.991035787246744
13	12	了	0.8685114248701638
13	13	。	5.7107896374989195
14	1	那	9.980844881549901
14	2	个	8.432620200219082
14	3	我	8.03127987943057
14	4	采访	11.520172872227349
14	5	过	3.3302582732541524
14	6	的	0.8780434477337806
14	7	司机	13.464433700268906
14	8	带	8.3975490760062
14	9	的	8.538295480610628
14	10	行李	14.886726622919738
14	11	丢	15.870236620078245
14	12	了	0.770440179776358
14	13	。	8.420024872257201
15	1	那	9.980844881549901
15	2	本	9.3713611152768
15	3	我	10.054705829665103
15	4	喜欢	8.289481598991554
15	5	的	1.3583889500287256
15	6	作家	15.571053284292546
15	7	写	7.745055367088526
15	8	的	2.273672861459964
15	9	书	3.3731234563129107
15	10	很	6.374120423477407
15	11	受	5.37809321363774
15	12	欢迎	0.36085434891346324
15	13	。	1.0369568562446716
16	1	那	9.980844881549901
16	2	个	8.432620200219082
16	3	我	8.03127987943057
16	4	喜欢	7.500257282673651
16	5	的	1.3472660018217724
16	6	作家	14.928315215142646
16	7	写	9.794786172801452
16	8	的	2.384961466047649
16	9	书	5.506878057112175
16	10	很	6.21794099885318
16	11	受	5.5967796666744505
16	12	欢迎	0.4046843660270696
16	13	。	1.4265559829463967
17	1	那	9.980844881549901
17	2	辆	10.668130695085962
17	3	我	11.465136944453882
17	4	介绍	15.45686864064065
17	5	的	0.7642639804726414
17	6	朋友	15.236176824707506
17	7	开	9.05422857749921
17	8	的	0.728801023703852
17	9	车	2.205160276206257
17	10	坏	16.212360248344368
17	11	了	0.8502334203391371
17	12	。	2.813022702350395
18	1	那	9.980844881549901
18	2	个	8.432620200219082
18	3	我	8.03127987943057
18	4	介绍	13.813890571672452
18	5	的	0.7501448959624426
18	6	朋友	10.259757400988157
18	7	开	12.49586993679874
18	8	的	5.054631967523136
18	9	车	11.18658120276227
18	10	坏	16.424200156095168
18	11	了	0.8454237554508524
18	12	。	2.50607811513936
19	1	那	9.980844881549901
19	2	份	7.552641124101404
19	3	他	9.899346953026722
19	4	教	12.80564286054232
19	5	的	1.3872945662293148
19	6	孩子	7.435486624751455
19	7	做	10.734172087872025
19	8	的	2.2619786275750684
19	9	作业	14.420585929499758
19	10	获	15.171918562900288
19	11	了	2.578030509259122
19	12	奖	11.890205185566103
19	13	。	3.0182396542306122
20	1	那	9.980844881549901
20	2	个	8.432620200219082
20	3	他	9.991672018537216
20	4	教	12.43895226885597
20	5	的	1.14401450016544
20	6	孩子	3.17544904107487
20	7	做	9.37965435653738
20	8	的	1.3563536170548431
20	9	作业	14.845614515592736
20	10	获	16.71600051133673
20	11	了	2.4482220155232
20	12	奖	11.759779949220729
20	13	。	3.1662269895300454
21	1	那	9.980844881549901
21	2	份	7.552641124101404
21	3	我	11.64969826092285
21	4	采访	11.372231682191629
21	5	过	3.8419921755585236
21	6	的	0.9489117217804193
21	7	老板	16.98942581907717
21	8	制定	18.50691546610691
21	9	的	4.078461251122789
21	10	合同	8.78469076460371
21	11	到期	15.146878896208875
21	12	了	4.366092803403447
21	13	。	1.0468855822008294
22	1	那	9.980844881549901
22	2	个	8.432620200219082
22	3	我	8.03127987943057
22	4	采访	11.520172872227349
22	5	过	3.3302582732541524
22	6	的	0.8780434477337806
22	7	老板	16.388351136681294
22	8	制定	18.433247260990562
22	9	的	8.3144360043718
22	10	合同	11.554862840108726
22	11	到期	15.864105865953022
22	12	了	7.187822055810045
22	13	。	2.7437712548429403
23	1	那	9.980844881549901
23	2	间	14.694829441050475
23	3	我	9.091025493569749
23	4	尊敬	16.24690410887321
23	5	的	0.6972582471499464
23	6	朋友	8.892935773262145
23	7	开	11.080314327175273
23	8	的	6.651906800584655
23	9	工厂	11.40329076799813
23	10	倒闭	16.807348569791216
23	11	了	2.7414262794366238
23	12	。	1.7648874493879845
24	1	那	9.980844881549901
24	2	个	8.432620200219082
24	3	我	8.03127987943057
24	4	尊敬	15.803347697578737
24	5	的	0.557766100417652
24	6	朋友	7.64201536310685
24	7	开	11.57665348782465
24	8	的	7.707133733183049
24	9	工厂	11.719245689222873
24	10	倒闭	16.722856555403197
24	11	了	3.494221641036873
24	12	。	4.717200027865999
25	1	那	9.980844881549901
25	2	张	9.463014398467275
25	3	我	8.971589647364983
25	4	教	12.083655052911354
25	5	的	1.5849001886126572
25	6	孩子	7.510242157882246
25	7	照	18.21861891340607
25	8	的	7.578936766361238
25	9	照片	14.854083789933753
25	10	丢	17.772717634738854
25	11	了	0.6802555523712215
25	12	。	2.4681711837334177
26	1	那	9.980844881549901
26	2	个	8.432620200219082
26	3	我	8.03127987943057
26	4	教	12.3764828083524
26	5	的	1.5282974889876968
26	6	孩子	2.617150224741124
26	7	照	18.728588537894773
26	8	的	6.802533452287889
26	9	照片	16.71902243052567
26	10	丢	16.76848392178134
26	11	了	0.9709567916833777
26	12	。	2.8225626338245178
27	1	那	9.980844881549901
27	2	台	12.342898779749659
27	3	我们	11.634153144735379
27	4	欣赏	12.565579538835436
27	5	的	0.789165334640586
27	6	老师	15.191484949734914
27	7	用	7.433876090144423
27	8	的	2.2243714317445153
27	9	手机	8.862884265702917
27	10	很	5.991252711278662
27	11	好用	17.56794092567678
27	12	。	1.3089460464533147
28	1	那	9.980844881549901
28	2	个	8.432620200219082
28	3	我们	10.061151618119343
28	4	欣赏	15.400751994892605
28	5	的	0.7992552633720891
28	6	老师	13.625168964731849
28	7	用	8.910723812408285
28	8	的	4.449735761853731
28	9	手机	10.441927356824863
28	10	很	6.039398031908917
28	11	好用	17.66433019904254
28	12	。	1.3738393073921884
29	1	那	9.980844881549901
29	2	朵	20.619288195232023
29	3	我	8.149419664197062
29	4	关心	13.457505806653842
29	5	的	4.559259058734064
29	6	邻居	13.642937741661775
29	7	种	17.39496600599813
29	8	的	7.343248535095782
29	9	花	14.529952042679511
29	10	很	8.544894903346247
29	11	好看	14.217479041810194
29	12	。	0.9884178456369739
30	1	那	9.980844881549901
30	2	个	8.432620200219082
30	3	我	8.03127987943057
30	4	关心	11.531582338782023
30	5	的	0.3443144613940561
30	6	邻居	15.195423437700377
30	7	种	16.14441069927274
30	8	的	9.04792230035649
30	9	花	14.058373002098705
30	10	很	8.664500993338763
30	11	好看	12.757390394267361
30	12	。	4.917905497053226
31	1	那	9.980844881549901
31	2	台	12.342898779749659
31	3	我	10.949930486765908
31	4	尊敬	16.542433654189175
31	5	的	0.572648592998668
31	6	科学家	15.960613943002045
31	7	做	13.422425287584602
31	8	的	4.8546108856689045
31	9	电视	14.146002444495835
31	10	坏	16.973836451200185
31	11	了	1.1232892971690802
31	12	。	3.427720502479346
32	1	那	9.980844881549901
32	2	个	8.432620200219082
32	3	我	8.03127987943057
32	4	尊敬	15.803347697578737
32	5	的	0.557766100417652
32	6	科学家	15.605585120767039
32	7	做	11.500145367627177
32	8	的	4.25965956922883
32	9	电视	17.512392077610386
32	10	坏	14.00864258207217
32	11	了	2.116014767468272
32	12	。	4.358254095829778
33	1	那	9.980844881549901
33	2	栋	12.945249317039723
33	3	他	11.07145302435287
33	4	认识	12.210474278586076
33	5	的	1.4297668875391594
33	6	男人	12.412415790945701
33	7	买	11.275090525632926
33	8	的	9.684958377576308
33	9	房子	9.23928891686731
33	10	起火	19.400373081671717
33	11	了	3.9550962769060334
33	12	。	0.91667538251005
34	1	那	9.980844881549901
34	2	个	8.432620200219082
34	3	他	9.991672018537216
34	4	认识	9.611962556306366
34	5	的	1.191416018718627
34	6	男人	7.947072771373101
34	7	买	12.519858156052777
34	8	的	7.799573624076167
34	9	房子	10.079389364870934
34	10	起火	19.622097652289185
34	11	了	3.8434960428740794
34	12	。	1.2583705269239829
35	1	那	9.980844881549901
35	2	条	10.073767489647254
35	3	我	9.94868878156316
35	4	欣赏	14.233990890017097
35	5	的	0.6462548155448005
35	6	朋友	14.826539057148103
35	7	给	8.264046261834764
35	8	的	7.778867260850944
35	9	建议	13.26377333672103
35	10	很	5.749284906940815
35	11	真诚	12.56157171494634
35	12	。	1.0561635318998128
36	1	那	9.980844881549901
36	2	个	8.432620200219082
36	3	我	8.03127987943057
36	4	欣赏	14.57932118469089
36	5	的	0.6026200767472432
36	6	朋友	11.544762812220434
36	7	给	8.55007630103455
36	8	的	11.30948166858493
36	9	建议	13.839749507696752
36	10	很	5.716552709138639
36	11	真诚	12.613270133205006
36	12	。	1.4209721187302762
37	1	那	9.980844881549901
37	2	支	12.304391356766024
37	3	我	11.844367512955579
37	4	关心	13.210524186589126
37	5	的	0.7919789428129178
37	6	老师	12.17662490241569
37	7	用	9.829514806055165
37	8	的	8.429147856937789
37	9	笔	13.977461728892493
37	10	坏	19.227859821955477
37	11	了	1.8355123923187335
37	12	。	2.3295943557837404
38	1	那	9.980844881549901
38	2	个	8.432620200219082
38	3	我	8.03127987943057
38	4	关心	11.531582338782023
38	5	的	0.3443144613940561
38	6	老师	12.64441031890486
38	7	用	10.648227689780605
38	8	的	7.558298707467287
38	9	笔	14.256112225083314
38	10	坏	18.92094957440166
38	11	了	1.5920954006541876
38	12	。	2.4770362452098738
39	1	那	9.980844881549901
39	2	只	6.38260274647371
39	3	我	12.558885724640994
39	4	帮助	13.531413731255167
39	5	过	6.600167224566832
39	6	的	2.0684049261816284
39	7	女人	7.464219078863941
39	8	丢	17.379020514497284
39	9	的	11.57692046643983
39	10	鞋子	20.453680449352134
39	11	被	10.012671881809283
39	12	找到	13.318341916007796
39	13	了	3.1593473333009285
39	14	。	1.5235882536903773
40	1	那	9.980844881549901
40	2	个	8.432620200219082
40	3	我	8.03127987943057
40	4	帮助	13.642958357664078
40	5	过	6.257884005995088
40	6	的	1.806139452624528
40	7	女人	9.573897024812283
40	8	丢	17.295267698213706
40	9	的	11.04028106509675
40	10	鞋子	20.459386652251595
40	11	被	11.847654771138608
40	12	找到	14.068618454405225
40	13	了	2.4912680924626045
40	14	。	2.0268639703405142
41	1	那	9.980844881549901
41	2	条	10.073767489647254
41	3	我	9.94868878156316
41	4	关心	13.137818201691815
41	5	的	0.43826556574602193
41	6	邻居	16.10890220736397
41	7	养	14.669983883431854
41	8	的	7.266271008669705
41	9	狗	10.80572173418858
41	10	生病	18.032574449065564
41	11	了	1.8693600506620385
41	12	。	1.2588921936753934
42	1	那	9.980844881549901
42	2	个	8.432620200219082
42	3	我	8.03127987943057
42	4	关心	11.531582338782023
42	5	的	0.3443144613940561
42	6	邻居	15.195423437700377
42	7	养	15.314011207033886
42	8	的	8.163628704408595
42	9	狗	11.113924197465963
42	10	生病	18.49332236206935
42	11	了	3.0111966913165134
42	12	。	1.3674583167618124
43	1	那	9.980844881549901
43	2	座	9.65687745067695
43	3	我	12.89886035895011
43	4	采访	11.774821376624082
43	5	过	2.7567692645557926
43	6	的	0.9777213839618355
43	7	老人	10.713614165999182
43	8	修	18.000247222466122
43	9	的	8.888704277199608
43	10	桥	15.267497609968302
43	11	帮助	18.018137327153568
43	12	了	5.054920583811963
43	13	我	1.697473979330482
43	14	。	1.4303091262227952
44	1	那	9.980844881549901
44	2	个	8.432620200219082
44	3	我	8.03127987943057
44	4	采访	11.520172872227349
44	5	过	3.3302582732541524
44	6	的	0.8780434477337806
44	7	老人	10.578355664774186
44	8	修	18.03196928166804
44	9	的	8.413406388571914
44	10	桥	15.026888273423268
44	11	帮助	17.450356384205165
44	12	了	4.250784096016787
44	13	我	1.5234824966709795
44	14	。	1.8641822271456334
45	1	那	9.980844881549901
45	2	篇	9.970530137347575
45	3	我	9.840089529008246
45	4	培养	15.136768649469136
45	5	的	1.166589257761018
45	6	学生	10.291229277045737
45	7	准备	14.489871339515005
45	8	的	6.081549318766392
45	9	报告	17.306879104135376
45	10	感动	19.371740927321625
45	11	了	5.568762487446406
45	12	我	2.6824303544163683
45	13	。	3.512292166349212
46	1	那	9.980844881549901
46	2	个	8.432620200219082
46	3	我	8.03127987943057
46	4	培养	14.42963017158577
46	5	的	1.2723801490553583
46	6	学生	9.180432558219344
46	7	准备	14.486312018029118
46	8	的	5.5606876054023076
46	9	报告	19.094343513995994
46	10	感动	19.61882783674612
46	11	了	8.783493170152227
46	12	我	3.634010693858201
46	13	。	12.026407465654387
47	1	那	9.980844881549901
47	2	封	10.813850728833978
47	3	我	9.363181735600378
47	4	依赖	17.29201850637622
47	5	的	1.2483290759916414
47	6	朋友	16.21608540480399
47	7	写	8.949193119154799
47	8	的	2.2626248781941456
47	9	信	3.595822177770188
47	10	很	6.3590614978889874
47	11	真诚	12.46230521196415
47	12	。	1.3759817017344318
48	1	那	9.980844881549901
48	2	个	8.432620200219082
48	3	我	8.03127987943057
48	4	依赖	16.314796442273348
48	5	的	1.9206973645878378
48	6	朋友	10.266556328945065
48	7	写	11.979075251492375
48	8	的	3.1111055608857043
48	9	信	12.034371864334375
48	10	很	6.045814986129955
48	11	真诚	12.552914110698595
48	12	。	2.0399304337843063
49	1	那	9.980844881549901
49	2	堂	22.05079911942657
49	3	我	8.017919353488324
49	4	认识	9.327218741569311
49	5	的	5.292320973631185
49	6	老师	14.3227607592869
49	7	教	13.091194431332667
49	8	的	5.189486520605158
49	9	课	7.4137499468636605
49	10	获	18.69224850255081
49	11	了	2.9951928284438907
49	12	奖	11.579962974000424
49	13	。	0.6758459844520814
50	1	那	9.980844881549901
50	2	个	8.432620200219082
50	3	我	8.03127987943057
50	4	认识	7.438642312715523
50	5	的	0.9868892630359909
50	6	老师	13.061804754913318
50	7	教	12.968882661539219
50	8	的	6.163917359826925
50	9	课	10.812617783736627
50	10	获	18.517590913717243
50	11	了	3.4676805221228477
50	12	奖	11.5503287538114
50	13	。	1.5037391631961583
51	1	那	9.980844881549901
51	2	块	13.28174996100739
51	3	我	7.514100730184307
51	4	信任	14.966888618795696
51	5	的	1.3108544948663905
51	6	医生	16.261483497114675
51	7	喜欢	12.21818470420525
51	8	的	3.185625534029853
51	9	手表	14.760659552400227
51	10	丢	16.452378504530486
51	11	了	1.2711655902013348
51	12	。	6.880658556377895
52	1	那	9.980844881549901
52	2	个	8.432620200219082
52	3	我	8.03127987943057
52	4	信任	14.851652958525356
52	5	的	1.0812492557848898
52	6	医生	13.889992993476106
52	7	喜欢	11.9599431861093
52	8	的	6.427577609480807
52	9	手表	16.278339420355067
52	10	丢	17.126631071037366
52	11	了	1.250874480810083
52	12	。	7.810243876549549
53	1	那	9.980844881549901
53	2	篇	9.970530137347575
53	3	她	11.978739978302741
53	4	教	12.125079351776332
53	5	的	1.763414269233543
53	6	学生	12.520165805111716
53	7	写	7.182324092702885
53	8	的	2.4657154602215456
53	9	论文	15.78492230279197
53	10	感动	21.308774895602554
53	11	了	2.4773662468563913
53	12	我	4.940283494108087
53	13	。	2.906000191274714
54	1	那	9.980844881549901
54	2	个	8.432620200219082
54	3	她	12.981400360191305
54	4	教	12.036673639651578
54	5	的	1.3986883074726464
54	6	学生	10.386100000259937
54	7	写	9.734300845257401
54	8	的	1.502102257939086
54	9	论文	14.603350484233118
54	10	感动	18.67069417607594
54	11	了	2.0938936083267805
54	12	我	3.01562664072587
54	13	。	6.219667314752996
55	1	那	9.980844881549901
55	2	场	10.324658509391794
55	3	我	8.662029098666707
55	4	听说	11.78786055835046
55	5	过	3.8329038841741863
55	6	的	0.8699943054561317
55	7	演员	18.170673936544176
55	8	准备	11.720774791746479
55	9	的	3.189418712165704
55	10	表演	3.7539384730979037
55	11	很	6.789503309181256
55	12	受	4.264294786361262
55	13	欢迎	0.7617961898469048
55	14	。	0.589773273100505
56	1	那	9.980844881549901
56	2	个	8.432620200219082
56	3	我	8.03127987943057
56	4	听说	11.746152163666075
56	5	过	2.4614289192616354
56	6	的	0.6575467481623036
56	7	演员	16.56962017574355
56	8	准备	11.956615155559263
56	9	的	5.469616230906425
56	10	表演	11.264781528720079
56	11	很	6.95095541857232
56	12	受	4.247105305065091
56	13	欢迎	0.5337628839385928
56	14	。	1.2543084330439314
57	1	那	9.980844881549901
57	2	间	14.694829441050475
57	3	我	9.091025493569749
57	4	采访	12.719895279344563
57	5	过	3.4869455526447695
57	6	的	1.37081893866673
57	7	警察	11.652692237838004
57	8	工作	14.47474893503145
57	9	的	7.0937167042905855
57	10	办公室	16.41888338751467
57	11	起火	14.451494238078709
57	12	了	3.611910359023341
57	13	。	5.572366364969582
58	1	那	9.980844881549901
58	2	个	8.432620200219082
58	3	我	8.03127987943057
58	4	采访	11.520172872227349
58	5	过	3.3302582732541524
58	6	的	0.8780434477337806
58	7	警察	12.79119738256562
58	8	工作	14.714775726258367
58	9	的	7.451875741141876
58	10	办公室	16.5570707593249
58	11	起火	14.919520744113669
58	12	了	3.201485381888702
58	13	。	5.410964366937947
59	1	那	9.980844881549901
59	2	首	11.536520340052055
59	3	他	11.376165885847158
59	4	培养	15.591347425078347
59	5	的	0.4548345799732658
59	6	孩子	4.9772844004579895
59	7	写	10.87159474951504
59	8	的	2.4902071969747226
59	9	诗	17.444119292373458
59	10	很	8.675890484584741
59	11	有趣	9.88868585697557
59	12	。	1.8994888390351008
60	1	那	9.980844881549901
60	2	个	8.432620200219082
60	3	他	9.991672018537216
60	4	培养	15.487913252426118
60	5	的	0.9142461198922192
60	6	孩子	1.311034680681523
60	7	写	13.19018121915041
60	8	的	1.5624164853506102
60	9	诗	18.976968976456924
60	10	很	7.877369182475192
60	11	有趣	9.36853920083395
60	12	。	2.800674107377958
61	1	那	9.980844881549901
61	2	家	11.233541113620186
61	3	我	9.649966920246158
61	4	依赖	15.988921383466117
61	5	的	1.8478235765134983
61	6	朋友	9.393081143200448
61	7	去	8.971902847331222
61	8	的	9.272027460703342
61	9	银行	8.612019051220088
61	10	帮助	12.804434488413918
61	11	了	3.1077380412265825
61	12	我	1.2471503010044813
61	13	。	5.152636952587713
62	1	那	9.980844881549901
62	2	个	8.432620200219082
62	3	我	8.03127987943057
62	4	依赖	16.314796442273348
62	5	的	1.9206973645878378
62	6	朋友	10.266556328945065
62	7	去	9.02734746650276
62	8	的	8.038344576266155
62	9	银行	13.003163790254519
62	10	帮助	12.40989848448369
62	11	了	2.8713840195128455
62	12	我	1.3423591330002154
62	13	。	4.2168943534755385
