sentence_id	token_id	token	surprisal
1	1	那	9.980844881549901
1	2	位	9.572240251790346
1	3	教授	7.524645316559159
1	4	写	10.185641544046568
1	5	了	0.6385718039329973
1	6	读者	16.360364686167628
1	7	喜欢	13.570368808020504
1	8	的	7.056446178807548
1	9	书	7.4004440201054535
1	10	的	12.36032356177573
1	11	内容	7.975000396343972
1	12	。	8.206703729995255
2	1	那	9.980844881549901
2	2	位	9.572240251790346
2	3	教授	7.524645316559159
2	4	打	12.396357279187093
2	5	了	1.0955145122571324
2	6	读者	18.89375005179734
2	7	喜欢	15.253868077006217
2	8	的	5.017399627573596
2	9	书	9.083814272495943
2	10	的	13.071745127225824
2	11	内容	10.51016769033798
2	12	。	9.78149716518881
3	1	弟弟	18.136679913762546
3	2	启动	18.489807913950916
3	3	了	2.572997658550875
3	4	父亲	11.383159339485282
3	5	买	12.443235787458946
3	6	的	11.970068811533515
3	7	车	6.60702956824737
3	8	。	2.4108424913619615
4	1	弟弟	18.136679913762546
4	2	认识	12.519367259797669
4	3	了	5.857876675232557
4	4	父亲	8.742513923822472
4	5	买	14.422117211523286
4	6	的	9.333893839981258
4	7	车	8.875608795084347
4	8	。	13.601513428780208
5	1	他	4.292381327976734
5	2	拿	16.372416511590654
5	3	了	1.7064684743446925
5	4	桌子	16.97137417192112
5	5	上	10.550087593162154
5	6	的	10.630255689913064
5	7	妈妈	15.194987101593242
5	8	放	13.947047477251033
5	9	的	5.374874951642724
5	10	筷子	20.43615251408518
5	11	。	7.861896689764976
6	1	他	4.292381327976734
6	2	听	13.513341600039265
6	3	了	0.4837850019239802
6	4	桌子	19.373347659604462
6	5	上	11.769227682538471
6	6	的	3.0986758977889153
6	7	妈妈	14.504504297715982
6	8	放	18.433302645313688
6	9	的	9.398066090806594
6	10	筷子	17.94844727061856
6	11	。	9.995935618200193
7	1	她	7.675482656812138
7	2	终于	12.251582151925218
7	3	实现	5.993110926276948
7	4	了	0.04678029675663353
7	5	她	5.02210832662297
7	6	设立	18.141906053284085
7	7	的	0.4065390456744069
7	8	理想	7.754117549538954
7	9	。	1.0553845793297043
8	1	她	7.675482656812138
8	2	终于	12.251582151925218
8	3	购买	14.755522194574617
8	4	了	0.10916007568624764
8	5	她	6.470931710526578
8	6	设立	14.827936801526356
8	7	的	0.05101092542643215
8	8	理想	15.783376361843295
8	9	。	13.781952689805223
9	1	我	7.818437265971117
9	2	修理	16.543712963810176
9	3	了	1.0783984215622873
9	4	这个	6.424787115071922
9	5	父亲	13.83457602432404
9	6	使用	9.408745489285927
9	7	的	0.5827838358065875
9	8	电脑	10.519226658222173
9	9	。	3.9929630524414392
10	1	我	7.818437265971117
10	2	阅读	15.883381561900322
10	3	了	1.6250590198868267
10	4	这个	6.156197004383113
10	5	父亲	12.90301395847927
10	6	使用	14.3204798319845
10	7	的	1.2258032792054507
10	8	电脑	10.915626858924838
10	9	。	3.8988293139495056
11	1	我	7.818437265971117
11	2	邀请	15.565155515305104
11	3	过	5.291332127358526
11	4	母亲	13.389532146994167
11	5	认识	13.143990499230135
11	6	的	10.627620260712789
11	7	我	5.913462734735816
11	8	的	0.9660659970357415
11	9	朋友	7.071121219614099
11	10	。	7.025800923611058
12	1	我	7.818437265971117
12	2	打开	16.3092094502618
12	3	过	10.262071726043729
12	4	母亲	13.15131784476172
12	5	认识	16.819897150941344
12	6	的	8.136543779575902
12	7	我	9.903519971797095
12	8	的	2.8477092484682913
12	9	朋友	7.896022118201657
12	10	。	7.263482414437391
13	1	记者	8.515497955050723
13	2	采访	7.799229524656109
13	3	了	1.0271803752640167
13	4	人民	10.926412625805138
13	5	喜爱	20.45411289497358
13	6	的	4.3638808787794545
13	7	艺术家	12.193146227278795
13	8	。	0.45442745277254915
14	1	记者	8.515497955050723
14	2	制作	17.526279696668087
14	3	了	0.7198288875173304
14	4	人民	14.750173006754935
14	5	喜爱	17.49329789516019
14	6	的	4.458715778431213
14	7	艺术家	14.926544906549545
14	8	。	4.0705975773238805
15	1	他	4.292381327976734
15	2	参与	15.602742482578677
15	3	了	1.1616889004136013
15	4	宗教	15.191967428970933
15	5	引发	19.78407436556811
15	6	的	4.724171215930326
15	7	战争	13.98707063343629
15	8	。	5.00449138712419
16	1	他	4.292381327976734
16	2	建造	18.685149162158158
16	3	了	1.3625958287710844
16	4	宗教	16.5267803143478
16	5	引发	18.00337976525463
16	6	的	3.2589322444025157
16	7	战争	9.413362057367259
16	8	。	7.4534493872440635
17	1	她	7.675482656812138
17	2	批评	11.59306497746868
17	3	了	4.17900532217995
17	4	她	7.014686639446776
17	5	爱	12.246769714876525
17	6	的	3.580676280431547
17	7	儿子	9.038814740689148
17	8	。	1.4537418960531099
18	1	她	7.675482656812138
18	2	改正	22.132681241636334
18	3	了	4.624042053461796
18	4	她	5.4646476106533655
18	5	爱	11.936413131476279
18	6	的	4.164430402943843
18	7	儿子	9.57855343446063
18	8	。	2.364699824481235
19	1	我	7.818437265971117
19	2	结束	17.42944704748812
19	3	了	0.3930370719477878
19	4	我	4.838671231204103
19	5	正在	9.656401321216272
19	6	进行	3.271060138323378
19	7	的	0.05048076153199332
19	8	谈话	11.488746528351761
19	9	。	4.112189050099445
20	1	我	7.818437265971117
20	2	表扬	20.21897323907446
20	3	了	2.8729999268871182
20	4	我	3.176733368015931
20	5	正在	10.753308437979626
20	6	进行	5.298459643050542
20	7	的	0.14915841638022442
20	8	谈话	11.917279972735507
20	9	。	3.978463521595856
21	1	他	4.292381327976734
21	2	买	14.277515337025395
21	3	了	0.4852264220383411
21	4	这些	10.469701931862986
21	5	我	12.172811087797228
21	6	喜欢	3.893752337855318
21	7	的	0.535522438032622
21	8	笔	14.789189395418894
21	9	。	2.793476132436247
22	1	他	4.292381327976734
22	2	种	17.231287736844088
22	3	了	1.5674851754461976
22	4	这些	7.261690911501265
22	5	我	10.966137908766356
22	6	喜欢	4.170925940969234
22	7	的	0.4675025086175566
22	8	笔	14.656366218737091
22	9	。	4.92773867807972
23	1	他	4.292381327976734
23	2	提出	9.051373763670233
23	3	了	5.002497997059992
23	4	很多	10.385364120314673
23	5	他	10.038090077622112
23	6	不	6.9648357380855686
23	7	理解	7.1951841233381515
23	8	的	0.057351889183912874
23	9	问题	4.159717334394216
23	10	。	8.673118043650419
24	1	他	4.292381327976734
24	2	申请	19.24207605711033
24	3	了	5.891841384211052
24	4	很多	11.479697287698503
24	5	他	9.68114635678674
24	6	不	7.583249620989072
24	7	理解	9.97515182220792
24	8	的	0.11231928866595808
24	9	问题	9.707140436083748
24	10	。	7.734717383067874
25	1	这	6.33362616068376
25	2	款	15.030866548075135
25	3	药	12.890344499988743
25	4	治疗	10.873241318574578
25	5	了	3.01505897031457
25	6	医生	11.827958817119224
25	7	诊断	11.33631481009364
25	8	的	1.741119076777494
25	9	他	14.172559635534768
25	10	的	10.685152964673776
25	11	疾病	7.058779937059725
25	12	。	3.9408457728792143
26	1	这	6.33362616068376
26	2	款	15.030866548075135
26	3	药	12.890344499988743
26	4	缓解	16.164521947597436
26	5	了	0.12078477370030072
26	6	医生	11.763766344292605
26	7	诊断	14.154628131367957
26	8	的	2.106388270923901
26	9	他	16.05761627894205
26	10	的	10.809561669381026
26	11	疾病	8.719502256689225
26	12	。	3.9849175679816398
27	1	我	7.818437265971117
27	2	看	7.831983154739121
27	3	着	4.452276189090847
27	4	我	4.372465463453494
27	5	想念	16.66851548821409
27	6	的	16.67383464293733
27	7	奶奶	13.264274285520642
27	8	的	14.633717130656478
27	9	面容	23.015463105837767
27	10	。	2.151930282962155
28	1	我	7.818437265971117
28	2	听	9.648138505413108
28	3	着	6.091175511136893
28	4	我	4.71848454247796
28	5	想念	16.975839647556242
28	6	的	9.113394914301779
28	7	奶奶	13.384598800737507
28	8	的	7.453030671459558
28	9	面容	17.615138858775026
28	10	。	9.036585681955003
29	1	学者	15.684120336380907
29	2	发现	8.278954523574793
29	3	了	6.575195246638124
29	4	这个	8.453289457051323
29	5	古人	16.03177203747829
29	6	留下	7.499594472946917
29	7	的	0.015304757802248048
29	8	规律	14.17094565171417
29	9	。	4.205046997139135
30	1	学者	15.684120336380907
30	2	发明	13.846504747301054
30	3	了	3.6297280066792297
30	4	这个	9.839186463456748
30	5	古人	17.0802808642934
30	6	留下	11.21873365086175
30	7	的	0.08442595517396967
30	8	规律	12.658149150340606
30	9	。	0.44899261692830805
31	1	母亲	15.371118715020335
31	2	准备	11.63125182029543
31	3	了	4.734250777982833
31	4	儿子	11.581669135861489
31	5	喜欢	13.112087519485158
31	6	的	13.192175256411787
31	7	晚饭	16.134443167977963
31	8	。	6.045920722677735
32	1	母亲	15.371118715020335
32	2	责备	18.760744047739834
32	3	了	10.376213053206634
32	4	儿子	6.717651658742824
32	5	喜欢	15.171012143183134
32	6	的	9.328894376194313
32	7	晚饭	15.988990925046863
32	8	。	1.8480341652370242
33	1	孩子	15.896756626253854
33	2	培养	12.8332326213114
33	3	了	2.090947338434333
33	4	这个	11.53360788464163
33	5	母亲	10.32200411489795
33	6	欣赏	21.014199167663037
33	7	的	5.766647316720267
33	8	特长	8.838079654077674
33	9	。	0.3575891100083055
34	1	孩子	15.896756626253854
34	2	改正	20.25233951139778
34	3	了	3.3098007575234547
34	4	这个	8.633769817130762
34	5	母亲	12.214598682519025
34	6	欣赏	18.185739480279658
34	7	的	0.9712116341852237
34	8	特长	15.057034991220377
34	9	。	2.6296329736839823
35	1	政府	11.557713067034072
35	2	设立	12.4185702171688
35	3	了	1.892835954153437
35	4	媒体	16.230700934159355
35	5	提倡	14.068682478469746
35	6	的	1.5439028465784475
35	7	项目	11.323419892053174
35	8	。	11.509450955764692
36	1	政府	11.557713067034072
36	2	引发	20.060143659716175
36	3	了	1.990237029440955
36	4	媒体	10.0690975964526
36	5	提倡	14.555829095958295
36	6	的	5.002299011224785
36	7	项目	15.125572311628403
36	8	。	5.216662965355411
37	1	我	7.818437265971117
37	2	回忆	12.487280934964122
37	3	了	2.158586036160429
37	4	同学	16.600000817380632
37	5	提到	13.354341971856257
37	6	的	3.626708401571342
37	7	之前	16.087916221493543
37	8	的	11.716947027179913
37	9	经历	9.597915836549006
37	10	。	0.40316553745870465
38	1	我	7.818437265971117
38	2	帮助	15.316011629181435
38	3	了	5.6899453608369335
38	4	同学	12.902422800848587
38	5	提到	16.06191592506724
38	6	的	13.01065760697304
38	7	之前	15.634347220624761
38	8	的	12.707085363504092
38	9	经历	17.14350057267424
38	10	。	5.210762597394194
39	1	花园	17.45734014103089
39	2	长满	19.427936558345742
39	3	了	7.2581471723307445
39	4	爷爷	17.509864262622834
39	5	种	12.562589906192585
39	6	的	1.988396549834249
39	7	草	12.872694736876383
39	8	。	1.771185534986543
40	1	花园	17.45734014103089
40	2	吸引	13.49550191870376
40	3	了	2.357222647544809
40	4	爷爷	19.85937505708869
40	5	种	11.027027696170876
40	6	的	6.925915402532013
40	7	草	15.332580176435371
40	8	。	3.0900926360218506
41	1	雨水	17.994232257785708
41	2	清洗	18.546121888244105
41	3	了	2.489359692394757
41	4	父亲	15.19580324940113
41	5	建造	16.012041940300513
41	6	的	0.7119677101439805
41	7	大楼	16.131860460758247
41	8	。	0.881805613241454
42	1	雨水	17.994232257785708
42	2	灌溉	13.147874952244006
42	3	了	3.5960986750795314
42	4	父亲	15.831986349854425
42	5	建造	15.228640627147996
42	6	的	0.1284432694994564
42	7	大楼	17.292887160298704
42	8	。	0.8337265329673755
43	1	我	7.818437265971117
43	2	听从	19.207898270626615
43	3	了	3.6363632630565093
43	4	母亲	9.942209996890202
43	5	认同	22.66060160318129
43	6	的	1.3709144368352142
43	7	老师	14.55399408933178
43	8	的	17.287143836674502
43	9	建议	11.256579356633779
43	10	。	1.7092040483572077
44	1	我	7.818437265971117
44	2	安装	16.540246749721632
44	3	了	0.32371060669295915
44	4	母亲	17.803035377192487
44	5	认同	18.78065927066377
44	6	的	2.6692927336292342
44	7	老师	13.229843738915505
44	8	的	7.286607373276723
44	9	建议	12.732679669234955
44	10	。	1.2014720514585804
45	1	警官	20.065586542116232
45	2	疏散	17.948873729638382
45	3	了	4.781493236979657
45	4	他	7.069142839365362
45	5	看到	14.543633314962229
45	6	的	0.2151986516362001
45	7	人群	9.37484573482844
45	8	。	15.487475760746236
46	1	警官	20.065586542116232
46	2	解除	17.49510366953667
46	3	了	2.5091882577639666
46	4	他	6.909869384554831
46	5	看到	16.415104616464184
46	6	的	5.389092143471309
46	7	人群	14.509045914198381
46	8	。	0.578487052051031
47	1	他	4.292381327976734
47	2	卖	17.73630608255646
47	3	过	7.794990352568355
47	4	一些	6.923049054472841
47	5	奶奶	14.356376669676294
47	6	买	11.074119453976834
47	7	了	2.904006538271396
47	8	的	5.886288141751166
47	9	化肥	11.523731157425601
47	10	。	1.4628845667925248
48	1	他	4.292381327976734
48	2	摘	22.31032447420788
48	3	过	5.60361074961488
48	4	一些	7.56704051971294
48	5	奶奶	17.33994485500265
48	6	买	10.952745854351186
48	7	了	1.1717491770144335
48	8	的	13.950518299349781
48	9	化肥	9.895004327846635
48	10	。	2.1035679054778313
49	1	她	7.675482656812138
49	2	戴	15.062799893645307
49	3	过	8.340077301855867
49	4	我	10.314169192473315
49	5	买	12.349553082744848
49	6	的	0.8177760741637243
49	7	耳机	18.50594657700777
49	8	。	3.375461871541461
50	1	她	7.675482656812138
50	2	穿	16.3108698562499
50	3	过	8.50931881125258
50	4	我	10.046926458439998
50	5	买	9.972155622331279
50	6	的	0.45625035573011274
50	7	耳机	20.507156851834715
50	8	。	3.854342361328108
51	1	他	4.292381327976734
51	2	在	4.788641701370567
51	3	学校	12.6152266202867
51	4	里	4.937203655820092
51	5	吃	12.994527678418127
51	6	过	5.745929048451579
51	7	厨师	17.261105194566
51	8	做	10.511924569627176
51	9	的	8.317603992112723
51	10	饭	11.903246056023377
51	11	。	0.6362668989487616
52	1	他	4.292381327976734
52	2	在	4.788641701370567
52	3	学校	12.6152266202867
52	4	里	4.937203655820092
52	5	讲	6.9601715920831175
52	6	过	4.84187068100924
52	7	厨师	18.523777829550873
52	8	做	7.190729530531478
52	9	的	5.7837594372670935
52	10	饭	16.032315210289724
52	11	。	2.516800898390585
53	1	他	4.292381327976734
53	2	见	14.811332999475667
53	3	过	4.059367330090499
53	4	我	9.33097902762923
53	5	认识	10.762723673176147
53	6	的	2.3777176658271912
53	7	店长	21.06403296935344
53	8	。	11.621138245619889
54	1	他	4.292381327976734
54	2	去	15.108886767876125
54	3	过	6.28513916949256
54	4	我	8.765289503459275
54	5	认识	7.953932583907658
54	6	的	1.6244521237070586
54	7	店长	21.64915735626009
54	8	。	7.145881884153027
55	1	我	7.818437265971117
55	2	听	9.648138505413108
55	3	过	1.3962438930452592
55	4	这些	7.614700544182341
55	5	孩子	7.7417022919908725
55	6	制造	16.94240346187229
55	7	的	7.2152078651002185
55	8	声音	15.992954515486296
55	9	。	4.493434266641117
56	1	我	7.818437265971117
56	2	见	11.330591623574865
56	3	过	0.7295565596391818
56	4	这些	7.492103748137474
56	5	孩子	8.101711934200356
56	6	制造	17.56941920121622
56	7	的	7.805674313745158
56	8	声音	17.17527959063984
56	9	。	4.387431532643987
57	1	爷爷	18.418198721276852
57	2	安装	17.401181545652072
57	3	过	10.764103418706988
57	4	他	7.104353217821718
57	5	设计	6.605264725294063
57	6	的	0.1339673833304431
57	7	机器	11.361417402982944
57	8	。	2.0309576029519434
58	1	爷爷	18.418198721276852
58	2	种植	16.22771104275826
58	3	过	8.662496948983225
58	4	他	7.167887760624488
58	5	设计	13.322653914890985
58	6	的	0.16988915054550802
58	7	机器	15.915339608358451
58	8	。	3.440152127467698
59	1	她	7.675482656812138
59	2	说	1.669965450179463
59	3	过	12.859270851157895
59	4	这	7.23342667364523
59	5	些	12.663606790669036
59	6	我	11.780086937262169
59	7	听	11.581689617428083
59	8	过	2.2855705503763915
59	9	的	0.7507726296418866
59	10	话	2.1791669392944613
59	11	。	4.054895939536195
60	1	她	7.675482656812138
60	2	吃	15.39571752847401
60	3	过	4.448983832530665
60	4	这	8.77854365665912
60	5	些	10.503043448334303
60	6	我	13.01840411884399
60	7	听	10.361190059914435
60	8	过	3.3845866311560684
60	9	的	0.30525776924426395
60	10	话	7.656159710520328
60	11	。	9.909684375746608
61	1	母亲	15.371118715020335
61	2	买	11.086992539646536
61	3	了	1.269226595234592
61	4	她	7.941091584893119
61	5	用	10.981066484304336
61	6	过	4.5222378698884
61	7	的	0.10974958141989077
61	8	纸	13.087156846155516
61	9	。	3.7828141010737397
62	1	母亲	15.371118715020335
62	2	喝	14.297898329325582
62	3	了	2.1422910291066337
62	4	她	9.423717106425983
62	5	用	12.26108414066303
62	6	过	4.426578144884687
62	7	的	0.2307139241681142
62	8	纸	14.993090717399014
62	9	。	3.0679099399846166
