sentence_id	token_id	token	surprisal
1	1	我	7.81789711492256
1	2	很	6.702009427459788
1	3	喜欢	5.384079588573897
1	4	一	5.739362538793248
1	5	位	5.182997508272887
1	6	国内	11.358655061635137
1	7	的	0.1592470836183466
1	8	明星	10.47941198995371
1	9	。	3.915201441720164
2	1	我	7.81789711492256
2	2	很	6.702009427459788
2	3	喜欢	5.384079588573897
2	4	一	5.739362538793248
2	5	首	9.63464010622728
2	6	国内	14.871061363106179
2	7	的	0.43370026827317076
2	8	明星	10.330144378105942
2	9	。	4.176227719681371
3	1	我	7.81789711492256
3	2	很	6.702009427459788
3	3	喜欢	5.384079588573897
3	4	一	5.739362538793248
3	5	首	9.63464010622728
3	6	国内	14.871061363106179
3	7	的	0.43370026827317076
3	8	歌曲	3.9387069209814385
3	9	。	2.6785463064685686
4	1	我	7.81789711492256
4	2	很	6.702009427459788
4	3	喜欢	5.384079588573897
4	4	一	5.739362538793248
4	5	位	5.182997508272887
4	6	国内	11.358655061635137
4	7	的	0.1592470836183466
4	8	歌曲	11.878330108078103
4	9	。	3.542016560647454
5	1	她	7.165315795832697
5	2	开车	18.801629447700385
5	3	去	5.2713669209887115
5	4	了	5.321356226143749
5	5	一	3.387773448545488
5	6	家	3.7268747160095472
5	7	郊外	14.961896700070277
5	8	的	1.932826409223999
5	9	店	8.005164829532497
5	10	。	3.4337386710576254
6	1	她	7.165315795832697
6	2	开车	18.801629447700385
6	3	去	5.2713669209887115
6	4	了	5.321356226143749
6	5	一	3.387773448545488
6	6	座	6.999507582958529
6	7	郊外	15.183011545931741
6	8	的	2.7684718795032524
6	9	店	11.41624072946712
6	10	。	3.125069533803128
7	1	她	7.165315795832697
7	2	开车	18.801629447700385
7	3	去	5.2713669209887115
7	4	了	5.321356226143749
7	5	一	3.387773448545488
7	6	座	6.999507582958529
7	7	郊外	15.183011545931741
7	8	的	2.7684718795032524
7	9	山	8.868704760067175
7	10	。	3.439351518678592
8	1	她	7.165315795832697
8	2	开车	18.801629447700385
8	3	去	5.2713669209887115
8	4	了	5.321356226143749
8	5	一	3.387773448545488
8	6	家	3.7268747160095472
8	7	郊外	14.961896700070277
8	8	的	1.932826409223999
8	9	山	12.155257124735435
8	10	。	4.623732637723464
9	1	他	4.617249994410214
9	2	有	12.43497048935645
9	3	一	2.4258522909258637
9	4	双	9.64185864128698
9	5	蓝色	11.956207506813321
9	6	的	0.07567071055748187
9	7	手套	16.270094917329786
9	8	。	6.471657184513695
10	1	他	4.617249994410214
10	2	有	12.43497048935645
10	3	一	2.4258522909258637
10	4	枚	11.096277987728417
10	5	蓝色	12.764628149820258
10	6	的	0.18415312674923
10	7	手套	16.109808618274805
10	8	。	11.673195989947104
11	1	他	4.617249994410214
11	2	有	12.43497048935645
11	3	一	2.4258522909258637
11	4	枚	11.096277987728417
11	5	蓝色	12.764628149820258
11	6	的	0.18415312674923
11	7	纽扣	17.396786479708105
11	8	。	11.830138777575144
12	1	他	4.617249994410214
12	2	有	12.43497048935645
12	3	一	2.4258522909258637
12	4	双	9.64185864128698
12	5	蓝色	11.956207506813321
12	6	的	0.07567071055748187
12	7	纽扣	18.156427746684138
12	8	。	6.481392665252294
13	1	店长	21.45187127830041
13	2	拿	14.635475051837396
13	3	着	0.46712865683364413
13	4	一	3.029689054454451
13	5	只	3.8989399594816305
13	6	便宜	11.644250532178056
13	7	的	0.34565799915218065
13	8	兔子	14.09777485006466
13	9	。	12.310320239313171
14	1	店长	21.45187127830041
14	2	拿	14.635475051837396
14	3	着	0.46712865683364413
14	4	一	3.029689054454451
14	5	根	6.670293870117554
14	6	便宜	11.508978210286735
14	7	的	0.20296415681007574
14	8	兔子	15.280742674137542
14	9	。	12.80232206420493
15	1	店长	21.45187127830041
15	2	拿	14.635475051837396
15	3	着	0.46712865683364413
15	4	一	3.029689054454451
15	5	根	6.670293870117554
15	6	便宜	11.508978210286735
15	7	的	0.20296415681007574
15	8	萝卜	12.884233431298412
15	9	。	13.030891238944534
16	1	店长	21.45187127830041
16	2	拿	14.635475051837396
16	3	着	0.46712865683364413
16	4	一	3.029689054454451
16	5	只	3.8989399594816305
16	6	便宜	11.644250532178056
16	7	的	0.34565799915218065
16	8	萝卜	11.963512268666626
16	9	。	12.333090267735002
17	1	他	4.617249994410214
17	2	认识	15.33899410119738
17	3	了	4.818952937829728
17	4	一	6.177538782559381
17	5	名	7.2210705703859475
17	6	幸运	12.660041867871342
17	7	的	0.04833906637551166
17	8	男孩	11.056076867038755
17	9	。	6.424215428324068
18	1	他	4.617249994410214
18	2	认识	15.33899410119738
18	3	了	4.818952937829728
18	4	一	6.177538782559381
18	5	本	7.470942860811512
18	6	幸运	13.905958706874472
18	7	的	0.018012870496811217
18	8	男孩	14.268010811121442
18	9	。	6.981200481953351
19	1	他	4.617249994410214
19	2	认识	15.33899410119738
19	3	了	4.818952937829728
19	4	一	6.177538782559381
19	5	本	7.470942860811512
19	6	幸运	13.905958706874472
19	7	的	0.018012870496811217
19	8	小说	8.99329202618729
19	9	。	6.714722656460054
20	1	他	4.617249994410214
20	2	认识	15.33899410119738
20	3	了	4.818952937829728
20	4	一	6.177538782559381
20	5	名	7.2210705703859475
20	6	幸运	12.660041867871342
20	7	的	0.04833906637551166
20	8	小说	15.092967721112878
20	9	。	5.342083310985885
21	1	男人	17.8553369490733
21	2	在	4.260779764531396
21	3	扫描	17.930642944202994
21	4	一	5.679409386145714
21	5	篇	9.409086871212175
21	6	很	9.58870102386178
21	7	短	9.62453108262325
21	8	的	0.005195436599521486
21	9	文章	1.893669485873815
21	10	。	3.630013505323646
22	1	男人	17.8553369490733
22	2	在	4.260779764531396
22	3	扫描	17.930642944202994
22	4	一	5.679409386145714
22	5	张	4.2204475632133125
22	6	很	9.168968027499986
22	7	短	8.916304188570692
22	8	的	0.024218176969171168
22	9	文章	9.712787705854723
22	10	。	3.4211049607073107
23	1	男人	17.8553369490733
23	2	在	4.260779764531396
23	3	扫描	17.930642944202994
23	4	一	5.679409386145714
23	5	张	4.2204475632133125
23	6	很	9.168968027499986
23	7	短	8.916304188570692
23	8	的	0.024218176969171168
23	9	图片	8.525613488819417
23	10	。	3.0989870630832
24	1	男人	17.8553369490733
24	2	在	4.260779764531396
24	3	扫描	17.930642944202994
24	4	一	5.679409386145714
24	5	篇	9.409086871212175
24	6	很	9.58870102386178
24	7	短	9.62453108262325
24	8	的	0.005195436599521486
24	9	图片	10.03107012670013
24	10	。	3.486983639328045
25	1	演员	16.241814105094452
25	2	在	4.13627750008272
25	3	看	10.163516911581873
25	4	一	8.410013137017526
25	5	张	5.672004429586153
25	6	干净	19.419810914379354
25	7	的	0.4218697483170075
25	8	旧	9.5149088750414
25	9	照片	5.469581891040704
25	10	。	18.111118634214606
26	1	演员	16.241814105094452
26	2	在	4.13627750008272
26	3	看	10.163516911581873
26	4	一	8.410013137017526
26	5	位	3.4736008314095557
26	6	干净	19.663441547621886
26	7	的	1.3646201037799273
26	8	旧	14.47381528288976
26	9	照片	11.439332742698738
26	10	。	18.663987100743512
27	1	演员	16.241814105094452
27	2	在	4.13627750008272
27	3	看	10.163516911581873
27	4	一	8.410013137017526
27	5	位	3.4736008314095557
27	6	干净	19.663441547621886
27	7	的	1.3646201037799273
27	8	老师	7.626295578306696
27	9	。	16.776237457962395
28	1	演员	16.241814105094452
28	2	在	4.13627750008272
28	3	看	10.163516911581873
28	4	一	8.410013137017526
28	5	张	5.672004429586153
28	6	干净	19.419810914379354
28	7	的	0.4218697483170075
28	8	老师	12.371931498449328
28	9	。	19.132060643565026
29	1	他	4.617249994410214
29	2	在	5.261581379381969
29	3	修理	17.821125772730113
29	4	一	7.530799554997596
29	5	辆	3.771940398993628
29	6	倒霉	18.571664703720593
29	7	的	0.731379126044402
29	8	汽车	2.490405313039318
29	9	。	19.260257310256677
30	1	他	4.617249994410214
30	2	在	5.261581379381969
30	3	修理	17.821125772730113
30	4	一	7.530799554997596
30	5	套	6.60703072806966
30	6	倒霉	18.837048344868435
30	7	的	1.5740192930606014
30	8	汽车	7.095013075785161
30	9	。	19.211532828612036
31	1	他	4.617249994410214
31	2	在	5.261581379381969
31	3	修理	17.821125772730113
31	4	一	7.530799554997596
31	5	套	6.60703072806966
31	6	倒霉	18.837048344868435
31	7	的	1.5740192930606014
31	8	系统	7.857690843468376
31	9	。	20.394960640814958
32	1	他	4.617249994410214
32	2	在	5.261581379381969
32	3	修理	17.821125772730113
32	4	一	7.530799554997596
32	5	辆	3.771940398993628
32	6	倒霉	18.571664703720593
32	7	的	0.731379126044402
32	8	系统	15.156864439332821
32	9	。	18.13728878732995
33	1	学生	14.32697340109109
33	2	们	19.919332603612773
33	3	在	6.16991959410106
33	4	写	11.460992869615744
33	5	一	2.9579049257951127
33	6	部	6.29859641432045
33	7	精彩	8.352016164005207
33	8	的	0.207201339189524
33	9	电影	3.2089635392507603
33	10	。	7.3411653783165605
34	1	学生	14.32697340109109
34	2	们	19.919332603612773
34	3	在	6.16991959410106
34	4	写	11.460992869615744
34	5	一	2.9579049257951127
34	6	首	3.772023718364835
34	7	精彩	6.007496875461861
34	8	的	0.11349647498072102
34	9	电影	7.919452767926643
34	10	。	7.019282271171264
35	1	学生	14.32697340109109
35	2	们	19.919332603612773
35	3	在	6.16991959410106
35	4	写	11.460992869615744
35	5	一	2.9579049257951127
35	6	首	3.772023718364835
35	7	精彩	6.007496875461861
35	8	的	0.11349647498072102
35	9	戏曲	13.216932077186897
35	10	。	8.838727119458198
36	1	学生	14.32697340109109
36	2	们	19.919332603612773
36	3	在	6.16991959410106
36	4	写	11.460992869615744
36	5	一	2.9579049257951127
36	6	部	6.29859641432045
36	7	精彩	8.352016164005207
36	8	的	0.207201339189524
36	9	戏曲	12.15352010991495
36	10	。	10.04399965763497
37	1	我们	8.317259463882605
37	2	在	5.395715383329296
37	3	看	8.902159672911337
37	4	一	4.345612359409156
37	5	场	2.5686367520249824
37	6	神奇	13.096091488270556
37	7	的	0.08489157885327359
37	8	他	11.821725000419065
37	9	的	3.2728955647354354
37	10	表演	6.476280024618198
37	11	。	3.8982429299369983
38	1	我们	8.317259463882605
38	2	在	5.395715383329296
38	3	看	8.902159672911337
38	4	一	4.345612359409156
38	5	块	11.052716941615088
38	6	神奇	11.641411831800724
38	7	的	0.09626583582087278
38	8	他	12.950686507387672
38	9	的	3.9185873551644193
38	10	表演	14.624772338913601
38	11	。	3.5969681233465423
39	1	我们	8.317259463882605
39	2	在	5.395715383329296
39	3	看	8.902159672911337
39	4	一	4.345612359409156
39	5	块	11.052716941615088
39	6	神奇	11.641411831800724
39	7	的	0.09626583582087278
39	8	他	12.950686507387672
39	9	的	3.9185873551644193
39	10	场地	13.907720794486394
39	11	。	3.0590323936217345
40	1	我们	8.317259463882605
40	2	在	5.395715383329296
40	3	看	8.902159672911337
40	4	一	4.345612359409156
40	5	场	2.5686367520249824
40	6	神奇	13.096091488270556
40	7	的	0.08489157885327359
40	8	他	11.821725000419065
40	9	的	3.2728955647354354
40	10	场地	15.531683181674829
40	11	。	5.083421128170073
41	1	他	4.617249994410214
41	2	最	12.409270047333715
41	3	喜欢	3.40345544683845
41	4	一	11.404111861527298
41	5	道	9.73466497388781
41	6	美味	17.54397266113915
41	7	的	2.131580290552776
41	8	菜	11.170154155603427
41	9	。	5.709402490753249
42	1	他	4.617249994410214
42	2	最	12.409270047333715
42	3	喜欢	3.40345544683845
42	4	一	11.404111861527298
42	5	瓶	12.234569606925902
42	6	美味	16.491124621795763
42	7	的	2.6846949438556607
42	8	菜	10.898834168048786
42	9	。	3.6790944211904133
43	1	他	4.617249994410214
43	2	最	12.409270047333715
43	3	喜欢	3.40345544683845
43	4	一	11.404111861527298
43	5	瓶	12.234569606925902
43	6	美味	16.491124621795763
43	7	的	2.6846949438556607
43	8	醋	16.603789427192858
43	9	。	5.341562214800021
44	1	他	4.617249994410214
44	2	最	12.409270047333715
44	3	喜欢	3.40345544683845
44	4	一	11.404111861527298
44	5	道	9.73466497388781
44	6	美味	17.54397266113915
44	7	的	2.131580290552776
44	8	醋	17.168241513199916
44	9	。	6.222407882270616
45	1	她	7.165315795832697
45	2	拿	14.8397737537186
45	3	了	2.045709709411497
45	4	一	2.369556172581305
45	5	份	5.9096761070631025
45	6	今天	13.118487384564027
45	7	的	1.2451527816062367
45	8	饭	14.470804499504297
45	9	。	3.737482614303282
46	1	她	7.165315795832697
46	2	拿	14.8397737537186
46	3	了	2.045709709411497
46	4	一	2.369556172581305
46	5	卷	14.648145393457742
46	6	今天	13.166010466129762
46	7	的	0.33419114695423957
46	8	饭	15.74894772093851
46	9	。	5.104325851071991
47	1	她	7.165315795832697
47	2	拿	14.8397737537186
47	3	了	2.045709709411497
47	4	一	2.369556172581305
47	5	卷	14.648145393457742
47	6	今天	13.166010466129762
47	7	的	0.33419114695423957
47	8	纸	13.943638713873433
47	9	。	6.079531004458474
48	1	她	7.165315795832697
48	2	拿	14.8397737537186
48	3	了	2.045709709411497
48	4	一	2.369556172581305
48	5	份	5.9096761070631025
48	6	今天	13.118487384564027
48	7	的	1.2451527816062367
48	8	纸	14.24100005713656
48	9	。	4.3906196098051495
49	1	学生	14.32697340109109
49	2	们	19.919332603612773
49	3	在	6.16991959410106
49	4	写	11.460992869615744
49	5	一	2.9579049257951127
49	6	部	6.29859641432045
49	7	复杂	13.155630272790091
49	8	的	0.36722293259299477
49	9	戏剧	9.86311124559684
49	10	。	9.656943920165261
50	1	学生	14.32697340109109
50	2	们	19.919332603612773
50	3	在	6.16991959410106
50	4	写	11.460992869615744
50	5	一	2.9579049257951127
50	6	篇	3.185751324038222
50	7	复杂	14.2456651536041
50	8	的	0.3594769143613803
50	9	戏剧	13.339245398018747
50	10	。	10.253641261975687
51	1	学生	14.32697340109109
51	2	们	19.919332603612773
51	3	在	6.16991959410106
51	4	写	11.460992869615744
51	5	一	2.9579049257951127
51	6	篇	3.185751324038222
51	7	复杂	14.2456651536041
51	8	的	0.3594769143613803
51	9	文章	1.5344578420510402
51	10	。	7.26108370922681
52	1	学生	14.32697340109109
52	2	们	19.919332603612773
52	3	在	6.16991959410106
52	4	写	11.460992869615744
52	5	一	2.9579049257951127
52	6	部	6.29859641432045
52	7	复杂	13.155630272790091
52	8	的	0.36722293259299477
52	9	文章	6.541849875811607
52	10	。	6.962446787422678
53	1	这	5.988914458024086
53	2	是	4.852217714318899
53	3	一	2.9426999740163193
53	4	架	13.562940820303739
53	5	红色	10.837113648288874
53	6	的	0.11837623233413552
53	7	火车	8.387303481770772
53	8	。	2.7334514610713896
54	1	这	5.988914458024086
54	2	是	4.852217714318899
54	3	一	2.9426999740163193
54	4	扇	19.715437866269212
54	5	红色	8.837942948679448
54	6	的	0.42089810012329565
54	7	火车	16.436174936842697
54	8	。	2.9480349138371267
55	1	这	5.988914458024086
55	2	是	4.852217714318899
55	3	一	2.9426999740163193
55	4	扇	19.715437866269212
55	5	红色	8.837942948679448
55	6	的	0.42089810012329565
55	7	窗户	11.728675082532575
55	8	。	3.1229931357429734
56	1	这	5.988914458024086
56	2	是	4.852217714318899
56	3	一	2.9426999740163193
56	4	架	13.562940820303739
56	5	红色	10.837113648288874
56	6	的	0.11837623233413552
56	7	窗户	14.03025908421823
56	8	。	3.44848739133446
57	1	老师	15.262311499339566
57	2	在	5.650473131299519
57	3	责备	18.329099736758263
57	4	三	12.513398785334424
57	5	名	4.83724534669507
57	6	淘气	20.03245610255582
57	7	的	3.812915701778536
57	8	学生	3.530857297616464
57	9	。	3.684120542366415
58	1	老师	15.262311499339566
58	2	在	5.650473131299519
58	3	责备	18.329099736758263
58	4	三	12.513398785334424
58	5	只	6.148350508578297
58	6	淘气	17.450451592858016
58	7	的	6.224985850557687
58	8	学生	14.863491944424695
58	9	。	4.609460125313404
59	1	老师	15.262311499339566
59	2	在	5.650473131299519
59	3	责备	18.329099736758263
59	4	三	12.513398785334424
59	5	只	6.148350508578297
59	6	淘气	17.450451592858016
59	7	的	6.224985850557687
59	8	宠物	15.123956617426629
59	9	。	3.257767714774644
60	1	老师	15.262311499339566
60	2	在	5.650473131299519
60	3	责备	18.329099736758263
60	4	三	12.513398785334424
60	5	名	4.83724534669507
60	6	淘气	20.03245610255582
60	7	的	3.812915701778536
60	8	宠物	19.344608361360528
60	9	。	3.922750134226618
61	1	她	7.165315795832697
61	2	买	13.151885793403984
61	3	过	6.431624631748541
61	4	两	4.830375087889628
61	5	杯	8.320306672012187
61	6	热	15.48093535355428
61	7	的	4.473499943380645
61	8	咖啡	6.746498377214458
61	9	。	3.664789768670431
62	1	她	7.165315795832697
62	2	买	13.151885793403984
62	3	过	6.431624631748541
62	4	两	4.830375087889628
62	5	个	4.580439820737155
62	6	热	19.01341025212718
62	7	的	2.4375811532623644
62	8	咖啡	10.471013759903165
62	9	。	3.6449403890160426
63	1	她	7.165315795832697
63	2	买	13.151885793403984
63	3	过	6.431624631748541
63	4	两	4.830375087889628
63	5	个	4.580439820737155
63	6	热	19.01341025212718
63	7	的	2.4375811532623644
63	8	杯子	16.20498279230751
63	9	。	2.432360084849691
64	1	她	7.165315795832697
64	2	买	13.151885793403984
64	3	过	6.431624631748541
64	4	两	4.830375087889628
64	5	杯	8.320306672012187
64	6	热	15.48093535355428
64	7	的	4.473499943380645
64	8	杯子	16.46771870232572
64	9	。	2.585772305877981
65	1	孩子	15.292708920702747
65	2	在	5.082825320370652
65	3	卖	12.981791760009802
65	4	五	14.504859126551615
65	5	台	7.627621039155748
65	6	贵	16.0306092038903
65	7	的	1.2963208152508514
65	8	桌子	13.13529992791544
65	9	。	1.6686106388613098
66	1	孩子	15.292708920702747
66	2	在	5.082825320370652
66	3	卖	12.981791760009802
66	4	五	14.504859126551615
66	5	块	8.876135756281137
66	6	贵	13.404607798221313
66	7	的	1.1319242646880667
66	8	桌子	12.900606981503245
66	9	。	1.5842830796446066
67	1	孩子	15.292708920702747
67	2	在	5.082825320370652
67	3	卖	12.981791760009802
67	4	五	14.504859126551615
67	5	块	8.876135756281137
67	6	贵	13.404607798221313
67	7	的	1.1319242646880667
67	8	蛋糕	13.924991961085254
67	9	。	1.9892530447646237
68	1	孩子	15.292708920702747
68	2	在	5.082825320370652
68	3	卖	12.981791760009802
68	4	五	14.504859126551615
68	5	台	7.627621039155748
68	6	贵	16.0306092038903
68	7	的	1.2963208152508514
68	8	蛋糕	14.15282496255388
68	9	。	2.0801753270705348
69	1	妈妈	15.64456968996627
69	2	在	5.795205784091676
69	3	做	8.332873129138694
69	4	一	3.8263165661461223
69	5	张	8.363498715354709
69	6	好看	14.568363762712288
69	7	的	0.24989653474926143
69	8	地图	12.416912004237588
69	9	。	1.5986334869835872
70	1	妈妈	15.64456968996627
70	2	在	5.795205784091676
70	3	做	8.332873129138694
70	4	一	3.8263165661461223
70	5	面	11.563537431712163
70	6	好看	15.709037517801313
70	7	的	0.34825969686279734
70	8	地图	13.694719168837217
70	9	。	1.5172312211983723
71	1	妈妈	15.64456968996627
71	2	在	5.795205784091676
71	3	做	8.332873129138694
71	4	一	3.8263165661461223
71	5	面	11.563537431712163
71	6	好看	15.709037517801313
71	7	的	0.34825969686279734
71	8	镜子	16.858075338269323
71	9	。	1.5506078407301942
72	1	妈妈	15.64456968996627
72	2	在	5.795205784091676
72	3	做	8.332873129138694
72	4	一	3.8263165661461223
72	5	张	8.363498715354709
72	6	好看	14.568363762712288
72	7	的	0.24989653474926143
72	8	镜子	17.639583521464786
72	9	。	1.650371454048667
73	1	爸爸	14.719885486503438
73	2	买	8.989553198563934
73	3	了	0.8173882366958125
73	4	一	2.3744727482026136
73	5	栋	8.6734266800384
73	6	很	8.835654678702085
73	7	大	2.6943022330871855
73	8	的	0.0014843010772764842
73	9	房子	3.1853830545588764
73	10	。	3.2521862455649497
74	1	爸爸	14.719885486503438
74	2	买	8.989553198563934
74	3	了	0.8173882366958125
74	4	一	2.3744727482026136
74	5	条	4.61201078256207
74	6	很	9.324594620817805
74	7	大	4.0902153036281845
74	8	的	0.0023196833120877614
74	9	房子	5.498346502264134
74	10	。	3.1473293278699543
75	1	爸爸	14.719885486503438
75	2	买	8.989553198563934
75	3	了	0.8173882366958125
75	4	一	2.3744727482026136
75	5	条	4.61201078256207
75	6	很	9.324594620817805
75	7	大	4.0902153036281845
75	8	的	0.0023196833120877614
75	9	沙发	14.610237200281496
75	10	。	2.8373203932273228
76	1	爸爸	14.719885486503438
76	2	买	8.989553198563934
76	3	了	0.8173882366958125
76	4	一	2.3744727482026136
76	5	栋	8.6734266800384
76	6	很	8.835654678702085
76	7	大	2.6943022330871855
76	8	的	0.0014843010772764842
76	9	沙发	14.787230997532035
76	10	。	3.238871580736422
77	1	我	7.81789711492256
77	2	想	4.436000189810817
77	3	种	16.21462375473171
77	4	一	6.51890098021271
77	5	朵	15.574003709442316
77	6	红色	10.337792749728877
77	7	的	0.8253036145838308
77	8	玫瑰	11.373554290421772
77	9	。	3.247478973523968
78	1	我	7.81789711492256
78	2	想	4.436000189810817
78	3	种	16.21462375473171
78	4	一	6.51890098021271
78	5	颗	10.001355659316218
78	6	红色	12.421144938611533
78	7	的	0.6317200614966154
78	8	玫瑰	13.19043640723418
78	9	。	4.17037530985057
79	1	我	7.81789711492256
79	2	想	4.436000189810817
79	3	种	16.21462375473171
79	4	一	6.51890098021271
79	5	颗	10.001355659316218
79	6	红色	12.421144938611533
79	7	的	0.6317200614966154
79	8	种子	15.308715914723429
79	9	。	3.2654137712273155
80	1	我	7.81789711492256
80	2	想	4.436000189810817
80	3	种	16.21462375473171
80	4	一	6.51890098021271
80	5	朵	15.574003709442316
80	6	红色	10.337792749728877
80	7	的	0.8253036145838308
80	8	种子	17.027380041275443
80	9	。	3.202573942893025
81	1	我	7.81789711492256
81	2	经常	9.791025545326828
81	3	去	3.9990342458893977
81	4	一	6.192970997995296
81	5	家	3.3577686855016005
81	6	有名	10.8113836580373
81	7	的	0.008482686588493493
81	8	医院	6.350729960691993
81	9	。	5.3379805902275095
82	1	我	7.81789711492256
82	2	经常	9.791025545326828
82	3	去	3.9990342458893977
82	4	一	6.192970997995296
82	5	座	5.615309534050095
82	6	有名	11.123321715485417
82	7	的	0.005926525955160855
82	8	医院	5.184850440408695
82	9	。	4.945858706101561
83	1	我	7.81789711492256
83	2	经常	9.791025545326828
83	3	去	3.9990342458893977
83	4	一	6.192970997995296
83	5	座	5.615309534050095
83	6	有名	11.123321715485417
83	7	的	0.005926525955160855
83	8	城市	7.0443091154079625
83	9	。	3.9296354547384666
84	1	我	7.81789711492256
84	2	经常	9.791025545326828
84	3	去	3.9990342458893977
84	4	一	6.192970997995296
84	5	家	3.3577686855016005
84	6	有名	10.8113836580373
84	7	的	0.008482686588493493
84	8	城市	10.698640002611427
84	9	。	4.56634571595864
85	1	我	7.81789711492256
85	2	拜访	18.057260145904998
85	3	了	1.9482914343307982
85	4	这	6.605388838172395
85	5	一	3.9027505936209366
85	6	所	10.157118355739463
85	7	重要	10.540945254189445
85	8	的	0.20720244835708712
85	9	美丽	15.224769855864743
85	10	的	1.5015707385735055
85	11	高中	7.692127010624972
85	12	。	3.9464036688546855
86	1	我	7.81789711492256
86	2	拜访	18.057260145904998
86	3	了	1.9482914343307982
86	4	这	6.605388838172395
86	5	一	3.9027505936209366
86	6	位	3.9105254654921
86	7	重要	10.752013630911783
86	8	的	0.3326983499060532
86	9	美丽	16.3093134467805
86	10	的	0.9943477742865809
86	11	高中	15.28837376272098
86	12	。	6.247634929301725
87	1	我	7.81789711492256
87	2	拜访	18.057260145904998
87	3	了	1.9482914343307982
87	4	这	6.605388838172395
87	5	一	3.9027505936209366
87	6	位	3.9105254654921
87	7	重要	10.752013630911783
87	8	的	0.3326983499060532
87	9	美丽	16.3093134467805
87	10	的	0.9943477742865809
87	11	老师	11.916734958698541
87	12	。	3.723819429499102
88	1	我	7.81789711492256
88	2	拜访	18.057260145904998
88	3	了	1.9482914343307982
88	4	这	6.605388838172395
88	5	一	3.9027505936209366
88	6	所	10.157118355739463
88	7	重要	10.540945254189445
88	8	的	0.20720244835708712
88	9	美丽	15.224769855864743
88	10	的	1.5015707385735055
88	11	老师	13.104862445744601
88	12	。	3.6463079653325394
89	1	他	4.617249994410214
89	2	在	5.261581379381969
89	3	读	13.180610986063977
89	4	一	7.939095950020082
89	5	条	9.89628910599605
89	6	很	9.711486851978997
89	7	长	4.81323112186773
89	8	的	0.004963341440969771
89	9	评论	11.184458375383926
89	10	。	4.22690770924811
90	1	他	4.617249994410214
90	2	在	5.261581379381969
90	3	读	13.180610986063977
90	4	一	7.939095950020082
90	5	首	5.5974179321351265
90	6	很	11.104702347737508
90	7	长	7.258412468352454
90	8	的	0.006772488101852048
90	9	评论	9.20092146073197
90	10	。	6.326783573371813
91	1	他	4.617249994410214
91	2	在	5.261581379381969
91	3	读	13.180610986063977
91	4	一	7.939095950020082
91	5	首	5.5974179321351265
91	6	很	11.104702347737508
91	7	长	7.258412468352454
91	8	的	0.006772488101852048
91	9	诗歌	11.947746970085355
91	10	。	7.596981129373944
92	1	他	4.617249994410214
92	2	在	5.261581379381969
92	3	读	13.180610986063977
92	4	一	7.939095950020082
92	5	条	9.89628910599605
92	6	很	9.711486851978997
92	7	长	4.81323112186773
92	8	的	0.004963341440969771
92	9	诗歌	13.943089560437613
92	10	。	5.110610113102126
93	1	她	7.165315795832697
93	2	从来	13.801607718336065
93	3	没	3.992322057776711
93	4	见	6.563024820395867
93	5	过	0.028224184469447522
93	6	一	5.632017947406506
93	7	头	10.578328854708055
93	8	黄色	14.480582681064881
93	9	的	1.4163858144543227
93	10	老虎	11.29874257988213
93	11	。	4.01802803269311
94	1	她	7.165315795832697
94	2	从来	13.801607718336065
94	3	没	3.992322057776711
94	4	见	6.563024820395867
94	5	过	0.028224184469447522
94	6	一	5.632017947406506
94	7	双	7.98019937969471
94	8	黄色	12.19522625815393
94	9	的	1.169353392548139
94	10	老虎	14.108030184083951
94	11	。	3.8985593535892633
95	1	她	7.165315795832697
95	2	从来	13.801607718336065
95	3	没	3.992322057776711
95	4	见	6.563024820395867
95	5	过	0.028224184469447522
95	6	一	5.632017947406506
95	7	双	7.98019937969471
95	8	黄色	12.19522625815393
95	9	的	1.169353392548139
95	10	眼睛	6.645968240772028
95	11	。	3.7713245874113
96	1	她	7.165315795832697
96	2	从来	13.801607718336065
96	3	没	3.992322057776711
96	4	见	6.563024820395867
96	5	过	0.028224184469447522
96	6	一	5.632017947406506
96	7	头	10.578328854708055
96	8	黄色	14.480582681064881
96	9	的	1.4163858144543227
96	10	眼睛	7.1920549663176985
96	11	。	3.880326222724918
97	1	我	7.81789711492256
97	2	还	7.295612317292865
97	3	没有	1.9978210883684913
97	4	检查	12.925081865652437
97	5	一	6.67145848304347
97	6	份	7.07286231986312
97	7	很	10.20472064551597
97	8	难	9.926706038340264
97	9	的	3.7323915230160267
97	10	作业	12.36243798728529
97	11	。	3.0129920287206033
98	1	我	7.81789711492256
98	2	还	7.295612317292865
98	3	没有	1.9978210883684913
98	4	检查	12.925081865652437
98	5	一	6.67145848304347
98	6	行	12.522612752233023
98	7	很	8.794669234755162
98	8	难	11.285893732471592
98	9	的	1.397563726064675
98	10	作业	11.632762515443801
98	11	。	1.8678007246790571
99	1	我	7.81789711492256
99	2	还	7.295612317292865
99	3	没有	1.9978210883684913
99	4	检查	12.925081865652437
99	5	一	6.67145848304347
99	6	行	12.522612752233023
99	7	很	8.794669234755162
99	8	难	11.285893732471592
99	9	的	1.397563726064675
99	10	公式	21.283693456314012
99	11	。	2.7656288455777656
100	1	我	7.81789711492256
100	2	还	7.295612317292865
100	3	没有	1.9978210883684913
100	4	检查	12.925081865652437
100	5	一	6.67145848304347
100	6	份	7.07286231986312
100	7	很	10.20472064551597
100	8	难	9.926706038340264
100	9	的	3.7323915230160267
100	10	公式	19.64293183867224
100	11	。	2.185114291051235
101	1	孩子	15.292708920702747
101	2	听到	12.421297606166341
101	3	了	2.8886997123437403
101	4	一	6.102885558348035
101	5	首	6.700551288266638
101	6	熟悉	16.882808935797087
101	7	的	0.566927030632165
101	8	歌曲	3.441998218675465
101	9	。	2.94207684320331
102	1	孩子	15.292708920702747
102	2	听到	12.421297606166341
102	3	了	2.8886997123437403
102	4	一	6.102885558348035
102	5	张	7.902208568908456
102	6	熟悉	16.595212551747004
102	7	的	0.3784621179588825
102	8	歌曲	10.285878008441202
102	9	。	2.683456151446549
103	1	孩子	15.292708920702747
103	2	听到	12.421297606166341
103	3	了	2.8886997123437403
103	4	一	6.102885558348035
103	5	张	7.902208568908456
103	6	熟悉	16.595212551747004
103	7	的	0.3784621179588825
103	8	专辑	10.115818911825855
103	9	。	3.602979308203956
104	1	孩子	15.292708920702747
104	2	听到	12.421297606166341
104	3	了	2.8886997123437403
104	4	一	6.102885558348035
104	5	首	6.700551288266638
104	6	熟悉	16.882808935797087
104	7	的	0.566927030632165
104	8	专辑	11.863672902679241
104	9	。	3.836049372038744
105	1	护士	18.094693120730522
105	2	做	10.099565405465547
105	3	了	1.672336708695351
105	4	一	3.4474280631404213
105	5	次	2.864562361628309
105	6	必需	16.867584694014297
105	7	的	0.5543354975952255
105	8	检查	7.630753431435956
105	9	。	3.8029111664696913
106	1	护士	18.094693120730522
106	2	做	10.099565405465547
106	3	了	1.672336708695351
106	4	一	3.4474280631404213
106	5	篇	7.4704401441138515
106	6	必需	18.023665649268075
106	7	的	1.0710350618226343
106	8	检查	11.547440064041695
106	9	。	9.795645687120128
107	1	护士	18.094693120730522
107	2	做	10.099565405465547
107	3	了	1.672336708695351
107	4	一	3.4474280631404213
107	5	篇	7.4704401441138515
107	6	必需	18.023665649268075
107	7	的	1.0710350618226343
107	8	报告	4.416221191400709
107	9	。	9.068423032368742
108	1	护士	18.094693120730522
108	2	做	10.099565405465547
108	3	了	1.672336708695351
108	4	一	3.4474280631404213
108	5	次	2.864562361628309
108	6	必需	16.867584694014297
108	7	的	0.5543354975952255
108	8	报告	11.26113164235035
108	9	。	3.8089961150266305
109	1	这里	9.569900709655409
109	2	是	3.282111055642572
109	3	两	11.472425980877102
109	4	台	9.384742016350923
109	5	最新	13.964307581821735
109	6	的	1.7051856291222123
109	7	电视	10.896711473874788
109	8	。	16.382712537208583
110	1	这里	9.569900709655409
110	2	是	3.282111055642572
110	3	两	11.472425980877102
110	4	份	15.151214547420249
110	5	最新	9.496441743042311
110	6	的	2.6097491626529177
110	7	电视	11.522433066504334
110	8	。	17.217196418211458
111	1	这里	9.569900709655409
111	2	是	3.282111055642572
111	3	两	11.472425980877102
111	4	份	15.151214547420249
111	5	最新	9.496441743042311
111	6	的	2.6097491626529177
111	7	订单	16.560627438646463
111	8	。	15.871336929758286
112	1	这里	9.569900709655409
112	2	是	3.282111055642572
112	3	两	11.472425980877102
112	4	台	9.384742016350923
112	5	最新	13.964307581821735
112	6	的	1.7051856291222123
112	7	订单	17.489771097058203
112	8	。	12.869726155650085
113	1	他	4.617249994410214
113	2	很	11.243074294762998
113	3	欣赏	7.172690489613585
113	4	一	7.307582398671375
113	5	处	9.456856120875635
113	6	环保	15.048832100229319
113	7	的	6.107269633207046
113	8	景点	12.499805512928852
113	9	。	2.00914713161346
114	1	他	4.617249994410214
114	2	很	11.243074294762998
114	3	欣赏	7.172690489613585
114	4	一	7.307582398671375
114	5	位	2.788420573644757
114	6	环保	14.12689588771731
114	7	的	6.960285482862986
114	8	景点	16.501617472998795
114	9	。	4.09673741494025
115	1	他	4.617249994410214
115	2	很	11.243074294762998
115	3	欣赏	7.172690489613585
115	4	一	7.307582398671375
115	5	位	2.788420573644757
115	6	环保	14.12689588771731
115	7	的	6.960285482862986
115	8	领导	11.803155489240588
115	9	。	3.842944443405699
116	1	他	4.617249994410214
116	2	很	11.243074294762998
116	3	欣赏	7.172690489613585
116	4	一	7.307582398671375
116	5	处	9.456856120875635
116	6	环保	15.048832100229319
116	7	的	6.107269633207046
116	8	领导	19.11798574801262
116	9	。	4.329475759053125
117	1	那里	14.224981177859744
117	2	有	2.768608576713552
117	3	一	2.0547046997751117
117	4	支	6.563221805560019
117	5	海上	17.412114752082765
117	6	的	3.0901598280016174
117	7	舰队	10.435555800460357
117	8	。	6.97920278170848
118	1	那里	14.224981177859744
118	2	有	2.768608576713552
118	3	一	2.0547046997751117
118	4	艘	8.589837711117145
118	5	海上	11.132843847341416
118	6	的	6.917795252997131
118	7	舰队	7.658360194999688
118	8	。	9.238704830871598
119	1	那里	14.224981177859744
119	2	有	2.768608576713552
119	3	一	2.0547046997751117
119	4	艘	8.589837711117145
119	5	海上	11.132843847341416
119	6	的	6.917795252997131
119	7	渔船	4.870198403920718
119	8	。	9.43311976685446
120	1	那里	14.224981177859744
120	2	有	2.768608576713552
120	3	一	2.0547046997751117
120	4	支	6.563221805560019
120	5	海上	17.412114752082765
120	6	的	3.0901598280016174
120	7	渔船	12.451845992436539
120	8	。	6.4591403518145825
