sentence_id	token_id	token	surprisal
1	1	记者	7.967462168446678
1	2	采访	7.467924678541632
1	3	了	1.419860209952441
1	4	研发	17.387305436688106
1	5	产品	14.488482227511454
1	6	并且	17.982897979518448
1	7	获	17.548259072427456
1	8	了	12.888895452549619
1	9	奖	9.558384863797556
1	10	。	1.1936804244124204
2	1	记者	7.967462168446678
2	2	采访	7.467924678541632
2	3	了	1.419860209952441
2	4	研发	17.387305436688106
2	5	产品	14.488482227511454
2	6	并且	17.982897979518448
2	7	获	17.548259072427456
2	8	了	12.888895452549619
2	9	奖	9.558384863797556
2	10	的	4.0013772138104
2	11	科学家	7.53954066122553
2	12	。	9.158034767830145
3	1	他	4.617249994410214
3	2	认识	15.33899410119738
3	3	了	4.818952937829728
3	4	写	14.569025672514663
3	5	书	7.799274148058636
3	6	并且	15.922004782301151
3	7	教	9.372370385701494
3	8	课	15.324935091375266
3	9	。	11.22817463909692
4	1	他	4.617249994410214
4	2	认识	15.33899410119738
4	3	了	4.818952937829728
4	4	写	14.569025672514663
4	5	书	7.799274148058636
4	6	并且	15.922004782301151
4	7	教	9.372370385701494
4	8	课	15.324935091375266
4	9	的	6.658457784198546
4	10	老师	10.394032137103494
4	11	。	12.436853076169527
5	1	他	4.617249994410214
5	2	拍	17.379622223991177
5	3	下	15.584390192398683
5	4	了	2.0443429634006094
5	5	获得	19.130046191141524
5	6	大奖	14.470893738073016
5	7	并且	19.51716655846522
5	8	吸引	11.449765894421077
5	9	游客	10.862049219921346
5	10	。	3.718496710840185
6	1	他	4.617249994410214
6	2	拍	17.379622223991177
6	3	下	15.584390192398683
6	4	了	2.0443429634006094
6	5	获得	19.130046191141524
6	6	大奖	14.470893738073016
6	7	并且	19.51716655846522
6	8	吸引	11.449765894421077
6	9	游客	10.862049219921346
6	10	的	1.3381794673670697
6	11	艺术品	10.91164677664645
6	12	。	15.753159622077618
7	1	我们	8.317259463882605
7	2	参加	12.751141229537742
7	3	了	3.20409416870962
7	4	吸引	15.09900360283347
7	5	学生	14.213905287914159
7	6	并且	18.891909801045287
7	7	受到	12.817873146640679
7	8	好评	10.292850762519976
7	9	。	21.176365432243898
8	1	我们	8.317259463882605
8	2	参加	12.751141229537742
8	3	了	3.20409416870962
8	4	吸引	15.09900360283347
8	5	学生	14.213905287914159
8	6	并且	18.891909801045287
8	7	受到	12.817873146640679
8	8	好评	10.292850762519976
8	9	的	0.008127887206654805
8	10	活动	5.822497629149055
8	11	。	0.42213610500471077
9	1	他	4.617249994410214
9	2	想起	17.015635582486823
9	3	了	2.757702758689465
9	4	写	14.86798604894484
9	5	过	4.539379691608723
9	6	歌	14.47261404450461
9	7	而且	15.555612026779151
9	8	写	3.2702149189514387
9	9	过	4.5846364484836215
9	10	书	6.66926734279663
9	11	。	18.899713404012374
10	1	他	4.617249994410214
10	2	想起	17.015635582486823
10	3	了	2.757702758689465
10	4	写	14.86798604894484
10	5	过	4.539379691608723
10	6	歌	14.47261404450461
10	7	而且	15.555612026779151
10	8	写	3.2702149189514387
10	9	过	4.5846364484836215
10	10	书	6.66926734279663
10	11	的	0.15177350738146345
10	12	同学	10.3511124203078
10	13	。	8.241637779261481
11	1	司机	16.896404873341233
11	2	启动	17.666071690542886
11	3	了	2.997207568410772
11	4	装有	17.261196772392616
11	5	音响	13.861788835402798
11	6	并且	13.711794144942687
11	7	配备	7.800732771399936
11	8	屏幕	15.682486148549785
11	9	。	3.041422132429929
12	1	司机	16.896404873341233
12	2	启动	17.666071690542886
12	3	了	2.997207568410772
12	4	装有	17.261196772392616
12	5	音响	13.861788835402798
12	6	并且	13.711794144942687
12	7	配备	7.800732771399936
12	8	屏幕	15.682486148549785
12	9	的	5.873078356457995
12	10	车	10.724985649828113
12	11	。	1.8643369154160325
13	1	爸爸	14.719885486503438
13	2	买	8.989553198563934
13	3	了	0.8173882366958125
13	4	带	10.936513073498556
13	5	家具	12.71705995231003
13	6	还	13.47583452650256
13	7	配	17.39512849233366
13	8	保险	13.100155394442623
13	9	。	15.6125759514413
14	1	爸爸	14.719885486503438
14	2	买	8.989553198563934
14	3	了	0.8173882366958125
14	4	带	10.936513073498556
14	5	家具	12.71705995231003
14	6	还	13.47583452650256
14	7	配	17.39512849233366
14	8	保险	13.100155394442623
14	9	的	0.5304323176033705
14	10	房子	6.010674386891935
14	11	。	7.887631166943322
15	1	他	4.617249994410214
15	2	损失	19.820311782002435
15	3	了	1.5576965856416152
15	4	买	15.121321332814457
15	5	药	12.71255566871173
15	6	和	4.696289107593358
15	7	买	13.10994861045451
15	8	菜	8.394223069162507
15	9	。	7.485507347535403
16	1	他	4.617249994410214
16	2	损失	19.820311782002435
16	3	了	1.5576965856416152
16	4	买	15.121321332814457
16	5	药	12.71255566871173
16	6	和	4.696289107593358
16	7	买	13.10994861045451
16	8	菜	8.394223069162507
16	9	的	0.3183409595415583
16	10	现金	11.89895703444688
16	11	。	2.7904523978193225
17	1	我	7.81789711492256
17	2	拜访	18.057260145904998
17	3	了	1.9482914343307982
17	4	去	15.42546650352083
17	5	过	4.610764752328727
17	6	中国	5.453003657910678
17	7	并且	11.511912595868353
17	8	去	4.714662160281534
17	9	过	6.17429911547049
17	10	美国	2.919856348365073
17	11	。	16.557814397185382
18	1	我	7.81789711492256
18	2	拜访	18.057260145904998
18	3	了	1.9482914343307982
18	4	去	15.42546650352083
18	5	过	4.610764752328727
18	6	中国	5.453003657910678
18	7	并且	11.511912595868353
18	8	去	4.714662160281534
18	9	过	6.17429911547049
18	10	美国	2.919856348365073
18	11	的	0.10870844995289985
18	12	邻居	13.465016989709312
18	13	。	2.1324221522231426
19	1	爷爷	18.080781918042213
19	2	中止	18.31503442161329
19	3	了	1.7375477341412804
19	4	引发	17.167625026868095
19	5	争吵	19.72289940248065
19	6	并且	18.14708956987191
19	7	伤害	12.070556434863832
19	8	亲情	18.72468288481258
19	9	。	2.4764145503520893
20	1	爷爷	18.080781918042213
20	2	中止	18.31503442161329
20	3	了	1.7375477341412804
20	4	引发	17.167625026868095
20	5	争吵	19.72289940248065
20	6	并且	18.14708956987191
20	7	伤害	12.070556434863832
20	8	亲情	18.72468288481258
20	9	的	1.061708586116822
20	10	谈话	9.58843353344021
20	11	。	0.7050630112262866
21	1	她	7.165315795832697
21	2	提到	14.790255375913524
21	3	了	4.796953625311911
21	4	看	14.083287514135858
21	5	着	7.053564809528758
21	6	电视	8.328952995702913
21	7	和	8.160360812968932
21	8	听	7.8649214904078235
21	9	着	5.530313916675638
21	10	歌	13.259517068658397
21	11	。	7.9768703490069015
22	1	她	7.165315795832697
22	2	提到	14.790255375913524
22	3	了	4.796953625311911
22	4	看	14.083287514135858
22	5	着	7.053564809528758
22	6	电视	8.328952995702913
22	7	和	8.160360812968932
22	8	听	7.8649214904078235
22	9	着	5.530313916675638
22	10	歌	13.259517068658397
22	11	的	5.477959534209489
22	12	女儿	13.4439014605056
22	13	。	8.077275677354137
23	1	医生	14.334599374276484
23	2	表扬	18.478533839035627
23	3	了	1.212578515985527
23	4	帮助	14.217114718177676
23	5	老人	11.243863820633024
23	6	并且	10.620218506072852
23	7	关心	13.256914399108524
23	8	同学	13.903149322669947
23	9	。	2.964809674653253
24	1	医生	14.334599374276484
24	2	表扬	18.478533839035627
24	3	了	1.212578515985527
24	4	帮助	14.217114718177676
24	5	老人	11.243863820633024
24	6	并且	10.620218506072852
24	7	关心	13.256914399108524
24	8	同学	13.903149322669947
24	9	的	1.3056115115714988
24	10	孩子	8.53525509798503
24	11	。	1.531013445897841
25	1	她	7.165315795832697
25	2	介绍	7.961857236814749
25	3	了	5.30786874279916
25	4	生产	15.69591940794161
25	5	电视	16.48449522549874
25	6	并且	19.737866036618456
25	7	安装	11.79206153139188
25	8	电视	13.157744712498243
25	9	。	16.16906717256326
26	1	她	7.165315795832697
26	2	介绍	7.961857236814749
26	3	了	5.30786874279916
26	4	生产	15.69591940794161
26	5	电视	16.48449522549874
26	6	并且	19.737866036618456
26	7	安装	11.79206153139188
26	8	电视	13.157744712498243
26	9	的	2.32998078666418
26	10	工厂	10.122550173870195
26	11	。	3.516332885165724
27	1	我	7.81789711492256
27	2	洗	18.519803756660124
27	3	了	2.4790100558786357
27	4	陪伴	16.527440712407387
27	5	过	10.799249541299304
27	6	母亲	9.823948354228243
27	7	也	9.999240118651954
27	8	陪伴	15.875780123697481
27	9	过	2.1292047921109685
27	10	我	3.8546914330930235
27	11	。	4.156090542993596
28	1	我	7.81789711492256
28	2	洗	18.519803756660124
28	3	了	2.4790100558786357
28	4	陪伴	16.527440712407387
28	5	过	10.799249541299304
28	6	母亲	9.823948354228243
28	7	也	9.999240118651954
28	8	陪伴	15.875780123697481
28	9	过	2.1292047921109685
28	10	我	3.8546914330930235
28	11	的	1.8552397029927334
28	12	衣服	12.376822640099249
28	13	。	2.9718166385470113
29	1	学生	14.32697340109109
29	2	们	19.919332603612773
29	3	写	12.37241090125292
29	4	着	2.979078859306206
29	5	困扰	20.90297929581928
29	6	他们	7.541122430027713
29	7	还	8.826323321466361
29	8	困扰	14.16855657901148
29	9	家长	11.696309598108058
29	10	。	2.705134277033963
30	1	学生	14.32697340109109
30	2	们	19.919332603612773
30	3	写	12.37241090125292
30	4	着	2.979078859306206
30	5	困扰	20.90297929581928
30	6	他们	7.541122430027713
30	7	还	8.826323321466361
30	8	困扰	14.16855657901148
30	9	家长	11.696309598108058
30	10	的	1.304297266913963
30	11	作业	13.267656236818809
30	12	。	2.365725689680019
31	1	店长	21.45187127830041
31	2	拿	14.635475051837396
31	3	着	0.46712865683364413
31	4	开	15.113313121683838
31	5	大门	11.795678405411508
31	6	和	8.311592929174921
31	7	开	12.023518594709856
31	8	仓库	13.5558639977545
31	9	。	12.392758934085265
32	1	店长	21.45187127830041
32	2	拿	14.635475051837396
32	3	着	0.46712865683364413
32	4	开	15.113313121683838
32	5	大门	11.795678405411508
32	6	和	8.311592929174921
32	7	开	12.023518594709856
32	8	仓库	13.5558639977545
32	9	的	0.9440629917514798
32	10	钥匙	15.322480426726798
32	11	。	9.659071739197287
33	1	有人	13.840423150793045
33	2	听	9.99139819276469
33	3	着	4.682630223533835
33	4	打扰	20.715177736522897
33	5	了	6.074120500689638
33	6	邻居	13.552094022864551
33	7	而且	17.319334296816592
33	8	触发	21.04385430688022
33	9	了	4.195776711536411
33	10	警报	16.834202491154457
33	11	。	2.8949211762986806
34	1	有人	13.840423150793045
34	2	听	9.99139819276469
34	3	着	4.682630223533835
34	4	打扰	20.715177736522897
34	5	了	6.074120500689638
34	6	邻居	13.552094022864551
34	7	而且	17.319334296816592
34	8	触发	21.04385430688022
34	9	了	4.195776711536411
34	10	警报	16.834202491154457
34	11	的	3.8129932803933286
34	12	音乐	12.878951286918124
34	13	。	8.442370300885614
35	1	我	7.81789711492256
35	2	观察	14.479804877470762
35	3	着	7.960587935016083
35	4	经营	15.297543283653834
35	5	商店	12.229490973744142
35	6	还	10.272642560479895
35	7	经营	10.089955920637692
35	8	餐厅	13.527829355233706
35	9	。	1.3486336443657478
36	1	我	7.81789711492256
36	2	观察	14.479804877470762
36	3	着	7.960587935016083
36	4	经营	15.297543283653834
36	5	商店	12.229490973744142
36	6	还	10.272642560479895
36	7	经营	10.089955920637692
36	8	餐厅	13.527829355233706
36	9	的	3.586780714221746
36	10	男人	13.773391862004061
36	11	。	1.1903729348528174
37	1	学生	14.32697340109109
37	2	们	19.919332603612773
37	3	读	13.692554348710203
37	4	着	6.061304124322824
37	5	描述	16.540900956743144
37	6	故事	7.074699779976001
37	7	并且	18.82111970221962
37	8	带来	12.73970912409031
37	9	乐趣	15.484260660180212
37	10	。	0.8280375314565305
38	1	学生	14.32697340109109
38	2	们	19.919332603612773
38	3	读	13.692554348710203
38	4	着	6.061304124322824
38	5	描述	16.540900956743144
38	6	故事	7.074699779976001
38	7	并且	18.82111970221962
38	8	带来	12.73970912409031
38	9	乐趣	15.484260660180212
38	10	的	6.1363398260346
38	11	书	16.36241278183695
38	12	。	1.5031500852925035
39	1	教练	13.89005937819664
39	2	创办	18.165551395443195
39	3	过	9.931420343239353
39	4	教	17.97438549578714
39	5	动作	12.750818588319405
39	6	并且	14.670680446404802
39	7	辅导	13.356189078178573
39	8	孩子	4.6107497022589286
39	9	。	11.827421497085027
40	1	教练	13.89005937819664
40	2	创办	18.165551395443195
40	3	过	9.931420343239353
40	4	教	17.97438549578714
40	5	动作	12.750818588319405
40	6	并且	14.670680446404802
40	7	辅导	13.356189078178573
40	8	孩子	4.6107497022589286
40	9	的	0.8374898572173919
40	10	健身房	13.638240516650939
40	11	。	0.9063698091446213
41	1	我	7.81789711492256
41	2	喜欢	8.569687127106466
41	3	过	9.048704189681402
41	4	给	12.259796038774024
41	5	我	2.2864965912450472
41	6	信心	14.39931246883171
41	7	并且	16.6388962288193
41	8	帮助	10.629880580574465
41	9	过	8.459403665411045
41	10	我	2.067129347736156
41	11	。	6.594422123887611
42	1	我	7.81789711492256
42	2	喜欢	8.569687127106466
42	3	过	9.048704189681402
42	4	给	12.259796038774024
42	5	我	2.2864965912450472
42	6	信心	14.39931246883171
42	7	并且	16.6388962288193
42	8	帮助	10.629880580574465
42	9	过	8.459403665411045
42	10	我	2.067129347736156
42	11	的	0.570761614047953
42	12	音乐	14.210223848982295
42	13	。	5.9477098798103185
43	1	她	7.165315795832697
43	2	开	13.68839073797329
43	3	过	7.342245999078099
43	4	容纳	17.525247185957937
43	5	很多	14.192548504555745
43	6	人	10.37735203329364
43	7	并且	12.093479482093187
43	8	通过	9.643311424464784
43	9	安全	15.934802071482423
43	10	测试	12.369854120674773
43	11	。	3.38819465272384
44	1	她	7.165315795832697
44	2	开	13.68839073797329
44	3	过	7.342245999078099
44	4	容纳	17.525247185957937
44	5	很多	14.192548504555745
44	6	人	10.37735203329364
44	7	并且	12.093479482093187
44	8	通过	9.643311424464784
44	9	安全	15.934802071482423
44	10	测试	12.369854120674773
44	11	的	3.5859599943321143
44	12	车	17.36588679642827
44	13	。	10.456030859791923
45	1	他	4.617249994410214
45	2	修理	19.88204356773344
45	3	过	5.98444389244451
45	4	丢失	18.150493379714916
45	5	了	4.9891134203373255
45	6	芯片	15.28201092520181
45	7	还	16.42947659033348
45	8	丢失	13.875268940006663
45	9	了	2.145094415805616
45	10	屏幕	13.35805419397613
45	11	。	17.077226239304153
46	1	他	4.617249994410214
46	2	修理	19.88204356773344
46	3	过	5.98444389244451
46	4	丢失	18.150493379714916
46	5	了	4.9891134203373255
46	6	芯片	15.28201092520181
46	7	还	16.42947659033348
46	8	丢失	13.875268940006663
46	9	了	2.145094415805616
46	10	屏幕	13.35805419397613
46	11	的	0.30368254918617765
46	12	电脑	6.834335222090729
46	13	。	1.589269421010144
47	1	他	4.617249994410214
47	2	讲	15.270003675155108
47	3	过	6.106566039827118
47	4	介绍	14.682795474511543
47	5	画家	16.913855388933065
47	6	并且	16.58427568017973
47	7	介绍	11.12991390725847
47	8	博物馆	15.4742100594638
47	9	。	3.74786964943317
48	1	他	4.617249994410214
48	2	讲	15.270003675155108
48	3	过	6.106566039827118
48	4	介绍	14.682795474511543
48	5	画家	16.913855388933065
48	6	并且	16.58427568017973
48	7	介绍	11.12991390725847
48	8	博物馆	15.4742100594638
48	9	的	0.586136673964603
48	10	课	16.45084942976125
48	11	。	0.9339733471660026
49	1	我	7.81789711492256
49	2	邀请	15.712699875654529
49	3	过	6.996323847369737
49	4	喜欢	15.91964499348343
49	5	明星	12.283847353091303
49	6	而且	15.23160246882157
49	7	喜欢	11.595187144131714
49	8	作家	12.908495993092913
49	9	。	5.451082934141198
50	1	我	7.81789711492256
50	2	邀请	15.712699875654529
50	3	过	6.996323847369737
50	4	喜欢	15.91964499348343
50	5	明星	12.283847353091303
50	6	而且	15.23160246882157
50	7	喜欢	11.595187144131714
50	8	作家	12.908495993092913
50	9	的	2.858925218271054
50	10	朋友	3.718472881752149
50	11	。	4.860861196737773
51	1	她	7.165315795832697
51	2	申请	16.143104416210505
51	3	过	6.4033655718946605
51	4	减轻	16.508210270281218
51	5	她	4.428023192629105
51	6	负担	10.24374822438476
51	7	同时	19.274944818389848
51	8	缓解	14.196023315283455
51	9	她	3.640350281299092
51	10	压力	13.542151133120456
51	11	。	8.877296200622368
52	1	她	7.165315795832697
52	2	申请	16.143104416210505
52	3	过	6.4033655718946605
52	4	减轻	16.508210270281218
52	5	她	4.428023192629105
52	6	负担	10.24374822438476
52	7	同时	19.274944818389848
52	8	缓解	14.196023315283455
52	9	她	3.640350281299092
52	10	压力	13.542151133120456
52	11	的	2.322992136498925
52	12	奖金	16.692605358355948
52	13	。	8.10171254504607
53	1	她	7.165315795832697
53	2	去	14.420482302116042
53	3	卖	11.977122842855714
53	4	礼物	12.868499983571446
53	5	并且	12.657735931489746
53	6	回收	14.809822131423651
53	7	报纸	10.069012593522075
53	8	。	4.105225155751995
54	1	她	7.165315795832697
54	2	去	14.420482302116042
54	3	卖	11.977122842855714
54	4	礼物	12.868499983571446
54	5	并且	12.657735931489746
54	6	回收	14.809822131423651
54	7	报纸	10.069012593522075
54	8	的	3.16589451067577
54	9	商店	14.454702831106871
54	10	。	3.3306394235878543
55	1	弟弟	18.616574371406564
55	2	需要	11.61523011576482
55	3	用于	13.771333555693442
55	4	游戏	15.838916894679755
55	5	和	4.263763797677505
55	6	买	15.802733151576433
55	7	书	9.085307808551192
55	8	。	2.119399219188878
56	1	弟弟	18.616574371406564
56	2	需要	11.61523011576482
56	3	用于	13.771333555693442
56	4	游戏	15.838916894679755
56	5	和	4.263763797677505
56	6	买	15.802733151576433
56	7	书	9.085307808551192
56	8	的	10.304597174060191
56	9	钱	12.268486189554508
56	10	。	6.454617649624325
57	1	他	4.617249994410214
57	2	很	11.243074294762998
57	3	欣赏	7.172690489613585
57	4	写	14.477457958015524
57	5	小说	9.208399600308724
57	6	并且	16.13481008607009
57	7	做	5.085136085382381
57	8	慈善	13.244500020620634
57	9	。	16.66567317393624
58	1	他	4.617249994410214
58	2	很	11.243074294762998
58	3	欣赏	7.172690489613585
58	4	写	14.477457958015524
58	5	小说	9.208399600308724
58	6	并且	16.13481008607009
58	7	做	5.085136085382381
58	8	慈善	13.244500020620634
58	9	的	2.703904857412013
58	10	作家	8.302087279307543
58	11	。	1.2284623834520119
59	1	我	7.81789711492256
59	2	经常	9.791025545326828
59	3	去	3.9990342458893977
59	4	提供	16.51933152013078
59	5	停车位	20.643917518958496
59	6	并且	12.128379431023461
59	7	帮助	8.102323232114145
59	8	残疾人	11.746321735145571
59	9	。	7.412508807994854
60	1	我	7.81789711492256
60	2	经常	9.791025545326828
60	3	去	3.9990342458893977
60	4	提供	16.51933152013078
60	5	停车位	20.643917518958496
60	6	并且	12.128379431023461
60	7	帮助	8.102323232114145
60	8	残疾人	11.746321735145571
60	9	的	8.440590243884799
60	10	医院	14.613519995968986
60	11	。	6.476462397869497
