sentence_id	token_id	token	surprisal
1	1	他	4.617244443820214
1	2	喜欢	14.07613122372735
1	3	那	9.02573748050062
1	4	家	9.78970432622641
1	5	认识	13.56197403548152
1	6	我	5.79399322640829
1	7	的	0.8251317355824241
1	8	老板	11.455787017656917
1	9	投资	14.746927769132228
1	10	的	12.348597105727364
1	11	饭店	15.582381177097744
1	12	。	2.598299346878619
2	1	他	4.617244443820214
2	2	喜欢	14.07613122372735
2	3	那	9.02573748050062
2	4	个	4.682195915064437
2	5	认识	12.422564805545377
2	6	我	5.374118285772454
2	7	的	0.7481363648738792
2	8	老板	15.01477765402273
2	9	投资	17.74172387639925
2	10	的	11.663365068848734
2	11	饭店	16.142078636742113
2	12	。	4.39566195133996
3	1	她	7.165311792527026
3	2	在	4.83231392848011
3	3	看	10.448876214687377
3	4	那	10.208351025485292
3	5	幅	7.544821188809657
3	6	帮助	15.24609975169659
3	7	过	12.202815531401342
3	8	我	1.606682591243981
3	9	的	0.7570025317451297
3	10	朋友	10.663680851141294
3	11	喜欢	15.166656781087909
3	12	的	2.3183083950093675
3	13	画	8.491889419949914
3	14	。	1.9577553059699113
4	1	她	7.165311792527026
4	2	在	4.83231392848011
4	3	看	10.448876214687377
4	4	那	10.208351025485292
4	5	个	4.871127227115174
4	6	帮助	10.959113450420787
4	7	过	11.308422026028055
4	8	我	1.6230083078609496
4	9	的	0.762784009764367
4	10	朋友	4.471064583710515
4	11	喜欢	13.075860116622252
4	12	的	8.832656602977224
4	13	画	15.685870176025915
4	14	。	2.845605083342349
5	1	我	7.817894257099529
5	2	欣赏	14.480640346471283
5	3	那	8.011588845656913
5	4	件	4.747146855402697
5	5	教	17.13801115260337
5	6	过	10.178306395081208
5	7	我	1.8226612502657247
5	8	的	2.2082421082627377
5	9	老师	14.096963367976272
5	10	收藏	21.020008850179508
5	11	的	2.9639172322816023
5	12	艺术品	11.574038236237143
5	13	。	2.4065742780476
6	1	我	7.817894257099529
6	2	欣赏	14.480640346471283
6	3	那	8.011588845656913
6	4	个	4.3858580897125705
6	5	教	15.078503350466164
6	6	过	11.360950261953818
6	7	我	1.7094616718874462
6	8	的	2.570626940622091
6	9	老师	7.740084983413766
6	10	收藏	20.9923935405845
6	11	的	4.715788436075783
6	12	艺术品	10.501933471006637
6	13	。	1.1660362067597418
7	1	他	4.617244443820214
7	2	打	13.418504815199539
7	3	了	2.532302772699648
7	4	那	9.647187760041401
7	5	只	8.639627297782113
7	6	认识	14.759584453797316
7	7	我	4.597490486145624
7	8	的	0.6130019810414424
7	9	店长	18.236989234038212
7	10	喜欢	15.476673845196245
7	11	的	9.43163892105585
7	12	宠物	26.234632351906853
7	13	。	7.392639152235063
8	1	他	4.617244443820214
8	2	打	13.418504815199539
8	3	了	2.532302772699648
8	4	那	9.647187760041401
8	5	个	3.7313487469891697
8	6	认识	15.103641024989528
8	7	我	5.139111617169753
8	8	的	0.6331189876830976
8	9	店长	19.631173412764944
8	10	喜欢	16.22152723820814
8	11	的	9.359643698987242
8	12	宠物	26.458831943220176
8	13	。	6.583321674775888
9	1	我	7.817894257099529
9	2	在	5.983326468270735
9	3	思念	19.894586604940507
9	4	那	6.62925506745588
9	5	首	10.861809476955791
9	6	热爱	16.166284523519053
9	7	艺术	9.083460183713697
9	8	的	1.0995516969804697
9	9	明星	13.026433719047333
9	10	唱	15.752733040762195
9	11	的	7.397982844651537
9	12	歌	6.0393060509153855
9	13	。	2.801131232848448
10	1	我	7.817894257099529
10	2	在	5.983326468270735
10	3	思念	19.894586604940507
10	4	那	6.62925506745588
10	5	个	2.8400651369490646
10	6	热爱	14.191521539608416
10	7	艺术	8.935545381064166
10	8	的	0.8268609969651664
10	9	明星	12.092709862587284
10	10	唱	16.476661880515834
10	11	的	7.125029856983616
10	12	歌	5.92095165128228
10	13	。	3.1787456261684497
11	1	她	7.165311792527026
11	2	拜访	17.0889939955906
11	3	了	1.4387907047205282
11	4	那	9.645747990727166
11	5	所	8.723953118023914
11	6	学习	12.187750460677101
11	7	历史	12.147078453991696
11	8	的	0.5356537050384276
11	9	老人	13.07682243379574
11	10	去	16.84252124839233
11	11	的	13.576348883747897
11	12	学校	4.410729735308891
11	13	。	3.8907888991877684
12	1	她	7.165311792527026
12	2	拜访	17.0889939955906
12	3	了	1.4387907047205282
12	4	那	9.645747990727166
12	5	个	3.330847743401371
12	6	学习	15.283684640375867
12	7	历史	12.71839319685985
12	8	的	0.5466599435851265
12	9	老人	7.795095372234414
12	10	去	14.795136753653807
12	11	的	14.124514179130713
12	12	学校	6.029320092282219
12	13	。	3.632325627425672
13	1	他	4.617244443820214
13	2	检查	16.514688173979593
13	3	了	0.6404109273340346
13	4	那	9.927326877656114
13	5	件	6.278784219043104
13	6	帮助	13.762905297577774
13	7	过	12.628223626878487
13	8	我	1.652939960860806
13	9	的	0.6785340692793937
13	10	司机	18.58801864921186
13	11	带	17.785299378271148
13	12	的	6.224681261984955
13	13	行李	15.150184678446166
13	14	。	4.261192118746919
14	1	他	4.617244443820214
14	2	检查	16.514688173979593
14	3	了	0.6404109273340346
14	4	那	9.927326877656114
14	5	个	5.259132636832071
14	6	帮助	11.878692279490267
14	7	过	12.432270181526363
14	8	我	1.5617424731831377
14	9	的	0.9625719990519599
14	10	司机	15.05653576985545
14	11	带	16.345987009394605
14	12	的	11.223570081490266
14	13	行李	13.030281084192609
14	14	。	3.4168618979289533
15	1	我	7.817894257099529
15	2	听说	10.377988033737253
15	3	过	2.737335527825177
15	4	那	5.669238014847629
15	5	本	4.890938464825421
15	6	学习	16.94086099173396
15	7	文学	8.14923543345003
15	8	的	0.6460391316465817
15	9	作家	11.14116266664628
15	10	写	11.183425542308996
15	11	的	4.4573899672767965
15	12	书	10.699590780091327
15	13	。	3.172445287144953
16	1	我	7.817894257099529
16	2	听说	10.377988033737253
16	3	过	2.737335527825177
16	4	那	5.669238014847629
16	5	个	5.566158107020925
16	6	学习	16.71550932909048
16	7	文学	11.59943777474954
16	8	的	0.5683584773622172
16	9	作家	8.690364570248725
16	10	写	10.637107729063246
16	11	的	4.63902468860492
16	12	书	9.931091212263468
16	13	。	2.940888035133753
17	1	她	7.165311792527026
17	2	撞	21.235872728272426
17	3	了	1.3292873503818292
17	4	那	9.239161999203013
17	5	辆	5.378096950893514
17	6	支持	12.668228562606238
17	7	环保	12.489911298698608
17	8	的	0.6174536092253646
17	9	朋友	11.225066577899156
17	10	开	15.532216390058153
17	11	的	9.2226090295148
17	12	车	7.795148002037138
17	13	。	4.597583860443237
18	1	她	7.165311792527026
18	2	撞	21.235872728272426
18	3	了	1.3292873503818292
18	4	那	9.239161999203013
18	5	个	4.181948473762851
18	6	支持	13.321390349095793
18	7	环保	12.371968197567611
18	8	的	0.46726197600023056
18	9	朋友	3.996834371070406
18	10	开	15.477019407686441
18	11	的	9.101682223414159
18	12	车	9.61009477004356
18	13	。	4.5500617607049065
19	1	我们	8.317258386843934
19	2	认可	18.171389245350866
19	3	了	2.1506417307707366
19	4	那	9.813540221562718
19	5	份	3.8576010668962937
19	6	喜欢	17.246740086693073
19	7	书	11.337063822972368
19	8	的	0.4879858146788365
19	9	孩子	13.364572727237842
19	10	做	11.79464147524638
19	11	的	6.135160646566305
19	12	作业	11.797851249366985
19	13	。	2.49129856241683
20	1	我们	8.317258386843934
20	2	认可	18.171389245350866
20	3	了	2.1506417307707366
20	4	那	9.813540221562718
20	5	个	3.7728025995579415
20	6	喜欢	14.364665862642575
20	7	书	10.878741166551983
20	8	的	0.27520350255181825
20	9	孩子	8.528442595306345
20	10	做	7.836935473813014
20	11	的	0.3311001065548993
20	12	作业	12.443511041972826
20	13	。	2.601730812355939
21	1	他们	7.36065620440369
21	2	接受	12.04018081100843
21	3	了	0.5773507242170517
21	4	那	11.76421089010131
21	5	份	4.365340122344946
21	6	认识	14.44356566363517
21	7	我	12.421434993929466
21	8	的	1.7654557070472592
21	9	老板	18.787979964300888
21	10	制定	15.41225468375194
21	11	的	3.823226206545229
21	12	合同	10.78999671380015
21	13	。	15.033702484124817
22	1	他们	7.36065620440369
22	2	接受	12.04018081100843
22	3	了	0.5773507242170517
22	4	那	11.76421089010131
22	5	个	5.514410241854769
22	6	认识	13.324303693474754
22	7	我	7.232173155983254
22	8	的	0.6937131673480579
22	9	老板	18.61183586882219
22	10	制定	16.98722891238991
22	11	的	11.175701239739979
22	12	合同	11.899088223792404
22	13	。	1.709280424402067
23	1	他	4.617244443820214
23	2	离开	13.95567415640605
23	3	了	3.276385423848634
23	4	那	8.079497573720719
23	5	间	7.188207499470561
23	6	帮助	12.942129211439457
23	7	过	13.067998480568797
23	8	我	2.895037205084037
23	9	的	0.5807147578018146
23	10	朋友	7.353117449093915
23	11	开	17.844955829817224
23	12	的	10.83454979582865
23	13	工厂	10.906068421668067
23	14	。	2.0561651313245903
24	1	他	4.617244443820214
24	2	离开	13.95567415640605
24	3	了	3.276385423848634
24	4	那	8.079497573720719
24	5	个	3.4772430792548725
24	6	帮助	11.340309034761042
24	7	过	11.497372848794328
24	8	我	1.6223590529675391
24	9	的	0.5987012929266271
24	10	朋友	5.297182133915932
24	11	开	17.259065878866444
24	12	的	6.189393751268753
24	13	工厂	8.892625453715098
24	14	。	2.713531942806199
25	1	她	7.165311792527026
25	2	找	17.815463990711137
25	3	了	1.7622586649537801
25	4	那	7.67768182687033
25	5	张	6.082276149344096
25	6	喜欢	13.945526846208992
25	7	艺术	10.254790067287047
25	8	的	0.6180804048662765
25	9	孩子	11.042612007669376
25	10	照	18.372122375821917
25	11	的	4.278123239443133
25	12	照片	9.292199498830612
25	13	。	1.679319128722483
26	1	她	7.165311792527026
26	2	找	17.815463990711137
26	3	了	1.7622586649537801
26	4	那	7.67768182687033
26	5	个	4.264519396459008
26	6	喜欢	11.69435149993513
26	7	艺术	9.322155233039915
26	8	的	0.6547930002372482
26	9	孩子	5.1525927663903275
26	10	照	20.002209271658884
26	11	的	3.425800127965914
26	12	照片	11.775857365343612
26	13	。	2.4171136247301206
27	1	我	7.817894257099529
27	2	需要	9.064005330187847
27	3	那	9.606675540369501
27	4	台	8.15798036522413
27	5	教	15.703260504721726
27	6	过	14.448306967155872
27	7	我	2.6591989779770415
27	8	的	2.6365344369364863
27	9	老师	8.10045992899461
27	10	用	8.178112377033386
27	11	的	6.523026593486151
27	12	手机	12.617046654714557
27	13	。	2.921565795943039
28	1	我	7.817894257099529
28	2	需要	9.064005330187847
28	3	那	9.606675540369501
28	4	个	4.0442746036865636
28	5	教	16.370558274913023
28	6	过	13.789422470546022
28	7	我	2.0728322229757126
28	8	的	2.1582661874521776
28	9	老师	6.365731662303972
28	10	用	8.954203259372278
28	11	的	6.424203431578491
28	12	手机	14.228564787303625
28	13	。	3.5050913911504153
29	1	他	4.617244443820214
29	2	在	5.261582669934022
29	3	画	16.356764150301714
29	4	那	11.334153465760078
29	5	朵	12.243710242427532
29	6	关心	16.267941342063864
29	7	他	9.257633974965799
29	8	的	1.015965396540949
29	9	邻居	15.134811668074207
29	10	种	19.007274624038615
29	11	的	9.386015545877925
29	12	花	8.639224409454656
29	13	。	17.57295173860328
30	1	他	4.617244443820214
30	2	在	5.261582669934022
30	3	画	16.356764150301714
30	4	那	11.334153465760078
30	5	个	7.408403530782046
30	6	关心	15.931878751897038
30	7	他	7.756362298963232
30	8	的	0.8406379104350208
30	9	邻居	13.070610137290728
30	10	种	18.60727753834081
30	11	的	10.011319889104485
30	12	花	9.967273156237823
30	13	。	16.386907868610294
31	1	她	7.165311792527026
31	2	在	4.83231392848011
31	3	介绍	7.534538378022862
31	4	那	14.688920787900265
31	5	台	7.096637915213272
31	6	鼓励	15.761743748143687
31	7	她	9.593789705659333
31	8	的	3.570765875933418
31	9	科学家	14.876550469065947
31	10	做	10.656917610100678
31	11	的	7.983694714397316
31	12	电视	12.209963611451258
31	13	。	17.23907057778534
32	1	她	7.165311792527026
32	2	在	4.83231392848011
32	3	介绍	7.534538378022862
32	4	那	14.688920787900265
32	5	个	6.392692728843919
32	6	鼓励	17.594203550534424
32	7	她	7.481722640240314
32	8	的	3.6944631671563997
32	9	科学家	11.645377786604925
32	10	做	10.600070002480052
32	11	的	7.299627161381778
32	12	电视	13.61492202848514
32	13	。	16.51049111179691
33	1	我	7.817894257099529
33	2	见	12.175840608805927
33	3	过	1.0395418566946795
33	4	那	5.370668041967356
33	5	栋	10.969593434776634
33	6	认识	15.801055845849163
33	7	父亲	9.53119672263285
33	8	的	0.783129153151684
33	9	男人	13.64483424391355
33	10	买	15.595012681507455
33	11	的	11.030032321416826
33	12	房子	4.668340280382964
33	13	。	1.9798973645277727
34	1	我	7.817894257099529
34	2	见	12.175840608805927
34	3	过	1.0395418566946795
34	4	那	5.370668041967356
34	5	个	4.601260046455739
34	6	认识	11.740793599325844
34	7	父亲	11.607396892446701
34	8	的	0.6685827646437801
34	9	男人	7.693682582132581
34	10	买	13.32112301387847
34	11	的	8.927097641490874
34	12	房子	7.712480882050372
34	13	。	2.126370983023037
35	1	我	7.817894257099529
35	2	拒绝	12.503792979521272
35	3	了	3.348851686709029
35	4	那	6.532241264377873
35	5	条	6.392365585511655
35	6	关心	12.841346084105894
35	7	我	9.450673365500485
35	8	的	0.7940159962758173
35	9	朋友	8.565644826871086
35	10	给	10.160129212379559
35	11	的	12.261445215352154
35	12	建议	13.427894980372912
35	13	。	1.6694443961747254
36	1	我	7.817894257099529
36	2	拒绝	12.503792979521272
36	3	了	3.348851686709029
36	4	那	6.532241264377873
36	5	个	4.423792499069734
36	6	关心	11.970217731997252
36	7	我	6.528679062668267
36	8	的	0.7397612637178952
36	9	朋友	5.732290200424217
36	10	给	9.47270262838311
36	11	的	11.962389963201574
36	12	建议	13.515101530932142
36	13	。	1.873431526798484
37	1	他	4.617244443820214
37	2	在	5.261582669934022
37	3	看	10.693988850853392
37	4	那	10.950019578347696
37	5	支	10.680887329146625
37	6	我	11.7054376443757
37	7	教	14.334190262291578
37	8	数学	16.708382272549372
37	9	的	2.226203355915686
37	10	老师	11.030536136373243
37	11	用	9.763008786023534
37	12	的	5.311696880830752
37	13	笔	12.089268211064663
37	14	。	1.9896187281378275
38	1	他	4.617244443820214
38	2	在	5.261582669934022
38	3	看	10.693988850853392
38	4	那	10.950019578347696
38	5	个	5.286211045288024
38	6	我	6.971362606583035
38	7	教	10.757056365644189
38	8	数学	16.39003228840172
38	9	的	1.3805371010007832
38	10	老师	10.209718395695162
38	11	用	12.712942796970921
38	12	的	4.275341238191629
38	13	笔	12.210852068841035
38	14	。	2.0590744202128946
39	1	她	7.165311792527026
39	2	在	4.83231392848011
39	3	找	16.51297852585883
39	4	那	8.351470215959822
39	5	只	6.994499240394134
39	6	撞	16.686886791808313
39	7	了	3.27529535322639
39	8	我	5.1494118103699975
39	9	的	2.1494846853221077
39	10	女人	8.492713500639809
39	11	丢	15.854717783494664
39	12	的	8.41705866958921
39	13	鞋子	20.09324403586217
39	14	。	1.8835716126820188
40	1	她	7.165311792527026
40	2	在	4.83231392848011
40	3	找	16.51297852585883
40	4	那	8.351470215959822
40	5	个	3.0562715635916575
40	6	撞	19.04018482778052
40	7	了	2.66677061322644
40	8	我	4.641738680690096
40	9	的	1.8156669053928027
40	10	女人	8.269919390700991
40	11	丢	16.265387145483217
40	12	的	7.97461228751655
40	13	鞋子	20.263935753466143
40	14	。	2.061160009873916
41	1	我	7.817894257099529
41	2	讨厌	16.064350270888685
41	3	那	5.589160922894358
41	4	条	7.448147669190277
41	5	打扰	18.635478901571616
41	6	了	8.046528420771281
41	7	我	5.184288962791783
41	8	的	1.555903868420387
41	9	邻居	12.106257042873935
41	10	养	19.415323070682334
41	11	的	3.6174307618040444
41	12	狗	8.385223208849055
41	13	。	2.8316794488436443
42	1	我	7.817894257099529
42	2	讨厌	16.064350270888685
42	3	那	5.589160922894358
42	4	个	4.698051209870982
42	5	打扰	20.267247628330544
42	6	了	6.547668687989507
42	7	我	4.747393572763542
42	8	的	1.6423614432094666
42	9	邻居	11.387699891338627
42	10	养	18.892876432246396
42	11	的	6.519759154571432
42	12	狗	8.559685238605752
42	13	。	2.8433210474057375
43	1	他	4.617244443820214
43	2	发现	12.586022363034145
43	3	了	5.47704296385302
43	4	那	7.911376712082959
43	5	座	5.1179585173684785
43	6	写	11.271525745530703
43	7	过	9.668835296253484
43	8	书	10.090227958684295
43	9	的	0.4340879622074141
43	10	老人	14.085925166980473
43	11	修	17.045619911745405
43	12	的	7.812194544898631
43	13	桥	6.932980881777155
43	14	。	11.12561805148124
44	1	他	4.617244443820214
44	2	发现	12.586022363034145
44	3	了	5.47704296385302
44	4	那	7.911376712082959
44	5	个	5.671082053855315
44	6	写	11.378863758475688
44	7	过	7.7974801404130005
44	8	书	8.014905635623379
44	9	的	0.18412143999529462
44	10	老人	13.125893258882343
44	11	修	20.480955789767393
44	12	的	9.252749649697122
44	13	桥	13.349727577445563
44	14	。	8.725536214586185
45	1	她	7.165311792527026
45	2	评价	14.318658739731417
45	3	了	4.742727678221083
45	4	那	11.878714466002798
45	5	篇	6.6698184075273375
45	6	获	16.785821471533467
45	7	奖	12.443860889217689
45	8	的	0.27233981479798786
45	9	学生	8.12089633988414
45	10	准备	19.043424383033226
45	11	的	2.235841730017299
45	12	报告	10.230785710552837
45	13	。	0.1446266973079844
46	1	她	7.165311792527026
46	2	评价	14.318658739731417
46	3	了	4.742727678221083
46	4	那	11.878714466002798
46	5	个	5.5977843697583864
46	6	获	18.19256636067167
46	7	奖	9.368260825412591
46	8	的	0.07992247539168318
46	9	学生	6.586553092974512
46	10	准备	14.597582610623405
46	11	的	4.42262125619105
46	12	报告	14.7298425884442
46	13	。	0.3052918464474459
47	1	我	7.817894257099529
47	2	在	5.983326468270735
47	3	等	8.011742386996087
47	4	那	6.988366973100703
47	5	封	10.63491435150154
47	6	依赖	19.859134019032446
47	7	我	5.199055093114005
47	8	的	0.5546939893648073
47	9	朋友	11.833959750229852
47	10	写	11.720793993933825
47	11	的	0.787898470865315
47	12	信	0.47478635493209254
47	13	。	3.111340221454853
48	1	我	7.817894257099529
48	2	在	5.983326468270735
48	3	等	8.011742386996087
48	4	那	6.988366973100703
48	5	个	3.269004632558836
48	6	依赖	17.531806986076987
48	7	我	6.4331736915600715
48	8	的	1.047513900819844
48	9	朋友	8.498566609842236
48	10	写	11.673870260773384
48	11	的	5.69940206267421
48	12	信	7.172392986613659
48	13	。	2.8414448499593874
49	1	他	4.617244443820214
49	2	提到	14.70848174012139
49	3	了	4.322929170342096
49	4	那	8.366251081553475
49	5	堂	20.337235310738393
49	6	教	16.396650860144263
49	7	过	9.985523485257417
49	8	我	2.8163837179268256
49	9	的	3.1437415681860443
49	10	老师	9.198094542492882
49	11	教	9.372017311676373
49	12	的	13.055502019590108
49	13	课	13.80062723038634
49	14	。	5.752662961723985
50	1	他	4.617244443820214
50	2	提到	14.70848174012139
50	3	了	4.322929170342096
50	4	那	8.366251081553475
50	5	个	4.685129192965718
50	6	教	16.905567200196515
50	7	过	10.993934923964858
50	8	我	2.3298046926384615
50	9	的	3.695712715595164
50	10	老师	8.358371785812992
50	11	教	16.440294076206357
50	12	的	6.703283980812387
50	13	课	10.746018575043493
50	14	。	13.02247600844494
51	1	她	7.165311792527026
51	2	推荐	16.908493762418715
51	3	了	0.7612454760497833
51	4	那	11.331906254054065
51	5	块	10.501742560523915
51	6	喜欢	13.135197356413038
51	7	音乐	7.3973923266865
51	8	的	0.8261857957496233
51	9	医生	15.769431133667467
51	10	喜欢	16.60298261503094
51	11	的	13.892093213108609
51	12	手表	17.62954923560082
51	13	。	1.1616213873232653
52	1	她	7.165311792527026
52	2	推荐	16.908493762418715
52	3	了	0.7612454760497833
52	4	那	11.331906254054065
52	5	个	5.4408788860585275
52	6	喜欢	11.327254523083063
52	7	音乐	7.197245431470762
52	8	的	0.9025524999490813
52	9	医生	10.7190893385334
52	10	喜欢	16.57116912822626
52	11	的	6.902977620508295
52	12	手表	18.85074540521167
52	13	。	7.814421891849619
53	1	我	7.817894257099529
53	2	选择	10.89216720343029
53	3	了	0.7756424930015129
53	4	那	6.907279833683894
53	5	篇	7.245290061152222
53	6	获	18.05287994319719
53	7	奖	10.812034738891342
53	8	的	0.2062301904837227
53	9	学生	11.565541931544693
53	10	写	12.488881122441498
53	11	的	5.575667030506679
53	12	论文	6.174196867582154
53	13	。	0.960378511702686
54	1	我	7.817894257099529
54	2	选择	10.89216720343029
54	3	了	0.7756424930015129
54	4	那	6.907279833683894
54	5	个	5.550585325401951
54	6	获	17.52181445705554
54	7	奖	8.72654336003815
54	8	的	0.2938788620238242
54	9	学生	8.245539726303363
54	10	写	13.299442696564299
54	11	的	6.174947625445327
54	12	论文	8.679090462870974
54	13	。	2.724969859832541
55	1	她	7.165311792527026
55	2	喜欢	11.952242483519923
55	3	那	9.164654184534484
55	4	场	8.478923311553206
55	5	参加	14.070878343686871
55	6	过	6.266214270085236
55	7	比赛	7.4619749281316246
55	8	的	0.09481334824647547
55	9	演员	12.606649129067009
55	10	准备	14.42655933350946
55	11	的	7.455867247693277
55	12	表演	11.458649117947786
55	13	。	13.536599456315756
56	1	她	7.165311792527026
56	2	喜欢	11.952242483519923
56	3	那	9.164654184534484
56	4	个	4.671993979638938
56	5	参加	13.479794411128317
56	6	过	6.061462688282347
56	7	比赛	8.450538280778389
56	8	的	0.13366750092806257
56	9	演员	11.055037968539693
56	10	准备	15.08228538577768
56	11	的	8.186642053817351
56	12	表演	11.25532649000418
56	13	。	5.897288166212846
57	1	他	4.617244443820214
57	2	称赞	9.269612078056118
57	3	了	7.245941083142682
57	4	那	8.751099710495726
57	5	间	11.938821393401671
57	6	救	19.222454365727323
57	7	过	11.491043124048751
57	8	我	3.751640164517511
57	9	的	1.6128813710693066
57	10	警察	13.264792595555363
57	11	工作	13.57807184127671
57	12	的	2.8056685553539324
57	13	办公室	10.540230256700767
57	14	。	5.126012689893784
58	1	他	4.617244443820214
58	2	称赞	9.269612078056118
58	3	了	7.245941083142682
58	4	那	8.751099710495726
58	5	个	6.088477349588562
58	6	救	18.725031840906503
58	7	过	11.038822828477215
58	8	我	2.5831250855201944
58	9	的	1.3921009607677775
58	10	警察	13.197578791329605
58	11	工作	14.49947627207888
58	12	的	2.6098572818764296
58	13	办公室	14.822068200690751
58	14	。	5.898594823894541
59	1	我	7.817894257099529
59	2	听说	10.377988033737253
59	3	过	2.737335527825177
59	4	那	5.669238014847629
59	5	首	9.73022606608744
59	6	打	11.973212102364649
59	7	游戏	10.591175228066732
59	8	的	0.13717979186894524
59	9	孩子	12.683914745265398
59	10	写	12.873167015527684
59	11	的	3.042698864208745
59	12	诗	16.216488863559817
59	13	。	3.5995292638123573
60	1	我	7.817894257099529
60	2	听说	10.377988033737253
60	3	过	2.737335527825177
60	4	那	5.669238014847629
60	5	个	5.566158107020925
60	6	打	12.638749024430552
60	7	游戏	11.186845785367375
60	8	的	0.1924078529593416
60	9	孩子	8.047670361074303
60	10	写	12.05109854282641
60	11	的	3.5148343166013376
60	12	诗	17.03262165771332
60	13	。	3.9599172843043817
61	1	我	7.817894257099529
61	2	选择	10.89216720343029
61	3	了	0.7756424930015129
61	4	那	6.907279833683894
61	5	家	7.186036379530922
61	6	依赖	15.797216040409623
61	7	我	6.225220117864524
61	8	的	1.6233434945614462
61	9	朋友	8.41768988947701
61	10	去	4.073961619803654
61	11	的	15.38277309114126
61	12	银行	8.55608024592108
61	13	。	1.5205196086298116
62	1	我	7.817894257099529
62	2	选择	10.89216720343029
62	3	了	0.7756424930015129
62	4	那	6.907279833683894
62	5	个	5.550585325401951
62	6	依赖	17.012335976253006
62	7	我	5.922655340880034
62	8	的	1.2184663343802242
62	9	朋友	8.526756451148223
62	10	去	4.976586198562444
62	11	的	15.485763343346335
62	12	银行	9.959784697460847
62	13	。	1.7510886597098363
