sentence_id	token_id	token	surprisal
1	1	那	10.109887383647765
1	2	位	7.5995766213325116
1	3	教授	8.814004887793573
1	4	写	8.988192724469585
1	5	了	0.25787916506902775
1	6	精彩	15.343463848421855
1	7	的	0.251106921557529
1	8	书	9.076465515341177
1	9	的	14.786558546926265
1	10	内容	12.614456549832667
1	11	。	3.146157229297174
2	1	那	10.109887383647765
2	2	位	7.5995766213325116
2	3	教授	8.814004887793573
2	4	打	9.888340995818744
2	5	了	0.8005424204821594
2	6	精彩	13.179209833514243
2	7	的	0.3314740278572046
2	8	书	14.259313151950813
2	9	的	15.182123540163218
2	10	内容	13.156865873792427
2	11	。	7.652349215400022
3	1	弟弟	18.61605954649386
3	2	启动	17.06084308184069
3	3	了	3.9745669009838736
3	4	昂贵	16.066658003870806
3	5	的	1.34492032278947
3	6	车	13.779591022715685
3	7	。	5.591932620554175
4	1	弟弟	18.61605954649386
4	2	认识	13.790755624075086
4	3	了	4.682359972012691
4	4	昂贵	17.225405286939512
4	5	的	0.7488993270482851
4	6	车	14.414199202773105
4	7	。	11.392264552954359
5	1	他	4.615581227861874
5	2	拿	16.959213621970026
5	3	了	2.3457760777395684
5	4	桌子	17.059528878536746
5	5	上	12.969459409586484
5	6	的	8.481369462640636
5	7	好看	16.243892616445407
5	8	的	4.476378343150756
5	9	筷子	19.01109464691028
5	10	。	6.879874800088601
6	1	他	4.615581227861874
6	2	听	14.434038295680317
6	3	了	0.6983211628122206
6	4	桌子	19.515391014581397
6	5	上	13.579554438472094
6	6	的	5.012607473402099
6	7	好看	18.201635199421766
6	8	的	10.69273814896431
6	9	筷子	18.24145371642669
6	10	。	10.909562719990731
7	1	她	7.163939457201472
7	2	终于	11.27940153234869
7	3	实现	6.067622239334639
7	4	了	0.04065409279778365
7	5	重要	16.9683711035402
7	6	的	0.0706503146446309
7	7	理想	6.341243543891849
7	8	。	1.5959001965698008
8	1	她	7.163939457201472
8	2	终于	11.27940153234869
8	3	购买	13.669458901149735
8	4	了	0.23912206629334065
8	5	重要	16.80528303177048
8	6	的	2.542427085870102
8	7	理想	15.183678624895087
8	8	。	4.625523039947964
9	1	我	7.81709425282829
9	2	修理	18.790247412366025
9	3	了	1.2069741391093807
9	4	这个	5.228102867984198
9	5	新	5.7743756577724525
9	6	的	1.0045520474707033
9	7	电脑	7.63541505086485
9	8	。	3.9022465454429067
10	1	我	7.81709425282829
10	2	阅读	15.807025697638124
10	3	了	1.7203665599329412
10	4	这个	8.407052689497306
10	5	新	8.482700887849091
10	6	的	1.4782215743176437
10	7	电脑	12.49676850291521
10	8	。	4.655128817873148
11	1	我	7.81709425282829
11	2	邀请	15.71147716224527
11	3	过	6.997536898492491
11	4	我	2.973971754675734
11	5	的	2.1295799894232914
11	6	优秀	13.90840448397499
11	7	的	5.247442463632332
11	8	朋友	5.421613111224772
11	9	。	4.737793600185064
12	1	我	7.81709425282829
12	2	打开	17.243001357390185
12	3	过	7.924760365685174
12	4	我	4.131941762444974
12	5	的	0.650119127227434
12	6	优秀	15.942680834111187
12	7	的	4.403210295343293
12	8	朋友	6.825122022098057
12	9	。	2.576325867918385
13	1	记者	7.965770575798356
13	2	采访	7.468111172964138
13	3	了	1.4205475022082492
13	4	有名	15.556950475513606
13	5	的	0.12180387121220804
13	6	艺术家	13.276864469310311
13	7	。	1.7800069441052244
14	1	记者	7.965770575798356
14	2	制作	18.18841402581116
14	3	了	1.1887409755838547
14	4	有名	15.482579480161881
14	5	的	0.05887928177104129
14	6	艺术家	13.565559132272583
14	7	。	2.21545941884731
15	1	他	4.615581227861874
15	2	参与	16.373491696505624
15	3	了	0.8811713231436897
15	4	危险	19.137399438618793
15	5	的	2.621364976128284
15	6	战争	7.808855952090063
15	7	。	8.725633102420453
16	1	他	4.615581227861874
16	2	建造	17.39786603528327
16	3	了	2.3028120408655823
16	4	危险	14.582631893555426
16	5	的	1.22659995168123
16	6	战争	13.886259459645593
16	7	。	7.346105393576394
17	1	她	7.163939457201472
17	2	批评	11.341027429139256
17	3	了	4.058876512342671
17	4	淘气	22.80318595177398
17	5	的	1.8354646225727578
17	6	儿子	9.679774838477535
17	7	。	5.3497385587683866
18	1	她	7.163939457201472
18	2	改正	22.505893616761647
18	3	了	1.590457956752342
18	4	淘气	20.647236690602153
18	5	的	1.9518323693578026
18	6	儿子	9.237247531457342
18	7	。	2.3625318920624423
19	1	我	7.81709425282829
19	2	结束	16.77911634731657
19	3	了	0.33351843939774994
19	4	很	11.364063066962327
19	5	长	1.8810064278717817
19	6	的	0.15304642181436634
19	7	谈话	11.439793430895755
19	8	。	1.4454069059780323
20	1	我	7.81709425282829
20	2	表扬	20.31022216686433
20	3	了	1.026092958406231
20	4	很	10.88407197662146
20	5	长	6.344162722060304
20	6	的	2.442483571245738
20	7	谈话	14.59920886667917
20	8	。	4.035322697965199
21	1	他	4.615581227861874
21	2	买	15.197860292418444
21	3	了	0.6504030939870411
21	4	这些	10.271429833273874
21	5	红色	14.116592910048045
21	6	的	1.033640854429919
21	7	笔	11.978515370993243
21	8	。	4.6235384540074875
22	1	他	4.615581227861874
22	2	种	19.245487882364614
22	3	了	1.5462215305157052
22	4	这些	10.440350852494053
22	5	红色	14.960508873842763
22	6	的	1.3739116850142992
22	7	笔	11.651597271805251
22	8	。	5.509173265033496
23	1	他	4.615581227861874
23	2	提出	9.314419021160958
23	3	了	4.127551124368907
23	4	很多	11.445376053953353
23	5	重要	6.298342463917422
23	6	的	0.05659640313139391
23	7	问题	7.381728691395537
23	8	。	2.945328533052404
24	1	他	4.615581227861874
24	2	申请	17.43534161661227
24	3	了	4.755124069834814
24	4	很多	10.595433545832364
24	5	重要	6.946950954899023
24	6	的	0.36844358693257107
24	7	问题	13.833685350190983
24	8	。	5.989278047945405
25	1	这	5.987072588067543
25	2	款	15.436600808493735
25	3	药	11.976542871203065
25	4	治疗	11.686026400071476
25	5	了	2.19906766707053
25	6	他	9.550473968468424
25	7	的	2.0583062447354195
25	8	严重	10.311398877245502
25	9	的	14.510225580300755
25	10	疾病	3.692480943782641
25	11	。	4.3742220867815576
26	1	这	5.987072588067543
26	2	款	15.436600808493735
26	3	药	11.976542871203065
26	4	缓解	18.238459612571596
26	5	了	0.7220181606324942
26	6	他	8.583673596362203
26	7	的	1.8324532682295
26	8	严重	7.760913661231363
26	9	的	7.41583739785267
26	10	疾病	6.935899974708747
26	11	。	15.370576668683256
27	1	我	7.81709425282829
27	2	看	7.9853175841178805
27	3	着	6.067065838267716
27	4	奶奶	14.928245676362558
27	5	的	11.506595166831751
27	6	亲切	18.272747284425407
27	7	的	1.9852885133307012
27	8	面容	16.367065069532998
27	9	。	9.473016626385203
28	1	我	7.81709425282829
28	2	听	9.975851164254287
28	3	着	6.999788121378813
28	4	奶奶	14.725202953319737
28	5	的	3.495098050499003
28	6	亲切	11.71320255659927
28	7	的	7.252306319141844
28	8	面容	16.78598741220594
28	9	。	7.585215461042253
29	1	学者	15.009654332905807
29	2	发现	6.69012480486527
29	3	了	6.375610017365371
29	4	这个	9.774188690784605
29	5	有趣	12.631878465142783
29	6	的	0.3797066836088874
29	7	规律	16.624799945045538
29	8	。	2.870905706368333
30	1	学者	15.009654332905807
30	2	发明	10.53698373768378
30	3	了	4.804368166601424
30	4	这个	11.989619594283536
30	5	有趣	12.298834312439695
30	6	的	0.36759663281426214
30	7	规律	14.538375253614717
30	8	。	0.34305805585970006
31	1	母亲	16.48884698777478
31	2	准备	10.322964732574903
31	3	了	3.784473300043448
31	4	美味	21.95528539476662
31	5	的	3.1847962846702202
31	6	晚饭	14.338377756492733
31	7	。	13.066818126895711
32	1	母亲	16.48884698777478
32	2	责备	19.1453836704133
32	3	了	3.230477325128369
32	4	美味	19.951676544529207
32	5	的	2.6237724304285805
32	6	晚饭	14.19991160292242
32	7	。	2.94752976767964
33	1	孩子	15.291215950894074
33	2	培养	12.840256749033891
33	3	了	1.8428498980381818
33	4	这个	12.350778995070495
33	5	流行	14.613287394438863
33	6	的	1.6890316211155039
33	7	特长	14.594382588513767
33	8	。	3.2981442211401912
34	1	孩子	15.291215950894074
34	2	改正	20.202015729658736
34	3	了	3.2382572820067352
34	4	这个	11.200442559698864
34	5	流行	14.264306995119725
34	6	的	1.680792122849354
34	7	特长	17.98570632638824
34	8	。	3.7262428073173197
35	1	政府	9.99707374979628
35	2	设立	10.468793384456228
35	3	了	1.1693059510611334
35	4	最新	16.89336107462827
35	5	的	1.1849593284828899
35	6	项目	10.403701059791885
35	7	。	7.54718949030714
36	1	政府	9.99707374979628
36	2	引发	18.653503115954265
36	3	了	2.5039690306400892
36	4	最新	12.158139217021251
36	5	的	1.4167123417076226
36	6	项目	18.05143117463853
36	7	。	4.73946976187235
37	1	我	7.81709425282829
37	2	回忆	12.594872116607725
37	3	了	2.43620814622982
37	4	之前	14.134542129009812
37	5	的	1.9274575773624463
37	6	可怕	18.22268287748478
37	7	的	5.6431319876951065
37	8	经历	3.024174452054737
37	9	。	5.247359537261417
38	1	我	7.81709425282829
38	2	帮助	14.910780511779784
38	3	了	5.497316564320176
38	4	之前	15.612675025777815
38	5	的	3.692527030819484
38	6	可怕	18.590961227595052
38	7	的	6.24896200143661
38	8	经历	8.524090929399975
38	9	。	5.797983317822968
39	1	花园	17.097751072486
39	2	长满	19.03619306114703
39	3	了	6.2780886025164335
39	4	美丽	10.329031140571665
39	5	的	0.8091894012388678
39	6	草	14.055080392989879
39	7	。	4.174503903209953
40	1	花园	17.097751072486
40	2	吸引	16.049121328786228
40	3	了	0.9580788597111152
40	4	美丽	19.59044367992483
40	5	的	0.523880564317416
40	6	草	15.989440060575326
40	7	。	4.1888732007138145
41	1	雨水	17.706803659992524
41	2	清洗	18.03782106189476
41	3	了	4.261684066142472
41	4	高	12.83022643930758
41	5	的	5.946601665289435
41	6	大楼	16.924935993568127
41	7	。	1.2691077405653175
42	1	雨水	17.706803659992524
42	2	灌溉	14.114912656505059
42	3	了	6.780266048491075
42	4	高	14.743806643059571
42	5	的	3.7402012143533057
42	6	大楼	16.544276454044308
42	7	。	0.7737239992341074
43	1	我	7.81709425282829
43	2	听从	19.346081677755826
43	3	了	3.3676343189273865
43	4	老师	11.001281227969756
43	5	的	0.6552509289753274
43	6	中肯	18.383389374296428
43	7	的	6.83540695269253
43	8	建议	6.214106042942618
43	9	。	1.430819110266441
44	1	我	7.81709425282829
44	2	安装	16.63498386242548
44	3	了	0.7042032854066989
44	4	老师	14.910305511090925
44	5	的	4.049912617195318
44	6	中肯	19.355745087107884
44	7	的	9.370611663088269
44	8	建议	7.965469375772713
44	9	。	0.9506586593087292
45	1	警官	19.387595711400152
45	2	疏散	19.950425948664922
45	3	了	3.8084014999887046
45	4	紧张	15.042777059771481
45	5	的	1.2894053225264983
45	6	人群	8.497960088484732
45	7	。	13.023651815494148
46	1	警官	19.387595711400152
46	2	解除	17.611574175217633
46	3	了	2.381098087937332
46	4	紧张	14.46821740881041
46	5	的	1.061126342354676
46	6	人群	11.856065405434371
46	7	。	11.44099186704058
47	1	他	4.615581227861874
47	2	卖	17.164902590922026
47	3	过	5.304902992010074
47	4	一些	4.491017060604211
47	5	便宜	10.54537240631921
47	6	的	0.11953679476221879
47	7	化肥	10.734860022778257
47	8	。	3.038145015716424
48	1	他	4.615581227861874
48	2	摘	23.62203471345726
48	3	过	4.626179322476432
48	4	一些	8.664203817480185
48	5	便宜	14.996937199751834
48	6	的	0.929190798362562
48	7	化肥	11.07474375811664
48	8	。	4.795512646198574
49	1	她	7.163939457201472
49	2	戴	14.325469749887016
49	3	过	5.979538452910969
49	4	白色	9.454620590378873
49	5	的	3.546434946645455
49	6	耳机	16.428578238073875
49	7	。	17.431955971652165
50	1	她	7.163939457201472
50	2	穿	15.452991052990736
50	3	过	6.0004515245941406
50	4	白色	10.791039253685131
50	5	的	2.6614951010451335
50	6	耳机	16.93733547461347
50	7	。	15.787870490045975
51	1	他	4.615581227861874
51	2	在	5.260258262168749
51	3	学校	12.623669811441184
51	4	里	4.680480063155876
51	5	吃	13.95275581857332
51	6	过	2.8199732200450143
51	7	好吃	17.97822871781841
51	8	的	2.382590568499303
51	9	饭	7.610314515237022
51	10	。	3.395855708076155
52	1	他	4.615581227861874
52	2	在	5.260258262168749
52	3	学校	12.623669811441184
52	4	里	4.680480063155876
52	5	讲	6.769372198528163
52	6	过	5.6862046874096706
52	7	好吃	22.821701941097665
52	8	的	1.51058667627737
52	9	饭	15.063127546692677
52	10	。	2.3557468912417363
53	1	他	4.615581227861874
53	2	见	16.93018452240634
53	3	过	2.9641877085630455
53	4	热心	18.101547649800647
53	5	的	5.130653662457398
53	6	店长	19.312855626783318
53	7	。	15.170842976665853
54	1	他	4.615581227861874
54	2	去	15.388411889486417
54	3	过	6.609786289833778
54	4	热心	17.72822347620094
54	5	的	6.4074644964964165
54	6	店长	20.182843556839096
54	7	。	15.926841467080592
55	1	我	7.81709425282829
55	2	听	9.975851164254287
55	3	过	1.9532621365944856
55	4	这些	7.7353374416484435
55	5	熟悉	17.3733854635246
55	6	的	0.6185907862250986
55	7	声音	6.121744583985517
55	8	。	4.979664717971531
56	1	我	7.81709425282829
56	2	见	12.176395228423306
56	3	过	1.039039596976167
56	4	这些	8.544249448495147
56	5	熟悉	17.910514364311425
56	6	的	0.7778010333350522
56	7	声音	7.855282231666706
56	8	。	4.651670953809834
57	1	爷爷	18.082186515391985
57	2	安装	14.984599394322391
57	3	过	9.575530251068777
57	4	复杂	16.61622584125383
57	5	的	2.156165784862523
57	6	机器	11.866368274390744
57	7	。	2.8702441444404485
58	1	爷爷	18.082186515391985
58	2	种植	16.62197808498664
58	3	过	9.22374263348005
58	4	复杂	18.310375194302367
58	5	的	3.1298349700894903
58	6	机器	12.654515452028875
58	7	。	3.585686751655018
59	1	她	7.163939457201472
59	2	说	1.3169632392538926
59	3	过	11.46581501438194
59	4	这	9.405877792531502
59	5	些	13.07743249872782
59	6	真诚	13.192539771093962
59	7	的	2.2905449872169257
59	8	话	5.776261382224789
59	9	。	8.229225176942009
60	1	她	7.163939457201472
60	2	吃	15.57949129084199
60	3	过	2.677835966561183
60	4	这	7.919238897022023
60	5	些	10.948715394231392
60	6	真诚	14.327073214106264
60	7	的	2.3295679938171006
60	8	话	10.388905844415277
60	9	。	10.127558903161955
61	1	母亲	16.48884698777478
61	2	买	9.984766472641372
61	3	了	1.1036741094385576
61	4	彩色	13.782250720227573
61	5	的	3.2680106989816338
61	6	纸	11.334841135460884
61	7	。	15.212133745528476
62	1	母亲	16.48884698777478
62	2	喝	10.707217860882249
62	3	了	1.4428992291235332
62	4	彩色	12.811205414031711
62	5	的	4.644877181909301
62	6	纸	13.056594900535508
62	7	。	4.164304542775383
