sentence_id	token_id	token	surprisal
1	1	那	10.110052656397775
1	2	位	7.602072092352513
1	3	教授	8.813973549598842
1	4	写	8.987580650150367
1	5	了	0.25802325480541555
1	6	书	13.276065717710068
1	7	的	4.315920693726362
1	8	内容	7.0862902571194795
1	9	。	11.771533636192103
2	1	那	10.110052656397775
2	2	位	7.602072092352513
2	3	教授	8.813973549598842
2	4	打	9.888688762803685
2	5	了	0.8009974509676638
2	6	书	15.43273647724395
2	7	的	4.546754481097402
2	8	内容	11.33345429356357
2	9	。	11.921662577877768
3	1	弟弟	18.61657354703705
3	2	启动	17.062006395111787
3	3	了	3.9756931776230005
3	4	车	16.470561077601374
3	5	。	9.31216309136898
4	1	弟弟	18.61657354703705
4	2	认识	13.79101282630755
4	3	了	4.681063119824415
4	4	车	16.965632385417273
4	5	。	16.51814076332584
5	1	他	4.617244443820214
5	2	拿	16.960322053460857
5	3	了	2.3457713624783203
5	4	桌子	17.058026023461192
5	5	上	12.969311959295908
5	6	的	8.479338133472986
5	7	筷子	21.12225301455829
5	8	。	8.260520558178229
6	1	他	4.617244443820214
6	2	听	14.435713424543684
6	3	了	0.698616109795001
6	4	桌子	19.51461989720524
6	5	上	13.584142765662314
6	6	的	5.010982781451787
6	7	筷子	19.992963476852374
6	8	。	14.192730250188333
7	1	她	7.165311792527026
7	2	终于	11.277884970557961
7	3	实现	6.068950690569018
7	4	了	0.04062737588340681
7	5	理想	11.71778118855702
7	6	。	2.1261338361702187
8	1	她	7.165311792527026
8	2	终于	11.277884970557961
8	3	购买	13.66992593974491
8	4	了	0.23871129874247288
8	5	理想	16.12086563679226
8	6	。	18.726724563009668
9	1	我	7.817894257099529
9	2	修理	18.79135521591559
9	3	了	1.2086781152626784
9	4	这个	5.229979215729493
9	5	电脑	10.189650476456862
9	6	。	4.097055243982119
10	1	我	7.817894257099529
10	2	阅读	15.807896450367085
10	3	了	1.7187849797649228
10	4	这个	8.40802322123103
10	5	电脑	14.353718898039347
10	6	。	6.110720777260326
11	1	我	7.817894257099529
11	2	邀请	15.712701220538985
11	3	过	6.996329474246643
11	4	我	2.9740707089369565
11	5	的	2.129866641849361
11	6	朋友	1.2728226484487664
11	7	。	6.096254425550228
12	1	我	7.817894257099529
12	2	打开	17.244570783638668
12	3	过	7.926151081354128
12	4	我	4.132799889471961
12	5	的	0.65068574031298
12	6	朋友	7.583473245715581
12	7	。	3.620863319337701
13	1	记者	7.967457566840554
13	2	采访	7.467929241140786
13	3	了	1.419859709581436
13	4	艺术家	16.726565249240657
13	5	。	16.51010388250264
14	1	记者	7.967457566840554
14	2	制作	18.187367313689695
14	3	了	1.187814925126709
14	4	艺术家	16.485588016215885
14	5	。	6.519068529109148
15	1	他	4.617244443820214
15	2	参与	16.372854805834052
15	3	了	0.8812668753970172
15	4	战争	13.752906803887367
15	5	。	6.186683889257807
16	1	他	4.617244443820214
16	2	建造	17.39678008923319
16	3	了	2.302021133290175
16	4	战争	14.167482361770052
16	5	。	11.69501915872771
17	1	她	7.165311792527026
17	2	批评	11.339617911373859
17	3	了	4.058734479794335
17	4	儿子	14.132214071262414
17	5	。	7.984258929754468
18	1	她	7.165311792527026
18	2	改正	22.50593771380425
18	3	了	1.59071306486004
18	4	儿子	12.29703547605861
18	5	。	5.652457998678294
19	1	我	7.817894257099529
19	2	结束	16.779476580085323
19	3	了	0.3338734524575777
19	4	谈话	14.909922038479912
19	5	。	2.4256286282521984
20	1	我	7.817894257099529
20	2	表扬	20.311662068626863
20	3	了	1.0272338448791523
20	4	谈话	18.730568646564418
20	5	。	7.6456569354960635
21	1	他	4.617244443820214
21	2	买	15.197691951543932
21	3	了	0.6506498016189717
21	4	这些	10.271873313416492
21	5	笔	13.808642825575198
21	6	。	5.3832479463757394
22	1	他	4.617244443820214
22	2	种	19.24494057192046
22	3	了	1.5462497280289682
22	4	这些	10.4391451428998
22	5	笔	16.80692161009771
22	6	。	5.295154721171471
23	1	他	4.617244443820214
23	2	提出	9.313659334212193
23	3	了	4.127474028221203
23	4	很多	11.4468421301607
23	5	问题	6.80704914255065
23	6	。	4.0583365189047385
24	1	他	4.617244443820214
24	2	申请	17.43275114362946
24	3	了	4.756323283671051
24	4	很多	10.595176126158819
24	5	问题	13.41388387004966
24	6	。	7.648338073107375
25	1	这	5.988912512445055
25	2	款	15.438083623276412
25	3	药	11.975891778324346
25	4	治疗	11.685096646304807
25	5	了	2.198122418378098
25	6	他	9.55207079466794
25	7	的	2.0589787770053647
25	8	疾病	5.555456697070021
25	9	。	3.4412018690695447
26	1	这	5.988912512445055
26	2	款	15.438083623276412
26	3	药	11.975891778324346
26	4	缓解	18.23857272329269
26	5	了	0.722541002328569
26	6	他	8.584319916650259
26	7	的	1.8326896643415935
26	8	疾病	9.098560146799159
26	9	。	4.476970344608532
27	1	我	7.817894257099529
27	2	看	7.9858846280421085
27	3	着	6.067855564067598
27	4	奶奶	14.92814404098375
27	5	的	11.505398386647485
27	6	面容	22.166392817029127
27	7	。	11.578024962449717
28	1	我	7.817894257099529
28	2	听	9.97635786768532
28	3	着	6.999688954844046
28	4	奶奶	14.724026641517092
28	5	的	3.4959487188011664
28	6	面容	18.747709151139418
28	7	。	7.982699138458145
29	1	学者	15.011525752614558
29	2	发现	6.690851036211308
29	3	了	6.373817668896514
29	4	这个	9.774569058204072
29	5	规律	16.693408020943963
29	6	。	3.784394989335894
30	1	学者	15.011525752614558
30	2	发明	10.538803971531495
30	3	了	4.805650790309208
30	4	这个	11.990337006642555
30	5	规律	14.98744936036308
30	6	。	0.9231406956845873
31	1	母亲	16.49062843036879
31	2	准备	10.322408585293342
31	3	了	3.78531912530865
31	4	晚饭	18.304457085164774
31	5	。	14.531757718926308
32	1	母亲	16.49062843036879
32	2	责备	19.144600310264057
32	3	了	3.230013548130053
32	4	晚饭	15.779509005232171
32	5	。	4.0025962427011095
33	1	孩子	15.292708068344963
33	2	培养	12.84086409951953
33	3	了	1.843368185362003
33	4	这个	12.35313662267533
33	5	特长	16.663684384477513
33	6	。	2.53076936436058
34	1	孩子	15.292708068344963
34	2	改正	20.2030753453299
34	3	了	3.2398743292959153
34	4	这个	11.202233384250164
34	5	特长	18.14861601922842
34	6	。	4.2812924188897625
35	1	政府	9.998847688818437
35	2	设立	10.468523816387197
35	3	了	1.1679174692542418
35	4	项目	11.757629237941828
35	5	。	13.261148694548972
36	1	政府	9.998847688818437
36	2	引发	18.65419377068762
36	3	了	2.5030754114830316
36	4	项目	17.967177159869003
36	5	。	8.753059105886237
37	1	我	7.817894257099529
37	2	回忆	12.596217061140766
37	3	了	2.4357759058894537
37	4	之前	14.136245761231681
37	5	的	1.925943571231464
37	6	经历	3.600676739279706
37	7	。	2.7908449248547598
38	1	我	7.817894257099529
38	2	帮助	14.910670732617998
38	3	了	5.498714469016246
38	4	之前	15.613109970698286
38	5	的	3.6944649692180533
38	6	经历	12.030844966960451
38	7	。	5.844690939580765
39	1	花园	17.09804353369485
39	2	长满	19.098165330152632
39	3	了	6.149504512018076
39	4	草	14.229580267854054
39	5	。	6.036942751334394
40	1	花园	17.09804353369485
40	2	吸引	16.04895922280174
40	3	了	0.9575195128553133
40	4	草	20.187129425668772
40	5	。	8.85086263284311
41	1	雨水	17.70823486400278
41	2	清洗	18.040260026677085
41	3	了	4.260924458332212
41	4	大楼	15.707841971099803
41	5	。	3.7489487176332617
42	1	雨水	17.70823486400278
42	2	灌溉	14.114850951974827
42	3	了	6.780185694520384
42	4	大楼	15.312886090634812
42	5	。	3.6797732774667935
43	1	我	7.817894257099529
43	2	听从	19.3481084213186
43	3	了	3.365949147724571
43	4	老师	11.001464187669175
43	5	的	0.654807484618793
43	6	建议	5.157730191016263
43	7	。	1.5807588931417413
44	1	我	7.817894257099529
44	2	安装	16.635344712047488
44	3	了	0.704568877457735
44	4	老师	14.910046322390418
44	5	的	4.052182800423374
44	6	建议	10.62536866298278
44	7	。	1.7576723304676563
45	1	警官	19.387602184838755
45	2	疏散	19.950160502057408
45	3	了	3.8078434668734005
45	4	人群	11.7992903987477
45	5	。	13.455510149399274
46	1	警官	19.387602184838755
46	2	解除	17.610664381401882
46	3	了	2.37990266620875
46	4	人群	14.089249015232426
46	5	。	14.429520257537966
47	1	他	4.617244443820214
47	2	卖	17.16352473957759
47	3	过	5.3060549643431365
47	4	一些	4.492859200437401
47	5	化肥	12.551558699093412
47	6	。	3.56614158867756
48	1	他	4.617244443820214
48	2	摘	23.621235143666702
48	3	过	4.628020275939392
48	4	一些	8.665732351862118
48	5	化肥	18.05585375346761
48	6	。	4.22366050028981
49	1	她	7.165311792527026
49	2	戴	14.3254382780777
49	3	过	5.981916586415476
49	4	耳机	17.900809430729336
49	5	。	17.86164298820377
50	1	她	7.165311792527026
50	2	穿	15.45305012249037
50	3	过	6.002251844155904
50	4	耳机	18.87785044846409
50	5	。	16.30828124751688
51	1	他	4.617244443820214
51	2	在	5.261582669934022
51	3	学校	12.625115638097236
51	4	里	4.676809223774292
51	5	吃	13.952181965657669
51	6	过	2.8196249289975768
51	7	饭	7.302634970028137
51	8	。	5.304999514204695
52	1	他	4.617244443820214
52	2	在	5.261582669934022
52	3	学校	12.625115638097236
52	4	里	4.676809223774292
52	5	讲	6.769123994352359
52	6	过	5.686133749731958
52	7	饭	18.7229937629616
52	8	。	4.646140301819699
53	1	他	4.617244443820214
53	2	见	16.929062085685928
53	3	过	2.9672613241003596
53	4	店长	20.310838740323153
53	5	。	6.2461296762583345
54	1	他	4.617244443820214
54	2	去	15.39033698196676
54	3	过	6.610247284529159
54	4	店长	21.327062324249184
54	5	。	14.563737320620312
55	1	我	7.817894257099529
55	2	听	9.97635786768532
55	3	过	1.9534673062703192
55	4	这些	7.735888816576878
55	5	声音	7.706352773024538
55	6	。	5.756005698161097
56	1	我	7.817894257099529
56	2	见	12.175840608805927
56	3	过	1.0395418566946795
56	4	这些	8.543947188659338
56	5	声音	9.519147532913657
56	6	。	5.0485823822868525
57	1	爷爷	18.08077754792908
57	2	安装	14.985795200347695
57	3	过	9.575409004138187
57	4	机器	15.138303813033637
57	5	。	3.4036275802443186
58	1	爷爷	18.08077754792908
58	2	种植	16.62365077415687
58	3	过	9.22160704424578
58	4	机器	16.239229304845246
58	5	。	5.567736558536261
59	1	她	7.165311792527026
59	2	说	1.3171809187116335
59	3	过	11.467456368746614
59	4	这	9.407584076066492
59	5	些	13.076365657194124
59	6	话	3.6700477735350887
59	7	。	5.826543590055124
60	1	她	7.165311792527026
60	2	吃	15.57857126022297
60	3	过	2.678123900891446
60	4	这	7.9188448934763045
60	5	些	10.948882799399023
60	6	话	8.48727743050484
60	7	。	12.876048318143404
61	1	母亲	16.49062843036879
61	2	买	9.985368367495774
61	3	了	1.1032869795744666
61	4	纸	14.81460904944371
61	5	。	7.446275385735078
62	1	母亲	16.49062843036879
62	2	喝	10.707946168354312
62	3	了	1.4428363194337166
62	4	纸	13.818559269098973
62	5	。	5.449711221734098
