sentence_id	token_id	token	surprisal
1	1	随着	8.598264239576595
1	2	人民	7.9520085201744575
1	3	选择	19.209476942314055
1	4	的	1.9605353084013046
1	5	政府	17.572210743715857
1	6	发展	8.307275480285774
1	7	，	0.9959048868089226
1	8	经济	7.263119329318229
1	9	变	17.67651284822209
1	10	好	11.558900882008345
1	11	了	4.377475177314523
1	12	。	5.023543823305928
2	1	随着	8.598264239576595
2	2	人民	7.9520085201744575
2	3	选择	19.209476942314055
2	4	的	1.9605353084013046
2	5	政府	17.572210743715857
2	6	发展	8.307275480285774
2	7	。	15.028783117515353
3	1	随着	8.598264239576595
3	2	人民	7.9520085201744575
3	3	需要	18.823680449957976
3	4	的	1.3456685459297617
3	5	互联网	22.34418933850123
3	6	的	6.67754182454847
3	7	出现	8.647506162714848
3	8	，	0.02789100571469305
3	9	生活	11.34721002880373
3	10	质量	4.112679244072396
3	11	提高	4.389719776184393
3	12	了	0.9021468490738442
3	13	。	12.980610632123202
4	1	随着	8.598264239576595
4	2	人民	7.9520085201744575
4	3	需要	18.823680449957976
4	4	的	1.3456685459297617
4	5	互联网	22.34418933850123
4	6	的	6.67754182454847
4	7	出现	8.647506162714848
4	8	。	13.241528897797764
5	1	随着	8.598264239576595
5	2	一阵	17.971229998371506
5	3	司机	17.886158411451294
5	4	播放	20.998973977923853
5	5	的	2.9285714437215233
5	6	铃声	15.337052742542085
5	7	，	0.7989297110816693
5	8	火车	14.433337606065678
5	9	开	13.9104909565159
5	10	了	0.9618354506357463
5	11	。	9.450805606418498
6	1	随着	8.598264239576595
6	2	一阵	17.971229998371506
6	3	司机	17.886158411451294
6	4	播放	20.998973977923853
6	5	的	2.9285714437215233
6	6	铃声	15.337052742542085
6	7	。	13.654294190591955
7	1	随着	8.598264239576595
7	2	我	13.426306264532132
7	3	认识	10.210771579210085
7	4	的	5.472922151901756
7	5	他	11.969095454554349
7	6	的	1.6208770156165002
7	7	年龄	12.121677246913698
7	8	增长	9.704964669124458
7	9	，	3.648079510112865
7	10	他	3.6620566985987466
7	11	更	7.820594149412372
7	12	有	5.124719028367181
7	13	自信	10.190269350521703
7	14	了	6.360428706471737
7	15	。	0.05170098353943331
8	1	随着	8.598264239576595
8	2	我	13.426306264532132
8	3	认识	10.210771579210085
8	4	的	5.472922151901756
8	5	他	11.969095454554349
8	6	的	1.6208770156165002
8	7	年龄	12.121677246913698
8	8	增长	9.704964669124458
8	9	。	16.238256970967043
9	1	随着	8.598264239576595
9	2	我	13.426306264532132
9	3	不	7.762112821760798
9	4	喜欢	6.401569038835568
9	5	的	5.446004690667515
9	6	冬天	13.85869482730223
9	7	的	6.542461022666295
9	8	到来	12.320318770313278
9	9	，	2.5957136056699
9	10	树木	16.47199229066061
9	11	凋零	19.1780955828454
9	12	了	4.194894339883859
9	13	。	9.696110963678976
10	1	随着	8.598264239576595
10	2	我	13.426306264532132
10	3	不	7.762112821760798
10	4	喜欢	6.401569038835568
10	5	的	5.446004690667515
10	6	冬天	13.85869482730223
10	7	的	6.542461022666295
10	8	到来	12.320318770313278
10	9	。	12.80655141544409
11	1	随着	8.598264239576595
11	2	人民	7.9520085201744575
11	3	需要	18.823680449957976
11	4	的	1.3456685459297617
11	5	科技	19.169664720202462
11	6	发展	7.066176531597229
11	7	，	0.538239802934882
11	8	电脑	10.708217935701626
11	9	功能	13.10755357284387
11	10	变得	12.304707216470362
11	11	更	5.962768638442313
11	12	多	8.124405525497878
11	13	了	4.331169466102679
11	14	。	0.06446817829191787
12	1	随着	8.598264239576595
12	2	人民	7.9520085201744575
12	3	需要	18.823680449957976
12	4	的	1.3456685459297617
12	5	科技	19.169664720202462
12	6	发展	7.066176531597229
12	7	。	14.561014920734365
13	1	自从	12.799938608776557
13	2	见	15.69961924011077
13	3	了	2.6293107328986984
13	4	我	8.416306742163517
13	5	介绍	14.84009848927262
13	6	的	1.2457472521059714
13	7	他	8.913016628771366
13	8	，	8.025882744747804
13	9	她	8.255197707375743
13	10	一直	8.162969600734655
13	11	在	1.3754410600559197
13	12	写信	16.26570200018776
13	13	。	16.289841688023913
14	1	自从	12.799938608776557
14	2	见	15.69961924011077
14	3	了	2.6293107328986984
14	4	我	8.416306742163517
14	5	介绍	14.84009848927262
14	6	的	1.2457472521059714
14	7	他	8.913016628771366
14	8	。	17.98693074261554
15	1	自从	12.799938608776557
15	2	修	17.74595385831145
15	3	了	6.929701446129126
15	4	村民	12.570800397377837
15	5	需要	15.337725583213178
15	6	的	0.6944812969935583
15	7	公路	7.919350698472911
15	8	，	9.600335257947506
15	9	农村	11.958352807835439
15	10	经济	4.643384953962524
15	11	变	13.036893705824767
15	12	好	13.57363933979272
15	13	了	1.916600625364623
15	14	。	4.735726098327348
16	1	自从	12.799938608776557
16	2	修	17.74595385831145
16	3	了	6.929701446129126
16	4	村民	12.570800397377837
16	5	需要	15.337725583213178
16	6	的	0.6944812969935583
16	7	公路	7.919350698472911
16	8	。	16.48539496995788
17	1	自从	12.799938608776557
17	2	离开	14.697521145768917
17	3	她	13.718960233005475
17	4	依赖	17.121491372798936
17	5	的	3.600150543494969
17	6	家乡	10.593436785142686
17	7	，	10.183365218628879
17	8	她	7.801565943504201
17	9	一直	10.622297383226908
17	10	想念	16.974826341888104
17	11	父母	4.884494348480175
17	12	。	0.9805463518805482
18	1	自从	12.799938608776557
18	2	离开	14.697521145768917
18	3	她	13.718960233005475
18	4	依赖	17.121491372798936
18	5	的	3.600150543494969
18	6	家乡	10.593436785142686
18	7	。	17.797101122133967
19	1	自从	12.799938608776557
19	2	老师	16.654956386767108
19	3	称赞	14.438688367670675
19	4	的	15.423364664090442
19	5	他	6.1829273912044656
19	6	开始	10.167498489591765
19	7	读书	9.47695153411884
19	8	，	3.662862668616455
19	9	他	4.160928213199583
19	10	的	3.5945062953971387
19	11	成绩	12.124641901100361
19	12	提高	6.761445234242885
19	13	了	0.9617538915833563
19	14	。	12.473200011835587
20	1	自从	12.799938608776557
20	2	老师	16.654956386767108
20	3	称赞	14.438688367670675
20	4	的	15.423364664090442
20	5	他	6.1829273912044656
20	6	开始	10.167498489591765
20	7	读书	9.47695153411884
20	8	。	14.001369181348295
21	1	自从	12.799938608776557
21	2	老师	16.654956386767108
21	3	认可	15.264337390185002
21	4	的	11.100513173953608
21	5	他	5.800524679948751
21	6	获得	9.201983022618506
21	7	大奖	15.030293259666621
21	8	，	5.37284247578026
21	9	他	3.7109685452414283
21	10	不	8.93994787894762
21	11	学习	14.002736582839916
21	12	了	6.742766371640229
21	13	。	3.7717546621311158
22	1	自从	12.799938608776557
22	2	老师	16.654956386767108
22	3	认可	15.264337390185002
22	4	的	11.100513173953608
22	5	他	5.800524679948751
22	6	获得	9.201983022618506
22	7	大奖	15.030293259666621
22	8	。	15.340674054067875
23	1	自从	12.799938608776557
23	2	我	8.26034302385689
23	3	提到	10.253579181309856
23	4	的	5.583201506342501
23	5	她	9.218037427632296
23	6	认识	10.566457429419671
23	7	了	6.670097366377334
23	8	老师	15.535010698356054
23	9	，	8.97076950744578
23	10	她	5.076238313097662
23	11	努力	13.587603051983166
23	12	训练	8.39187518507589
23	13	。	13.315676971745361
24	1	自从	12.799938608776557
24	2	我	8.26034302385689
24	3	提到	10.253579181309856
24	4	的	5.583201506342501
24	5	她	9.218037427632296
24	6	认识	10.566457429419671
24	7	了	6.670097366377334
24	8	老师	15.535010698356054
24	9	。	17.675317153152946
25	1	自从	12.799938608776557
25	2	我	8.26034302385689
25	3	帮助	12.661722931668855
25	4	过	9.048210533628591
25	5	的	11.772808448744989
25	6	她	7.936326591214311
25	7	参与	16.845799611402484
25	8	了	4.845905946455986
25	9	活动	12.108054467146147
25	10	，	3.4409169880625825
25	11	她	4.60246624780126
25	12	认识	12.558696967461586
25	13	了	2.494000883761899
25	14	很多	7.849319501559208
25	15	人	4.370620337011388
25	16	。	8.424441713004285
26	1	自从	12.799938608776557
26	2	我	8.26034302385689
26	3	帮助	12.661722931668855
26	4	过	9.048210533628591
26	5	的	11.772808448744989
26	6	她	7.936326591214311
26	7	参与	16.845799611402484
26	8	了	4.845905946455986
26	9	活动	12.108054467146147
26	10	。	11.926970468634849
27	1	自从	12.799938608776557
27	2	我	8.26034302385689
27	3	关心	15.932988957603811
27	4	的	2.7290425637384885
27	5	她	10.302992429721463
27	6	学习	15.027353783920908
27	7	了	6.003617594905776
27	8	外语	11.325072058111346
27	9	，	4.7552916964399685
27	10	她	10.199152444823255
27	11	看	11.793096270067537
27	12	了	1.8423198674264114
27	13	很多	6.695280438508078
27	14	电影	9.300747074487646
27	15	。	13.51695284056629
28	1	自从	12.799938608776557
28	2	我	8.26034302385689
28	3	关心	15.932988957603811
28	4	的	2.7290425637384885
28	5	她	10.302992429721463
28	6	学习	15.027353783920908
28	7	了	6.003617594905776
28	8	外语	11.325072058111346
28	9	。	15.768955616101678
29	1	因为	10.378991940126712
29	2	喝	14.375540457476307
29	3	了	2.5740553843718175
29	4	他	12.433830889530224
29	5	买	9.840480462742988
29	6	的	9.301310110195772
29	7	酒	10.434398788165993
29	8	，	1.2207250276943569
29	9	他	6.646549551917133
29	10	摔	15.627387494009199
29	11	了	0.4321908315378806
29	12	。	3.335674388295388
30	1	因为	10.378991940126712
30	2	喝	14.375540457476307
30	3	了	2.5740553843718175
30	4	他	12.433830889530224
30	5	买	9.840480462742988
30	6	的	9.301310110195772
30	7	酒	10.434398788165993
30	8	。	8.497563593098278
31	1	因为	10.378991940126712
31	2	老师	15.651842897950639
31	3	想	9.517740140957894
31	4	见	14.548435490799157
31	5	的	8.93590571642087
31	6	他	5.387502136642389
31	7	要	8.464722496698641
31	8	迟到	19.987011611831008
31	9	了	5.027500272253334
31	10	，	2.5998284510984746
31	11	他	4.963632590042067
31	12	结束	16.127375661550303
31	13	了	0.2118125661502006
31	14	谈话	12.526979173147907
31	15	。	2.7253588259341086
32	1	因为	10.378991940126712
32	2	老师	15.651842897950639
32	3	想	9.517740140957894
32	4	见	14.548435490799157
32	5	的	8.93590571642087
32	6	他	5.387502136642389
32	7	要	8.464722496698641
32	8	迟到	19.987011611831008
32	9	了	5.027500272253334
32	10	。	3.9196067909903007
33	1	因为	10.378991940126712
33	2	我	6.118025950468118
33	3	了解	9.213445148012305
33	4	的	9.884394040142755
33	5	他	7.710115260197497
33	6	没有	7.2411182307617
33	7	练习	15.962516860557848
33	8	题目	21.182109991114885
33	9	，	1.4452778263009947
33	10	他	5.713413656745303
33	11	没有	3.086665386539849
33	12	成功	11.566376430661435
33	13	。	2.5001543630679492
34	1	因为	10.378991940126712
34	2	我	6.118025950468118
34	3	了解	9.213445148012305
34	4	的	9.884394040142755
34	5	他	7.710115260197497
34	6	没有	7.2411182307617
34	7	练习	15.962516860557848
34	8	题目	21.182109991114885
34	9	。	4.299693890271698
35	1	因为	10.378991940126712
35	2	她	7.566581282824652
35	3	得	11.926121932862376
35	4	的	9.622541656205726
35	5	疾病	16.81905525210839
35	6	，	0.51948651655524
35	7	她	4.395776526513885
35	8	拒绝	11.249303426487074
35	9	了	1.5313231746474258
35	10	演出	18.882134190931353
35	11	。	2.253616304759859
36	1	因为	10.378991940126712
36	2	她	7.566581282824652
36	3	得	11.926121932862376
36	4	的	9.622541656205726
36	5	疾病	16.81905525210839
36	6	。	4.139050796621511
37	1	因为	10.378991940126712
37	2	听	14.648496752946388
37	3	着	5.130384925074516
37	4	她	6.458479186004492
37	5	喜欢	10.734818918154744
37	6	的	14.530396892274446
37	7	音乐	9.179257312527128
37	8	，	2.4896989940646677
37	9	她	4.200250256666422
37	10	错过	17.986013672297673
37	11	了	0.6957003271331104
37	12	广播	14.262663404663058
37	13	。	4.029010910425228
38	1	因为	10.378991940126712
38	2	听	14.648496752946388
38	3	着	5.130384925074516
38	4	她	6.458479186004492
38	5	喜欢	10.734818918154744
38	6	的	14.530396892274446
38	7	音乐	9.179257312527128
38	8	。	0.9641776317218387
39	1	尽管	8.760310984412856
39	2	工人	16.194618667963518
39	3	尊敬	19.27388328042733
39	4	的	4.510854012184318
39	5	领导	15.08364131480807
39	6	已经	7.996300230229778
39	7	离去	17.947307012772356
39	8	，	0.7009720787722387
39	9	工人	12.661076584735397
39	10	还	9.663395220824142
39	11	在	2.5851830033987824
39	12	工作	9.450437456249347
39	13	。	5.361573681429974
40	1	尽管	8.760310984412856
40	2	工人	16.194618667963518
40	3	尊敬	19.27388328042733
40	4	的	4.510854012184318
40	5	领导	15.08364131480807
40	6	已经	7.996300230229778
40	7	离去	17.947307012772356
40	8	。	13.079487756988016
41	1	尽管	8.760310984412856
41	2	我	7.25163359119078
41	3	认识	11.570973440717747
41	4	的	4.566113715724196
41	5	他	13.283941893644744
41	6	年纪	16.202611066869153
41	7	小	7.2872501486672405
41	8	，	0.35265444781246913
41	9	他	5.77076618558695
41	10	有	9.619588009787037
41	11	能力	6.7157645649325985
41	12	。	9.665170198506146
42	1	尽管	8.760310984412856
42	2	我	7.25163359119078
42	3	认识	11.570973440717747
42	4	的	4.566113715724196
42	5	他	13.283941893644744
42	6	年纪	16.202611066869153
42	7	小	7.2872501486672405
42	8	。	12.259849215727357
43	1	尽管	8.760310984412856
43	2	他	6.824131912045539
43	3	教	15.54705486425813
43	4	过	4.153975924232714
43	5	的	9.42451034191501
43	6	她	11.042875058925745
43	7	会	9.06934052709002
43	8	开车	14.983802664448007
43	9	，	1.3682903290964816
43	10	她	7.052527466571021
43	11	今天	10.819677598010188
43	12	没有	10.047984562998252
43	13	开车	11.809169936472529
43	14	。	1.889335372049203
44	1	尽管	8.760310984412856
44	2	他	6.824131912045539
44	3	教	15.54705486425813
44	4	过	4.153975924232714
44	5	的	9.42451034191501
44	6	她	11.042875058925745
44	7	会	9.06934052709002
44	8	开车	14.983802664448007
44	9	。	10.068983980253407
45	1	尽管	8.760310984412856
45	2	我	7.25163359119078
45	3	欣赏	15.546392343691913
45	4	的	3.1505090098351474
45	5	作家	12.432928533051701
45	6	很	6.3401004654490265
45	7	年轻	4.265687128287297
45	8	，	0.038754439197290935
45	9	他	6.288231109739527
45	10	写	7.643324420481491
45	11	了	7.862945301094172
45	12	很多	7.10157582703107
45	13	作品	3.0179470520752574
45	14	。	3.0652239306762965
46	1	尽管	8.760310984412856
46	2	我	7.25163359119078
46	3	欣赏	15.546392343691913
46	4	的	3.1505090098351474
46	5	作家	12.432928533051701
46	6	很	6.3401004654490265
46	7	年轻	4.265687128287297
46	8	。	10.64687484070997
47	1	尽管	8.760310984412856
47	2	他	6.824131912045539
47	3	尊敬	19.81615955467805
47	4	的	4.693691335588525
47	5	父亲	8.017746210961093
47	6	不	5.1018162380471495
47	7	同意	3.860531140207712
47	8	他	2.821589457729523
47	9	唱歌	18.206681143722548
47	10	，	0.5213190373128356
47	11	他	4.476626313781495
47	12	还是	3.7773416001109297
47	13	买	11.100371357243432
47	14	了	0.44642922484921144
47	15	吉他	20.14242486791676
47	16	。	1.663321239655616
48	1	尽管	8.760310984412856
48	2	他	6.824131912045539
48	3	尊敬	19.81615955467805
48	4	的	4.693691335588525
48	5	父亲	8.017746210961093
48	6	不	5.1018162380471495
48	7	同意	3.860531140207712
48	8	他	2.821589457729523
48	9	唱歌	18.206681143722548
48	10	。	8.869096652192027
49	1	尽管	8.760310984412856
49	2	他	6.824131912045539
49	3	负责	13.078852156382222
49	4	的	1.4889359574392529
49	5	经济	9.793021062560136
49	6	不	9.33438719355086
49	7	好	9.451798992048339
49	8	，	0.26061124727664264
49	9	他	4.316029861610346
49	10	还是	3.0398936402764676
49	11	关心	11.552356126055443
49	12	慈善	12.364680829010709
49	13	。	4.357102607784071
50	1	尽管	8.760310984412856
50	2	他	6.824131912045539
50	3	负责	13.078852156382222
50	4	的	1.4889359574392529
50	5	经济	9.793021062560136
50	6	不	9.33438719355086
50	7	好	9.451798992048339
50	8	。	11.654609789849324
51	1	如果	9.358693925501102
51	2	她	8.471314718680945
51	3	做	8.936654768517638
51	4	完	6.842079118103953
51	5	老师	11.97015422193342
51	6	布置	15.043032297288192
51	7	的	4.554318982127562
51	8	作业	7.2630694944121075
51	9	，	0.04794268316169337
51	10	她	2.14111042383864
51	11	去	12.721609195626797
51	12	健身房	12.370670276972064
51	13	。	15.823949583428941
52	1	如果	9.358693925501102
52	2	她	8.471314718680945
52	3	做	8.936654768517638
52	4	完	6.842079118103953
52	5	老师	11.97015422193342
52	6	布置	15.043032297288192
52	7	的	4.554318982127562
52	8	作业	7.2630694944121075
52	9	。	12.832084609756862
53	1	如果	9.358693925501102
53	2	我	5.778603686466788
53	3	采访	15.06165980738261
53	4	过	3.309977400369654
53	5	的	4.640625775506052
53	6	她们	15.765215746771247
53	7	照	16.57572669643875
53	8	了	4.45211871518039
53	9	相	16.140140177102708
53	10	，	0.9284706988922977
53	11	她们	6.457879431384924
53	12	就	1.9995947137942238
53	13	留下	16.7617414847966
53	14	了	0.15053028489795395
53	15	回忆	12.651646429342478
53	16	。	1.820210251731254
54	1	如果	9.358693925501102
54	2	我	5.778603686466788
54	3	采访	15.06165980738261
54	4	过	3.309977400369654
54	5	的	4.640625775506052
54	6	她们	15.765215746771247
54	7	照	16.57572669643875
54	8	了	4.45211871518039
54	9	相	16.140140177102708
54	10	。	12.695799274522486
55	1	如果	9.358693925501102
55	2	培养	15.542860125374569
55	3	了	6.40555890049
55	4	她	14.00508818000667
55	5	需要	11.714968124089118
55	6	的	0.29561787429582154
55	7	信心	15.424406812474409
55	8	，	0.14413631273305327
55	9	她	2.057281468248007
55	10	可以	6.396797858287769
55	11	实现	10.20220133797659
55	12	梦想	10.571508117917375
55	13	。	0.982874919281528
56	1	如果	9.358693925501102
56	2	培养	15.542860125374569
56	3	了	6.40555890049
56	4	她	14.00508818000667
56	5	需要	11.714968124089118
56	6	的	0.29561787429582154
56	7	信心	15.424406812474409
56	8	。	13.63035785775385
57	1	如果	9.358693925501102
57	2	父亲	15.93434555929633
57	3	期待	14.754399412834424
57	4	的	13.553138822337033
57	5	他	5.20347739317419
57	6	不	6.555654686299448
57	7	尝试	12.259949326885803
57	8	，	2.311039254937427
57	9	他	2.179925487140139
57	10	将	3.21831028444646
57	11	失去	8.234256163866107
57	12	机会	5.772988158237624
57	13	。	2.5647955032760876
58	1	如果	9.358693925501102
58	2	父亲	15.93434555929633
58	3	期待	14.754399412834424
58	4	的	13.553138822337033
58	5	他	5.20347739317419
58	6	不	6.555654686299448
58	7	尝试	12.259949326885803
58	8	。	9.015203739510284
59	1	如果	9.358693925501102
59	2	母亲	14.062538808649224
59	3	喜欢	9.532559272759077
59	4	的	13.570782112020318
59	5	她	8.264968522588902
59	6	来	10.153417581111967
59	7	，	4.4175541190514735
59	8	母亲	7.090852060265206
59	9	会	3.354093355591033
59	10	准备	9.471305091267922
59	11	水果	15.620275450283955
59	12	。	3.299429417086614
60	1	如果	9.358693925501102
60	2	母亲	14.062538808649224
60	3	喜欢	9.532559272759077
60	4	的	13.570782112020318
60	5	她	8.264968522588902
60	6	来	10.153417581111967
60	7	。	9.581220075880822
