sentence_id	token_id	token	surprisal
1	1	他	4.617244443820214
1	2	喜欢	14.07613122372735
1	3	那	9.02573748050062
1	4	家	9.78970432622641
1	5	我	9.783172424044707
1	6	采访	12.305319805860158
1	7	过	0.9270608113635745
1	8	的	0.13770048015483383
1	9	老板	11.975512797882935
1	10	投资	16.645955502577593
1	11	的	11.616223336434558
1	12	饭店	15.118208735351473
1	13	。	3.5067098205191343
2	1	他	4.617244443820214
2	2	喜欢	14.07613122372735
2	3	那	9.02573748050062
2	4	个	4.682195915064437
2	5	我	8.283790793113965
2	6	采访	12.33557084000065
2	7	过	1.074959115949028
2	8	的	0.140869660473669
2	9	老板	14.981194087330131
2	10	投资	19.17327196810467
2	11	的	11.238751583540875
2	12	饭店	15.715457377521886
2	13	。	4.251638179368285
3	1	她	7.165311792527026
3	2	在	4.83231392848011
3	3	看	10.448876214687377
3	4	那	10.208351025485292
3	5	幅	7.544821188809657
3	6	我	8.857355421702913
3	7	介绍	11.83986656735378
3	8	的	0.1576680804662729
3	9	朋友	12.37947966717472
3	10	喜欢	12.875585579701863
3	11	的	0.8352096860479037
3	12	画	9.26787872623035
3	13	。	0.7958814627464932
4	1	她	7.165311792527026
4	2	在	4.83231392848011
4	3	看	10.448876214687377
4	4	那	10.208351025485292
4	5	个	4.871127227115174
4	6	我	6.278366374635517
4	7	介绍	14.923653696252074
4	8	的	0.5669254368980461
4	9	朋友	8.652617152730762
4	10	喜欢	12.892999948963293
4	11	的	4.179156340183724
4	12	画	15.700143995576894
4	13	。	1.9133791117187542
5	1	我	7.817894257099529
5	2	欣赏	14.480640346471283
5	3	那	8.011588845656913
5	4	件	4.747146855402697
5	5	我	6.8449482255568554
5	6	喜欢	6.215457034260297
5	7	的	0.3219660320081488
5	8	老师	13.335795352504114
5	9	收藏	20.677572025825526
5	10	的	2.701283915800346
5	11	艺术品	8.485285719864578
5	12	。	4.907079331746971
6	1	我	7.817894257099529
6	2	欣赏	14.480640346471283
6	3	那	8.011588845656913
6	4	个	4.3858580897125705
6	5	我	6.911208958118124
6	6	喜欢	5.87209438203292
6	7	的	0.5462383050777007
6	8	老师	10.086948008119961
6	9	收藏	21.814121633112414
6	10	的	3.1140951561536383
6	11	艺术品	9.78286687213577
6	12	。	2.4650884595961884
7	1	他	4.617244443820214
7	2	打	13.418504815199539
7	3	了	2.532302772699648
7	4	那	9.647187760041401
7	5	只	8.639627297782113
7	6	我	9.274100405395593
7	7	认识	11.066337935561904
7	8	的	0.16827283788963854
7	9	店长	18.62299059180514
7	10	喜欢	15.403105234122265
7	11	的	7.982857923110814
7	12	宠物	26.91491951317026
7	13	。	5.635105923754338
8	1	他	4.617244443820214
8	2	打	13.418504815199539
8	3	了	2.532302772699648
8	4	那	9.647187760041401
8	5	个	3.7313487469891697
8	6	我	9.042551214122184
8	7	认识	10.345417993077987
8	8	的	0.2778341218088016
8	9	店长	20.019319752071695
8	10	喜欢	16.22038512600311
8	11	的	8.501392770952648
8	12	宠物	26.42033654808104
8	13	。	5.74241804994098
9	1	我	7.817894257099529
9	2	在	5.983326468270735
9	3	思念	19.894586604940507
9	4	那	6.62925506745588
9	5	首	10.861809476955791
9	6	我	7.218453322096266
9	7	见	8.539277871901106
9	8	过	0.8443854165458475
9	9	的	0.6320579512215687
9	10	明星	13.372290853195892
9	11	唱	13.007696708211782
9	12	的	0.633517951182057
9	13	歌	1.404977538989428
9	14	。	1.9849318380746297
10	1	我	7.817894257099529
10	2	在	5.983326468270735
10	3	思念	19.894586604940507
10	4	那	6.62925506745588
10	5	个	2.8400651369490646
10	6	我	6.5538430484027685
10	7	见	9.86309808608592
10	8	过	0.7193270445561524
10	9	的	1.168992211908403
10	10	明星	12.0861710400399
10	11	唱	18.672381344771352
10	12	的	5.94124429796355
10	13	歌	5.599037229605372
10	14	。	2.559309575385953
11	1	她	7.165311792527026
11	2	拜访	17.0889939955906
11	3	了	1.4387907047205282
11	4	那	9.645747990727166
11	5	所	8.723953118023914
11	6	我	12.436708911519148
11	7	认识	9.168289516908253
11	8	的	0.32275082020824186
11	9	老人	15.229612201947091
11	10	去	15.853918184612084
11	11	的	6.094360243261534
11	12	学校	0.9720590968940996
11	13	。	10.329130438037623
12	1	她	7.165311792527026
12	2	拜访	17.0889939955906
12	3	了	1.4387907047205282
12	4	那	9.645747990727166
12	5	个	3.330847743401371
12	6	我	8.635982098821643
12	7	认识	7.840073755398713
12	8	的	0.5035748155398707
12	9	老人	13.790724940258826
12	10	去	14.250486962132996
12	11	的	14.473100667076338
12	12	学校	7.17748367293504
12	13	。	4.66505038058952
13	1	他	4.617244443820214
13	2	检查	16.514688173979593
13	3	了	0.6404109273340346
13	4	那	9.927326877656114
13	5	件	6.278784219043104
13	6	我	9.288490678761256
13	7	采访	12.018909107211329
13	8	过	1.4606289385577824
13	9	的	0.06039763275899901
13	10	司机	16.211591544801408
13	11	带	16.055577729224225
13	12	的	7.39308749802376
13	13	行李	11.632420518285272
13	14	。	6.288219491034539
14	1	他	4.617244443820214
14	2	检查	16.514688173979593
14	3	了	0.6404109273340346
14	4	那	9.927326877656114
14	5	个	5.259132636832071
14	6	我	8.805421122693069
14	7	采访	11.331712319377651
14	8	过	1.8413174959573837
14	9	的	0.2145358703691187
14	10	司机	14.52046578164358
14	11	带	15.938660555056117
14	12	的	8.650718909669152
14	13	行李	10.130114261966767
14	14	。	3.6513179700856426
15	1	我	7.817894257099529
15	2	听说	10.377988033737253
15	3	过	2.737335527825177
15	4	那	5.669238014847629
15	5	本	4.890938464825421
15	6	我	8.29295794071746
15	7	喜欢	7.912905095099383
15	8	的	0.5106956022512463
15	9	作家	14.92877285982452
15	10	写	11.2809542960631
15	11	的	4.332856940204721
15	12	书	9.479854284034587
15	13	。	4.608982760316806
16	1	我	7.817894257099529
16	2	听说	10.377988033737253
16	3	过	2.737335527825177
16	4	那	5.669238014847629
16	5	个	5.566158107020925
16	6	我	7.277023392785878
16	7	喜欢	6.801346198004751
16	8	的	0.65626593649705
16	9	作家	12.622017622956612
16	10	写	12.131719856411067
16	11	的	4.321491287049014
16	12	书	9.226751620416636
16	13	。	4.650027219214024
17	1	她	7.165311792527026
17	2	撞	21.235872728272426
17	3	了	1.3292873503818292
17	4	那	9.239161999203013
17	5	辆	5.378096950893514
17	6	我	8.444257735576812
17	7	介绍	18.58369385578189
17	8	的	0.4757261614837347
17	9	朋友	9.523893602451139
17	10	开	14.924328951148652
17	11	的	2.8682708183824985
17	12	车	2.8284054739856828
17	13	。	12.187045723760022
18	1	她	7.165311792527026
18	2	撞	21.235872728272426
18	3	了	1.3292873503818292
18	4	那	9.239161999203013
18	5	个	4.181948473762851
18	6	我	7.401841105458587
18	7	介绍	17.861336350997433
18	8	的	0.7027549912819069
18	9	朋友	7.0017693611005285
18	10	开	16.836048069373106
18	11	的	7.165222914499495
18	12	车	9.946567375660209
18	13	。	3.1023264258800083
19	1	我们	8.317258386843934
19	2	认可	18.171389245350866
19	3	了	2.1506417307707366
19	4	那	9.813540221562718
19	5	份	3.8576010668962937
19	6	他	9.964302646468255
19	7	教	15.364319067537714
19	8	的	0.5466248885672229
19	9	孩子	10.090026854993312
19	10	做	10.170398108212694
19	11	的	0.35328809510551196
19	12	作业	10.760665265211927
19	13	。	3.8276012001516904
20	1	我们	8.317258386843934
20	2	认可	18.171389245350866
20	3	了	2.1506417307707366
20	4	那	9.813540221562718
20	5	个	3.7728025995579415
20	6	他	9.76034166041881
20	7	教	13.016580182495154
20	8	的	1.2285853408028373
20	9	孩子	6.314285048563605
20	10	做	11.996961688126433
20	11	的	2.6246662567720733
20	12	作业	12.483455708433908
20	13	。	4.394866719866613
21	1	他们	7.36065620440369
21	2	接受	12.04018081100843
21	3	了	0.5773507242170517
21	4	那	11.76421089010131
21	5	份	4.365340122344946
21	6	我	9.716098708729916
21	7	采访	10.683935672652424
21	8	过	4.160853661330698
21	9	的	0.019531720730249447
21	10	老板	17.62762900548001
21	11	制定	16.179889131726554
21	12	的	1.1843668196278685
21	13	合同	10.146851518781887
21	14	。	4.338357808439596
22	1	他们	7.36065620440369
22	2	接受	12.04018081100843
22	3	了	0.5773507242170517
22	4	那	11.76421089010131
22	5	个	5.514410241854769
22	6	我	9.242951199717957
22	7	采访	10.65358199392584
22	8	过	1.686873480032503
22	9	的	0.0660221856994525
22	10	老板	17.58434320900094
22	11	制定	17.551801363252963
22	12	的	2.11501731054976
22	13	合同	11.137704852571872
22	14	。	12.578556175384733
23	1	他	4.617244443820214
23	2	离开	13.95567415640605
23	3	了	3.276385423848634
23	4	那	8.079497573720719
23	5	间	7.188207499470561
23	6	我	10.147122523954863
23	7	尊敬	14.506520946455353
23	8	的	0.05796579188363893
23	9	朋友	5.966295857530348
23	10	开	17.105712233819744
23	11	的	10.648381531369594
23	12	工厂	11.199674142101344
23	13	。	2.338784694127014
24	1	他	4.617244443820214
24	2	离开	13.95567415640605
24	3	了	3.276385423848634
24	4	那	8.079497573720719
24	5	个	3.4772430792548725
24	6	我	8.306253151208708
24	7	尊敬	14.414835718650806
24	8	的	0.08923111529695404
24	9	朋友	3.971973766079877
24	10	开	17.580511804912867
24	11	的	10.62116052491514
24	12	工厂	11.499292549863668
24	13	。	2.696550063942297
25	1	她	7.165311792527026
25	2	找	17.815463990711137
25	3	了	1.7622586649537801
25	4	那	7.67768182687033
25	5	张	6.082276149344096
25	6	我	7.6447261321616296
25	7	教	12.785711536230863
25	8	的	0.45748684641247195
25	9	孩子	9.881320249370077
25	10	照	18.322536790034633
25	11	的	3.727796552891604
25	12	照片	8.623522381180408
25	13	。	1.7219015815487921
26	1	她	7.165311792527026
26	2	找	17.815463990711137
26	3	了	1.7622586649537801
26	4	那	7.67768182687033
26	5	个	4.264519396459008
26	6	我	7.935822534038813
26	7	教	12.440657037277127
26	8	的	0.8788140671131259
26	9	孩子	3.589707596775277
26	10	照	19.013121035130702
26	11	的	3.412335484894598
26	12	照片	10.639797162034625
26	13	。	2.4293276086160205
27	1	我	7.817894257099529
27	2	需要	9.064005330187847
27	3	那	9.606675540369501
27	4	台	8.15798036522413
27	5	我们	12.414618287339366
27	6	欣赏	13.024492606508488
27	7	的	0.8503970237188554
27	8	老师	12.960928545710601
27	9	用	8.138353943270005
27	10	的	5.77513312820011
27	11	手机	13.182033306086126
27	12	。	2.5801513659675805
28	1	我	7.817894257099529
28	2	需要	9.064005330187847
28	3	那	9.606675540369501
28	4	个	4.0442746036865636
28	5	我们	13.355066242452153
28	6	欣赏	15.003152328103965
28	7	的	0.8655575135026865
28	8	老师	12.158538517340673
28	9	用	8.976722878796181
28	10	的	5.716295035824928
28	11	手机	14.889375884964082
28	12	。	2.900348254101928
29	1	他	4.617244443820214
29	2	在	5.261582669934022
29	3	画	16.356764150301714
29	4	那	11.334153465760078
29	5	朵	12.243710242427532
29	6	我	11.554082542739081
29	7	关心	14.95501521672199
29	8	的	0.5145442792234434
29	9	邻居	13.900564104103466
29	10	种	17.66824200536672
29	11	的	9.18169205108542
29	12	花	8.772358433164555
29	13	。	17.327334091694013
30	1	他	4.617244443820214
30	2	在	5.261582669934022
30	3	画	16.356764150301714
30	4	那	11.334153465760078
30	5	个	7.408403530782046
30	6	我	9.432741266323703
30	7	关心	12.68741318774238
30	8	的	0.4237755264443166
30	9	邻居	13.753733458470563
30	10	种	17.700703994813026
30	11	的	4.435234044878825
30	12	花	14.689793176235213
30	13	。	16.005113246219324
31	1	她	7.165311792527026
31	2	在	4.83231392848011
31	3	介绍	7.534538378022862
31	4	那	14.688920787900265
31	5	台	7.096637915213272
31	6	我	14.110181165640817
31	7	尊敬	17.547464383748782
31	8	的	0.5309536159938091
31	9	科学家	13.721988634529865
31	10	做	14.081694363246598
31	11	的	1.5555794219497727
31	12	电视	14.507676021272246
31	13	。	16.24957926424645
32	1	她	7.165311792527026
32	2	在	4.83231392848011
32	3	介绍	7.534538378022862
32	4	那	14.688920787900265
32	5	个	6.392692728843919
32	6	我	10.78806698861748
32	7	尊敬	15.887664093825471
32	8	的	0.1762238618444627
32	9	科学家	11.396421853716475
32	10	做	12.602415177398441
32	11	的	2.8318128991478346
32	12	电视	16.213900853767726
32	13	。	15.667684305429546
33	1	我	7.817894257099529
33	2	见	12.175840608805927
33	3	过	1.0395418566946795
33	4	那	5.370668041967356
33	5	栋	10.969593434776634
33	6	他	10.854259042780441
33	7	认识	12.07534699859879
33	8	的	0.3134603422345492
33	9	男人	14.53931260995114
33	10	买	15.520609219279791
33	11	的	2.5884297342613394
33	12	房子	2.3470068205351424
33	13	。	2.474133696125648
34	1	我	7.817894257099529
34	2	见	12.175840608805927
34	3	过	1.0395418566946795
34	4	那	5.370668041967356
34	5	个	4.601260046455739
34	6	他	9.965521672324133
34	7	认识	9.916669878543537
34	8	的	0.6038782398875355
34	9	男人	10.386971951629633
34	10	买	14.937466251942688
34	11	的	8.150879388315218
34	12	房子	8.203263003469374
34	13	。	2.6424929569636504
35	1	我	7.817894257099529
35	2	拒绝	12.503792979521272
35	3	了	3.348851686709029
35	4	那	6.532241264377873
35	5	条	6.392365585511655
35	6	我	7.812959042815152
35	7	欣赏	15.31424266074923
35	8	的	0.42425868895411156
35	9	朋友	11.899501844243446
35	10	给	9.037508310538357
35	11	的	4.184081502844492
35	12	建议	10.138258716795008
35	13	。	2.8343180502341596
36	1	我	7.817894257099529
36	2	拒绝	12.503792979521272
36	3	了	3.348851686709029
36	4	那	6.532241264377873
36	5	个	4.423792499069734
36	6	我	7.872433720626475
36	7	欣赏	14.963735128453642
36	8	的	0.3988013644047683
36	9	朋友	9.344047751892205
36	10	给	10.036938315108515
36	11	的	11.235703370376385
36	12	建议	15.463137069971964
36	13	。	2.5665099462995187
37	1	他	4.617244443820214
37	2	在	5.261582669934022
37	3	看	10.693988850853392
37	4	那	10.950019578347696
37	5	支	10.680887329146625
37	6	我	11.7054376443757
37	7	关心	15.19361624884636
37	8	的	0.3296489788703809
37	9	老师	12.228886670506682
37	10	用	10.95352048410328
37	11	的	5.092365220535839
37	12	笔	13.200751531448333
37	13	。	2.8925931490356476
38	1	他	4.617244443820214
38	2	在	5.261582669934022
38	3	看	10.693988850853392
38	4	那	10.950019578347696
38	5	个	5.286211045288024
38	6	我	6.971362606583035
38	7	关心	12.442973878385835
38	8	的	0.32570356368702846
38	9	老师	13.189200031674432
38	10	用	13.067285069406367
38	11	的	3.174006730400393
38	12	笔	12.252501419998168
38	13	。	2.9287170600730548
39	1	她	7.165311792527026
39	2	在	4.83231392848011
39	3	找	16.51297852585883
39	4	那	8.351470215959822
39	5	只	6.994499240394134
39	6	我	7.510203837293048
39	7	帮助	13.003321253152265
39	8	过	6.54110457936072
39	9	的	1.0554117540664407
39	10	女人	6.341442733652826
39	11	丢	15.810247523675471
39	12	的	8.645282016461152
39	13	鞋子	20.76775690751154
39	14	。	1.8476406570419925
40	1	她	7.165311792527026
40	2	在	4.83231392848011
40	3	找	16.51297852585883
40	4	那	8.351470215959822
40	5	个	3.0562715635916575
40	6	我	7.096253440397355
40	7	帮助	11.791177620038397
40	8	过	6.2089731272640165
40	9	的	1.772029404257566
40	10	女人	9.838692602551248
40	11	丢	16.453168744996276
40	12	的	8.477567866223694
40	13	鞋子	20.98075705719323
40	14	。	2.338049854677209
41	1	我	7.817894257099529
41	2	讨厌	16.064350270888685
41	3	那	5.589160922894358
41	4	条	7.448147669190277
41	5	我	7.500624156059139
41	6	关心	13.376667098944758
41	7	的	0.2335875167426309
41	8	邻居	12.975373158169035
41	9	养	18.954163684830107
41	10	的	6.55053373814647
41	11	狗	9.309430093094235
41	12	。	2.958474128603271
42	1	我	7.817894257099529
42	2	讨厌	16.064350270888685
42	3	那	5.589160922894358
42	4	个	4.698051209870982
42	5	我	7.011612343583643
42	6	关心	12.804373419786614
42	7	的	0.3061322589810871
42	8	邻居	14.948664901034064
42	9	养	19.032632141304944
42	10	的	6.360532477725741
42	11	狗	9.526029708762707
42	12	。	3.174767909148997
43	1	他	4.617244443820214
43	2	发现	12.586022363034145
43	3	了	5.47704296385302
43	4	那	7.911376712082959
43	5	座	5.1179585173684785
43	6	我	14.22984238038812
43	7	采访	15.89913918633924
43	8	过	0.8038322528349653
43	9	的	0.08444603699355469
43	10	老人	15.438090486215785
43	11	修	17.963904512502012
43	12	的	3.3674370383280063
43	13	桥	6.986721901031004
43	14	。	11.532460284197427
44	1	他	4.617244443820214
44	2	发现	12.586022363034145
44	3	了	5.47704296385302
44	4	那	7.911376712082959
44	5	个	5.671082053855315
44	6	我	9.449849901328271
44	7	采访	13.124764887114168
44	8	过	1.425582090121729
44	9	的	0.10747062394485596
44	10	老人	13.773724260746242
44	11	修	20.8565181904103
44	12	的	3.542762955627552
44	13	桥	12.031005656970123
44	14	。	8.149737212403096
45	1	她	7.165311792527026
45	2	评价	14.318658739731417
45	3	了	4.742727678221083
45	4	那	11.878714466002798
45	5	篇	6.6698184075273375
45	6	我	10.91231659527756
45	7	培养	13.769722305047893
45	8	的	0.9371702343103578
45	9	学生	3.7993943399058026
45	10	准备	20.440160805297737
45	11	的	7.457251688124899
45	12	报告	15.819677794985964
45	13	。	4.8216330365618205
46	1	她	7.165311792527026
46	2	评价	14.318658739731417
46	3	了	4.742727678221083
46	4	那	11.878714466002798
46	5	个	5.5977843697583864
46	6	我	9.19172449582286
46	7	培养	14.486483462730533
46	8	的	0.8218686900489303
46	9	学生	3.626669538893566
46	10	准备	15.303971046346376
46	11	的	8.68578010064077
46	12	报告	18.441260572412844
46	13	。	4.215608956058915
47	1	我	7.817894257099529
47	2	在	5.983326468270735
47	3	等	8.011742386996087
47	4	那	6.988366973100703
47	5	封	10.63491435150154
47	6	我	6.396305190355314
47	7	依赖	15.877689286117835
47	8	的	1.1892122965311458
47	9	朋友	12.714387949159551
47	10	写	11.003431010846697
47	11	的	5.957879668665228
47	12	信	7.538667374891162
47	13	。	3.017717352762361
48	1	我	7.817894257099529
48	2	在	5.983326468270735
48	3	等	8.011742386996087
48	4	那	6.988366973100703
48	5	个	3.269004632558836
48	6	我	6.457188093874507
48	7	依赖	14.857286895929562
48	8	的	1.276050621075484
48	9	朋友	10.881914272608313
48	10	写	11.991145248246
48	11	的	6.5456942392039394
48	12	信	9.795492969245501
48	13	。	3.1646771302941232
49	1	他	4.617244443820214
49	2	提到	14.70848174012139
49	3	了	4.322929170342096
49	4	那	8.366251081553475
49	5	堂	20.337235310738393
49	6	我	11.106420431940847
49	7	认识	11.125637493088533
49	8	的	0.9792040235501531
49	9	老师	16.960410181705754
49	10	教	14.593254168345553
49	11	的	5.257632459319183
49	12	课	6.886463753347343
49	13	。	8.174223573820711
50	1	他	4.617244443820214
50	2	提到	14.70848174012139
50	3	了	4.322929170342096
50	4	那	8.366251081553475
50	5	个	4.685129192965718
50	6	我	8.35827303226963
50	7	认识	8.595193245707073
50	8	过	6.953372048320375
50	9	的	0.37217766425163035
50	10	老师	13.692148664015726
50	11	教	17.551573849666795
50	12	的	6.690412143074838
50	13	课	9.03311325821727
50	14	。	6.904644083282648
51	1	她	7.165311792527026
51	2	推荐	16.908493762418715
51	3	了	0.7612454760497833
51	4	那	11.331906254054065
51	5	块	10.501742560523915
51	6	我	9.406506912727103
51	7	信任	16.658002305195296
51	8	的	0.5179362134783219
51	9	医生	14.234658179815085
51	10	喜欢	17.144702902961185
51	11	的	11.27458697203943
51	12	手表	19.839860242305136
51	13	。	2.3015978191824615
52	1	她	7.165311792527026
52	2	推荐	16.908493762418715
52	3	了	0.7612454760497833
52	4	那	11.331906254054065
52	5	个	5.4408788860585275
52	6	我	9.10735538229833
52	7	信任	16.846501739001774
52	8	的	0.5759798982848991
52	9	医生	9.867956258109416
52	10	喜欢	17.28880134202781
52	11	的	11.852561056291464
52	12	手表	19.897090166044563
52	13	。	3.2344753190169087
53	1	我	7.817894257099529
53	2	选择	10.89216720343029
53	3	了	0.7756424930015129
53	4	那	6.907279833683894
53	5	篇	7.245290061152222
53	6	她	8.415988101043403
53	7	教	12.132441639463778
53	8	的	0.6930867115455328
53	9	学生	13.451113879073695
53	10	写	8.498231062740757
53	11	的	2.4303334165883115
53	12	论文	6.768598683938734
53	13	。	1.212309480606038
54	1	我	7.817894257099529
54	2	选择	10.89216720343029
54	3	了	0.7756424930015129
54	4	那	6.907279833683894
54	5	个	5.550585325401951
54	6	她	10.704737974964466
54	7	教	12.497869859897044
54	8	的	0.7509741592120491
54	9	学生	7.241826301636465
54	10	写	11.782854998625773
54	11	的	4.996499528176699
54	12	论文	9.57337093864787
54	13	。	2.4931252917809843
55	1	她	7.165311792527026
55	2	喜欢	11.952242483519923
55	3	那	9.164654184534484
55	4	场	8.478923311553206
55	5	我	8.591741031902927
55	6	听说	14.094718655796981
55	7	过	2.5292864584389037
55	8	的	0.4242859564650914
55	9	演员	19.26189944173325
55	10	准备	14.820541039894437
55	11	的	2.171376892682204
55	12	表演	5.329474271753298
55	13	。	2.685633410892166
56	1	她	7.165311792527026
56	2	喜欢	11.952242483519923
56	3	那	9.164654184534484
56	4	个	4.671993979638938
56	5	我	8.241909814771873
56	6	听说	13.384137585620941
56	7	过	2.904358387097112
56	8	的	0.6110355381334074
56	9	演员	15.374448064943877
56	10	准备	16.378707423159128
56	11	的	6.592138807875315
56	12	表演	7.941624987994786
56	13	。	10.744285192376054
57	1	他	4.617244443820214
57	2	称赞	9.269612078056118
57	3	了	7.245941083142682
57	4	那	8.751099710495726
57	5	间	11.938821393401671
57	6	我	11.42707460665897
57	7	采访	16.010722252855196
57	8	过	1.0799368858811675
57	9	的	0.06292213981919303
57	10	警察	12.24467626487025
57	11	工作	12.237666501339831
57	12	的	2.2977197451299816
57	13	办公室	7.4340325834473475
57	14	。	3.191233574201817
58	1	他	4.617244443820214
58	2	称赞	9.269612078056118
58	3	了	7.245941083142682
58	4	那	8.751099710495726
58	5	个	6.088477349588562
58	6	我	9.211726078303883
58	7	采访	13.631398064749817
58	8	过	1.2887076121099952
58	9	的	0.1412973576841523
58	10	警察	13.079720900703286
58	11	工作	12.60492410786155
58	12	的	2.406648419561776
58	13	办公室	11.63111391409879
58	14	。	5.2337022984443
59	1	我	7.817894257099529
59	2	听说	10.377988033737253
59	3	过	2.737335527825177
59	4	那	5.669238014847629
59	5	首	9.73022606608744
59	6	他	9.397178193696732
59	7	培养	13.235266327157952
59	8	的	0.24891998474381438
59	9	孩子	6.641146591977467
59	10	写	14.053102574747939
59	11	的	2.6771363314842773
59	12	诗	9.332994039249883
59	13	。	2.580183353912247
60	1	我	7.817894257099529
60	2	听说	10.377988033737253
60	3	过	2.737335527825177
60	4	那	5.669238014847629
60	5	个	5.566158107020925
60	6	他	9.572097957816638
60	7	培养	14.000962941189641
60	8	的	0.406206531307717
60	9	孩子	2.872764215455632
60	10	写	13.927999213955609
60	11	的	3.1260013790458174
60	12	诗	16.437283210073133
60	13	。	3.581422276952239
61	1	我	7.817894257099529
61	2	选择	10.89216720343029
61	3	了	0.7756424930015129
61	4	那	6.907279833683894
61	5	家	7.186036379530922
61	6	我	7.6386954444027
61	7	依赖	14.021700296614846
61	8	的	1.2584715827340816
61	9	朋友	10.65280990818573
61	10	去	4.472878501866774
61	11	的	14.293619515611624
61	12	银行	9.292756251661004
61	13	。	1.6706670726753572
62	1	我	7.817894257099529
62	2	选择	10.89216720343029
62	3	了	0.7756424930015129
62	4	那	6.907279833683894
62	5	个	5.550585325401951
62	6	我	6.957562928777577
62	7	依赖	13.966015255262846
62	8	的	1.3769642292986646
62	9	朋友	11.119543390575863
62	10	去	5.273508641488462
62	11	的	14.495216523478987
62	12	银行	10.737508458200878
62	13	。	2.117300010504664
