sentence_id	token_id	token	surprisal
1	1	那	10.110052656397775
1	2	家	10.525395416114248
1	3	亲切	16.33655956976651
1	4	的	3.319062401040135
1	5	老板	7.569358314088262
1	6	投资	14.39465361637317
1	7	的	13.278295432637869
1	8	饭店	11.312566595876135
1	9	很	9.545158922958322
1	10	受	6.64986471417987
1	11	欢迎	0.9597415940195617
1	12	。	2.7090339506833487
2	1	那	10.110052656397775
2	2	个	6.978747240755331
2	3	亲切	14.860982440758718
2	4	的	3.7717378947553293
2	5	老板	13.09271930186273
2	6	投资	17.91820164495035
2	7	的	10.991280536455278
2	8	饭店	14.721617962142957
2	9	很	9.266189501072247
2	10	受	9.40898641077439
2	11	欢迎	0.7530452605882658
2	12	。	0.8167628055720542
3	1	那	10.110052656397775
3	2	幅	11.203898062301116
3	3	聪明	16.795776334052796
3	4	的	1.6470518215335161
3	5	朋友	15.45188012295268
3	6	喜欢	11.790988466348686
3	7	的	14.7853722435664
3	8	画	12.177301721864495
3	9	吸引	15.254975689553802
3	10	了	1.4190767124382546
3	11	我	3.557880173939978
3	12	。	1.3897455183438723
4	1	那	10.110052656397775
4	2	个	6.978747240755331
4	3	聪明	16.0590606917815
4	4	的	0.24789924827879872
4	5	朋友	4.4976446455036765
4	6	喜欢	10.631555233500698
4	7	的	14.116694687043008
4	8	画	16.638801720418115
4	9	吸引	15.840769478952296
4	10	了	2.08831256409691
4	11	我	3.3602015215748366
4	12	。	1.6690640780242347
5	1	那	10.110052656397775
5	2	件	9.32662282809156
5	3	细心	19.646054443779988
5	4	的	0.2811752693822953
5	5	老师	12.936948144932778
5	6	收藏	17.420573504434266
5	7	的	6.478041952194857
5	8	艺术品	16.19771530669213
5	9	获	19.064738872528878
5	10	了	3.1127206029164824
5	11	奖	4.7971784557957875
5	12	。	0.44005972737760146
6	1	那	10.110052656397775
6	2	个	6.978747240755331
6	3	细心	18.07676702298303
6	4	的	1.2318329690553114
6	5	老师	8.44029389044308
6	6	收藏	19.64953399209346
6	7	的	5.7189882266550285
6	8	艺术品	17.102257849450737
6	9	获	20.591548115737496
6	10	了	3.637611522530662
6	11	奖	3.9925307181897267
6	12	。	1.0049667542148626
7	1	那	10.110052656397775
7	2	只	6.750118940648209
7	3	负责	14.752054321203108
7	4	的	10.403526789423456
7	5	店长	20.02872815264746
7	6	喜欢	13.222053315675993
7	7	的	13.60831883310567
7	8	宠物	19.069293244480434
7	9	生病	17.434791820080093
7	10	了	6.284444051260692
7	11	。	0.32866291949341075
8	1	那	10.110052656397775
8	2	个	6.978747240755331
8	3	负责	13.255394025542873
8	4	的	2.543701182122696
8	5	店长	20.334175964599233
8	6	喜欢	13.53269530612441
8	7	的	12.11538739894226
8	8	宠物	22.391895074021235
8	9	生病	19.52587454395433
8	10	了	5.087429443783137
8	11	。	1.115686353962161
9	1	那	10.110052656397775
9	2	首	11.663095509173283
9	3	有名	13.667548330395128
9	4	的	0.28152425569958694
9	5	明星	12.6841840824303
9	6	唱	12.06898435186124
9	7	的	2.955593867533004
9	8	歌	4.141252759805745
9	9	很	10.748115652708677
9	10	好听	17.056114964273007
9	11	。	1.892899229720868
10	1	那	10.110052656397775
10	2	个	6.978747240755331
10	3	有名	14.279000483861036
10	4	的	0.2711141388409999
10	5	明星	12.350528074262606
10	6	唱	14.502403956648749
10	7	的	5.1203513499279865
10	8	歌	8.067801176823394
10	9	很	10.165344523050507
10	10	好听	16.39809340881837
10	11	。	2.902703760614486
11	1	那	10.110052656397775
11	2	所	11.284721887767668
11	3	富有	11.862349642471358
11	4	的	8.125818457782124
11	5	老人	14.810576916663948
11	6	去	14.408975384842954
11	7	的	11.195742619901694
11	8	学校	8.465486470376618
11	9	关闭	19.05919007141881
11	10	了	3.549328914750461
11	11	。	1.6185128901107788
12	1	那	10.110052656397775
12	2	个	6.978747240755331
12	3	富有	14.932583044762662
12	4	的	5.370208635394661
12	5	老人	13.478392699704862
12	6	去	11.588912821928666
12	7	的	10.521075340966156
12	8	学校	9.922350869791146
12	9	关闭	18.403946965053777
12	10	了	3.597022675658721
12	11	。	1.6983382997715495
13	1	那	10.110052656397775
13	2	件	9.32662282809156
13	3	紧张	18.28044838221689
13	4	的	0.43306013734915183
13	5	司机	17.552326626923893
13	6	带	9.87091880742603
13	7	的	8.192852868614281
13	8	行李	15.523777059203937
13	9	丢	16.11160296529893
13	10	了	0.9462937407696757
13	11	。	4.100653219647555
14	1	那	10.110052656397775
14	2	个	6.978747240755331
14	3	紧张	16.4349770278062
14	4	的	0.44923322860583426
14	5	司机	15.7273083584995
14	6	带	9.816037302314392
14	7	的	8.239069200048185
14	8	行李	15.881781573293367
14	9	丢	16.305723134868643
14	10	了	0.8330767144372828
14	11	。	3.3848531935679347
15	1	那	10.110052656397775
15	2	本	9.281107705956446
15	3	有名	13.837674427805219
15	4	的	0.17125293526323304
15	5	作家	12.706362433362045
15	6	写	6.906628951330433
15	7	的	6.542789115589493
15	8	书	12.564007952677898
15	9	很	7.414542520287853
15	10	受	8.361809460156763
15	11	欢迎	1.0829820163792903
15	12	。	2.8166186517699714
16	1	那	10.110052656397775
16	2	个	6.978747240755331
16	3	有名	14.279000483861036
16	4	的	0.2711141388409999
16	5	作家	10.06693768262054
16	6	写	8.92297004344438
16	7	的	4.909434814145911
16	8	书	11.610382517547663
16	9	很	6.014874995417202
16	10	受	7.597262275947031
16	11	欢迎	1.4922263279163985
16	12	。	5.388731441525948
17	1	那	10.110052656397775
17	2	辆	9.791265877806966
17	3	熟悉	17.393921922701203
17	4	的	2.0422770613959855
17	5	朋友	11.965783452771404
17	6	开	11.635339230241975
17	7	的	7.02157312014991
17	8	车	8.205991559328439
17	9	坏	14.267642857225724
17	10	了	2.0645187096868938
17	11	。	2.316445924961755
18	1	那	10.110052656397775
18	2	个	6.978747240755331
18	3	熟悉	17.1852014875185
18	4	的	1.9030701643573806
18	5	朋友	4.7456181172958765
18	6	开	13.396528373298693
18	7	的	6.708181699636
18	8	车	10.626045982111997
18	9	坏	14.698158762687996
18	10	了	2.47095459269174
18	11	。	2.27715916893402
19	1	那	10.110052656397775
19	2	份	8.412042967601051
19	3	淘气	20.886375802195506
19	4	的	1.485207561721296
19	5	孩子	13.620491953103276
19	6	做	10.728963768220694
19	7	的	4.257557190233342
19	8	作业	15.006836028006305
19	9	获	17.49557613817204
19	10	了	2.1967522460374056
19	11	奖	6.934346086911276
19	12	。	0.7360548076930655
20	1	那	10.110052656397775
20	2	个	6.978747240755331
20	3	淘气	19.260780420067118
20	4	的	2.34141876487017
20	5	孩子	5.3501188750905655
20	6	做	11.43098683127208
20	7	的	4.010350479867306
20	8	作业	16.53193937063684
20	9	获	17.596274977274646
20	10	了	2.2365372919042272
20	11	奖	8.119278932045134
20	12	。	2.5634016170611886
21	1	那	10.110052656397775
21	2	份	8.412042967601051
21	3	严格	13.572393137972877
21	4	的	1.2882998977805755
21	5	老板	17.242020751150378
21	6	制定	15.008823530944667
21	7	的	4.41973829773265
21	8	合同	7.620400231408965
21	9	到期	12.910363412902711
21	10	了	8.246714106708538
21	11	。	2.091920402701092
22	1	那	10.110052656397775
22	2	个	6.978747240755331
22	3	严格	16.351643323049867
22	4	的	1.2109603189536315
22	5	老板	16.27815961834243
22	6	制定	16.229321458645373
22	7	的	8.071211597624242
22	8	合同	12.21128352861956
22	9	到期	13.671714554944685
22	10	了	7.927009364042078
22	11	。	2.01862772946356
23	1	那	10.110052656397775
23	2	间	14.408132377291667
23	3	负责	16.093997265130255
23	4	的	3.352785687495455
23	5	朋友	9.312229737706694
23	6	开	11.826104206394206
23	7	的	6.2342149444104535
23	8	工厂	15.619472628111836
23	9	倒闭	20.909173086385607
23	10	了	4.786692659298382
23	11	。	2.9160019151564285
24	1	那	10.110052656397775
24	2	个	6.978747240755331
24	3	负责	13.255394025542873
24	4	的	2.543701182122696
24	5	朋友	8.863356930276858
24	6	开	13.793373606420701
24	7	的	6.181192325864956
24	8	工厂	16.59069739496944
24	9	倒闭	20.541633595119208
24	10	了	5.108083394594743
24	11	。	2.7036233469261077
25	1	那	10.110052656397775
25	2	张	9.406063790507671
25	3	聪明	17.839875774213812
25	4	的	1.3975452990975512
25	5	孩子	12.472413800281942
25	6	照	17.359925992243234
25	7	的	5.8077354254290015
25	8	照片	10.528601331058141
25	9	丢	21.632322623541256
25	10	了	2.604016334222763
25	11	。	2.9304918946991734
26	1	那	10.110052656397775
26	2	个	6.978747240755331
26	3	聪明	16.0590606917815
26	4	的	0.24789924827879872
26	5	孩子	3.6129839417040515
26	6	照	18.630552032788195
26	7	的	6.129852252894118
26	8	照片	12.726595642644149
26	9	丢	22.147651953199173
26	10	了	2.032467470165372
26	11	。	2.9200980955066456
27	1	那	10.110052656397775
27	2	台	10.499582316709146
27	3	负责	16.57438325031446
27	4	的	4.4266593614975775
27	5	老师	10.223053459895873
27	6	用	8.562173581933003
27	7	的	9.882351469649947
27	8	手机	12.94054449196588
27	9	很	8.383445943171864
27	10	好用	17.175675998879882
27	11	。	2.057783449764031
28	1	那	10.110052656397775
28	2	个	6.978747240755331
28	3	负责	13.255394025542873
28	4	的	2.543701182122696
28	5	老师	11.21432072080163
28	6	用	9.829178123133751
28	7	的	7.506504307545384
28	8	手机	15.85613644377954
28	9	很	7.1570812702408375
28	10	好用	17.43182057013898
28	11	。	2.795181618816713
29	1	那	10.110052656397775
29	2	朵	20.01588254602796
29	3	细心	17.940237695899402
29	4	的	1.9279674785777843
29	5	邻居	13.475891193713416
29	6	种	14.337841707920639
29	7	的	6.084226064386499
29	8	花	10.608413042327484
29	9	很	8.859724289880702
29	10	好看	10.267545447322831
29	11	。	0.9109383327952827
30	1	那	10.110052656397775
30	2	个	6.978747240755331
30	3	细心	18.07676702298303
30	4	的	1.2318329690553114
30	5	邻居	8.256773996429395
30	6	种	15.895846237578063
30	7	的	5.678721078264402
30	8	花	12.957139324729269
30	9	很	7.4498570636854
30	10	好看	10.651670190836
30	11	。	1.3183195249992394
31	1	那	10.110052656397775
31	2	台	10.499582316709146
31	3	优秀	13.726808897692962
31	4	的	0.4557905136847964
31	5	科学家	14.282975585676212
31	6	做	13.052698478049578
31	7	的	8.47475514033031
31	8	电视	14.929223662310704
31	9	坏	16.27265569427165
31	10	了	5.539209381463465
31	11	。	2.758550494118168
32	1	那	10.110052656397775
32	2	个	6.978747240755331
32	3	优秀	13.615254168073982
32	4	的	0.187719854054329
32	5	科学家	7.300523234547999
32	6	做	10.607904457758956
32	7	的	6.160237049412487
32	8	电视	15.85079627296772
32	9	坏	16.604705766868307
32	10	了	3.5318696709183826
32	11	。	3.051041634384191
33	1	那	10.110052656397775
33	2	栋	11.758963450267137
33	3	富有	14.245474189134772
33	4	的	9.924855872501624
33	5	男人	13.73543858071153
33	6	买	13.440986586827393
33	7	的	8.662638212076104
33	8	房子	9.696686646216406
33	9	起火	16.980756800947745
33	10	了	5.748799899718151
33	11	。	0.5758984427089899
34	1	那	10.110052656397775
34	2	个	6.978747240755331
34	3	富有	14.932583044762662
34	4	的	5.370208635394661
34	5	男人	5.522481024236953
34	6	买	13.784113663909444
34	7	的	9.476418579942703
34	8	房子	10.198342540294306
34	9	起火	17.65340810376246
34	10	了	4.334903536106239
34	11	。	1.424325808319594
35	1	那	10.110052656397775
35	2	条	8.683384113650133
35	3	紧张	16.467860803903168
35	4	的	1.1643685912805282
35	5	朋友	17.40898676887003
35	6	给	9.143925659525628
35	7	的	12.217787378367575
35	8	建议	15.245774905915098
35	9	很	9.18340261786139
35	10	真诚	14.915663945063002
35	11	。	0.920829631581924
36	1	那	10.110052656397775
36	2	个	6.978747240755331
36	3	紧张	16.4349770278062
36	4	的	0.44923322860583426
36	5	朋友	12.35565139284595
36	6	给	9.044950311126783
36	7	的	11.38098673751184
36	8	建议	15.838609865234162
36	9	很	9.06393407641427
36	10	真诚	14.936398435645145
36	11	。	1.7828082862671693
37	1	那	10.110052656397775
37	2	支	10.42933519270021
37	3	负责	14.36950093397968
37	4	的	6.5003780158177875
37	5	老师	13.828371907734706
37	6	用	7.9780965360456975
37	7	的	10.030574788201783
37	8	笔	10.988103571749349
37	9	坏	15.953962209097355
37	10	了	1.5590380040653855
37	11	。	1.7613478826360307
38	1	那	10.110052656397775
38	2	个	6.978747240755331
38	3	负责	13.255394025542873
38	4	的	2.543701182122696
38	5	老师	11.21432072080163
38	6	用	9.829178123133751
38	7	的	7.506504307545384
38	8	笔	15.361049436344068
38	9	坏	13.31058236331009
38	10	了	3.661277588088197
38	11	。	2.5644256500294347
39	1	那	10.110052656397775
39	2	只	6.750118940648209
39	3	内向	20.467978768748054
39	4	的	5.069060693291853
39	5	女人	9.551379835238755
39	6	丢	18.384683082862445
39	7	的	8.025817785942749
39	8	鞋子	20.4368816569082
39	9	被	9.843450947945712
39	10	找到	13.677258177283235
39	11	了	2.7934352905168964
39	12	。	0.9123653354481434
40	1	那	10.110052656397775
40	2	个	6.978747240755331
40	3	内向	17.45441525406986
40	4	的	3.7381040155006318
40	5	女人	10.309891955304906
40	6	丢	18.890886672871197
40	7	的	6.846089749563191
40	8	鞋子	22.233864678809212
40	9	被	9.650274939362674
40	10	找到	13.554233511433253
40	11	了	1.4472327943206835
40	12	。	1.0299758010012567
41	1	那	10.110052656397775
41	2	条	8.683384113650133
41	3	孤独	16.912079140706997
41	4	的	0.792098573376073
41	5	邻居	13.519994137542653
41	6	养	15.305523471050876
41	7	的	6.381599232779379
41	8	狗	10.886833502067574
41	9	生病	18.754090110985274
41	10	了	3.814748905565864
41	11	。	1.1370054015730062
42	1	那	10.110052656397775
42	2	个	6.978747240755331
42	3	孤独	18.133246215887592
42	4	的	0.8210737326303956
42	5	邻居	9.357180139179576
42	6	养	16.295818058998712
42	7	的	6.174114539630523
42	8	狗	11.81199847608093
42	9	生病	19.33806668831096
42	10	了	2.7477283848997445
42	11	。	2.1555902699416833
43	1	那	10.110052656397775
43	2	座	9.279031382481437
43	3	幽默	16.695021184998566
43	4	的	1.1973347522379783
43	5	老人	13.816575640124
43	6	修	17.04658354655529
43	7	的	6.857955208632532
43	8	桥	14.339477587626419
43	9	帮助	16.85894514214867
43	10	了	5.5796360989453575
43	11	我	4.102952537918711
43	12	。	2.417603711312296
44	1	那	10.110052656397775
44	2	个	6.978747240755331
44	3	幽默	16.63779007087616
44	4	的	0.6864748198282768
44	5	老人	15.335439476026245
44	6	修	18.39927247115473
44	7	的	4.770614036991972
44	8	桥	15.876850839764842
44	9	帮助	16.295728000572737
44	10	了	5.447059387999133
44	11	我	2.7981909711789257
44	12	。	2.2275830317492336
45	1	那	10.110052656397775
45	2	篇	9.251031931618796
45	3	认真	13.709300076914527
45	4	的	2.6645441208806986
45	5	学生	14.347074743860361
45	6	准备	17.708964344719483
45	7	的	3.5262714044074386
45	8	报告	5.416733282030094
45	9	感动	15.993894883368327
45	10	了	0.810322931856831
45	11	我	5.051865639208188
45	12	。	2.483465821280106
46	1	那	10.110052656397775
46	2	个	6.978747240755331
46	3	认真	15.252317059791512
46	4	的	1.0452386815282537
46	5	学生	9.714571578450638
46	6	准备	14.01373976366719
46	7	的	6.817707224411421
46	8	报告	16.984471062729426
46	9	感动	19.484473134806095
46	10	了	5.3051742652343705
46	11	我	5.6973370053390795
46	12	。	2.5225892683858433
47	1	那	10.110052656397775
47	2	封	11.48005684763522
47	3	亲切	15.054439665633993
47	4	的	0.7198743080872418
47	5	朋友	15.490790233711607
47	6	写	10.3797952787382
47	7	的	6.483197736889906
47	8	信	6.658603596649144
47	9	很	9.078532529793833
47	10	真诚	12.9122867530278
47	11	。	0.9801936799311619
48	1	那	10.110052656397775
48	2	个	6.978747240755331
48	3	亲切	14.860982440758718
48	4	的	3.7717378947553293
48	5	朋友	3.5297025442049588
48	6	写	11.265549846159892
48	7	的	4.846762516397533
48	8	信	9.508317107667033
48	9	很	8.7099462311716
48	10	真诚	12.71391824995915
48	11	。	1.9637183242143834
49	1	那	10.110052656397775
49	2	堂	21.485790750790713
49	3	有名	15.394375662712775
49	4	的	0.6549995449352934
49	5	老师	13.290944030463294
49	6	教	11.701654661497606
49	7	的	8.638083075872515
49	8	课	16.794257027126747
49	9	获	18.233206716564666
49	10	了	5.866730675385384
49	11	奖	4.965144704282508
49	12	。	1.374588111897424
50	1	那	10.110052656397775
50	2	个	6.978747240755331
50	3	有名	14.279000483861036
50	4	的	0.2711141388409999
50	5	老师	9.65324573545022
50	6	教	12.446593170968832
50	7	的	7.412486559254347
50	8	课	15.046820377347096
50	9	获	17.395028144065847
50	10	了	3.4060470574565755
50	11	奖	8.879401856997319
50	12	。	6.072263292916276
51	1	那	10.110052656397775
51	2	块	11.81711657884801
51	3	细心	18.36156849122265
51	4	的	2.1617787942036273
51	5	医生	17.470952989310142
51	6	喜欢	11.060336304702062
51	7	的	12.819669231301347
51	8	手表	17.38827258898891
51	9	丢	17.426508074568005
51	10	了	0.9122474309355795
51	11	。	7.528442518251978
52	1	那	10.110052656397775
52	2	个	6.978747240755331
52	3	细心	18.07676702298303
52	4	的	1.2318329690553114
52	5	医生	10.349261419301897
52	6	喜欢	10.936661212565546
52	7	的	9.432123774151755
52	8	手表	19.030753544089137
52	9	丢	14.738569536800256
52	10	了	0.2884588030322277
52	11	。	9.131197430254758
53	1	那	10.110052656397775
53	2	篇	9.251031931618796
53	3	优秀	14.554882002509967
53	4	的	0.5226704085933136
53	5	学生	10.17091889310366
53	6	写	8.595710361902853
53	7	的	7.414199040847478
53	8	论文	12.332898721768935
53	9	感动	18.73657204964472
53	10	了	1.173245664346524
53	11	我	6.494912988817347
53	12	。	4.271525283274983
54	1	那	10.110052656397775
54	2	个	6.978747240755331
54	3	优秀	13.615254168073982
54	4	的	0.187719854054329
54	5	学生	4.101556201336184
54	6	写	11.924751092853597
54	7	的	4.732828364674788
54	8	论文	13.275455099178473
54	9	感动	20.62188963903857
54	10	了	2.0168394171988098
54	11	我	5.994229204994781
54	12	。	3.3485335937638183
55	1	那	10.110052656397775
55	2	场	8.761382939510279
55	3	专业	15.558939068809892
55	4	的	2.3982908182795555
55	5	演员	17.592536894791387
55	6	准备	16.583884068186933
55	7	的	7.97549318074752
55	8	表演	15.639277540509482
55	9	很	9.706304174384158
55	10	受	5.357229931207485
55	11	欢迎	0.44226733465247037
55	12	。	0.9846224369024128
56	1	那	10.110052656397775
56	2	个	6.978747240755331
56	3	专业	11.709410261733144
56	4	的	2.8358534316132875
56	5	演员	12.539371006680518
56	6	准备	12.302545304821265
56	7	的	8.050285392490615
56	8	表演	15.9273921790179
56	9	很	8.99409439455988
56	10	受	5.416168816488323
56	11	欢迎	0.5224218521429833
56	12	。	1.1977904663835375
57	1	那	10.110052656397775
57	2	间	14.408132377291667
57	3	勇敢	15.396366802791654
57	4	的	1.495122507691086
57	5	警察	12.449481851853179
57	6	工作	14.992400717518471
57	7	的	4.19730397700873
57	8	办公室	10.070442224260589
57	9	起火	15.953517524899638
57	10	了	2.790937949887578
57	11	。	0.614282835522161
58	1	那	10.110052656397775
58	2	个	6.978747240755331
58	3	勇敢	16.19500100587469
58	4	的	0.6988006797728872
58	5	警察	12.128866968916341
58	6	工作	15.704571896425655
58	7	的	2.5284437345828863
58	8	办公室	13.336704328630447
58	9	起火	15.962877313062819
58	10	了	2.449854892352647
58	11	。	2.976780215456941
59	1	那	10.110052656397775
59	2	首	11.663095509173283
59	3	聪明	16.19477022431598
59	4	的	0.9337492076043574
59	5	孩子	12.059038542815031
59	6	写	8.858343444434809
59	7	的	5.747777491206392
59	8	诗	15.845592281062125
59	9	很	9.621452692484254
59	10	有趣	7.183239946013842
59	11	。	1.3767793536266453
60	1	那	10.110052656397775
60	2	个	6.978747240755331
60	3	聪明	16.0590606917815
60	4	的	0.24789924827879872
60	5	孩子	3.6129839417040515
60	6	写	11.397498737542413
60	7	的	4.700939275763169
60	8	诗	16.841437943142417
60	9	很	6.8325421788954515
60	10	有趣	6.674341040095683
60	11	。	4.44290691497595
61	1	那	10.110052656397775
61	2	家	10.525395416114248
61	3	细心	18.4938357166295
61	4	的	2.102050856404311
61	5	朋友	3.3473470398046743
61	6	去	9.645755441743312
61	7	的	11.086508318180691
61	8	银行	10.723053032709359
61	9	帮助	9.053829963877007
61	10	了	7.419682818413875
61	11	我	3.9464754859930906
61	12	。	2.3504609863810373
62	1	那	10.110052656397775
62	2	个	6.978747240755331
62	3	细心	18.07676702298303
62	4	的	1.2318329690553114
62	5	朋友	3.568477656135414
62	6	去	9.328332080329055
62	7	的	10.543480459573502
62	8	银行	12.233746845041814
62	9	帮助	9.290084014127459
62	10	了	7.088650339951826
62	11	我	2.9607716274088176
62	12	。	2.1382926606515014
