sentence_id	token_id	token	surprisal
1	1	那	10.11005135577776
1	2	位	7.60207051448781
1	3	教授	8.813975012101384
1	4	写	8.987582126910699
1	5	了	0.258024199316246
1	6	读者	16.56618754283995
1	7	喜欢	9.750653226087628
1	8	的	9.181783261768693
1	9	书	8.373563921513593
1	10	的	12.45758423136867
1	11	内容	7.139658339659007
1	12	。	1.6923934248370216
2	1	那	10.11005135577776
2	2	位	7.60207051448781
2	3	教授	8.813975012101384
2	4	打	9.888684811252023
2	5	了	0.8009982715150841
2	6	读者	20.22814961533954
2	7	喜欢	16.378668898044815
2	8	的	4.112672730197005
2	9	书	12.323312429642513
2	10	的	13.628413758492883
2	11	内容	14.091016036962259
2	12	。	2.4925053413487746
3	1	弟弟	18.616574371406564
3	2	启动	17.062005050860364
3	3	了	3.975690713639331
3	4	父亲	14.738872229511792
3	5	买	12.488110583475311
3	6	的	9.038397238768908
3	7	车	9.344199302453987
3	8	。	9.907685970701877
4	1	弟弟	18.616574371406564
4	2	认识	13.791013418041999
4	3	了	4.681064871315961
4	4	父亲	8.380792867979373
4	5	买	14.4383567048855
4	6	的	3.667982644926866
4	7	车	7.346795014256415
4	8	。	17.275953002476385
5	1	他	4.617249994410214
5	2	拿	16.960316491642203
5	3	了	2.3457712651680005
5	4	桌子	17.05802789168449
5	5	上	12.969315603397483
5	6	的	8.4793397397817
5	7	妈妈	17.65289794250623
5	8	放	11.788991996215302
5	9	的	5.102886411146571
5	10	筷子	21.47831317739012
5	11	。	6.05718580568373
6	1	他	4.617249994410214
6	2	听	14.43570961289946
6	3	了	0.6986145430284054
6	4	桌子	19.514621431260622
6	5	上	13.584146009357134
6	6	的	5.010980646257941
6	7	妈妈	14.853136647133802
6	8	放	17.121319165490945
6	9	的	8.065822518971757
6	10	筷子	17.774577472548316
6	11	。	9.106106361856035
7	1	她	7.165315795832697
7	2	终于	11.277883889050518
7	3	实现	6.068953991456418
7	4	了	0.04062745423887648
7	5	她	5.597700195477188
7	6	设立	15.709045387324878
7	7	的	0.49580439746301863
7	8	理想	7.644107037032235
7	9	。	1.2985359731123935
8	1	她	7.165315795832697
8	2	终于	11.277883889050518
8	3	购买	13.669926225743051
8	4	了	0.23871193523010703
8	5	她	7.173672243728561
8	6	设立	15.144577954668954
8	7	的	0.20150551371378356
8	8	理想	14.610781804908328
8	9	。	12.081868298696847
9	1	我	7.81789711492256
9	2	修理	18.79135566878106
9	3	了	1.2086791786876105
9	4	这个	5.229973275729925
9	5	父亲	15.09953272307336
9	6	使用	8.814538929754868
9	7	的	0.363354977879105
9	8	电脑	7.704031378500105
9	9	。	2.8787678548934394
10	1	我	7.81789711492256
10	2	阅读	15.807895836729422
10	3	了	1.7187889658591438
10	4	这个	8.408027918455947
10	5	父亲	12.865659179134504
10	6	使用	12.121049283419936
10	7	的	0.6771411501768299
10	8	电脑	6.886528729249115
10	9	。	3.5615120131130453
11	1	我	7.81789711492256
11	2	邀请	15.712699875654529
11	3	过	6.996323847369737
11	4	母亲	15.57710877103331
11	5	认识	13.91767985669346
11	6	的	5.080022363031787
11	7	我	7.865673573313558
11	8	的	2.535643606370442
11	9	朋友	3.0094404962686667
11	10	。	5.453166175323446
12	1	我	7.81789711492256
12	2	打开	17.24457037105418
12	3	过	7.926149732649378
12	4	母亲	12.786238708890806
12	5	认识	16.19642158652536
12	6	的	4.404190533139214
12	7	我	12.670212691321424
12	8	的	3.9050442495319544
12	9	朋友	7.735674167025309
12	10	。	2.836595583314505
13	1	记者	7.967462168446678
13	2	采访	7.467924678541632
13	3	了	1.419860209952441
13	4	人民	10.398652928758551
13	5	喜爱	18.818501635064944
13	6	的	12.414793846447864
13	7	艺术家	12.243964860005924
13	8	。	2.3673165109429135
14	1	记者	7.967462168446678
14	2	制作	18.187367040470853
14	3	了	1.1878170947527344
14	4	人民	14.037346326226377
14	5	喜爱	12.274877304608225
14	6	的	0.26645194487330315
14	7	艺术家	14.339556341003089
14	8	。	1.4506627079195482
15	1	他	4.617249994410214
15	2	参与	16.37285099207351
15	3	了	0.8812675838624244
15	4	宗教	13.195517263394063
15	5	引发	15.606614053829126
15	6	的	1.0579205381053711
15	7	战争	15.825507062313058
15	8	。	3.375034118224093
16	1	他	4.617249994410214
16	2	建造	17.39677435233932
16	3	了	2.3020217161572383
16	4	宗教	15.36642448135905
16	5	引发	15.75977373290182
16	6	的	4.058360825311503
16	7	战争	16.351233976237573
16	8	。	7.643355785898478
17	1	她	7.165315795832697
17	2	批评	11.339617696214965
17	3	了	4.058734975113392
17	4	她	6.3136523428043745
17	5	爱	11.952512254579926
17	6	的	4.727817479165267
17	7	儿子	7.599199849999593
17	8	。	6.116537857673279
18	1	她	7.165315795832697
18	2	改正	22.505939301516218
18	3	了	1.590711959270486
18	4	她	6.10256567572964
18	5	爱	12.13148686259865
18	6	的	5.962739011125336
18	7	儿子	7.483669547267695
18	8	。	0.9014696901133163
19	1	我	7.81789711492256
19	2	结束	16.77947669786094
19	3	了	0.3338740581142119
19	4	我	4.356254542576107
19	5	正在	9.417857838034656
19	6	进行	2.886781505565324
19	7	的	0.1368946150475665
19	8	谈话	12.400809840184422
19	9	。	2.416579498648943
20	1	我	7.81789711492256
20	2	表扬	20.311661005571867
20	3	了	1.0272311045277966
20	4	我	3.5582517545821446
20	5	正在	6.633225209293272
20	6	进行	5.705533628337562
20	7	的	0.15817737525851783
20	8	谈话	14.53186468552331
20	9	。	5.775753623231516
21	1	他	4.617249994410214
21	2	买	15.197686641987891
21	3	了	0.6506497091664762
21	4	这些	10.271880806505749
21	5	我	12.757156140458115
21	6	喜欢	6.068758003879587
21	7	的	0.6369507393073803
21	8	笔	13.70376261516354
21	9	。	3.5072112380815312
22	1	他	4.617249994410214
22	2	种	19.244933622081213
22	3	了	1.5462502367414537
22	4	这些	10.439144513392119
22	5	我	12.858583059456485
22	6	喜欢	5.128185250469137
22	7	的	0.8905020468038174
22	8	笔	13.473530863854748
22	9	。	3.1790946133136373
23	1	他	4.617249994410214
23	2	提出	9.313657925300863
23	3	了	4.127472736952983
23	4	很多	11.446833723328098
23	5	他	10.847933289894126
23	6	不	5.203324079148437
23	7	理解	7.065051026371584
23	8	的	0.16132950627203257
23	9	问题	4.364103074581109
23	10	。	5.161701164389477
24	1	他	4.617249994410214
24	2	申请	17.432745054408855
24	3	了	4.7563235134109725
24	4	很多	10.595169322371405
24	5	他	9.277757289445944
24	6	不	6.679264396469534
24	7	理解	7.699916779248845
24	8	的	0.09485276467597004
24	9	问题	9.974905080469746
24	10	。	8.094991987767528
25	1	这	5.988914458024086
25	2	款	15.438076641162242
25	3	药	11.97589014625623
25	4	治疗	11.685097306157083
25	5	了	2.1981252475986395
25	6	医生	11.544964767039687
25	7	诊断	12.981811700156179
25	8	的	3.0754883583926045
25	9	他	12.143836876661595
25	10	的	3.058330625828063
25	11	疾病	5.723772360831035
25	12	。	16.204430832976698
26	1	这	5.988914458024086
26	2	款	15.438076641162242
26	3	药	11.97589014625623
26	4	缓解	18.238572446429288
26	5	了	0.7225413160982654
26	6	医生	9.000510960550251
26	7	诊断	13.855171066923319
26	8	的	3.386471452541315
26	9	他	15.412595660983015
26	10	的	5.055066873509773
26	11	疾病	8.866766115939981
26	12	。	1.6576093032667956
27	1	我	7.81789711492256
27	2	看	7.9858857482532
27	3	着	6.067852706381137
27	4	我	4.494239289615116
27	5	想念	17.509056354647196
27	6	的	6.968825501730528
27	7	奶奶	13.939065411496578
27	8	的	8.41491072241351
27	9	面容	17.06227996334067
27	10	。	10.1176286857185
28	1	我	7.81789711492256
28	2	听	9.976358937591211
28	3	着	6.9996856077609415
28	4	我	5.847202814389192
28	5	想念	16.353385670687757
28	6	的	9.327461025593173
28	7	奶奶	14.090450724602313
28	8	的	8.300662926877976
28	9	面容	17.774650600637642
28	10	。	9.670913227443705
29	1	学者	15.011527876566054
29	2	发现	6.690851006119972
29	3	了	6.373812262924904
29	4	这个	9.77456946364823
29	5	古人	15.361324593297894
29	6	留下	7.53501343414591
29	7	的	0.01614015470466512
29	8	规律	15.573165755875806
29	9	。	1.2732584282972397
30	1	学者	15.011527876566054
30	2	发明	10.53880496159996
30	3	了	4.805652696429515
30	4	这个	11.990335717951492
30	5	古人	14.835598050959192
30	6	留下	9.476557526101978
30	7	的	0.021301314913785063
30	8	规律	14.669439700349798
30	9	。	0.346166327257734
31	1	母亲	16.49063001615744
31	2	准备	10.322409665157693
31	3	了	3.7853245662463273
31	4	儿子	11.625406012163548
31	5	喜欢	19.056513861710656
31	6	的	3.978648995727987
31	7	晚饭	14.07253211868661
31	8	。	13.52892687379611
32	1	母亲	16.49063001615744
32	2	责备	19.14460189400875
32	3	了	3.230014373786126
32	4	儿子	6.831720144063262
32	5	喜欢	18.192700345597096
32	6	的	7.200453017983193
32	7	晚饭	13.19112651603659
32	8	。	2.957260096394023
33	1	孩子	15.292708920702747
33	2	培养	12.840863661511658
33	3	了	1.8433686314403843
33	4	这个	12.35313206275697
33	5	母亲	8.35677945809121
33	6	欣赏	18.753990415723244
33	7	的	1.1632121461059057
33	8	特长	13.207432922180644
33	9	。	1.7106278646178055
34	1	孩子	15.292708920702747
34	2	改正	20.203073334097578
34	3	了	3.2398844845162955
34	4	这个	11.202234418612157
34	5	母亲	9.692313965310163
34	6	欣赏	16.057039346604327
34	7	的	1.0029931943280417
34	8	特长	16.423433209630417
34	9	。	2.7020098724792945
35	1	政府	9.99884982688869
35	2	设立	10.468520307576771
35	3	了	1.1679165182085605
35	4	媒体	14.95425954253405
35	5	提倡	15.103859660851619
35	6	的	3.5399406084346623
35	7	项目	15.558535027850105
35	8	。	11.505399865550714
36	1	政府	9.99884982688869
36	2	引发	18.654198925432834
36	3	了	2.5030658832685653
36	4	媒体	8.916335897217
36	5	提倡	13.402195221505167
36	6	的	5.62843128805892
36	7	项目	21.058436221700937
36	8	。	5.690988972371187
37	1	我	7.81789711492256
37	2	回忆	12.596217762673426
37	3	了	2.4357771553766945
37	4	同学	16.348840865008707
37	5	提到	15.145174832403534
37	6	的	0.7064229917539748
37	7	之前	16.253539700782042
37	8	的	3.78988024551424
37	9	经历	5.377546327588206
37	10	。	10.17848163018813
38	1	我	7.81789711492256
38	2	帮助	14.910669742276266
38	3	了	5.4987121245817825
38	4	同学	12.01648573603483
38	5	提到	18.50262361174569
38	6	的	11.862559252635549
38	7	之前	16.460433326950806
38	8	的	10.2136043386988
38	9	经历	14.546252223742016
38	10	。	7.31094150990495
39	1	花园	17.0980448670304
39	2	长满	19.09816570444905
39	3	了	6.149495673791556
39	4	爷爷	17.643645641804852
39	5	种	12.697964084911888
39	6	的	1.0303543620470208
39	7	草	11.82489118038231
39	8	。	2.854399548645233
40	1	花园	17.0980448670304
40	2	吸引	16.048955696756952
40	3	了	0.9575198913246084
40	4	爷爷	21.81362047252312
40	5	种	13.528919632884481
40	6	的	8.592593023503795
40	7	草	13.662124086622583
40	8	。	1.9165345229188944
41	1	雨水	17.70823596768685
41	2	清洗	18.040262613667313
41	3	了	4.260915967617407
41	4	父亲	15.926613465164351
41	5	建造	14.945205234567972
41	6	的	1.3461331406549846
41	7	大楼	13.184493289030542
41	8	。	0.9045156983237916
42	1	雨水	17.70823596768685
42	2	灌溉	14.114856566912653
42	3	了	6.7801726297660565
42	4	父亲	17.012648251007306
42	5	建造	17.111116187158153
42	6	的	3.8166550533649115
42	7	大楼	13.841267446505654
42	8	。	0.5620517808069394
43	1	我	7.81789711492256
43	2	听从	19.348107906941028
43	3	了	3.3659491296137354
43	4	母亲	12.916719009460529
43	5	认同	20.20997240688324
43	6	的	2.7718904828465796
43	7	老师	13.42637613474406
43	8	的	4.216130275665165
43	9	建议	7.468581937661483
43	10	。	0.7136260869905584
44	1	我	7.81789711492256
44	2	安装	16.635343531567123
44	3	了	0.7045702028466323
44	4	母亲	16.42287869156152
44	5	认同	17.174838560929693
44	6	的	6.546032348048719
44	7	老师	12.20225638352818
44	8	的	11.68099502729035
44	9	建议	14.047258255397722
44	10	。	0.7547953140286552
45	1	警官	19.387606591387545
45	2	疏散	19.950152492228227
45	3	了	3.8078404668710206
45	4	他	8.956356060813818
45	5	看到	11.036469287242014
45	6	的	0.07188917469843403
45	7	人群	10.949974117654413
45	8	。	11.81220272673113
46	1	警官	19.387606591387545
46	2	解除	17.610660152594434
46	3	了	2.3798954106902315
46	4	他	6.732183029635834
46	5	看到	14.867153653476173
46	6	的	0.5175542591264346
46	7	人群	12.458432822948154
46	8	。	10.45514965299418
47	1	他	4.617249994410214
47	2	卖	17.16351791931882
47	3	过	5.306058725529901
47	4	一些	4.49286211912408
47	5	奶奶	15.803909993929693
47	6	买	8.550766694678636
47	7	了	2.5539268551456047
47	8	的	5.6854838354864725
47	9	化肥	10.878364103217734
47	10	。	2.016978218120599
48	1	他	4.617249994410214
48	2	摘	23.621230204232077
48	3	过	4.628018661291847
48	4	一些	8.66572914635455
48	5	奶奶	16.754532869858636
48	6	买	12.040933736204678
48	7	了	1.8712683137725747
48	8	的	6.695038936434543
48	9	化肥	11.594286862809113
48	10	。	2.7762892739383744
49	1	她	7.165315795832697
49	2	戴	14.325439188838043
49	3	过	5.9819158507498535
49	4	我	10.08274141846983
49	5	买	14.287779185800304
49	6	的	8.785633918948285
49	7	耳机	20.168516422155527
49	8	。	15.109939010689175
50	1	她	7.165315795832697
50	2	穿	15.45304741722919
50	3	过	6.002251567388026
50	4	我	8.721232460502954
50	5	买	14.369824510243966
50	6	的	0.7306778300230263
50	7	耳机	19.428720436385163
50	8	。	12.210847565498469
51	1	他	4.617249994410214
51	2	在	5.261581379381969
51	3	学校	12.625118859701887
51	4	里	4.67680980884732
51	5	吃	13.952176827674208
51	6	过	2.819630330690863
51	7	厨师	17.880289322167833
51	8	做	12.489445553275672
51	9	的	9.854946115917983
51	10	饭	11.471581654090954
51	11	。	5.231085829967029
52	1	他	4.617249994410214
52	2	在	5.261581379381969
52	3	学校	12.625118859701887
52	4	里	4.67680980884732
52	5	讲	6.769129408120641
52	6	过	5.686127923883895
52	7	厨师	20.170616152862713
52	8	做	8.276473776500033
52	9	的	7.113512514021366
52	10	饭	16.802086414746583
52	11	。	1.7792819620033669
53	1	他	4.617249994410214
53	2	见	16.929057742727956
53	3	过	2.967264637891464
53	4	我	8.858791970103102
53	5	认识	12.286959368532195
53	6	的	0.4990680082278871
53	7	店长	20.126459699949756
53	8	。	5.575699747639845
54	1	他	4.617249994410214
54	2	去	15.390334537203978
54	3	过	6.610244407087045
54	4	我	8.00526247704692
54	5	认识	13.631647634591744
54	6	的	0.17833438044301175
54	7	店长	21.962122717766803
54	8	。	12.161021637226838
55	1	我	7.81789711492256
55	2	听	9.976358937591211
55	3	过	1.953465025129418
55	4	这些	7.735890902890553
55	5	孩子	10.246855378587536
55	6	制造	20.113446924167604
55	7	的	0.5021673502934973
55	8	声音	9.718036925554664
55	9	。	3.718480665291679
56	1	我	7.81789711492256
56	2	见	12.175840143661638
56	3	过	1.0395435402211
56	4	这些	8.543950204166816
56	5	孩子	9.165129278881494
56	6	制造	16.95409952270434
56	7	的	5.578558133512068
56	8	声音	12.809430827445276
56	9	。	2.90220341861324
57	1	爷爷	18.080781918042213
57	2	安装	14.985795142342141
57	3	过	9.575413615720464
57	4	他	9.889467460342189
57	5	设计	7.230098148020119
57	6	的	0.18362011111017296
57	7	机器	12.331573608349863
57	8	。	2.0922808465318354
58	1	爷爷	18.080781918042213
58	2	种植	16.623650079591386
58	3	过	9.22161126184006
58	4	他	9.330974938568183
58	5	设计	11.95869402350521
58	6	的	0.14313806521352035
58	7	机器	13.95645263156429
58	8	。	2.803083932751292
59	1	她	7.165315795832697
59	2	说	1.3171794290383616
59	3	过	11.467453972910416
59	4	这	9.407581715622875
59	5	些	13.07636914424329
59	6	我	9.64125630123715
59	7	听	10.235956431592228
59	8	过	2.841230587810095
59	9	的	1.1889602315615946
59	10	话	1.9913637339840449
59	11	。	10.232792121878276
60	1	她	7.165315795832697
60	2	吃	15.578571153495236
60	3	过	2.6781216565380817
60	4	这	7.918841817234796
60	5	些	10.948883407383839
60	6	我	11.822542873203886
60	7	听	10.324859253584435
60	8	过	2.4654498636615187
60	9	的	0.5811085919345658
60	10	话	5.0501615493930245
60	11	。	10.386438798808598
61	1	母亲	16.49063001615744
61	2	买	9.985373090961843
61	3	了	1.103286881356773
61	4	她	8.871729542250527
61	5	用	9.053736113488021
61	6	过	4.948528291041633
61	7	的	0.15686480934267166
61	8	纸	12.759280384251852
61	9	。	15.195987283454606
62	1	母亲	16.49063001615744
62	2	喝	10.707947828611054
62	3	了	1.4428348702136837
62	4	她	12.127541655211136
62	5	用	9.574019997337864
62	6	过	5.466178830682686
62	7	的	0.22663208198485307
62	8	纸	13.218255170068964
62	9	。	3.1984929295111613
