sentence_id	token_id	token	surprisal
1	1	记者	7.967462168446678
1	2	采访	7.467924678541632
1	3	了	1.419860209952441
1	4	研发	17.387305436688106
1	5	产品	14.488482227511454
1	6	。	15.137038326452178
2	1	记者	7.967462168446678
2	2	采访	7.467924678541632
2	3	了	1.419860209952441
2	4	研发	17.387305436688106
2	5	产品	14.488482227511454
2	6	的	1.3021995639565205
2	7	科学家	11.306648619154693
2	8	。	0.23963591013466612
3	1	他	4.617249994410214
3	2	认识	15.33899410119738
3	3	了	4.818952937829728
3	4	写	14.569025672514663
3	5	书	7.799274148058636
3	6	。	12.241873891387499
4	1	他	4.617249994410214
4	2	认识	15.33899410119738
4	3	了	4.818952937829728
4	4	写	14.569025672514663
4	5	书	7.799274148058636
4	6	的	0.571860695481611
4	7	老师	15.948991887623862
4	8	。	9.87438709086279
5	1	他	4.617249994410214
5	2	拍	17.379622223991177
5	3	下	15.584390192398683
5	4	了	2.0443429634006094
5	5	获得	19.130046191141524
5	6	大奖	14.470893738073016
5	7	。	14.087516487210053
6	1	他	4.617249994410214
6	2	拍	17.379622223991177
6	3	下	15.584390192398683
6	4	了	2.0443429634006094
6	5	获得	19.130046191141524
6	6	大奖	14.470893738073016
6	7	的	0.6935761790254418
6	8	艺术品	14.779460712414718
6	9	。	14.866296467242364
7	1	我们	8.317259463882605
7	2	参加	12.751141229537742
7	3	了	3.20409416870962
7	4	吸引	15.09900360283347
7	5	学生	14.213905287914159
7	6	。	15.583636425295907
8	1	我们	8.317259463882605
8	2	参加	12.751141229537742
8	3	了	3.20409416870962
8	4	吸引	15.09900360283347
8	5	学生	14.213905287914159
8	6	的	1.7135004176462445
8	7	活动	3.7115273720342827
8	8	。	0.9215063624814803
9	1	他	4.617249994410214
9	2	想起	17.015635582486823
9	3	了	2.757702758689465
9	4	写	14.86798604894484
9	5	过	4.539379691608723
9	6	歌	14.47261404450461
9	7	。	18.28488655331011
10	1	他	4.617249994410214
10	2	想起	17.015635582486823
10	3	了	2.757702758689465
10	4	写	14.86798604894484
10	5	过	4.539379691608723
10	6	歌	14.47261404450461
10	7	的	0.3389390533470831
10	8	同学	10.047558210264597
10	9	。	4.085690509689158
11	1	司机	16.896404873341233
11	2	启动	17.666071690542886
11	3	了	2.997207568410772
11	4	装有	17.261196772392616
11	5	音响	13.861788835402798
11	6	。	4.288315645656056
12	1	司机	16.896404873341233
12	2	启动	17.666071690542886
12	3	了	2.997207568410772
12	4	装有	17.261196772392616
12	5	音响	13.861788835402798
12	6	的	3.3600644830234074
12	7	车	9.490486201938637
12	8	。	2.9913577618968503
13	1	爸爸	14.719885486503438
13	2	买	8.989553198563934
13	3	了	0.8173882366958125
13	4	带	10.936513073498556
13	5	家具	12.71705995231003
13	6	。	17.49208639098488
14	1	爸爸	14.719885486503438
14	2	买	8.989553198563934
14	3	了	0.8173882366958125
14	4	带	10.936513073498556
14	5	家具	12.71705995231003
14	6	的	0.24364066242038973
14	7	房子	5.158568995397054
14	8	。	3.5658702031989122
15	1	他	4.617249994410214
15	2	损失	19.820311782002435
15	3	了	1.5576965856416152
15	4	买	15.121321332814457
15	5	药	12.71255566871173
15	6	。	10.051845506378221
16	1	他	4.617249994410214
16	2	损失	19.820311782002435
16	3	了	1.5576965856416152
16	4	买	15.121321332814457
16	5	药	12.71255566871173
16	6	的	0.3247452803634374
16	7	现金	13.31493716002634
16	8	。	3.094408796775454
17	1	我	7.81789711492256
17	2	拜访	18.057260145904998
17	3	了	1.9482914343307982
17	4	去	15.42546650352083
17	5	过	4.610764752328727
17	6	中国	5.453003657910678
17	7	。	17.470601273101906
18	1	我	7.81789711492256
18	2	拜访	18.057260145904998
18	3	了	1.9482914343307982
18	4	去	15.42546650352083
18	5	过	4.610764752328727
18	6	中国	5.453003657910678
18	7	的	0.6590208078718902
18	8	邻居	12.854453175779106
18	9	。	2.9393727000288408
19	1	爷爷	18.080781918042213
19	2	中止	18.31503442161329
19	3	了	1.7375477341412804
19	4	引发	17.167625026868095
19	5	争吵	19.72289940248065
19	6	。	16.06201368769112
20	1	爷爷	18.080781918042213
20	2	中止	18.31503442161329
20	3	了	1.7375477341412804
20	4	引发	17.167625026868095
20	5	争吵	19.72289940248065
20	6	的	0.13970336690027807
20	7	谈话	10.23638359656401
20	8	。	1.202938976271568
21	1	她	7.165315795832697
21	2	提到	14.790255375913524
21	3	了	4.796953625311911
21	4	看	14.083287514135858
21	5	着	7.053564809528758
21	6	电视	8.328952995702913
21	7	。	10.032288284173873
22	1	她	7.165315795832697
22	2	提到	14.790255375913524
22	3	了	4.796953625311911
22	4	看	14.083287514135858
22	5	着	7.053564809528758
22	6	电视	8.328952995702913
22	7	的	5.621402462445836
22	8	女儿	14.484182161592024
22	9	。	9.117264507034989
23	1	医生	14.334599374276484
23	2	表扬	18.478533839035627
23	3	了	1.212578515985527
23	4	帮助	14.217114718177676
23	5	老人	11.243863820633024
23	6	。	7.47082823915796
24	1	医生	14.334599374276484
24	2	表扬	18.478533839035627
24	3	了	1.212578515985527
24	4	帮助	14.217114718177676
24	5	老人	11.243863820633024
24	6	的	1.2791030288559497
24	7	孩子	7.620356174891185
24	8	。	4.489278185190827
25	1	她	7.165315795832697
25	2	介绍	7.961857236814749
25	3	了	5.30786874279916
25	4	生产	15.69591940794161
25	5	电视	16.48449522549874
25	6	。	15.921569094085385
26	1	她	7.165315795832697
26	2	介绍	7.961857236814749
26	3	了	5.30786874279916
26	4	生产	15.69591940794161
26	5	电视	16.48449522549874
26	6	的	7.041917310741667
26	7	工厂	10.652545288486976
26	8	。	4.333496545920539
27	1	我	7.81789711492256
27	2	洗	18.519803756660124
27	3	了	2.4790100558786357
27	4	陪伴	16.527440712407387
27	5	过	10.799249541299304
27	6	母亲	9.823948354228243
27	7	。	3.8771094194486295
28	1	我	7.81789711492256
28	2	洗	18.519803756660124
28	3	了	2.4790100558786357
28	4	陪伴	16.527440712407387
28	5	过	10.799249541299304
28	6	母亲	9.823948354228243
28	7	的	3.205412847378028
28	8	衣服	10.764227713120235
28	9	。	3.5669924323502187
29	1	学生	14.32697340109109
29	2	们	19.919332603612773
29	3	写	12.37241090125292
29	4	着	2.979078859306206
29	5	困扰	20.90297929581928
29	6	他们	7.541122430027713
29	7	。	9.529454402471899
30	1	学生	14.32697340109109
30	2	们	19.919332603612773
30	3	写	12.37241090125292
30	4	着	2.979078859306206
30	5	困扰	20.90297929581928
30	6	他们	7.541122430027713
30	7	的	2.502632660417788
30	8	作业	13.486342368444582
30	9	。	8.326025027875147
31	1	店长	21.45187127830041
31	2	拿	14.635475051837396
31	3	着	0.46712865683364413
31	4	开	15.113313121683838
31	5	大门	11.795678405411508
31	6	。	11.863564517877094
32	1	店长	21.45187127830041
32	2	拿	14.635475051837396
32	3	着	0.46712865683364413
32	4	开	15.113313121683838
32	5	大门	11.795678405411508
32	6	的	3.519778469628804
32	7	钥匙	10.639718581955279
32	8	。	12.838267316601232
33	1	有人	13.840423150793045
33	2	听	9.99139819276469
33	3	着	4.682630223533835
33	4	打扰	20.715177736522897
33	5	了	6.074120500689638
33	6	邻居	13.552094022864551
33	7	。	4.340681928793558
34	1	有人	13.840423150793045
34	2	听	9.99139819276469
34	3	着	4.682630223533835
34	4	打扰	20.715177736522897
34	5	了	6.074120500689638
34	6	邻居	13.552094022864551
34	7	的	0.6916226259807132
34	8	音乐	12.463890926749812
34	9	。	2.6186568706410043
35	1	我	7.81789711492256
35	2	观察	14.479804877470762
35	3	着	7.960587935016083
35	4	经营	15.297543283653834
35	5	商店	12.229490973744142
35	6	。	15.796791082556766
36	1	我	7.81789711492256
36	2	观察	14.479804877470762
36	3	着	7.960587935016083
36	4	经营	15.297543283653834
36	5	商店	12.229490973744142
36	6	的	0.2872304108817474
36	7	男人	17.01440385306246
36	8	。	3.1831158961371386
37	1	学生	14.32697340109109
37	2	们	19.919332603612773
37	3	读	13.692554348710203
37	4	着	6.061304124322824
37	5	描述	16.540900956743144
37	6	故事	7.074699779976001
37	7	。	9.82528570327328
38	1	学生	14.32697340109109
38	2	们	19.919332603612773
38	3	读	13.692554348710203
38	4	着	6.061304124322824
38	5	描述	16.540900956743144
38	6	故事	7.074699779976001
38	7	的	0.5082727735701411
38	8	书	6.480656887864356
38	9	。	7.109251806522579
39	1	教练	13.89005937819664
39	2	创办	18.165551395443195
39	3	过	9.931420343239353
39	4	教	17.97438549578714
39	5	动作	12.750818588319405
39	6	。	4.184622104082436
40	1	教练	13.89005937819664
40	2	创办	18.165551395443195
40	3	过	9.931420343239353
40	4	教	17.97438549578714
40	5	动作	12.750818588319405
40	6	的	2.101151882822691
40	7	健身房	13.508572986753776
40	8	。	1.8025636432937802
41	1	我	7.81789711492256
41	2	喜欢	8.569687127106466
41	3	过	9.048704189681402
41	4	给	12.259796038774024
41	5	我	2.2864965912450472
41	6	信心	14.39931246883171
41	7	。	5.349780360490335
42	1	我	7.81789711492256
42	2	喜欢	8.569687127106466
42	3	过	9.048704189681402
42	4	给	12.259796038774024
42	5	我	2.2864965912450472
42	6	信心	14.39931246883171
42	7	的	0.4538923838708655
42	8	音乐	13.659862286319317
42	9	。	2.794334237366243
43	1	她	7.165315795832697
43	2	开	13.68839073797329
43	3	过	7.342245999078099
43	4	容纳	17.525247185957937
43	5	很多	14.192548504555745
43	6	人	10.37735203329364
43	7	。	12.637012988679302
44	1	她	7.165315795832697
44	2	开	13.68839073797329
44	3	过	7.342245999078099
44	4	容纳	17.525247185957937
44	5	很多	14.192548504555745
44	6	人	10.37735203329364
44	7	的	13.300789153101533
44	8	车	9.95058242859264
44	9	。	12.390789420658194
45	1	他	4.617249994410214
45	2	修理	19.88204356773344
45	3	过	5.98444389244451
45	4	丢失	18.150493379714916
45	5	了	4.9891134203373255
45	6	芯片	15.28201092520181
45	7	。	18.368656469859175
46	1	他	4.617249994410214
46	2	修理	19.88204356773344
46	3	过	5.98444389244451
46	4	丢失	18.150493379714916
46	5	了	4.9891134203373255
46	6	芯片	15.28201092520181
46	7	的	0.5898887387360645
46	8	电脑	5.7434186347393705
46	9	。	1.7129135883096467
47	1	他	4.617249994410214
47	2	讲	15.270003675155108
47	3	过	6.106566039827118
47	4	介绍	14.682795474511543
47	5	画家	16.913855388933065
47	6	。	7.983129156936101
48	1	他	4.617249994410214
48	2	讲	15.270003675155108
48	3	过	6.106566039827118
48	4	介绍	14.682795474511543
48	5	画家	16.913855388933065
48	6	的	0.7694685498493357
48	7	课	9.742372935563893
48	8	。	11.635121803119915
49	1	我	7.81789711492256
49	2	邀请	15.712699875654529
49	3	过	6.996323847369737
49	4	喜欢	15.91964499348343
49	5	明星	12.283847353091303
49	6	。	4.81993633415631
50	1	我	7.81789711492256
50	2	邀请	15.712699875654529
50	3	过	6.996323847369737
50	4	喜欢	15.91964499348343
50	5	明星	12.283847353091303
50	6	的	3.5343341277397116
50	7	朋友	2.7944361705149916
50	8	。	4.854822156210048
51	1	她	7.165315795832697
51	2	申请	16.143104416210505
51	3	过	6.4033655718946605
51	4	减轻	16.508210270281218
51	5	负担	7.970530066592765
51	6	。	5.946751916522167
52	1	她	7.165315795832697
52	2	申请	16.143104416210505
52	3	过	6.4033655718946605
52	4	减轻	16.508210270281218
52	5	负担	7.970530066592765
52	6	的	4.415068421676956
52	7	奖金	10.377150736538027
52	8	。	11.40567190866932
53	1	她	7.165315795832697
53	2	去	14.420482302116042
53	3	买	8.589353103354906
53	4	带来	14.318900583923718
53	5	好运	20.795956442678694
53	6	。	12.26619504138796
54	1	她	7.165315795832697
54	2	去	14.420482302116042
54	3	买	8.589353103354906
54	4	带来	14.318900583923718
54	5	好运	20.795956442678694
54	6	的	4.173317109429547
54	7	礼物	10.373426407262102
54	8	。	14.715846472903394
55	1	弟弟	18.616574371406564
55	2	需要	11.61523011576482
55	3	用于	13.771333555693442
55	4	游戏	15.838916894679755
55	5	。	5.366821673658443
56	1	弟弟	18.616574371406564
56	2	需要	11.61523011576482
56	3	用于	13.771333555693442
56	4	游戏	15.838916894679755
56	5	的	10.994627869625425
56	6	钱	14.918705898062555
56	7	。	2.761384902712564
57	1	他	4.617249994410214
57	2	很	11.243074294762998
57	3	欣赏	7.172690489613585
57	4	写	14.477457958015524
57	5	小说	9.208399600308724
57	6	。	5.240611697330074
58	1	他	4.617249994410214
58	2	很	11.243074294762998
58	3	欣赏	7.172690489613585
58	4	写	14.477457958015524
58	5	小说	9.208399600308724
58	6	的	0.5687344749446552
58	7	作家	8.329119062323016
58	8	。	1.898704005293304
59	1	我	7.81789711492256
59	2	经常	9.791025545326828
59	3	去	3.9990342458893977
59	4	提供	16.51933152013078
59	5	停车位	20.643917518958496
59	6	。	3.5737071957915845
60	1	我	7.81789711492256
60	2	经常	9.791025545326828
60	3	去	3.9990342458893977
60	4	提供	16.51933152013078
60	5	停车位	20.643917518958496
60	6	的	3.0312823704704925
60	7	医院	16.843829047566842
60	8	。	4.750607425949681
