sentence_id	token_id	token	surprisal
1	1	记者	9.727178573608398
1	2	采访	8.959928512573242
1	3	了	7.7645134925842285
1	4	研发	17.539146423339844
1	5	产品	12.717915534973145
1	6	并且	13.466246604919434
1	7	获	11.754257202148438
1	8	了	10.001928329467773
1	9	奖	11.450068473815918
1	10	。	3.6406049728393555
2	1	记者	9.727178573608398
2	2	采访	8.959928512573242
2	3	了	7.7645134925842285
2	4	研发	17.539146423339844
2	5	产品	12.717915534973145
2	6	并且	13.466246604919434
2	7	获	11.754257202148438
2	8	了	10.001928329467773
2	9	奖	11.450068473815918
2	10	的	2.527522563934326
2	11	科学家	13.946245193481445
2	12	。	3.1991636753082275
3	1	他	5.597632884979248
3	2	认识	11.680583000183105
3	3	了	7.868735313415527
3	4	写	13.712996482849121
3	5	书	9.512763977050781
3	6	并且	15.13718318939209
3	7	教	11.963929176330566
3	8	课	13.030381202697754
3	9	。	6.777124881744385
4	1	他	5.597632884979248
4	2	认识	11.680583000183105
4	3	了	7.868735313415527
4	4	写	13.712996482849121
4	5	书	9.512763977050781
4	6	并且	15.13718318939209
4	7	教	11.963929176330566
4	8	课	13.030381202697754
4	9	的	4.718151092529297
4	10	老师	9.028704643249512
4	11	。	5.56126070022583
5	1	他	5.597632884979248
5	2	拍	14.590124130249023
5	3	下	12.054255485534668
5	4	了	2.7793564796447754
5	5	获得	16.56842803955078
5	6	大奖	15.71137809753418
5	7	并且	13.97861099243164
5	8	吸引	12.784645080566406
5	9	游客	11.277278900146484
5	10	。	4.136938571929932
6	1	他	5.597632884979248
6	2	拍	14.590124130249023
6	3	下	12.054255485534668
6	4	了	2.7793564796447754
6	5	获得	16.56842803955078
6	6	大奖	15.71137809753418
6	7	并且	13.97861099243164
6	8	吸引	12.784645080566406
6	9	游客	11.277278900146484
6	10	的	1.8886524438858032
6	11	艺术品	17.011255264282227
6	12	。	2.1004533767700195
7	1	我们	6.363039016723633
7	2	参加	13.532861709594727
7	3	了	0.9124388694763184
7	4	吸引	14.283281326293945
7	5	学生	10.486685752868652
7	6	并且	15.8241548538208
7	7	受到	10.798856735229492
7	8	好评	13.132894515991211
7	9	。	0.15976326167583466
8	1	我们	6.363039016723633
8	2	参加	13.532861709594727
8	3	了	0.9124388694763184
8	4	吸引	14.283281326293945
8	5	学生	10.486685752868652
8	6	并且	15.8241548538208
8	7	受到	10.798856735229492
8	8	好评	13.132894515991211
8	9	的	5.624770641326904
8	10	活动	8.030219078063965
8	11	。	0.16182062029838562
9	1	他	5.597632884979248
9	2	想起	11.637358665466309
9	3	了	1.0788304805755615
9	4	写	13.897793769836426
9	5	过	5.741495132446289
9	6	歌	13.654430389404297
9	7	而且	16.413955688476562
9	8	写	7.322305679321289
9	9	过	3.2825767993927
9	10	书	6.182065010070801
9	11	。	6.192014217376709
10	1	他	5.597632884979248
10	2	想起	11.637358665466309
10	3	了	1.0788304805755615
10	4	写	13.897793769836426
10	5	过	5.741495132446289
10	6	歌	13.654430389404297
10	7	而且	16.413955688476562
10	8	写	7.322305679321289
10	9	过	3.2825767993927
10	10	书	6.182065010070801
10	11	的	1.8491120338439941
10	12	同学	11.071008682250977
10	13	。	3.758898973464966
11	1	司机	16.00446319580078
11	2	启动	16.682188034057617
11	3	了	1.6294574737548828
11	4	装有	18.401039123535156
11	5	音响	15.469574928283691
11	6	并且	15.41430950164795
11	7	配备	14.985541343688965
11	8	屏幕	19.58568572998047
11	9	。	4.659720420837402
12	1	司机	16.00446319580078
12	2	启动	16.682188034057617
12	3	了	1.6294574737548828
12	4	装有	18.401039123535156
12	5	音响	15.469574928283691
12	6	并且	15.41430950164795
12	7	配备	14.985541343688965
12	8	屏幕	19.58568572998047
12	9	的	3.0367777347564697
12	10	车	10.138381004333496
12	11	。	7.277771949768066
13	1	爸爸	11.671850204467773
13	2	买	8.813190460205078
13	3	了	0.5717286467552185
13	4	带	11.172101974487305
13	5	家具	18.666337966918945
13	6	还	10.832194328308105
13	7	配	14.619712829589844
13	8	保险	18.860897064208984
13	9	。	5.460229873657227
14	1	爸爸	11.671850204467773
14	2	买	8.813190460205078
14	3	了	0.5717286467552185
14	4	带	11.172101974487305
14	5	家具	18.666337966918945
14	6	还	10.832194328308105
14	7	配	14.619712829589844
14	8	保险	18.860897064208984
14	9	的	4.5999369621276855
14	10	房子	7.17110538482666
14	11	。	5.542446136474609
15	1	他	5.597632884979248
15	2	损失	18.588396072387695
15	3	了	6.766228199005127
15	4	买	12.707913398742676
15	5	药	12.006521224975586
15	6	和	6.481618881225586
15	7	买	7.994024753570557
15	8	菜	8.455686569213867
15	9	。	4.1662187576293945
16	1	他	5.597632884979248
16	2	损失	18.588396072387695
16	3	了	6.766228199005127
16	4	买	12.707913398742676
16	5	药	12.006521224975586
16	6	和	6.481618881225586
16	7	买	7.994024753570557
16	8	菜	8.455686569213867
16	9	的	3.7279601097106934
16	10	现金	9.637460708618164
16	11	。	2.780501365661621
17	1	我	5.127028942108154
17	2	拜访	15.513352394104004
17	3	了	2.5809803009033203
17	4	去	13.535210609436035
17	5	过	6.758238315582275
17	6	中国	10.68187141418457
17	7	并且	14.010583877563477
17	8	去	6.020946502685547
17	9	过	5.221662998199463
17	10	美国	6.3294501304626465
17	11	。	5.571080207824707
18	1	我	5.127028942108154
18	2	拜访	15.513352394104004
18	3	了	2.5809803009033203
18	4	去	13.535210609436035
18	5	过	6.758238315582275
18	6	中国	10.68187141418457
18	7	并且	14.010583877563477
18	8	去	6.020946502685547
18	9	过	5.221662998199463
18	10	美国	6.3294501304626465
18	11	的	1.9853503704071045
18	12	邻居	11.12665843963623
18	13	。	2.5517466068267822
19	1	爷爷	16.839698791503906
19	2	中止	19.35262680053711
19	3	了	5.80399751663208
19	4	引发	15.262726783752441
19	5	争吵	15.842108726501465
19	6	并且	15.611706733703613
19	7	伤害	11.01195240020752
19	8	亲情	16.152969360351562
19	9	。	0.7659128308296204
20	1	爷爷	16.839698791503906
20	2	中止	19.35262680053711
20	3	了	5.80399751663208
20	4	引发	15.262726783752441
20	5	争吵	15.842108726501465
20	6	并且	15.611706733703613
20	7	伤害	11.01195240020752
20	8	亲情	16.152969360351562
20	9	的	3.3675646781921387
20	10	谈话	12.417977333068848
20	11	。	0.25968480110168457
21	1	她	8.245683670043945
21	2	提到	11.32665729522705
21	3	了	1.3121435642242432
21	4	看	14.63345718383789
21	5	着	7.7329301834106445
21	6	电视	10.791138648986816
21	7	和	7.016408443450928
21	8	听	9.820881843566895
21	9	着	5.801445484161377
21	10	歌	10.941088676452637
21	11	。	5.31387996673584
22	1	她	8.245683670043945
22	2	提到	11.32665729522705
22	3	了	1.3121435642242432
22	4	看	14.63345718383789
22	5	着	7.7329301834106445
22	6	电视	10.791138648986816
22	7	和	7.016408443450928
22	8	听	9.820881843566895
22	9	着	5.801445484161377
22	10	歌	10.941088676452637
22	11	的	1.5449635982513428
22	12	女儿	9.813135147094727
22	13	。	4.021355152130127
23	1	医生	13.569586753845215
23	2	表扬	18.677291870117188
23	3	了	0.5304626226425171
23	4	帮助	13.644548416137695
23	5	老人	14.027176856994629
23	6	并且	12.489004135131836
23	7	关心	14.356428146362305
23	8	同学	12.93472671508789
23	9	。	6.959519863128662
24	1	医生	13.569586753845215
24	2	表扬	18.677291870117188
24	3	了	0.5304626226425171
24	4	帮助	13.644548416137695
24	5	老人	14.027176856994629
24	6	并且	12.489004135131836
24	7	关心	14.356428146362305
24	8	同学	12.93472671508789
24	9	的	2.1709320545196533
24	10	孩子	7.111815452575684
24	11	。	4.944867134094238
25	1	她	8.245683670043945
25	2	介绍	11.517607688903809
25	3	了	3.2910971641540527
25	4	生产	16.21255874633789
25	5	电视	15.587687492370605
25	6	并且	15.686615943908691
25	7	安装	13.905858039855957
25	8	电视	12.220909118652344
25	9	。	6.4124555587768555
26	1	她	8.245683670043945
26	2	介绍	11.517607688903809
26	3	了	3.2910971641540527
26	4	生产	16.21255874633789
26	5	电视	15.587687492370605
26	6	并且	15.686615943908691
26	7	安装	13.905858039855957
26	8	电视	12.220909118652344
26	9	的	2.339514970779419
26	10	工厂	12.274691581726074
26	11	。	6.0823259353637695
27	1	我	5.127028942108154
27	2	洗	16.41559600830078
27	3	了	1.6718202829360962
27	4	陪伴	17.56462287902832
27	5	过	3.887641191482544
27	6	母亲	12.004953384399414
27	7	也	9.379520416259766
27	8	陪伴	15.787063598632812
27	9	过	2.716081142425537
27	10	我	6.464325428009033
27	11	。	4.009981632232666
28	1	我	5.127028942108154
28	2	洗	16.41559600830078
28	3	了	1.6718202829360962
28	4	陪伴	17.56462287902832
28	5	过	3.887641191482544
28	6	母亲	12.004953384399414
28	7	也	9.379520416259766
28	8	陪伴	15.787063598632812
28	9	过	2.716081142425537
28	10	我	6.464325428009033
28	11	的	0.9265885949134827
28	12	衣服	11.202558517456055
28	13	。	1.6300926208496094
29	1	学生	12.671290397644043
29	2	们	15.613356590270996
29	3	写	10.314648628234863
29	4	着	2.7283074855804443
29	5	困扰	18.790212631225586
29	6	他们	7.88580846786499
29	7	还	7.8858513832092285
29	8	困扰	16.116504669189453
29	9	家长	14.775897979736328
29	10	。	5.754745006561279
30	1	学生	12.671290397644043
30	2	们	15.613356590270996
30	3	写	10.314648628234863
30	4	着	2.7283074855804443
30	5	困扰	18.790212631225586
30	6	他们	7.88580846786499
30	7	还	7.8858513832092285
30	8	困扰	16.116504669189453
30	9	家长	14.775897979736328
30	10	的	0.6661397218704224
30	11	作业	14.384925842285156
30	12	。	1.283719778060913
31	1	店长	18.297351837158203
31	2	拿	11.722634315490723
31	3	着	0.16966280341148376
31	4	开	11.161054611206055
31	5	大门	14.870523452758789
31	6	和	9.563838958740234
31	7	开	10.180140495300293
31	8	仓库	14.239176750183105
31	9	。	8.685615539550781
32	1	店长	18.297351837158203
32	2	拿	11.722634315490723
32	3	着	0.16966280341148376
32	4	开	11.161054611206055
32	5	大门	14.870523452758789
32	6	和	9.563838958740234
32	7	开	10.180140495300293
32	8	仓库	14.239176750183105
32	9	的	2.2662007808685303
32	10	钥匙	15.01563835144043
32	11	。	5.935099124908447
33	1	有人	17.1243953704834
33	2	听	15.633247375488281
33	3	着	5.842370510101318
33	4	打扰	19.189661026000977
33	5	了	9.671504974365234
33	6	邻居	14.703512191772461
33	7	而且	15.562324523925781
33	8	触发	18.41536521911621
33	9	了	3.253640651702881
33	10	警报	14.667889595031738
33	11	。	1.267730712890625
34	1	有人	17.1243953704834
34	2	听	15.633247375488281
34	3	着	5.842370510101318
34	4	打扰	19.189661026000977
34	5	了	9.671504974365234
34	6	邻居	14.703512191772461
34	7	而且	15.562324523925781
34	8	触发	18.41536521911621
34	9	了	3.253640651702881
34	10	警报	14.667889595031738
34	11	的	10.303479194641113
34	12	音乐	12.939556121826172
34	13	。	1.2621909379959106
35	1	我	5.127028942108154
35	2	观察	14.936360359191895
35	3	着	8.17749309539795
35	4	经营	15.58486270904541
35	5	商店	10.418275833129883
35	6	还	8.5491361618042
35	7	经营	12.66408634185791
35	8	餐厅	16.928903579711914
35	9	。	4.40921688079834
36	1	我	5.127028942108154
36	2	观察	14.936360359191895
36	3	着	8.17749309539795
36	4	经营	15.58486270904541
36	5	商店	10.418275833129883
36	6	还	8.5491361618042
36	7	经营	12.66408634185791
36	8	餐厅	16.928903579711914
36	9	的	3.8935515880584717
36	10	男人	11.969924926757812
36	11	。	4.0866007804870605
37	1	学生	12.671290397644043
37	2	们	15.613356590270996
37	3	读	12.018637657165527
37	4	着	4.545513153076172
37	5	描述	14.909868240356445
37	6	故事	10.934266090393066
37	7	并且	16.239418029785156
37	8	带来	10.27003288269043
37	9	乐趣	12.640694618225098
37	10	。	0.2943422496318817
38	1	学生	12.671290397644043
38	2	们	15.613356590270996
38	3	读	12.018637657165527
38	4	着	4.545513153076172
38	5	描述	14.909868240356445
38	6	故事	10.934266090393066
38	7	并且	16.239418029785156
38	8	带来	10.27003288269043
38	9	乐趣	12.640694618225098
38	10	的	4.370417594909668
38	11	书	9.3297119140625
38	12	。	0.7426092028617859
39	1	教练	18.295988082885742
39	2	创办	12.360625267028809
39	3	过	8.664215087890625
39	4	教	14.757295608520508
39	5	动作	15.020147323608398
39	6	并且	14.050224304199219
39	7	辅导	13.766924858093262
39	8	孩子	11.9332857131958
39	9	。	5.744460105895996
40	1	教练	18.295988082885742
40	2	创办	12.360625267028809
40	3	过	8.664215087890625
40	4	教	14.757295608520508
40	5	动作	15.020147323608398
40	6	并且	14.050224304199219
40	7	辅导	13.766924858093262
40	8	孩子	11.9332857131958
40	9	的	4.705195426940918
40	10	健身房	13.151970863342285
40	11	。	7.884738445281982
41	1	我	5.127028942108154
41	2	喜欢	8.051867485046387
41	3	过	5.202480316162109
41	4	给	10.374141693115234
41	5	我	2.0407536029815674
41	6	信心	16.626283645629883
41	7	并且	12.057805061340332
41	8	帮助	8.66816520690918
41	9	过	10.370532989501953
41	10	我	3.116896629333496
41	11	。	4.270424842834473
42	1	我	5.127028942108154
42	2	喜欢	8.051867485046387
42	3	过	5.202480316162109
42	4	给	10.374141693115234
42	5	我	2.0407536029815674
42	6	信心	16.626283645629883
42	7	并且	12.057805061340332
42	8	帮助	8.66816520690918
42	9	过	10.370532989501953
42	10	我	3.116896629333496
42	11	的	1.4461627006530762
42	12	音乐	13.377350807189941
42	13	。	2.700577974319458
43	1	她	8.245683670043945
43	2	开	11.715826988220215
43	3	过	4.626195907592773
43	4	容纳	21.253856658935547
43	5	很多	12.019142150878906
43	6	人	1.5839080810546875
43	7	并且	12.415926933288574
43	8	通过	10.656804084777832
43	9	安全	11.028190612792969
43	10	测试	15.573925971984863
43	11	。	4.314781665802002
44	1	她	8.245683670043945
44	2	开	11.715826988220215
44	3	过	4.626195907592773
44	4	容纳	21.253856658935547
44	5	很多	12.019142150878906
44	6	人	1.5839080810546875
44	7	并且	12.415926933288574
44	8	通过	10.656804084777832
44	9	安全	11.028190612792969
44	10	测试	15.573925971984863
44	11	的	5.886264324188232
44	12	车	11.555160522460938
44	13	。	3.559816598892212
45	1	他	5.597632884979248
45	2	修理	17.130979537963867
45	3	过	9.074555397033691
45	4	丢失	17.07064437866211
45	5	了	0.7229520082473755
45	6	芯片	17.399831771850586
45	7	还	11.71374225616455
45	8	丢失	14.581343650817871
45	9	了	0.08120498061180115
45	10	屏幕	15.688368797302246
45	11	。	1.0981769561767578
46	1	他	5.597632884979248
46	2	修理	17.130979537963867
46	3	过	9.074555397033691
46	4	丢失	17.07064437866211
46	5	了	0.7229520082473755
46	6	芯片	17.399831771850586
46	7	还	11.71374225616455
46	8	丢失	14.581343650817871
46	9	了	0.08120498061180115
46	10	屏幕	15.688368797302246
46	11	的	5.061944961547852
46	12	电脑	11.429254531860352
46	13	。	4.082611083984375
47	1	他	5.597632884979248
47	2	讲	11.610655784606934
47	3	过	3.8968966007232666
47	4	介绍	16.083812713623047
47	5	画家	16.91385269165039
47	6	并且	14.178699493408203
47	7	介绍	12.15183162689209
47	8	博物馆	12.094695091247559
47	9	。	8.335317611694336
48	1	他	5.597632884979248
48	2	讲	11.610655784606934
48	3	过	3.8968966007232666
48	4	介绍	16.083812713623047
48	5	画家	16.91385269165039
48	6	并且	14.178699493408203
48	7	介绍	12.15183162689209
48	8	博物馆	12.094695091247559
48	9	的	1.8203493356704712
48	10	课	10.446558952331543
48	11	。	3.2574102878570557
49	1	我	5.127028942108154
49	2	邀请	15.80583381652832
49	3	过	5.840126037597656
49	4	喜欢	15.527365684509277
49	5	明星	14.762057304382324
49	6	而且	16.367977142333984
49	7	喜欢	7.915425777435303
49	8	作家	11.601760864257812
49	9	。	4.050978660583496
50	1	我	5.127028942108154
50	2	邀请	15.80583381652832
50	3	过	5.840126037597656
50	4	喜欢	15.527365684509277
50	5	明星	14.762057304382324
50	6	而且	16.367977142333984
50	7	喜欢	7.915425777435303
50	8	作家	11.601760864257812
50	9	的	4.580678462982178
50	10	朋友	5.865349292755127
50	11	。	1.6187553405761719
51	1	她	8.245683670043945
51	2	申请	16.902996063232422
51	3	过	7.622157573699951
51	4	减轻	15.948654174804688
51	5	她	7.848886489868164
51	6	负担	14.792704582214355
51	7	同时	17.85832977294922
51	8	缓解	12.928730964660645
51	9	她	5.122115135192871
51	10	压力	9.526311874389648
51	11	。	2.5342555046081543
52	1	她	8.245683670043945
52	2	申请	16.902996063232422
52	3	过	7.622157573699951
52	4	减轻	15.948654174804688
52	5	她	7.848886489868164
52	6	负担	14.792704582214355
52	7	同时	17.85832977294922
52	8	缓解	12.928730964660645
52	9	她	5.122115135192871
52	10	压力	9.526311874389648
52	11	的	1.044482707977295
52	12	奖金	14.062631607055664
52	13	。	2.838657855987549
53	1	她	8.245683670043945
53	2	去	11.100736618041992
53	3	卖	10.191766738891602
53	4	礼物	13.41712474822998
53	5	并且	11.000290870666504
53	6	回收	14.876105308532715
53	7	报纸	13.373756408691406
53	8	。	5.193348407745361
54	1	她	8.245683670043945
54	2	去	11.100736618041992
54	3	卖	10.191766738891602
54	4	礼物	13.41712474822998
54	5	并且	11.000290870666504
54	6	回收	14.876105308532715
54	7	报纸	13.373756408691406
54	8	的	4.382250785827637
54	9	商店	12.830617904663086
54	10	。	6.4049201011657715
55	1	弟弟	16.06370735168457
55	2	需要	11.945794105529785
55	3	用于	11.597623825073242
55	4	游戏	14.777158737182617
55	5	和	3.7829275131225586
55	6	买	11.026394844055176
55	7	书	7.911405563354492
55	8	。	6.731563091278076
56	1	弟弟	16.06370735168457
56	2	需要	11.945794105529785
56	3	用于	11.597623825073242
56	4	游戏	14.777158737182617
56	5	和	3.7829275131225586
56	6	买	11.026394844055176
56	7	书	7.911405563354492
56	8	的	5.175753593444824
56	9	钱	7.953284740447998
56	10	。	7.60530948638916
57	1	他	5.597632884979248
57	2	很	7.8584885597229
57	3	欣赏	11.206315994262695
57	4	写	13.612957954406738
57	5	小说	11.693764686584473
57	6	并且	16.199623107910156
57	7	做	6.777581691741943
57	8	慈善	15.029287338256836
57	9	。	7.985706806182861
58	1	他	5.597632884979248
58	2	很	7.8584885597229
58	3	欣赏	11.206315994262695
58	4	写	13.612957954406738
58	5	小说	11.693764686584473
58	6	并且	16.199623107910156
58	7	做	6.777581691741943
58	8	慈善	15.029287338256836
58	9	的	4.0742058753967285
58	10	作家	10.335107803344727
58	11	。	2.7236008644104004
59	1	我	5.127028942108154
59	2	经常	10.094088554382324
59	3	去	6.915752410888672
59	4	提供	13.135149955749512
59	5	停车位	18.365760803222656
59	6	并且	13.515260696411133
59	7	帮助	12.781447410583496
59	8	残疾人	16.873369216918945
59	9	。	4.503368854522705
60	1	我	5.127028942108154
60	2	经常	10.094088554382324
60	3	去	6.915752410888672
60	4	提供	13.135149955749512
60	5	停车位	18.365760803222656
60	6	并且	13.515260696411133
60	7	帮助	12.781447410583496
60	8	残疾人	16.873369216918945
60	9	的	3.566866397857666
60	10	医院	12.504386901855469
60	11	。	2.465334892272949
