sentence_id	token_id	token	surprisal
1	1	随着	9.205375671386719
1	2	人民	10.610749244689941
1	3	选择	12.13577938079834
1	4	的	2.2809791564941406
1	5	政府	10.939810752868652
1	6	发展	8.820260047912598
1	7	，	0.23373070359230042
1	8	经济	6.713825702667236
1	9	变	13.036657333374023
1	10	好	7.580761432647705
1	11	了	3.4152114391326904
1	12	。	3.261826992034912
2	1	随着	9.205375671386719
2	2	人民	10.610749244689941
2	3	选择	12.13577938079834
2	4	的	2.2809791564941406
2	5	政府	10.939810752868652
2	6	发展	8.820260047912598
2	7	。	10.947408676147461
3	1	随着	9.205375671386719
3	2	人民	10.610749244689941
3	3	需要	12.668684959411621
3	4	的	3.583462715148926
3	5	互联网	13.841018676757812
3	6	的	6.3474955558776855
3	7	出现	12.831099510192871
3	8	，	0.24280224740505219
3	9	生活	12.034625053405762
3	10	质量	8.919622421264648
3	11	提高	11.777596473693848
3	12	了	3.0292441844940186
3	13	。	5.270218849182129
4	1	随着	9.205375671386719
4	2	人民	10.610749244689941
4	3	需要	12.668684959411621
4	4	的	3.583462715148926
4	5	互联网	13.841018676757812
4	6	的	6.3474955558776855
4	7	出现	12.831099510192871
4	8	。	6.863759517669678
5	1	随着	9.205375671386719
5	2	一阵	19.449750900268555
5	3	司机	16.433467864990234
5	4	播放	14.678521156311035
5	5	的	0.5475367307662964
5	6	铃声	18.162940979003906
5	7	，	3.7420201301574707
5	8	火车	12.65185260772705
5	9	开	12.045438766479492
5	10	了	0.5224279165267944
5	11	。	10.64392375946045
6	1	随着	9.205375671386719
6	2	一阵	19.449750900268555
6	3	司机	16.433467864990234
6	4	播放	14.678521156311035
6	5	的	0.5475367307662964
6	6	铃声	18.162940979003906
6	7	。	9.764276504516602
7	1	随着	9.205375671386719
7	2	我	7.698530197143555
7	3	认识	13.150702476501465
7	4	的	4.216015815734863
7	5	他	12.083544731140137
7	6	的	2.4307942390441895
7	7	年龄	12.168509483337402
7	8	增长	14.979372024536133
7	9	，	1.015949010848999
7	10	他	6.0574517250061035
7	11	更	10.26479721069336
7	12	有	6.291362762451172
7	13	自信	10.939737319946289
7	14	了	12.419203758239746
7	15	。	1.4551515579223633
8	1	随着	9.205375671386719
8	2	我	7.698530197143555
8	3	认识	13.150702476501465
8	4	的	4.216015815734863
8	5	他	12.083544731140137
8	6	的	2.4307942390441895
8	7	年龄	12.168509483337402
8	8	增长	14.979372024536133
8	9	。	5.281254768371582
9	1	随着	9.205375671386719
9	2	我	7.698530197143555
9	3	不	11.337533950805664
9	4	喜欢	6.255925178527832
9	5	的	3.680532932281494
9	6	冬天	13.781448364257812
9	7	的	7.481283187866211
9	8	到来	11.961851119995117
9	9	，	0.22726455330848694
9	10	树木	18.97125816345215
9	11	凋零	20.81039047241211
9	12	了	8.288657188415527
9	13	。	3.011784553527832
10	1	随着	9.205375671386719
10	2	我	7.698530197143555
10	3	不	11.337533950805664
10	4	喜欢	6.255925178527832
10	5	的	3.680532932281494
10	6	冬天	13.781448364257812
10	7	的	7.481283187866211
10	8	到来	11.961851119995117
10	9	。	5.303922653198242
11	1	随着	9.205375671386719
11	2	人民	10.610749244689941
11	3	需要	12.668684959411621
11	4	的	3.583462715148926
11	5	科技	9.306367874145508
11	6	发展	3.9873135089874268
11	7	，	0.4047486484050751
11	8	电脑	14.694368362426758
11	9	功能	11.556727409362793
11	10	变得	13.230300903320312
11	11	更	4.075618267059326
11	12	多	1.7149237394332886
11	13	了	7.037332057952881
11	14	。	2.1397504806518555
12	1	随着	9.205375671386719
12	2	人民	10.610749244689941
12	3	需要	12.668684959411621
12	4	的	3.583462715148926
12	5	科技	9.306367874145508
12	6	发展	3.9873135089874268
12	7	。	8.99782943725586
13	1	自从	10.725886344909668
13	2	见	15.219630241394043
13	3	了	2.5865252017974854
13	4	我	8.691230773925781
13	5	介绍	12.412636756896973
13	6	的	7.198303699493408
13	7	他	9.493181228637695
13	8	，	0.981228232383728
13	9	她	7.604985237121582
13	10	一直	7.014993190765381
13	11	在	2.505459785461426
13	12	写信	17.913225173950195
13	13	。	5.546688556671143
14	1	自从	10.725886344909668
14	2	见	15.219630241394043
14	3	了	2.5865252017974854
14	4	我	8.691230773925781
14	5	介绍	12.412636756896973
14	6	的	7.198303699493408
14	7	他	9.493181228637695
14	8	。	8.067099571228027
15	1	自从	10.725886344909668
15	2	修	16.710180282592773
15	3	了	2.0273191928863525
15	4	村民	13.460503578186035
15	5	需要	12.278983116149902
15	6	的	2.7214972972869873
15	7	公路	11.15858268737793
15	8	，	1.8033173084259033
15	9	农村	11.557023048400879
15	10	经济	7.901604652404785
15	11	变	12.058784484863281
15	12	好	7.910646438598633
15	13	了	1.8776828050613403
15	14	。	3.360880136489868
16	1	自从	10.725886344909668
16	2	修	16.710180282592773
16	3	了	2.0273191928863525
16	4	村民	13.460503578186035
16	5	需要	12.278983116149902
16	6	的	2.7214972972869873
16	7	公路	11.15858268737793
16	8	。	5.388890743255615
17	1	自从	10.725886344909668
17	2	离开	13.602730751037598
17	3	她	10.30797290802002
17	4	依赖	15.130739212036133
17	5	的	6.582197189331055
17	6	家乡	10.739470481872559
17	7	，	0.5451685786247253
17	8	她	4.073303699493408
17	9	一直	7.528530120849609
17	10	想念	13.04378604888916
17	11	父母	10.12617301940918
17	12	。	4.858768939971924
18	1	自从	10.725886344909668
18	2	离开	13.602730751037598
18	3	她	10.30797290802002
18	4	依赖	15.130739212036133
18	5	的	6.582197189331055
18	6	家乡	10.739470481872559
18	7	。	10.173225402832031
19	1	自从	10.725886344909668
19	2	老师	16.177675247192383
19	3	称赞	18.14793586730957
19	4	的	4.146955490112305
19	5	他	7.517657279968262
19	6	开始	8.984307289123535
19	7	读书	14.280279159545898
19	8	，	2.1892879009246826
19	9	他	2.9055874347686768
19	10	的	4.083367824554443
19	11	成绩	12.877913475036621
19	12	提高	16.32004165649414
19	13	了	0.28066006302833557
19	14	。	7.405952453613281
20	1	自从	10.725886344909668
20	2	老师	16.177675247192383
20	3	称赞	18.14793586730957
20	4	的	4.146955490112305
20	5	他	7.517657279968262
20	6	开始	8.984307289123535
20	7	读书	14.280279159545898
20	8	。	7.857276439666748
21	1	自从	10.725886344909668
21	2	老师	16.177675247192383
21	3	认可	17.177459716796875
21	4	的	5.439760684967041
21	5	他	10.310649871826172
21	6	获得	13.251655578613281
21	7	大奖	16.111101150512695
21	8	，	4.972879886627197
21	9	他	3.9665582180023193
21	10	不	5.9072089195251465
21	11	学习	14.219829559326172
21	12	了	3.8643712997436523
21	13	。	2.6097168922424316
22	1	自从	10.725886344909668
22	2	老师	16.177675247192383
22	3	认可	17.177459716796875
22	4	的	5.439760684967041
22	5	他	10.310649871826172
22	6	获得	13.251655578613281
22	7	大奖	16.111101150512695
22	8	。	6.695929050445557
23	1	自从	10.725886344909668
23	2	我	8.1779203414917
23	3	提到	10.128226280212402
23	4	的	2.8033335208892822
23	5	她	10.889498710632324
23	6	认识	10.96352481842041
23	7	了	4.647497653961182
23	8	老师	14.036234855651855
23	9	，	0.6749707460403442
23	10	她	3.274667978286743
23	11	努力	12.776032447814941
23	12	训练	14.42806625366211
23	13	。	6.459171772003174
24	1	自从	10.725886344909668
24	2	我	8.1779203414917
24	3	提到	10.128226280212402
24	4	的	2.8033335208892822
24	5	她	10.889498710632324
24	6	认识	10.96352481842041
24	7	了	4.647497653961182
24	8	老师	14.036234855651855
24	9	。	5.131702899932861
25	1	自从	10.725886344909668
25	2	我	8.1779203414917
25	3	帮助	13.576138496398926
25	4	过	6.412531852722168
25	5	的	5.16322135925293
25	6	她	10.580891609191895
25	7	参与	16.183757781982422
25	8	了	3.0060434341430664
25	9	活动	14.318221092224121
25	10	，	2.8636021614074707
25	11	她	6.295722961425781
25	12	认识	11.044967651367188
25	13	了	2.0285449028015137
25	14	很多	6.053295135498047
25	15	人	4.303353786468506
25	16	。	6.407358169555664
26	1	自从	10.725886344909668
26	2	我	8.1779203414917
26	3	帮助	13.576138496398926
26	4	过	6.412531852722168
26	5	的	5.16322135925293
26	6	她	10.580891609191895
26	7	参与	16.183757781982422
26	8	了	3.0060434341430664
26	9	活动	14.318221092224121
26	10	。	5.256968975067139
27	1	自从	10.725886344909668
27	2	我	8.1779203414917
27	3	关心	12.604409217834473
27	4	的	2.9649910926818848
27	5	她	10.536787986755371
27	6	学习	12.768421173095703
27	7	了	7.153376579284668
27	8	外语	17.526212692260742
27	9	，	6.8952507972717285
27	10	她	5.484297752380371
27	11	看	11.161539077758789
27	12	了	2.590745687484741
27	13	很多	7.022574424743652
27	14	电影	10.696231842041016
27	15	。	3.6983773708343506
28	1	自从	10.725886344909668
28	2	我	8.1779203414917
28	3	关心	12.604409217834473
28	4	的	2.9649910926818848
28	5	她	10.536787986755371
28	6	学习	12.768421173095703
28	7	了	7.153376579284668
28	8	外语	17.526212692260742
28	9	。	11.495884895324707
29	1	因为	7.798079013824463
29	2	喝	15.887981414794922
29	3	了	2.6008169651031494
29	4	他	7.705368995666504
29	5	买	8.229211807250977
29	6	的	3.421600341796875
29	7	酒	8.885644912719727
29	8	，	0.7929623126983643
29	9	他	5.444547176361084
29	10	摔	12.006178855895996
29	11	了	1.1056209802627563
29	12	。	6.4929704666137695
30	1	因为	7.798079013824463
30	2	喝	15.887981414794922
30	3	了	2.6008169651031494
30	4	他	7.705368995666504
30	5	买	8.229211807250977
30	6	的	3.421600341796875
30	7	酒	8.885644912719727
30	8	。	6.662603855133057
31	1	因为	7.798079013824463
31	2	老师	14.415873527526855
31	3	想	8.577778816223145
31	4	见	10.257341384887695
31	5	的	6.321708679199219
31	6	他	9.017058372497559
31	7	要	7.320345878601074
31	8	迟到	18.654048919677734
31	9	了	6.546096324920654
31	10	，	1.6798288822174072
31	11	他	5.17852783203125
31	12	结束	15.547698020935059
31	13	了	0.4206511974334717
31	14	谈话	12.842794418334961
31	15	。	0.9793434143066406
32	1	因为	7.798079013824463
32	2	老师	14.415873527526855
32	3	想	8.577778816223145
32	4	见	10.257341384887695
32	5	的	6.321708679199219
32	6	他	9.017058372497559
32	7	要	7.320345878601074
32	8	迟到	18.654048919677734
32	9	了	6.546096324920654
32	10	。	2.9783706665039062
33	1	因为	7.798079013824463
33	2	我	4.620104789733887
33	3	了解	10.819540023803711
33	4	的	5.7489333152771
33	5	他	11.33826732635498
33	6	没有	7.9537482261657715
33	7	练习	15.851569175720215
33	8	题目	21.635927200317383
33	9	，	1.1495110988616943
33	10	他	4.955138206481934
33	11	没有	6.9406585693359375
33	12	成功	10.794149398803711
33	13	。	3.6170244216918945
34	1	因为	7.798079013824463
34	2	我	4.620104789733887
34	3	了解	10.819540023803711
34	4	的	5.7489333152771
34	5	他	11.33826732635498
34	6	没有	7.9537482261657715
34	7	练习	15.851569175720215
34	8	题目	21.635927200317383
34	9	。	5.099426746368408
35	1	因为	7.798079013824463
35	2	她	8.611525535583496
35	3	得	11.135579109191895
35	4	的	10.381793022155762
35	5	疾病	13.597691535949707
35	6	，	1.9332985877990723
35	7	她	6.830652236938477
35	8	拒绝	12.908918380737305
35	9	了	2.3010611534118652
35	10	演出	15.864401817321777
35	11	。	3.880614995956421
36	1	因为	7.798079013824463
36	2	她	8.611525535583496
36	3	得	11.135579109191895
36	4	的	10.381793022155762
36	5	疾病	13.597691535949707
36	6	。	7.658135414123535
37	1	因为	7.798079013824463
37	2	听	15.13817024230957
37	3	着	6.02604341506958
37	4	她	7.9715166091918945
37	5	喜欢	10.64940071105957
37	6	的	2.805830955505371
37	7	音乐	10.19552993774414
37	8	，	2.195852518081665
37	9	她	3.78346586227417
37	10	错过	16.691396713256836
37	11	了	0.6517578363418579
37	12	广播	14.684399604797363
37	13	。	8.969864845275879
38	1	因为	7.798079013824463
38	2	听	15.13817024230957
38	3	着	6.02604341506958
38	4	她	7.9715166091918945
38	5	喜欢	10.64940071105957
38	6	的	2.805830955505371
38	7	音乐	10.19552993774414
38	8	。	5.841082572937012
39	1	尽管	9.217853546142578
39	2	工人	14.807841300964355
39	3	尊敬	17.554012298583984
39	4	的	1.7145376205444336
39	5	领导	8.9194974899292
39	6	已经	5.598815441131592
39	7	离去	16.563722610473633
39	8	，	0.23454499244689941
39	9	工人	14.08670425415039
39	10	还	5.458914279937744
39	11	在	5.827413082122803
39	12	工作	7.9483842849731445
39	13	。	7.244263648986816
40	1	尽管	9.217853546142578
40	2	工人	14.807841300964355
40	3	尊敬	17.554012298583984
40	4	的	1.7145376205444336
40	5	领导	8.9194974899292
40	6	已经	5.598815441131592
40	7	离去	16.563722610473633
40	8	。	3.4729344844818115
41	1	尽管	9.217853546142578
41	2	我	5.743908405303955
41	3	认识	9.949705123901367
41	4	的	5.73127555847168
41	5	他	11.361322402954102
41	6	年纪	13.802678108215332
41	7	小	10.949809074401855
41	8	，	2.2066757678985596
41	9	他	5.558531284332275
41	10	有	7.508474349975586
41	11	能力	7.966973781585693
41	12	。	7.63450288772583
42	1	尽管	9.217853546142578
42	2	我	5.743908405303955
42	3	认识	9.949705123901367
42	4	的	5.73127555847168
42	5	他	11.361322402954102
42	6	年纪	13.802678108215332
42	7	小	10.949809074401855
42	8	。	9.83697509765625
43	1	尽管	9.217853546142578
43	2	他	6.491244316101074
43	3	教	13.795072555541992
43	4	过	6.757922649383545
43	5	的	6.653695106506348
43	6	她	10.249844551086426
43	7	会	10.45961856842041
43	8	开车	11.731416702270508
43	9	，	3.242826461791992
43	10	她	8.05451774597168
43	11	今天	10.631328582763672
43	12	没有	7.520638942718506
43	13	开车	12.773221015930176
43	14	。	3.8632242679595947
44	1	尽管	9.217853546142578
44	2	他	6.491244316101074
44	3	教	13.795072555541992
44	4	过	6.757922649383545
44	5	的	6.653695106506348
44	6	她	10.249844551086426
44	7	会	10.45961856842041
44	8	开车	11.731416702270508
44	9	。	5.3932294845581055
45	1	尽管	9.217853546142578
45	2	我	5.743908405303955
45	3	欣赏	15.119165420532227
45	4	的	6.620799541473389
45	5	作家	13.926507949829102
45	6	很	11.239952087402344
45	7	年轻	11.680891036987305
45	8	，	3.0876994132995605
45	9	他	6.468854904174805
45	10	写	9.280869483947754
45	11	了	1.6289935111999512
45	12	很多	7.4262919425964355
45	13	作品	8.013559341430664
45	14	。	1.8971061706542969
46	1	尽管	9.217853546142578
46	2	我	5.743908405303955
46	3	欣赏	15.119165420532227
46	4	的	6.620799541473389
46	5	作家	13.926507949829102
46	6	很	11.239952087402344
46	7	年轻	11.680891036987305
46	8	。	8.062005043029785
47	1	尽管	9.217853546142578
47	2	他	6.491244316101074
47	3	尊敬	17.0247859954834
47	4	的	1.8808053731918335
47	5	父亲	9.005372047424316
47	6	不	6.904269695281982
47	7	同意	9.985869407653809
47	8	他	4.667877197265625
47	9	唱歌	15.81160831451416
47	10	，	0.16343700885772705
47	11	他	4.881567001342773
47	12	还是	7.872622489929199
47	13	买	10.723481178283691
47	14	了	2.990293025970459
47	15	吉他	18.401103973388672
47	16	。	2.9120254516601562
48	1	尽管	9.217853546142578
48	2	他	6.491244316101074
48	3	尊敬	17.0247859954834
48	4	的	1.8808053731918335
48	5	父亲	9.005372047424316
48	6	不	6.904269695281982
48	7	同意	9.985869407653809
48	8	他	4.667877197265625
48	9	唱歌	15.81160831451416
48	10	。	3.8699591159820557
49	1	尽管	9.217853546142578
49	2	他	6.491244316101074
49	3	负责	12.08322525024414
49	4	的	3.616534471511841
49	5	经济	8.339851379394531
49	6	不	12.47879409790039
49	7	好	7.386989116668701
49	8	，	0.3392775356769562
49	9	他	7.118124961853027
49	10	还是	7.063631534576416
49	11	关心	12.528005599975586
49	12	慈善	14.66061782836914
49	13	。	6.234907627105713
50	1	尽管	9.217853546142578
50	2	他	6.491244316101074
50	3	负责	12.08322525024414
50	4	的	3.616534471511841
50	5	经济	8.339851379394531
50	6	不	12.47879409790039
50	7	好	7.386989116668701
50	8	。	6.045644760131836
51	1	如果	7.386114597320557
51	2	她	8.98760986328125
51	3	做	7.43336296081543
51	4	完	8.625791549682617
51	5	老师	13.655115127563477
51	6	布置	18.659570693969727
51	7	的	5.814942359924316
51	8	作业	14.596736907958984
51	9	，	1.5607638359069824
51	10	她	4.099216938018799
51	11	去	10.931838989257812
51	12	健身房	13.380908012390137
51	13	。	9.124651908874512
52	1	如果	7.386114597320557
52	2	她	8.98760986328125
52	3	做	7.43336296081543
52	4	完	8.625791549682617
52	5	老师	13.655115127563477
52	6	布置	18.659570693969727
52	7	的	5.814942359924316
52	8	作业	14.596736907958984
52	9	。	10.594566345214844
53	1	如果	7.386114597320557
53	2	我	4.988809585571289
53	3	采访	16.44310188293457
53	4	过	3.013343095779419
53	5	的	7.387609004974365
53	6	她们	13.491884231567383
53	7	照	17.306310653686523
53	8	了	5.120790958404541
53	9	相	17.19919776916504
53	10	，	4.037691116333008
53	11	她们	11.881645202636719
53	12	就	3.211139678955078
53	13	留下	13.995223999023438
53	14	了	1.226481318473816
53	15	回忆	15.775254249572754
53	16	。	1.7518279552459717
54	1	如果	7.386114597320557
54	2	我	4.988809585571289
54	3	采访	16.44310188293457
54	4	过	3.013343095779419
54	5	的	7.387609004974365
54	6	她们	13.491884231567383
54	7	照	17.306310653686523
54	8	了	5.120790958404541
54	9	相	17.19919776916504
54	10	。	7.949672222137451
55	1	如果	7.386114597320557
55	2	培养	15.258438110351562
55	3	了	3.7300925254821777
55	4	她	11.065699577331543
55	5	需要	7.539972305297852
55	6	的	1.9438363313674927
55	7	信心	12.033117294311523
55	8	，	0.3642943203449249
55	9	她	7.254162311553955
55	10	可以	5.331175804138184
55	11	实现	7.670053482055664
55	12	梦想	15.057355880737305
55	13	。	2.1742916107177734
56	1	如果	7.386114597320557
56	2	培养	15.258438110351562
56	3	了	3.7300925254821777
56	4	她	11.065699577331543
56	5	需要	7.539972305297852
56	6	的	1.9438363313674927
56	7	信心	12.033117294311523
56	8	。	5.013648509979248
57	1	如果	7.386114597320557
57	2	父亲	14.015533447265625
57	3	期待	13.767032623291016
57	4	的	5.862070560455322
57	5	他	8.84058952331543
57	6	不	4.696480751037598
57	7	尝试	12.378002166748047
57	8	，	0.9551399350166321
57	9	他	3.813185930252075
57	10	将	4.92171049118042
57	11	失去	10.052139282226562
57	12	机会	10.995672225952148
57	13	。	5.223145484924316
58	1	如果	7.386114597320557
58	2	父亲	14.015533447265625
58	3	期待	13.767032623291016
58	4	的	5.862070560455322
58	5	他	8.84058952331543
58	6	不	4.696480751037598
58	7	尝试	12.378002166748047
58	8	。	8.712126731872559
59	1	如果	7.386114597320557
59	2	母亲	12.483829498291016
59	3	喜欢	10.083958625793457
59	4	的	7.800634860992432
59	5	她	6.188891887664795
59	6	来	10.001800537109375
59	7	，	2.234039545059204
59	8	母亲	6.84931755065918
59	9	会	4.767093658447266
59	10	准备	9.996553421020508
59	11	水果	17.868892669677734
59	12	。	2.372509479522705
60	1	如果	7.386114597320557
60	2	母亲	12.483829498291016
60	3	喜欢	10.083958625793457
60	4	的	7.800634860992432
60	5	她	6.188891887664795
60	6	来	10.001800537109375
60	7	。	5.7370991706848145
