sentence_id	token_id	token	surprisal
1	1	那	7.210642337799072
1	2	位	7.127252101898193
1	3	教授	7.189488410949707
1	4	写	12.590067863464355
1	5	了	1.7866759300231934
1	6	读者	15.354756355285645
1	7	喜欢	14.854155540466309
1	8	的	3.1207568645477295
1	9	书	5.61262845993042
1	10	的	8.54151725769043
1	11	内容	7.517704963684082
1	12	。	2.544238328933716
2	1	那	7.210642337799072
2	2	位	7.127252101898193
2	3	教授	7.189488410949707
2	4	打	13.171713829040527
2	5	了	1.9988532066345215
2	6	读者	15.410999298095703
2	7	喜欢	14.51057243347168
2	8	的	3.4079782962799072
2	9	书	5.739941596984863
2	10	的	8.52888298034668
2	11	内容	7.93191385269165
2	12	。	2.860592842102051
3	1	弟弟	16.06370735168457
3	2	启动	15.849343299865723
3	3	了	1.4392378330230713
3	4	父亲	13.35640811920166
3	5	买	10.496939659118652
3	6	的	4.373915195465088
3	7	车	6.93454122543335
3	8	。	5.2257184982299805
4	1	弟弟	16.06370735168457
4	2	认识	14.476101875305176
4	3	了	2.4380297660827637
4	4	父亲	11.455146789550781
4	5	买	9.707075119018555
4	6	的	3.9050779342651367
4	7	车	7.0255303382873535
4	8	。	6.083943843841553
5	1	他	5.597632884979248
5	2	拿	12.055830001831055
5	3	了	3.000932216644287
5	4	桌子	15.674476623535156
5	5	上	4.882361888885498
5	6	的	4.856955528259277
5	7	妈妈	9.759842872619629
5	8	放	10.904410362243652
5	9	的	7.331606388092041
5	10	筷子	17.079622268676758
5	11	。	6.721874237060547
6	1	他	5.597632884979248
6	2	听	10.563987731933594
6	3	了	2.2227330207824707
6	4	桌子	16.628028869628906
6	5	上	5.491469383239746
6	6	的	5.065579891204834
6	7	妈妈	9.809828758239746
6	8	放	12.584274291992188
6	9	的	6.444869518280029
6	10	筷子	17.26273536682129
6	11	。	6.12299108505249
7	1	她	8.245683670043945
7	2	终于	12.19033145904541
7	3	实现	10.888101577758789
7	4	了	0.04825420305132866
7	5	她	3.2721807956695557
7	6	设立	15.004782676696777
7	7	的	1.2807015180587769
7	8	理想	11.866427421569824
7	9	。	4.83537483215332
8	1	她	8.245683670043945
8	2	终于	12.19033145904541
8	3	购买	12.798311233520508
8	4	了	0.03633394464850426
8	5	她	6.5594940185546875
8	6	设立	15.835420608520508
8	7	的	1.8919737339019775
8	8	理想	12.912224769592285
8	9	。	3.9789743423461914
9	1	我	5.127028942108154
9	2	修理	17.923261642456055
9	3	了	0.2220018208026886
9	4	这个	5.910372734069824
9	5	父亲	10.813517570495605
9	6	使用	13.34821605682373
9	7	的	1.986764907836914
9	8	电脑	11.908615112304688
9	9	。	5.571388244628906
10	1	我	5.127028942108154
10	2	阅读	17.810651779174805
10	3	了	3.278749465942383
10	4	这个	5.766525745391846
10	5	父亲	11.751801490783691
10	6	使用	13.260520935058594
10	7	的	2.1257214546203613
10	8	电脑	11.852540969848633
10	9	。	5.654338359832764
11	1	我	5.127028942108154
11	2	邀请	15.80583381652832
11	3	过	5.840126037597656
11	4	母亲	12.838912010192871
11	5	认识	10.96058177947998
11	6	的	4.084736347198486
11	7	我	7.134231090545654
11	8	的	3.1483805179595947
11	9	朋友	5.373137474060059
11	10	。	4.497198581695557
12	1	我	5.127028942108154
12	2	打开	14.194707870483398
12	3	过	4.099077224731445
12	4	母亲	12.304268836975098
12	5	认识	11.382023811340332
12	6	的	2.904733180999756
12	7	我	7.084558963775635
12	8	的	2.950350522994995
12	9	朋友	5.449260711669922
12	10	。	4.642117977142334
13	1	记者	9.727178573608398
13	2	采访	8.959928512573242
13	3	了	7.7645134925842285
13	4	人民	11.715054512023926
13	5	喜爱	15.481941223144531
13	6	的	0.10963428765535355
13	7	艺术家	13.686423301696777
13	8	。	5.538368225097656
14	1	记者	9.727178573608398
14	2	制作	14.259293556213379
14	3	了	6.319088459014893
14	4	人民	11.376046180725098
14	5	喜爱	14.829504013061523
14	6	的	0.029964039102196693
14	7	艺术家	12.472389221191406
14	8	。	5.841964244842529
15	1	他	5.597632884979248
15	2	参与	13.638815879821777
15	3	了	1.4580605030059814
15	4	宗教	11.069279670715332
15	5	引发	15.696732521057129
15	6	的	1.651663064956665
15	7	战争	7.191565990447998
15	8	。	2.2303974628448486
16	1	他	5.597632884979248
16	2	建造	15.433053970336914
16	3	了	0.9304070472717285
16	4	宗教	13.063587188720703
16	5	引发	15.779518127441406
16	6	的	1.2177015542984009
16	7	战争	7.047089576721191
16	8	。	1.7768298387527466
17	1	她	8.245683670043945
17	2	批评	12.488334655761719
17	3	了	5.194004535675049
17	4	她	2.660329580307007
17	5	爱	12.684203147888184
17	6	的	2.2440338134765625
17	7	儿子	6.147719383239746
17	8	。	4.049245357513428
18	1	她	8.245683670043945
18	2	改正	21.234527587890625
18	3	了	0.06952204555273056
18	4	她	4.165243148803711
18	5	爱	13.905969619750977
18	6	的	1.8701066970825195
18	7	儿子	7.1945624351501465
18	8	。	3.079594135284424
19	1	我	5.127028942108154
19	2	结束	14.077279090881348
19	3	了	0.37729763984680176
19	4	我	3.338641405105591
19	5	正在	9.875795364379883
19	6	进行	5.341400623321533
19	7	的	4.253052234649658
19	8	谈话	9.622538566589355
19	9	。	4.0660810470581055
20	1	我	5.127028942108154
20	2	表扬	20.0939884185791
20	3	了	0.6330433487892151
20	4	我	2.238522529602051
20	5	正在	11.386975288391113
20	6	进行	7.055515289306641
20	7	的	3.9663002490997314
20	8	谈话	10.489034652709961
20	9	。	1.3758959770202637
21	1	他	5.597632884979248
21	2	买	13.894210815429688
21	3	了	0.6454687714576721
21	4	这些	9.659648895263672
21	5	我	8.745478630065918
21	6	喜欢	10.542757987976074
21	7	的	2.3054087162017822
21	8	笔	12.680447578430176
21	9	。	3.8603527545928955
22	1	他	5.597632884979248
22	2	种	15.873261451721191
22	3	了	12.931185722351074
22	4	这些	8.632854461669922
22	5	我	11.720466613769531
22	6	喜欢	9.235780715942383
22	7	的	2.011866807937622
22	8	笔	13.343254089355469
22	9	。	3.953754186630249
23	1	他	5.597632884979248
23	2	提出	10.492741584777832
23	3	了	2.8617444038391113
23	4	很多	9.96983528137207
23	5	他	8.029206275939941
23	6	不	8.181098937988281
23	7	理解	10.543330192565918
23	8	的	2.362173080444336
23	9	问题	4.412895202636719
23	10	。	1.6543607711791992
24	1	他	5.597632884979248
24	2	申请	16.12003517150879
24	3	了	1.805487036705017
24	4	很多	9.377045631408691
24	5	他	7.1573896408081055
24	6	不	8.965324401855469
24	7	理解	10.465335845947266
24	8	的	3.423386812210083
24	9	问题	4.829946041107178
24	10	。	1.9268678426742554
25	1	这	5.371973037719727
25	2	款	13.84411907196045
25	3	药	13.93626594543457
25	4	治疗	15.66210651397705
25	5	了	8.42647933959961
25	6	医生	13.439353942871094
25	7	诊断	18.623971939086914
25	8	的	4.848636150360107
25	9	他	9.511327743530273
25	10	的	3.692857503890991
25	11	疾病	11.471868515014648
25	12	。	9.62484359741211
26	1	这	5.371973037719727
26	2	款	13.84411907196045
26	3	药	13.93626594543457
26	4	缓解	14.850610733032227
26	5	了	1.0156362056732178
26	6	医生	15.151162147521973
26	7	诊断	17.210186004638672
26	8	的	3.378633499145508
26	9	他	10.150202751159668
26	10	的	3.0742204189300537
26	11	疾病	11.715557098388672
26	12	。	8.555024147033691
27	1	我	5.127028942108154
27	2	看	8.325899124145508
27	3	着	5.870300769805908
27	4	我	3.4398348331451416
27	5	想念	11.912613868713379
27	6	的	9.81496524810791
27	7	奶奶	12.98637580871582
27	8	的	8.762868881225586
27	9	面容	15.578559875488281
27	10	。	1.8118194341659546
28	1	我	5.127028942108154
28	2	听	10.517356872558594
28	3	着	7.2097954750061035
28	4	我	2.990516424179077
28	5	想念	12.63529109954834
28	6	的	9.908987045288086
28	7	奶奶	12.941060066223145
28	8	的	8.42333698272705
28	9	面容	15.362488746643066
28	10	。	1.850860357284546
29	1	学者	15.559925079345703
29	2	发现	11.286256790161133
29	3	了	4.17919397354126
29	4	这个	10.500960350036621
29	5	古人	18.000598907470703
29	6	留下	13.229320526123047
29	7	的	0.21779043972492218
29	8	规律	12.42740535736084
29	9	。	3.5778603553771973
30	1	学者	15.559925079345703
30	2	发明	16.58544921875
30	3	了	2.7241878509521484
30	4	这个	11.761072158813477
30	5	古人	15.990415573120117
30	6	留下	16.3201847076416
30	7	的	0.3640751838684082
30	8	规律	13.25446891784668
30	9	。	3.764401912689209
31	1	母亲	13.416457176208496
31	2	准备	10.011539459228516
31	3	了	7.208815574645996
31	4	儿子	10.788429260253906
31	5	喜欢	14.414779663085938
31	6	的	5.684844017028809
31	7	晚饭	13.785087585449219
31	8	。	5.307941436767578
32	1	母亲	13.416457176208496
32	2	责备	16.122610092163086
32	3	了	4.7449727058410645
32	4	儿子	11.511625289916992
32	5	喜欢	15.829928398132324
32	6	的	5.585253715515137
32	7	晚饭	13.834066390991211
32	8	。	3.1341288089752197
33	1	孩子	13.992236137390137
33	2	培养	14.607795715332031
33	3	了	4.117255687713623
33	4	这个	9.203927040100098
33	5	母亲	10.383588790893555
33	6	欣赏	17.162403106689453
33	7	的	0.686037003993988
33	8	特长	17.25217056274414
33	9	。	3.8066587448120117
34	1	孩子	13.992236137390137
34	2	改正	21.72751235961914
34	3	了	1.6064847707748413
34	4	这个	8.6192045211792
34	5	母亲	10.573659896850586
34	6	欣赏	18.020483016967773
34	7	的	1.8134559392929077
34	8	特长	17.13678550720215
34	9	。	4.071786880493164
35	1	政府	10.321771621704102
35	2	设立	12.068187713623047
35	3	了	1.3254730701446533
35	4	媒体	12.57796859741211
35	5	提倡	16.460865020751953
35	6	的	2.241821765899658
35	7	项目	13.397340774536133
35	8	。	3.994877338409424
36	1	政府	10.321771621704102
36	2	引发	13.597784996032715
36	3	了	1.3982431888580322
36	4	媒体	11.61230182647705
36	5	提倡	15.162169456481934
36	6	的	1.9831554889678955
36	7	项目	15.492998123168945
36	8	。	4.629034042358398
37	1	我	5.127028942108154
37	2	回忆	13.018247604370117
37	3	了	4.820852756500244
37	4	同学	15.051671028137207
37	5	提到	13.919792175292969
37	6	的	3.0724799633026123
37	7	之前	15.103795051574707
37	8	的	5.124240398406982
37	9	经历	11.417303085327148
37	10	。	5.114739894866943
38	1	我	5.127028942108154
38	2	帮助	13.005729675292969
38	3	了	5.727510452270508
38	4	同学	15.69221019744873
38	5	提到	15.181498527526855
38	6	的	3.7306270599365234
38	7	之前	15.077485084533691
38	8	的	5.852869510650635
38	9	经历	11.352354049682617
38	10	。	5.438706874847412
39	1	花园	19.638437271118164
39	2	长满	17.41712188720703
39	3	了	6.909787654876709
39	4	爷爷	16.286685943603516
39	5	种	15.397174835205078
39	6	的	7.834040641784668
39	7	草	13.636567115783691
39	8	。	6.732216835021973
40	1	花园	19.638437271118164
40	2	吸引	14.147549629211426
40	3	了	3.345294237136841
40	4	爷爷	17.47589111328125
40	5	种	13.38647174835205
40	6	的	7.74799108505249
40	7	草	13.874021530151367
40	8	。	6.125269889831543
41	1	雨水	17.20920753479004
41	2	清洗	19.75916862487793
41	3	了	8.347076416015625
41	4	父亲	13.793184280395508
41	5	建造	16.290359497070312
41	6	的	7.833401679992676
41	7	大楼	15.056205749511719
41	8	。	4.52203369140625
42	1	雨水	17.20920753479004
42	2	灌溉	17.71867561340332
42	3	了	11.529669761657715
42	4	父亲	15.517756462097168
42	5	建造	16.34478759765625
42	6	的	4.652779579162598
42	7	大楼	14.302875518798828
42	8	。	4.345258712768555
43	1	我	5.127028942108154
43	2	听从	19.24425506591797
43	3	了	2.7738449573516846
43	4	母亲	11.010398864746094
43	5	认同	18.79941749572754
43	6	的	2.5244009494781494
43	7	老师	8.452311515808105
43	8	的	10.115944862365723
43	9	建议	10.159972190856934
43	10	。	2.949453830718994
44	1	我	5.127028942108154
44	2	安装	16.448610305786133
44	3	了	0.04672868922352791
44	4	母亲	13.515233993530273
44	5	认同	20.137086868286133
44	6	的	2.5153751373291016
44	7	老师	10.234557151794434
44	8	的	10.33236312866211
44	9	建议	10.112774848937988
44	10	。	1.226136326789856
45	1	警官	18.667634963989258
45	2	疏散	13.679265975952148
45	3	了	5.961573600769043
45	4	他	8.722977638244629
45	5	看到	12.248602867126465
45	6	的	2.8657121658325195
45	7	人群	11.21512508392334
45	8	。	9.022578239440918
46	1	警官	18.667634963989258
46	2	解除	14.175324440002441
46	3	了	0.84914231300354
46	4	他	7.896792411804199
46	5	看到	12.121994972229004
46	6	的	3.0492799282073975
46	7	人群	10.79272174835205
46	8	。	9.532437324523926
47	1	他	5.597632884979248
47	2	卖	14.620142936706543
47	3	过	4.391510009765625
47	4	一些	8.98426628112793
47	5	奶奶	12.708235740661621
47	6	买	10.855236053466797
47	7	了	3.0156443119049072
47	8	的	7.237203121185303
47	9	化肥	19.129289627075195
47	10	。	7.862748622894287
48	1	他	5.597632884979248
48	2	摘	18.43992805480957
48	3	过	5.927079200744629
48	4	一些	9.093636512756348
48	5	奶奶	13.633355140686035
48	6	买	12.29572868347168
48	7	了	3.0190064907073975
48	8	的	7.760865688323975
48	9	化肥	18.48773956298828
48	10	。	8.221607208251953
49	1	她	8.245683670043945
49	2	戴	15.118563652038574
49	3	过	8.806184768676758
49	4	我	9.329757690429688
49	5	买	12.407166481018066
49	6	的	3.4154558181762695
49	7	耳机	16.987873077392578
49	8	。	5.615559101104736
50	1	她	8.245683670043945
50	2	穿	12.523388862609863
50	3	过	5.873513698577881
50	4	我	7.740759372711182
50	5	买	12.233004570007324
50	6	的	2.7153964042663574
50	7	耳机	17.500036239624023
50	8	。	6.370454788208008
51	1	他	5.597632884979248
51	2	在	4.965167999267578
51	3	学校	9.336807250976562
51	4	里	1.5943971872329712
51	5	吃	9.687626838684082
51	6	过	6.543634414672852
51	7	厨师	19.745410919189453
51	8	做	14.274020195007324
51	9	的	4.552732467651367
51	10	饭	14.160493850708008
51	11	。	5.057521820068359
52	1	他	5.597632884979248
52	2	在	4.965167999267578
52	3	学校	9.336807250976562
52	4	里	1.5943971872329712
52	5	讲	7.868183612823486
52	6	过	4.190430164337158
52	7	厨师	20.664398193359375
52	8	做	13.301813125610352
52	9	的	4.102689266204834
52	10	饭	15.58614444732666
52	11	。	5.2656168937683105
53	1	他	5.597632884979248
53	2	见	11.539388656616211
53	3	过	0.9866271615028381
53	4	我	8.437358856201172
53	5	认识	10.509037971496582
53	6	的	2.9298882484436035
53	7	店长	23.292362213134766
53	8	。	11.265697479248047
54	1	他	5.597632884979248
54	2	去	10.817706108093262
54	3	过	3.6861681938171387
54	4	我	6.04232120513916
54	5	认识	11.593235969543457
54	6	的	3.0931856632232666
54	7	店长	23.267526626586914
54	8	。	9.928739547729492
55	1	我	5.127028942108154
55	2	听	10.517356872558594
55	3	过	0.6478295922279358
55	4	这些	8.006555557250977
55	5	孩子	8.000275611877441
55	6	制造	19.329383850097656
55	7	的	0.6923217177391052
55	8	声音	9.046989440917969
55	9	。	3.3151931762695312
56	1	我	5.127028942108154
56	2	见	11.466426849365234
56	3	过	0.5858590602874756
56	4	这些	9.306890487670898
56	5	孩子	7.379329204559326
56	6	制造	19.938608169555664
56	7	的	0.6131113767623901
56	8	声音	9.419992446899414
56	9	。	3.787105083465576
57	1	爷爷	16.839698791503906
57	2	安装	17.63917350769043
57	3	过	7.877903461456299
57	4	他	7.412937164306641
57	5	设计	16.201101303100586
57	6	的	0.34034496545791626
57	7	机器	12.30584716796875
57	8	。	7.147427082061768
58	1	爷爷	16.839698791503906
58	2	种植	18.360939025878906
58	3	过	9.260710716247559
58	4	他	10.57840347290039
58	5	设计	14.837547302246094
58	6	的	0.4815969467163086
58	7	机器	10.975313186645508
58	8	。	10.934342384338379
59	1	她	8.245683670043945
59	2	说	1.4054659605026245
59	3	过	6.424592018127441
59	4	这	5.083550930023193
59	5	些	12.694371223449707
59	6	我	7.6695427894592285
59	7	听	10.820746421813965
59	8	过	2.539156913757324
59	9	的	4.8050713539123535
59	10	话	4.073812007904053
59	11	。	2.7972218990325928
60	1	她	8.245683670043945
60	2	吃	12.667333602905273
60	3	过	5.046292304992676
60	4	这	7.584592342376709
60	5	些	10.732695579528809
60	6	我	7.83472204208374
60	7	听	9.843740463256836
60	8	过	2.70460844039917
60	9	的	4.208160400390625
60	10	话	5.484338283538818
60	11	。	3.098607301712036
61	1	母亲	13.416457176208496
61	2	买	11.465785026550293
61	3	了	0.707183837890625
61	4	她	8.018603324890137
61	5	用	9.763015747070312
61	6	过	5.269186973571777
61	7	的	3.008883237838745
61	8	纸	14.579975128173828
61	9	。	9.235329627990723
62	1	母亲	13.416457176208496
62	2	喝	10.320768356323242
62	3	了	1.7030051946640015
62	4	她	6.796243667602539
62	5	用	9.079806327819824
62	6	过	5.9706926345825195
62	7	的	3.439335823059082
62	8	纸	14.756102561950684
62	9	。	8.343435287475586
