sentence_id	token_id	token	surprisal
1	1	记者	9.727178573608398
1	2	采访	8.959928512573242
1	3	了	7.7645134925842285
1	4	研发	17.539146423339844
1	5	产品	12.717915534973145
1	6	。	6.981719017028809
2	1	记者	9.727178573608398
2	2	采访	8.959928512573242
2	3	了	7.7645134925842285
2	4	研发	17.539146423339844
2	5	产品	12.717915534973145
2	6	的	3.3778417110443115
2	7	科学家	15.03951644897461
2	8	。	8.378202438354492
3	1	他	5.597632884979248
3	2	认识	11.680583000183105
3	3	了	7.868735313415527
3	4	写	13.712996482849121
3	5	书	9.512763977050781
3	6	。	6.774286270141602
4	1	他	5.597632884979248
4	2	认识	11.680583000183105
4	3	了	7.868735313415527
4	4	写	13.712996482849121
4	5	书	9.512763977050781
4	6	的	3.7850089073181152
4	7	老师	11.021032333374023
4	8	。	4.040215492248535
5	1	他	5.597632884979248
5	2	拍	14.590124130249023
5	3	下	12.054255485534668
5	4	了	2.7793564796447754
5	5	获得	16.56842803955078
5	6	大奖	15.71137809753418
5	7	。	1.334550142288208
6	1	他	5.597632884979248
6	2	拍	14.590124130249023
6	3	下	12.054255485534668
6	4	了	2.7793564796447754
6	5	获得	16.56842803955078
6	6	大奖	15.71137809753418
6	7	的	4.565553665161133
6	8	艺术品	16.755491256713867
6	9	。	1.6361911296844482
7	1	我们	6.363039016723633
7	2	参加	13.532861709594727
7	3	了	0.9124388694763184
7	4	吸引	14.283281326293945
7	5	学生	10.486685752868652
7	6	。	9.135965347290039
8	1	我们	6.363039016723633
8	2	参加	13.532861709594727
8	3	了	0.9124388694763184
8	4	吸引	14.283281326293945
8	5	学生	10.486685752868652
8	6	的	0.5473926663398743
8	7	活动	9.233680725097656
8	8	。	2.256408929824829
9	1	他	5.597632884979248
9	2	想起	11.637358665466309
9	3	了	1.0788304805755615
9	4	写	13.897793769836426
9	5	过	5.741495132446289
9	6	歌	13.654430389404297
9	7	。	5.940927505493164
10	1	他	5.597632884979248
10	2	想起	11.637358665466309
10	3	了	1.0788304805755615
10	4	写	13.897793769836426
10	5	过	5.741495132446289
10	6	歌	13.654430389404297
10	7	的	1.1836382150650024
10	8	同学	11.195230484008789
10	9	。	4.96233606338501
11	1	司机	16.00446319580078
11	2	启动	16.682188034057617
11	3	了	1.6294574737548828
11	4	装有	18.401039123535156
11	5	音响	15.469574928283691
11	6	。	9.222457885742188
12	1	司机	16.00446319580078
12	2	启动	16.682188034057617
12	3	了	1.6294574737548828
12	4	装有	18.401039123535156
12	5	音响	15.469574928283691
12	6	的	3.033651113510132
12	7	车	9.092140197753906
12	8	。	6.324295997619629
13	1	爸爸	11.671850204467773
13	2	买	8.813190460205078
13	3	了	0.5717286467552185
13	4	带	11.172101974487305
13	5	家具	18.666337966918945
13	6	。	6.667298316955566
14	1	爸爸	11.671850204467773
14	2	买	8.813190460205078
14	3	了	0.5717286467552185
14	4	带	11.172101974487305
14	5	家具	18.666337966918945
14	6	的	4.859851837158203
14	7	房子	6.684640884399414
14	8	。	5.29372501373291
15	1	他	5.597632884979248
15	2	损失	18.588396072387695
15	3	了	6.766228199005127
15	4	买	12.707913398742676
15	5	药	12.006521224975586
15	6	。	4.394457817077637
16	1	他	5.597632884979248
16	2	损失	18.588396072387695
16	3	了	6.766228199005127
16	4	买	12.707913398742676
16	5	药	12.006521224975586
16	6	的	5.246579170227051
16	7	现金	9.357956886291504
16	8	。	2.696652889251709
17	1	我	5.127028942108154
17	2	拜访	15.513352394104004
17	3	了	2.5809803009033203
17	4	去	13.535210609436035
17	5	过	6.758238315582275
17	6	中国	10.68187141418457
17	7	。	4.929692268371582
18	1	我	5.127028942108154
18	2	拜访	15.513352394104004
18	3	了	2.5809803009033203
18	4	去	13.535210609436035
18	5	过	6.758238315582275
18	6	中国	10.68187141418457
18	7	的	1.123867392539978
18	8	邻居	10.514580726623535
18	9	。	3.034816026687622
19	1	爷爷	16.839698791503906
19	2	中止	19.35262680053711
19	3	了	5.80399751663208
19	4	引发	15.262726783752441
19	5	争吵	15.842108726501465
19	6	。	6.402261734008789
20	1	爷爷	16.839698791503906
20	2	中止	19.35262680053711
20	3	了	5.80399751663208
20	4	引发	15.262726783752441
20	5	争吵	15.842108726501465
20	6	的	0.27319785952568054
20	7	谈话	13.252371788024902
20	8	。	0.791294515132904
21	1	她	8.245683670043945
21	2	提到	11.32665729522705
21	3	了	1.3121435642242432
21	4	看	14.63345718383789
21	5	着	7.7329301834106445
21	6	电视	10.791138648986816
21	7	。	5.236667156219482
22	1	她	8.245683670043945
22	2	提到	11.32665729522705
22	3	了	1.3121435642242432
22	4	看	14.63345718383789
22	5	着	7.7329301834106445
22	6	电视	10.791138648986816
22	7	的	3.074981689453125
22	8	女儿	9.655649185180664
22	9	。	3.9254677295684814
23	1	医生	13.569586753845215
23	2	表扬	18.677291870117188
23	3	了	0.5304626226425171
23	4	帮助	13.644548416137695
23	5	老人	14.027176856994629
23	6	。	8.795799255371094
24	1	医生	13.569586753845215
24	2	表扬	18.677291870117188
24	3	了	0.5304626226425171
24	4	帮助	13.644548416137695
24	5	老人	14.027176856994629
24	6	的	1.520729422569275
24	7	孩子	5.560086727142334
24	8	。	6.399400234222412
25	1	她	8.245683670043945
25	2	介绍	11.517607688903809
25	3	了	3.2910971641540527
25	4	生产	16.21255874633789
25	5	电视	15.587687492370605
25	6	。	8.211503028869629
26	1	她	8.245683670043945
26	2	介绍	11.517607688903809
26	3	了	3.2910971641540527
26	4	生产	16.21255874633789
26	5	电视	15.587687492370605
26	6	的	1.5360966920852661
26	7	工厂	13.251273155212402
26	8	。	8.206589698791504
27	1	我	5.127028942108154
27	2	洗	16.41559600830078
27	3	了	1.6718202829360962
27	4	陪伴	17.56462287902832
27	5	过	3.887641191482544
27	6	母亲	12.004953384399414
27	7	。	3.449115753173828
28	1	我	5.127028942108154
28	2	洗	16.41559600830078
28	3	了	1.6718202829360962
28	4	陪伴	17.56462287902832
28	5	过	3.887641191482544
28	6	母亲	12.004953384399414
28	7	的	2.06020188331604
28	8	衣服	11.43217945098877
28	9	。	2.9322986602783203
29	1	学生	12.671290397644043
29	2	们	15.613356590270996
29	3	写	10.314648628234863
29	4	着	2.7283074855804443
29	5	困扰	18.790212631225586
29	6	他们	7.88580846786499
29	7	。	7.084601402282715
30	1	学生	12.671290397644043
30	2	们	15.613356590270996
30	3	写	10.314648628234863
30	4	着	2.7283074855804443
30	5	困扰	18.790212631225586
30	6	他们	7.88580846786499
30	7	的	1.762747049331665
30	8	作业	14.19287109375
30	9	。	2.2161545753479004
31	1	店长	18.297351837158203
31	2	拿	11.722634315490723
31	3	着	0.16966280341148376
31	4	开	11.161054611206055
31	5	大门	14.870523452758789
31	6	。	7.531915664672852
32	1	店长	18.297351837158203
32	2	拿	11.722634315490723
32	3	着	0.16966280341148376
32	4	开	11.161054611206055
32	5	大门	14.870523452758789
32	6	的	2.207134962081909
32	7	钥匙	13.381738662719727
32	8	。	2.998885154724121
33	1	有人	17.1243953704834
33	2	听	15.633247375488281
33	3	着	5.842370510101318
33	4	打扰	19.189661026000977
33	5	了	9.671504974365234
33	6	邻居	14.703512191772461
33	7	。	3.3845648765563965
34	1	有人	17.1243953704834
34	2	听	15.633247375488281
34	3	着	5.842370510101318
34	4	打扰	19.189661026000977
34	5	了	9.671504974365234
34	6	邻居	14.703512191772461
34	7	的	2.7194063663482666
34	8	音乐	11.379512786865234
34	9	。	4.802549839019775
35	1	我	5.127028942108154
35	2	观察	14.936360359191895
35	3	着	8.17749309539795
35	4	经营	15.58486270904541
35	5	商店	10.418275833129883
35	6	。	8.346735954284668
36	1	我	5.127028942108154
36	2	观察	14.936360359191895
36	3	着	8.17749309539795
36	4	经营	15.58486270904541
36	5	商店	10.418275833129883
36	6	的	2.5047080516815186
36	7	男人	13.338622093200684
36	8	。	5.080713272094727
37	1	学生	12.671290397644043
37	2	们	15.613356590270996
37	3	读	12.018637657165527
37	4	着	4.545513153076172
37	5	描述	14.909868240356445
37	6	故事	10.934266090393066
37	7	。	5.49453592300415
38	1	学生	12.671290397644043
38	2	们	15.613356590270996
38	3	读	12.018637657165527
38	4	着	4.545513153076172
38	5	描述	14.909868240356445
38	6	故事	10.934266090393066
38	7	的	0.9847962856292725
38	8	书	9.282821655273438
38	9	。	3.3938894271850586
39	1	教练	18.295988082885742
39	2	创办	12.360625267028809
39	3	过	8.664215087890625
39	4	教	14.757295608520508
39	5	动作	15.020147323608398
39	6	。	7.47766637802124
40	1	教练	18.295988082885742
40	2	创办	12.360625267028809
40	3	过	8.664215087890625
40	4	教	14.757295608520508
40	5	动作	15.020147323608398
40	6	的	2.3727946281433105
40	7	健身房	14.136018753051758
40	8	。	8.534693717956543
41	1	我	5.127028942108154
41	2	喜欢	8.051867485046387
41	3	过	5.202480316162109
41	4	给	10.374141693115234
41	5	我	2.0407536029815674
41	6	信心	16.626283645629883
41	7	。	2.0010409355163574
42	1	我	5.127028942108154
42	2	喜欢	8.051867485046387
42	3	过	5.202480316162109
42	4	给	10.374141693115234
42	5	我	2.0407536029815674
42	6	信心	16.626283645629883
42	7	的	4.327235698699951
42	8	音乐	12.365907669067383
42	9	。	2.287781000137329
43	1	她	8.245683670043945
43	2	开	11.715826988220215
43	3	过	4.626195907592773
43	4	容纳	21.253856658935547
43	5	很多	12.019142150878906
43	6	人	1.5839080810546875
43	7	。	7.10305118560791
44	1	她	8.245683670043945
44	2	开	11.715826988220215
44	3	过	4.626195907592773
44	4	容纳	21.253856658935547
44	5	很多	12.019142150878906
44	6	人	1.5839080810546875
44	7	的	2.860412836074829
44	8	车	7.84150505065918
44	9	。	5.0334672927856445
45	1	他	5.597632884979248
45	2	修理	17.130979537963867
45	3	过	9.074555397033691
45	4	丢失	17.07064437866211
45	5	了	0.7229520082473755
45	6	芯片	17.399831771850586
45	7	。	1.3801681995391846
46	1	他	5.597632884979248
46	2	修理	17.130979537963867
46	3	过	9.074555397033691
46	4	丢失	17.07064437866211
46	5	了	0.7229520082473755
46	6	芯片	17.399831771850586
46	7	的	4.012295246124268
46	8	电脑	10.961488723754883
46	9	。	5.89159631729126
47	1	他	5.597632884979248
47	2	讲	11.610655784606934
47	3	过	3.8968966007232666
47	4	介绍	16.083812713623047
47	5	画家	16.91385269165039
47	6	。	8.80594539642334
48	1	他	5.597632884979248
48	2	讲	11.610655784606934
48	3	过	3.8968966007232666
48	4	介绍	16.083812713623047
48	5	画家	16.91385269165039
48	6	的	1.569573163986206
48	7	课	10.385805130004883
48	8	。	4.171995162963867
49	1	我	5.127028942108154
49	2	邀请	15.80583381652832
49	3	过	5.840126037597656
49	4	喜欢	15.527365684509277
49	5	明星	14.762057304382324
49	6	。	3.1873323917388916
50	1	我	5.127028942108154
50	2	邀请	15.80583381652832
50	3	过	5.840126037597656
50	4	喜欢	15.527365684509277
50	5	明星	14.762057304382324
50	6	的	1.9862949848175049
50	7	朋友	7.301689624786377
50	8	。	2.3135273456573486
51	1	她	8.245683670043945
51	2	申请	16.902996063232422
51	3	过	7.622157573699951
51	4	减轻	15.948654174804688
51	5	负担	12.931112289428711
51	6	。	7.999722480773926
52	1	她	8.245683670043945
52	2	申请	16.902996063232422
52	3	过	7.622157573699951
52	4	减轻	15.948654174804688
52	5	负担	12.931112289428711
52	6	的	1.3907076120376587
52	7	奖金	13.92358684539795
52	8	。	5.14872932434082
53	1	她	8.245683670043945
53	2	去	11.100736618041992
53	3	买	7.397270679473877
53	4	带来	18.50004768371582
53	5	好运	14.66543960571289
53	6	。	2.069730758666992
54	1	她	8.245683670043945
54	2	去	11.100736618041992
54	3	买	7.397270679473877
54	4	带来	18.50004768371582
54	5	好运	14.66543960571289
54	6	的	3.1189088821411133
54	7	礼物	12.608430862426758
54	8	。	2.3827784061431885
55	1	弟弟	16.06370735168457
55	2	需要	11.945794105529785
55	3	用于	11.597623825073242
55	4	游戏	14.777158737182617
55	5	。	7.313606262207031
56	1	弟弟	16.06370735168457
56	2	需要	11.945794105529785
56	3	用于	11.597623825073242
56	4	游戏	14.777158737182617
56	5	的	3.7840943336486816
56	6	钱	8.210342407226562
56	7	。	7.218966960906982
57	1	他	5.597632884979248
57	2	很	7.8584885597229
57	3	欣赏	11.206315994262695
57	4	写	13.612957954406738
57	5	小说	11.693764686584473
57	6	。	4.469457626342773
58	1	他	5.597632884979248
58	2	很	7.8584885597229
58	3	欣赏	11.206315994262695
58	4	写	13.612957954406738
58	5	小说	11.693764686584473
58	6	的	1.0617519617080688
58	7	作家	9.379687309265137
58	8	。	5.731700897216797
59	1	我	5.127028942108154
59	2	经常	10.094088554382324
59	3	去	6.915752410888672
59	4	提供	13.135149955749512
59	5	停车位	18.365760803222656
59	6	。	3.357362985610962
60	1	我	5.127028942108154
60	2	经常	10.094088554382324
60	3	去	6.915752410888672
60	4	提供	13.135149955749512
60	5	停车位	18.365760803222656
60	6	的	3.86075496673584
60	7	医院	13.785523414611816
60	8	。	5.447635173797607
