sentence_id	token_id	token	surprisal
1	1	记者	9.727178573608398
1	2	采访	8.959928512573242
1	3	了	7.7645134925842285
1	4	研发	17.539146423339844
1	5	帮助	16.84564208984375
1	6	老人	15.018329620361328
1	7	的	0.5898247361183167
1	8	产品	13.30081844329834
1	9	。	5.4404401779174805
2	1	记者	9.727178573608398
2	2	采访	8.959928512573242
2	3	了	7.7645134925842285
2	4	研发	17.539146423339844
2	5	帮助	16.84564208984375
2	6	老人	15.018329620361328
2	7	的	0.5898247361183167
2	8	产品	13.30081844329834
2	9	的	8.077303886413574
2	10	科学家	14.44437026977539
2	11	。	6.39359188079834
3	1	他	5.597632884979248
3	2	认识	11.680583000183105
3	3	了	7.868735313415527
3	4	写	13.712996482849121
3	5	介绍	15.99713134765625
3	6	名人	16.27435302734375
3	7	的	2.5503652095794678
3	8	书	6.736451625823975
3	9	。	4.544201850891113
4	1	他	5.597632884979248
4	2	认识	11.680583000183105
4	3	了	7.868735313415527
4	4	写	13.712996482849121
4	5	介绍	15.99713134765625
4	6	名人	16.27435302734375
4	7	的	2.5503652095794678
4	8	书	6.736451625823975
4	9	的	10.544149398803711
4	10	老师	11.307183265686035
4	11	。	3.903362989425659
5	1	他	5.597632884979248
5	2	拍	14.590124130249023
5	3	下	12.054255485534668
5	4	了	2.7793564796447754
5	5	获得	16.56842803955078
5	6	代表	16.928850173950195
5	7	实力	15.259037971496582
5	8	的	2.4128079414367676
5	9	大奖	13.896146774291992
5	10	。	0.7409747838973999
6	1	他	5.597632884979248
6	2	拍	14.590124130249023
6	3	下	12.054255485534668
6	4	了	2.7793564796447754
6	5	获得	16.56842803955078
6	6	代表	16.928850173950195
6	7	实力	15.259037971496582
6	8	的	2.4128079414367676
6	9	大奖	13.896146774291992
6	10	的	10.593095779418945
6	11	艺术品	15.959820747375488
6	12	。	2.376823663711548
7	1	我们	6.363039016723633
7	2	参加	13.532861709594727
7	3	了	0.9124388694763184
7	4	吸引	14.283281326293945
7	5	学习	14.135449409484863
7	6	历史	8.657814025878906
7	7	的	0.7782183289527893
7	8	学生	11.098260879516602
7	9	。	2.1071279048919678
8	1	我们	6.363039016723633
8	2	参加	13.532861709594727
8	3	了	0.9124388694763184
8	4	吸引	14.283281326293945
8	5	学习	14.135449409484863
8	6	历史	8.657814025878906
8	7	的	0.7782183289527893
8	8	学生	11.098260879516602
8	9	的	5.4814839363098145
8	10	活动	8.387016296386719
8	11	。	1.2737314701080322
9	1	他	5.597632884979248
9	2	想起	11.637358665466309
9	3	了	1.0788304805755615
9	4	写	13.897793769836426
9	5	过	5.741495132446289
9	6	宣传	16.223886489868164
9	7	环保	15.378015518188477
9	8	的	2.080578088760376
9	9	歌	11.050002098083496
9	10	。	4.136366844177246
10	1	他	5.597632884979248
10	2	想起	11.637358665466309
10	3	了	1.0788304805755615
10	4	写	13.897793769836426
10	5	过	5.741495132446289
10	6	宣传	16.223886489868164
10	7	环保	15.378015518188477
10	8	的	2.080578088760376
10	9	歌	11.050002098083496
10	10	的	6.805383682250977
10	11	同学	11.84992790222168
10	12	。	3.451366424560547
11	1	司机	16.00446319580078
11	2	启动	16.682188034057617
11	3	了	1.6294574737548828
11	4	装有	18.401039123535156
11	5	支持	17.905620574951172
11	6	互联网	16.098440170288086
11	7	功能	10.806782722473145
11	8	的	4.995236873626709
11	9	音响	16.469079971313477
11	10	。	11.542176246643066
12	1	司机	16.00446319580078
12	2	启动	16.682188034057617
12	3	了	1.6294574737548828
12	4	装有	18.401039123535156
12	5	支持	17.905620574951172
12	6	互联网	16.098440170288086
12	7	功能	10.806782722473145
12	8	的	4.995236873626709
12	9	音响	16.469079971313477
12	10	的	8.682637214660645
12	11	车	11.687788009643555
12	12	。	6.178182125091553
13	1	爸爸	11.671850204467773
13	2	买	8.813190460205078
13	3	了	0.5717286467552185
13	4	带	11.172101974487305
13	5	配备	19.55415916442871
13	6	保险	18.546459197998047
13	7	的	2.015685558319092
13	8	家具	16.24653434753418
13	9	。	6.454107761383057
14	1	爸爸	11.671850204467773
14	2	买	8.813190460205078
14	3	了	0.5717286467552185
14	4	带	11.172101974487305
14	5	配备	19.55415916442871
14	6	保险	18.546459197998047
14	7	的	2.015685558319092
14	8	家具	16.24653434753418
14	9	的	8.789511680603027
14	10	房子	7.670973777770996
14	11	。	4.9529242515563965
15	1	他	5.597632884979248
15	2	损失	18.588396072387695
15	3	了	6.766228199005127
15	4	买	12.707913398742676
15	5	治疗	13.977327346801758
15	6	疾病	12.767306327819824
15	7	的	4.63173246383667
15	8	药	11.244275093078613
15	9	。	4.626767158508301
16	1	他	5.597632884979248
16	2	损失	18.588396072387695
16	3	了	6.766228199005127
16	4	买	12.707913398742676
16	5	治疗	13.977327346801758
16	6	疾病	12.767306327819824
16	7	的	4.63173246383667
16	8	药	11.244275093078613
16	9	的	11.950084686279297
16	10	现金	10.466787338256836
16	11	。	2.9791674613952637
17	1	我	5.127028942108154
17	2	拜访	15.513352394104004
17	3	了	2.5809803009033203
17	4	去	13.535210609436035
17	5	过	6.758238315582275
17	6	支持	14.277186393737793
17	7	贸易	16.28740882873535
17	8	的	2.5695395469665527
17	9	中国	9.252025604248047
17	10	。	4.733090400695801
18	1	我	5.127028942108154
18	2	拜访	15.513352394104004
18	3	了	2.5809803009033203
18	4	去	13.535210609436035
18	5	过	6.758238315582275
18	6	支持	14.277186393737793
18	7	贸易	16.28740882873535
18	8	的	2.5695395469665527
18	9	中国	9.252025604248047
18	10	的	3.927849769592285
18	11	邻居	12.575657844543457
18	12	。	1.9319303035736084
19	1	爷爷	16.839698791503906
19	2	中止	19.35262680053711
19	3	了	5.80399751663208
19	4	引发	15.262726783752441
19	5	伤害	15.589201927185059
19	6	亲情	16.948429107666016
19	7	的	1.3045940399169922
19	8	争吵	14.392707824707031
19	9	。	2.526104688644409
20	1	爷爷	16.839698791503906
20	2	中止	19.35262680053711
20	3	了	5.80399751663208
20	4	引发	15.262726783752441
20	5	伤害	15.589201927185059
20	6	亲情	16.948429107666016
20	7	的	1.3045940399169922
20	8	争吵	14.392707824707031
20	9	的	8.270665168762207
20	10	谈话	13.142705917358398
20	11	。	0.9033368229866028
21	1	她	8.245683670043945
21	2	提到	11.32665729522705
21	3	了	1.3121435642242432
21	4	看	14.63345718383789
21	5	着	7.7329301834106445
21	6	带来	16.706398010253906
21	7	欢乐	13.313532829284668
21	8	的	0.6102923154830933
21	9	电视	13.566313743591309
21	10	。	3.7782864570617676
22	1	她	8.245683670043945
22	2	提到	11.32665729522705
22	3	了	1.3121435642242432
22	4	看	14.63345718383789
22	5	着	7.7329301834106445
22	6	带来	16.706398010253906
22	7	欢乐	13.313532829284668
22	8	的	0.6102923154830933
22	9	电视	13.566313743591309
22	10	的	6.8615875244140625
22	11	女儿	12.618423461914062
22	12	。	2.7043914794921875
23	1	医生	13.569586753845215
23	2	表扬	18.677291870117188
23	3	了	0.5304626226425171
23	4	帮助	13.644548416137695
23	5	种	17.266284942626953
23	6	菜	11.318861961364746
23	7	的	4.245837211608887
23	8	老人	13.017637252807617
23	9	。	6.7075958251953125
24	1	医生	13.569586753845215
24	2	表扬	18.677291870117188
24	3	了	0.5304626226425171
24	4	帮助	13.644548416137695
24	5	种	17.266284942626953
24	6	菜	11.318861961364746
24	7	的	4.245837211608887
24	8	老人	13.017637252807617
24	9	的	7.602116107940674
24	10	孩子	6.0947089195251465
24	11	。	6.46436071395874
25	1	她	8.245683670043945
25	2	介绍	11.517607688903809
25	3	了	3.2910971641540527
25	4	生产	16.21255874633789
25	5	装有	19.1943359375
25	6	音响	14.854493141174316
25	7	的	2.8247153759002686
25	8	电视	14.540773391723633
25	9	。	4.976981163024902
26	1	她	8.245683670043945
26	2	介绍	11.517607688903809
26	3	了	3.2910971641540527
26	4	生产	16.21255874633789
26	5	装有	19.1943359375
26	6	音响	14.854493141174316
26	7	的	2.8247153759002686
26	8	电视	14.540773391723633
26	9	的	9.123333930969238
26	10	工厂	12.463472366333008
26	11	。	8.016260147094727
27	1	我	5.127028942108154
27	2	洗	16.41559600830078
27	3	了	1.6718202829360962
27	4	陪伴	17.56462287902832
27	5	过	3.887641191482544
27	6	卖	11.983457565307617
27	7	衣服	11.446587562561035
27	8	的	1.0232473611831665
27	9	母亲	8.38825798034668
27	10	。	2.3461735248565674
28	1	我	5.127028942108154
28	2	洗	16.41559600830078
28	3	了	1.6718202829360962
28	4	陪伴	17.56462287902832
28	5	过	3.887641191482544
28	6	卖	11.983457565307617
28	7	衣服	11.446587562561035
28	8	的	1.0232473611831665
28	9	母亲	8.38825798034668
28	10	的	7.182057857513428
28	11	衣服	10.700401306152344
28	12	。	3.5027520656585693
29	1	学生	12.671290397644043
29	2	们	15.613356590270996
29	3	写	10.314648628234863
29	4	着	2.7283074855804443
29	5	困扰	18.790212631225586
29	6	努力	15.249397277832031
29	7	学习	9.749975204467773
29	8	的	2.8836450576782227
29	9	他们	13.25937271118164
29	10	。	3.0673294067382812
30	1	学生	12.671290397644043
30	2	们	15.613356590270996
30	3	写	10.314648628234863
30	4	着	2.7283074855804443
30	5	困扰	18.790212631225586
30	6	努力	15.249397277832031
30	7	学习	9.749975204467773
30	8	的	2.8836450576782227
30	9	他们	13.25937271118164
30	10	的	7.203223705291748
30	11	作业	13.135696411132812
30	12	。	1.6751240491867065
31	1	店长	18.297351837158203
31	2	拿	11.722634315490723
31	3	着	0.16966280341148376
31	4	开	11.161054611206055
31	5	通往	16.928735733032227
31	6	仓库	15.172526359558105
31	7	的	0.21300257742404938
31	8	大门	13.2278470993042
31	9	。	8.030448913574219
32	1	店长	18.297351837158203
32	2	拿	11.722634315490723
32	3	着	0.16966280341148376
32	4	开	11.161054611206055
32	5	通往	16.928735733032227
32	6	仓库	15.172526359558105
32	7	的	0.21300257742404938
32	8	大门	13.2278470993042
32	9	的	13.394550323486328
32	10	钥匙	13.892996788024902
32	11	。	4.558314323425293
33	1	有人	17.1243953704834
33	2	听	15.633247375488281
33	3	着	5.842370510101318
33	4	打扰	19.189661026000977
33	5	了	9.671504974365234
33	6	写	14.581417083740234
33	7	书	8.455512046813965
33	8	的	3.5004024505615234
33	9	邻居	11.753671646118164
33	10	。	2.7971057891845703
34	1	有人	17.1243953704834
34	2	听	15.633247375488281
34	3	着	5.842370510101318
34	4	打扰	19.189661026000977
34	5	了	9.671504974365234
34	6	写	14.581417083740234
34	7	书	8.455512046813965
34	8	的	3.5004024505615234
34	9	邻居	11.753671646118164
34	10	的	8.998991012573242
34	11	音乐	11.055771827697754
34	12	。	4.4224114418029785
35	1	我	5.127028942108154
35	2	观察	14.936360359191895
35	3	着	8.17749309539795
35	4	经营	15.58486270904541
35	5	卖	14.676840782165527
35	6	食品	11.097103118896484
35	7	的	1.3333613872528076
35	8	商店	10.46852970123291
35	9	。	7.71144962310791
36	1	我	5.127028942108154
36	2	观察	14.936360359191895
36	3	着	8.17749309539795
36	4	经营	15.58486270904541
36	5	卖	14.676840782165527
36	6	食品	11.097103118896484
36	7	的	1.3333613872528076
36	8	商店	10.46852970123291
36	9	的	8.76357364654541
36	10	男人	13.020983695983887
36	11	。	5.667993068695068
37	1	学生	12.671290397644043
37	2	们	15.613356590270996
37	3	读	12.018637657165527
37	4	着	4.545513153076172
37	5	描述	14.909868240356445
37	6	启发	14.181303024291992
37	7	读者	16.295793533325195
37	8	的	3.834507703781128
37	9	故事	6.5451555252075195
37	10	。	2.2349393367767334
38	1	学生	12.671290397644043
38	2	们	15.613356590270996
38	3	读	12.018637657165527
38	4	着	4.545513153076172
38	5	描述	14.909868240356445
38	6	启发	14.181303024291992
38	7	读者	16.295793533325195
38	8	的	3.834507703781128
38	9	故事	6.5451555252075195
38	10	的	10.685999870300293
38	11	书	8.995075225830078
38	12	。	4.038524627685547
39	1	教练	18.295988082885742
39	2	创办	12.360625267028809
39	3	过	8.664215087890625
39	4	教	14.757295608520508
39	5	治疗	15.816716194152832
39	6	失眠	17.27784538269043
39	7	的	0.9427646994590759
39	8	动作	11.096254348754883
39	9	。	8.80854606628418
40	1	教练	18.295988082885742
40	2	创办	12.360625267028809
40	3	过	8.664215087890625
40	4	教	14.757295608520508
40	5	治疗	15.816716194152832
40	6	失眠	17.27784538269043
40	7	的	0.9427646994590759
40	8	动作	11.096254348754883
40	9	的	11.219508171081543
40	10	健身房	14.864977836608887
40	11	。	8.455254554748535
41	1	我	5.127028942108154
41	2	喜欢	8.051867485046387
41	3	过	5.202480316162109
41	4	给	10.374141693115234
41	5	我	2.0407536029815674
41	6	克服	16.49420166015625
41	7	困难	11.839553833007812
41	8	的	2.3399205207824707
41	9	信心	13.489891052246094
41	10	。	1.5227560997009277
42	1	我	5.127028942108154
42	2	喜欢	8.051867485046387
42	3	过	5.202480316162109
42	4	给	10.374141693115234
42	5	我	2.0407536029815674
42	6	克服	16.49420166015625
42	7	困难	11.839553833007812
42	8	的	2.3399205207824707
42	9	信心	13.489891052246094
42	10	的	8.961655616760254
42	11	音乐	14.000844955444336
42	12	。	2.324201822280884
43	1	她	8.245683670043945
43	2	开	11.715826988220215
43	3	过	4.626195907592773
43	4	容纳	21.253856658935547
43	5	很多	12.019142150878906
43	6	学习	15.093599319458008
43	7	舞蹈	16.13274383544922
43	8	的	1.5922008752822876
43	9	人	4.813904285430908
43	10	。	6.383872032165527
44	1	她	8.245683670043945
44	2	开	11.715826988220215
44	3	过	4.626195907592773
44	4	容纳	21.253856658935547
44	5	很多	12.019142150878906
44	6	学习	15.093599319458008
44	7	舞蹈	16.13274383544922
44	8	的	1.5922008752822876
44	9	人	4.813904285430908
44	10	的	8.177536010742188
44	11	车	10.797144889831543
44	12	。	4.770471572875977
45	1	他	5.597632884979248
45	2	修理	17.130979537963867
45	3	过	9.074555397033691
45	4	丢失	17.07064437866211
45	5	了	0.7229520082473755
45	6	处理	13.513331413269043
45	7	程序	12.099984169006348
45	8	的	2.386009454727173
45	9	芯片	16.004011154174805
45	10	。	2.141916275024414
46	1	他	5.597632884979248
46	2	修理	17.130979537963867
46	3	过	9.074555397033691
46	4	丢失	17.07064437866211
46	5	了	0.7229520082473755
46	6	处理	13.513331413269043
46	7	程序	12.099984169006348
46	8	的	2.386009454727173
46	9	芯片	16.004011154174805
46	10	的	5.200769424438477
46	11	电脑	10.945425987243652
46	12	。	6.829440116882324
47	1	他	5.597632884979248
47	2	讲	11.610655784606934
47	3	过	3.8968966007232666
47	4	介绍	16.083812713623047
47	5	写	12.697675704956055
47	6	诗	14.068161010742188
47	7	的	5.134718894958496
47	8	画家	16.14616584777832
47	9	。	4.959115505218506
48	1	他	5.597632884979248
48	2	讲	11.610655784606934
48	3	过	3.8968966007232666
48	4	介绍	16.083812713623047
48	5	写	12.697675704956055
48	6	诗	14.068161010742188
48	7	的	5.134718894958496
48	8	画家	16.14616584777832
48	9	的	5.632087707519531
48	10	课	10.227937698364258
48	11	。	3.076521873474121
49	1	我	5.127028942108154
49	2	邀请	15.80583381652832
49	3	过	5.840126037597656
49	4	喜欢	15.527365684509277
49	5	唱	13.682467460632324
49	6	歌	11.827470779418945
49	7	的	2.3436341285705566
49	8	明星	12.476804733276367
49	9	。	2.4200735092163086
50	1	我	5.127028942108154
50	2	邀请	15.80583381652832
50	3	过	5.840126037597656
50	4	喜欢	15.527365684509277
50	5	唱	13.682467460632324
50	6	歌	11.827470779418945
50	7	的	2.3436341285705566
50	8	明星	12.476804733276367
50	9	的	9.499066352844238
50	10	朋友	6.115242958068848
50	11	。	2.0618810653686523
51	1	她	8.245683670043945
51	2	申请	16.902996063232422
51	3	过	7.622157573699951
51	4	减轻	15.948654174804688
51	5	困扰	16.20063018798828
51	6	父母	14.461580276489258
51	7	的	0.4217255711555481
51	8	负担	11.243940353393555
51	9	。	5.990008354187012
52	1	她	8.245683670043945
52	2	申请	16.902996063232422
52	3	过	7.622157573699951
52	4	减轻	15.948654174804688
52	5	困扰	16.20063018798828
52	6	父母	14.461580276489258
52	7	的	0.4217255711555481
52	8	负担	11.243940353393555
52	9	的	10.230439186096191
52	10	奖金	14.288017272949219
52	11	。	5.894462585449219
53	1	她	8.245683670043945
53	2	去	11.100736618041992
53	3	卖	10.191766738891602
53	4	陪伴	17.193180084228516
53	5	孩子	10.292518615722656
53	6	的	2.550361394882202
53	7	礼物	12.15834903717041
53	8	。	4.787561416625977
54	1	她	8.245683670043945
54	2	去	11.100736618041992
54	3	卖	10.191766738891602
54	4	陪伴	17.193180084228516
54	5	孩子	10.292518615722656
54	6	的	2.550361394882202
54	7	礼物	12.15834903717041
54	8	的	9.232416152954102
54	9	商店	14.345085144042969
54	10	。	7.221073150634766
55	1	弟弟	16.06370735168457
55	2	需要	11.945794105529785
55	3	用于	11.597623825073242
55	4	锻炼	14.371108055114746
55	5	记忆力	20.29977035522461
55	6	的	8.130715370178223
55	7	游戏	12.604880332946777
55	8	。	7.508692264556885
56	1	弟弟	16.06370735168457
56	2	需要	11.945794105529785
56	3	用于	11.597623825073242
56	4	锻炼	14.371108055114746
56	5	记忆力	20.29977035522461
56	6	的	8.130715370178223
56	7	游戏	12.604880332946777
56	8	的	13.709339141845703
56	9	钱	10.851296424865723
56	10	。	8.538392066955566
57	1	他	5.597632884979248
57	2	很	7.8584885597229
57	3	欣赏	11.206315994262695
57	4	写	13.612957954406738
57	5	吸引	15.544180870056152
57	6	读者	9.65972900390625
57	7	的	0.5244786143302917
57	8	小说	7.654880046844482
57	9	。	3.021530866622925
58	1	他	5.597632884979248
58	2	很	7.8584885597229
58	3	欣赏	11.206315994262695
58	4	写	13.612957954406738
58	5	吸引	15.544180870056152
58	6	读者	9.65972900390625
58	7	的	0.5244786143302917
58	8	小说	7.654880046844482
58	9	的	8.749468803405762
58	10	作家	8.831082344055176
58	11	。	3.4423930644989014
59	1	我	5.127028942108154
59	2	经常	10.094088554382324
59	3	去	6.915752410888672
59	4	提供	13.135149955749512
59	5	帮助	9.053125381469727
59	6	残疾人	19.1429386138916
59	7	的	3.5011281967163086
59	8	停车位	17.879261016845703
59	9	。	1.6612722873687744
60	1	我	5.127028942108154
60	2	经常	10.094088554382324
60	3	去	6.915752410888672
60	4	提供	13.135149955749512
60	5	帮助	9.053125381469727
60	6	残疾人	19.1429386138916
60	7	的	3.5011281967163086
60	8	停车位	17.879261016845703
60	9	的	10.150362014770508
60	10	医院	12.242888450622559
60	11	。	3.177346706390381
