sentence_id	token_id	token	surprisal
1	1	那	7.210642337799072
1	2	家	8.971098899841309
1	3	认识	16.48407745361328
1	4	我	6.334267616271973
1	5	的	1.511468529701233
1	6	老板	12.073832511901855
1	7	投资	16.289649963378906
1	8	的	4.057992935180664
1	9	饭店	14.870997428894043
1	10	很	5.955888271331787
1	11	受	9.491195678710938
1	12	欢迎	4.4476237297058105
1	13	。	4.91000509262085
2	1	那	7.210642337799072
2	2	个	7.011213302612305
2	3	认识	13.076786994934082
2	4	我	5.953846454620361
2	5	的	1.4162601232528687
2	6	老板	12.657391548156738
2	7	投资	17.578859329223633
2	8	的	4.292158603668213
2	9	饭店	15.759620666503906
2	10	很	5.9994916915893555
2	11	受	9.170055389404297
2	12	欢迎	4.216541767120361
2	13	。	4.666100978851318
3	1	那	7.210642337799072
3	2	幅	14.024829864501953
3	3	帮助	14.644556045532227
3	4	过	11.278732299804688
3	5	我	5.380310535430908
3	6	的	1.197562575340271
3	7	朋友	5.711771011352539
3	8	喜欢	11.709884643554688
3	9	的	4.253727912902832
3	10	画	14.73249626159668
3	11	吸引	16.06123161315918
3	12	了	5.410520553588867
3	13	我	4.421496868133545
3	14	。	5.142878532409668
4	1	那	7.210642337799072
4	2	个	7.011213302612305
4	3	帮助	14.714141845703125
4	4	过	12.0188570022583
4	5	我	4.083163738250732
4	6	的	1.7698285579681396
4	7	朋友	5.424137115478516
4	8	喜欢	10.490039825439453
4	9	的	4.057455062866211
4	10	画	16.135089874267578
4	11	吸引	16.191335678100586
4	12	了	5.049314022064209
4	13	我	3.6832664012908936
4	14	。	5.097756862640381
5	1	那	7.210642337799072
5	2	件	8.543764114379883
5	3	教	19.587543487548828
5	4	过	8.268484115600586
5	5	我	4.607720375061035
5	6	的	2.165048599243164
5	7	老师	10.42084789276123
5	8	收藏	19.668373107910156
5	9	的	3.9464449882507324
5	10	艺术品	16.40785026550293
5	11	获	17.30202865600586
5	12	了	3.549107313156128
5	13	奖	11.15371322631836
5	14	。	1.58340585231781
6	1	那	7.210642337799072
6	2	个	7.011213302612305
6	3	教	16.394935607910156
6	4	过	9.333626747131348
6	5	我	4.331251621246338
6	6	的	2.022643804550171
6	7	老师	9.728821754455566
6	8	收藏	19.88499641418457
6	9	的	4.25189208984375
6	10	艺术品	16.39269256591797
6	11	获	17.568811416625977
6	12	了	3.0678045749664307
6	13	奖	10.974930763244629
6	14	。	1.3062857389450073
7	1	那	7.210642337799072
7	2	只	7.1816020011901855
7	3	认识	13.505800247192383
7	4	我	6.76241397857666
7	5	的	1.687608242034912
7	6	店长	20.745437622070312
7	7	喜欢	12.218215942382812
7	8	的	3.0164897441864014
7	9	宠物	16.352388381958008
7	10	生病	15.146503448486328
7	11	了	3.423482894897461
7	12	。	0.3495594561100006
8	1	那	7.210642337799072
8	2	个	7.011213302612305
8	3	认识	13.076786994934082
8	4	我	5.953846454620361
8	5	的	1.4162601232528687
8	6	店长	20.881458282470703
8	7	喜欢	10.77560043334961
8	8	的	2.7741732597351074
8	9	宠物	16.80052375793457
8	10	生病	14.887331008911133
8	11	了	3.5568385124206543
8	12	。	0.505525529384613
9	1	那	7.210642337799072
9	2	首	12.355353355407715
9	3	热爱	16.435514450073242
9	4	艺术	9.032078742980957
9	5	的	0.4524248540401459
9	6	明星	10.987509727478027
9	7	唱	14.734625816345215
9	8	的	3.610482692718506
9	9	歌	10.64109992980957
9	10	很	10.851812362670898
9	11	好听	13.472667694091797
9	12	。	1.7568522691726685
10	1	那	7.210642337799072
10	2	个	7.011213302612305
10	3	热爱	14.097558975219727
10	4	艺术	8.55489730834961
10	5	的	0.4684203267097473
10	6	明星	11.132431030273438
10	7	唱	15.594034194946289
10	8	的	3.1874256134033203
10	9	歌	10.184050559997559
10	10	很	11.378626823425293
10	11	好听	13.512249946594238
10	12	。	2.107889413833618
11	1	那	7.210642337799072
11	2	所	10.911737442016602
11	3	学习	11.187347412109375
11	4	历史	13.008041381835938
11	5	的	1.7906392812728882
11	6	老人	13.33826732635498
11	7	去	12.031302452087402
11	8	的	4.623235702514648
11	9	学校	10.756664276123047
11	10	关闭	16.023710250854492
11	11	了	0.7207305431365967
11	12	。	2.1931047439575195
12	1	那	7.210642337799072
12	2	个	7.011213302612305
12	3	学习	16.272411346435547
12	4	历史	11.379271507263184
12	5	的	2.1799519062042236
12	6	老人	12.968830108642578
12	7	去	11.380155563354492
12	8	的	5.269530773162842
12	9	学校	9.977397918701172
12	10	关闭	15.337928771972656
12	11	了	0.532805323600769
12	12	。	2.6009938716888428
13	1	那	7.210642337799072
13	2	件	8.543764114379883
13	3	帮助	16.12445831298828
13	4	过	10.404341697692871
13	5	我	4.256555557250977
13	6	的	1.8870337009429932
13	7	司机	16.632413864135742
13	8	带	13.109512329101562
13	9	的	6.729037284851074
13	10	行李	16.179611206054688
13	11	丢	13.561898231506348
13	12	了	0.9020923376083374
13	13	。	4.544471740722656
14	1	那	7.210642337799072
14	2	个	7.011213302612305
14	3	帮助	14.714141845703125
14	4	过	12.0188570022583
14	5	我	4.083163738250732
14	6	的	1.7698285579681396
14	7	司机	15.610054969787598
14	8	带	13.682361602783203
14	9	的	6.855587959289551
14	10	行李	15.878772735595703
14	11	丢	13.278125762939453
14	12	了	0.8048126697540283
14	13	。	4.026235580444336
15	1	那	7.210642337799072
15	2	本	7.945889472961426
15	3	学习	16.664796829223633
15	4	文学	11.63936996459961
15	5	的	2.2443501949310303
15	6	作家	9.487359046936035
15	7	写	11.121965408325195
15	8	的	3.563693046569824
15	9	书	7.431967258453369
15	10	很	7.047423839569092
15	11	受	8.297749519348145
15	12	欢迎	2.8773162364959717
15	13	。	1.7863060235977173
16	1	那	7.210642337799072
16	2	个	7.011213302612305
16	3	学习	16.272411346435547
16	4	文学	13.619279861450195
16	5	的	2.5460634231567383
16	6	作家	9.392199516296387
16	7	写	11.295655250549316
16	8	的	3.2748026847839355
16	9	书	8.61947250366211
16	10	很	7.121866226196289
16	11	受	8.229507446289062
16	12	欢迎	2.968015432357788
16	13	。	1.7044486999511719
17	1	那	7.210642337799072
17	2	辆	9.826339721679688
17	3	支持	17.93004035949707
17	4	环保	16.143808364868164
17	5	的	2.8238091468811035
17	6	朋友	12.203428268432617
17	7	开	11.924711227416992
17	8	的	7.078573226928711
17	9	车	6.925673961639404
17	10	坏	16.17462158203125
17	11	了	1.3876579999923706
17	12	。	2.306452989578247
18	1	那	7.210642337799072
18	2	个	7.011213302612305
18	3	支持	15.47226619720459
18	4	环保	14.910229682922363
18	5	的	2.3680577278137207
18	6	朋友	11.085503578186035
18	7	开	12.725512504577637
18	8	的	5.820254802703857
18	9	车	10.400263786315918
18	10	坏	15.987258911132812
18	11	了	0.8647711277008057
18	12	。	1.7306885719299316
19	1	那	7.210642337799072
19	2	份	10.27010726928711
19	3	喜欢	15.304522514343262
19	4	书	10.510107040405273
19	5	的	1.4846088886260986
19	6	孩子	10.191435813903809
19	7	做	7.387556552886963
19	8	的	1.4041774272918701
19	9	作业	14.152583122253418
19	10	获	18.378643035888672
19	11	了	4.573376178741455
19	12	奖	9.830753326416016
19	13	。	1.169714331626892
20	1	那	7.210642337799072
20	2	个	7.011213302612305
20	3	喜欢	12.330795288085938
20	4	书	11.010286331176758
20	5	的	1.5623608827590942
20	6	孩子	6.4743266105651855
20	7	做	7.808404445648193
20	8	的	1.5203568935394287
20	9	作业	13.827991485595703
20	10	获	19.383014678955078
20	11	了	4.478679180145264
20	12	奖	10.29781436920166
20	13	。	1.33719801902771
21	1	那	7.210642337799072
21	2	份	10.27010726928711
21	3	认识	14.692007064819336
21	4	我	6.0040740966796875
21	5	的	1.2952640056610107
21	6	老板	13.350438117980957
21	7	制定	17.297901153564453
21	8	的	5.470861434936523
21	9	合同	13.19510555267334
21	10	到期	19.340255737304688
21	11	了	6.347490310668945
21	12	。	6.53958797454834
22	1	那	7.210642337799072
22	2	个	7.011213302612305
22	3	认识	13.076786994934082
22	4	我	5.953846454620361
22	5	的	1.4162601232528687
22	6	老板	12.657391548156738
22	7	制定	17.915586471557617
22	8	的	4.520899772644043
22	9	合同	13.488110542297363
22	10	到期	19.752931594848633
22	11	了	5.767144203186035
22	12	。	5.922211647033691
23	1	那	7.210642337799072
23	2	间	14.095988273620605
23	3	帮助	15.323356628417969
23	4	过	12.089237213134766
23	5	我	4.486624240875244
23	6	的	1.9502402544021606
23	7	朋友	6.073216915130615
23	8	开	12.222017288208008
23	9	的	5.901671409606934
23	10	工厂	13.861109733581543
23	11	倒闭	16.30223846435547
23	12	了	1.6199781894683838
23	13	。	1.913478970527649
24	1	那	7.210642337799072
24	2	个	7.011213302612305
24	3	帮助	14.714141845703125
24	4	过	12.0188570022583
24	5	我	4.083163738250732
24	6	的	1.7698285579681396
24	7	朋友	5.424137115478516
24	8	开	11.80545425415039
24	9	的	5.917871952056885
24	10	工厂	13.74108600616455
24	11	倒闭	16.661874771118164
24	12	了	1.1544735431671143
24	13	。	1.775069236755371
25	1	那	7.210642337799072
25	2	张	8.95130729675293
25	3	喜欢	13.689273834228516
25	4	艺术	11.298956871032715
25	5	的	0.9834985733032227
25	6	孩子	7.870231628417969
25	7	照	15.693490982055664
25	8	的	2.740302801132202
25	9	照片	10.271781921386719
25	10	丢	15.159090042114258
25	11	了	1.4913177490234375
25	12	。	2.698213815689087
26	1	那	7.210642337799072
26	2	个	7.011213302612305
26	3	喜欢	12.330795288085938
26	4	艺术	12.066450119018555
26	5	的	1.192745327949524
26	6	孩子	5.999594211578369
26	7	照	16.08640480041504
26	8	的	2.513827323913574
26	9	照片	10.781231880187988
26	10	丢	15.528068542480469
26	11	了	1.435330867767334
26	12	。	2.032961368560791
27	1	那	7.210642337799072
27	2	台	14.949557304382324
27	3	教	15.026678085327148
27	4	过	8.685547828674316
27	5	我	4.470108509063721
27	6	的	2.199233293533325
27	7	老师	10.402972221374512
27	8	用	10.583099365234375
27	9	的	5.215266227722168
27	10	手机	12.153311729431152
27	11	很	8.783737182617188
27	12	好用	17.258255004882812
27	13	。	2.87337064743042
28	1	那	7.210642337799072
28	2	个	7.011213302612305
28	3	教	16.394935607910156
28	4	过	9.333626747131348
28	5	我	4.331251621246338
28	6	的	2.022643804550171
28	7	老师	9.728821754455566
28	8	用	9.677751541137695
28	9	的	4.988778591156006
28	10	手机	11.307121276855469
28	11	很	9.192428588867188
28	12	好用	17.20125961303711
28	13	。	2.8732666969299316
29	1	那	7.210642337799072
29	2	朵	18.304723739624023
29	3	关心	16.85365867614746
29	4	他	10.561440467834473
29	5	的	0.41576290130615234
29	6	邻居	10.764824867248535
29	7	种	14.892887115478516
29	8	的	12.717720985412598
29	9	花	12.946853637695312
29	10	很	10.336991310119629
29	11	好看	13.0809326171875
29	12	。	2.1355514526367188
30	1	那	7.210642337799072
30	2	个	7.011213302612305
30	3	关心	14.233572006225586
30	4	他	9.191923141479492
30	5	的	0.6989774703979492
30	6	邻居	11.777862548828125
30	7	种	17.651256561279297
30	8	的	11.417767524719238
30	9	花	15.213937759399414
30	10	很	8.828046798706055
30	11	好看	12.815814971923828
30	12	。	1.3753511905670166
31	1	那	7.210642337799072
31	2	台	14.949557304382324
31	3	鼓励	16.735260009765625
31	4	她	11.484322547912598
31	5	的	2.359989643096924
31	6	科学家	13.131601333618164
31	7	做	11.009657859802246
31	8	的	3.880136251449585
31	9	电视	12.367009162902832
31	10	坏	15.888553619384766
31	11	了	2.201212167739868
31	12	。	1.3929325342178345
32	1	那	7.210642337799072
32	2	个	7.011213302612305
32	3	鼓励	15.320148468017578
32	4	她	11.588998794555664
32	5	的	2.01460862159729
32	6	科学家	12.544842720031738
32	7	做	10.031810760498047
32	8	的	2.0108206272125244
32	9	电视	12.070734024047852
32	10	坏	16.49634552001953
32	11	了	1.9655630588531494
32	12	。	1.6683359146118164
33	1	那	7.210642337799072
33	2	栋	11.777260780334473
33	3	认识	16.171194076538086
33	4	父亲	11.267546653747559
33	5	的	1.7235808372497559
33	6	男人	9.038734436035156
33	7	买	11.061345100402832
33	8	的	3.9797914028167725
33	9	房子	4.715217590332031
33	10	起火	15.751543998718262
33	11	了	3.639622449874878
33	12	。	3.0835061073303223
34	1	那	7.210642337799072
34	2	个	7.011213302612305
34	3	认识	13.076786994934082
34	4	父亲	14.275094032287598
34	5	的	1.4670735597610474
34	6	男人	8.892767906188965
34	7	买	12.15331745147705
34	8	的	3.706810235977173
34	9	房子	5.36805534362793
34	10	起火	16.86404800415039
34	11	了	3.043581485748291
34	12	。	1.9978299140930176
35	1	那	7.210642337799072
35	2	条	9.553585052490234
35	3	关心	15.662213325500488
35	4	我	8.543262481689453
35	5	的	1.8854130506515503
35	6	朋友	8.517491340637207
35	7	给	7.041831016540527
35	8	的	11.44498062133789
35	9	建议	10.5216703414917
35	10	很	8.198186874389648
35	11	真诚	14.087904930114746
35	12	。	5.052840232849121
36	1	那	7.210642337799072
36	2	个	7.011213302612305
36	3	关心	14.233572006225586
36	4	我	8.179009437561035
36	5	的	1.2566087245941162
36	6	朋友	6.987692356109619
36	7	给	7.363614559173584
36	8	的	10.900259971618652
36	9	建议	11.099709510803223
36	10	很	9.257464408874512
36	11	真诚	13.860845565795898
36	12	。	5.119115829467773
37	1	那	7.210642337799072
37	2	支	11.547490119934082
37	3	教	14.053382873535156
37	4	数学	15.860349655151367
37	5	的	2.2482616901397705
37	6	老师	11.910406112670898
37	7	用	9.22072982788086
37	8	的	5.477977275848389
37	9	笔	12.548019409179688
37	10	坏	13.701530456542969
37	11	了	0.7054262757301331
37	12	。	1.8002620935440063
38	1	那	7.210642337799072
38	2	个	7.011213302612305
38	3	教	16.394935607910156
38	4	数学	16.622058868408203
38	5	的	3.9133846759796143
38	6	老师	12.311921119689941
38	7	用	8.681503295898438
38	8	的	5.332402229309082
38	9	笔	12.797533988952637
38	10	坏	13.975525856018066
38	11	了	0.8996030688285828
38	12	。	1.308205485343933
39	1	那	7.210642337799072
39	2	只	7.1816020011901855
39	3	撞	19.20868682861328
39	4	了	1.627861738204956
39	5	我	6.7876081466674805
39	6	的	1.3575289249420166
39	7	女人	8.838377952575684
39	8	丢	18.35675048828125
39	9	的	8.092544555664062
39	10	鞋子	14.038202285766602
39	11	被	12.770149230957031
39	12	找到	9.361571311950684
39	13	了	0.6204915642738342
39	14	。	1.081153154373169
40	1	那	7.210642337799072
40	2	个	7.011213302612305
40	3	撞	18.0457763671875
40	4	了	2.1204638481140137
40	5	我	5.60570764541626
40	6	的	1.1242313385009766
40	7	女人	7.95626974105835
40	8	丢	18.880399703979492
40	9	的	7.64121675491333
40	10	鞋子	14.395638465881348
40	11	被	12.337629318237305
40	12	找到	9.443572998046875
40	13	了	0.47526898980140686
40	14	。	1.2990665435791016
41	1	那	7.210642337799072
41	2	条	9.553585052490234
41	3	打扰	18.130062103271484
41	4	了	5.983537673950195
41	5	我	6.225648880004883
41	6	的	2.274038314819336
41	7	邻居	11.596160888671875
41	8	养	16.60401153564453
41	9	的	6.247554302215576
41	10	狗	11.866971015930176
41	11	生病	14.653944969177246
41	12	了	4.376317977905273
41	13	。	0.9309192299842834
42	1	那	7.210642337799072
42	2	个	7.011213302612305
42	3	打扰	19.051258087158203
42	4	了	5.1719818115234375
42	5	我	6.212910175323486
42	6	的	2.1149535179138184
42	7	邻居	10.76045036315918
42	8	养	16.423864364624023
42	9	的	6.054274082183838
42	10	狗	11.754595756530762
42	11	生病	14.545536041259766
42	12	了	3.9188039302825928
42	13	。	1.2906591892242432
43	1	那	7.210642337799072
43	2	座	12.209722518920898
43	3	写	15.56621265411377
43	4	过	4.85545015335083
43	5	书	7.432356834411621
43	6	的	1.4316107034683228
43	7	老人	11.397387504577637
43	8	修	17.480226516723633
43	9	的	2.9051673412323
43	10	桥	13.159696578979492
43	11	帮助	16.353708267211914
43	12	了	5.016385555267334
43	13	我	3.390768527984619
43	14	。	5.723193168640137
44	1	那	7.210642337799072
44	2	个	7.011213302612305
44	3	写	12.703436851501465
44	4	过	3.9240031242370605
44	5	书	7.566841125488281
44	6	的	2.016554117202759
44	7	老人	12.087749481201172
44	8	修	18.071269989013672
44	9	的	2.497898578643799
44	10	桥	13.779036521911621
44	11	帮助	15.77728271484375
44	12	了	4.172305107116699
44	13	我	3.413316249847412
44	14	。	5.810086250305176
45	1	那	7.210642337799072
45	2	篇	8.509614944458008
45	3	获	17.397321701049805
45	4	奖	9.952620506286621
45	5	的	0.46562570333480835
45	6	学生	11.567340850830078
45	7	准备	12.02275276184082
45	8	的	4.701847076416016
45	9	报告	7.655610084533691
45	10	感动	15.781864166259766
45	11	了	0.40984031558036804
45	12	我	4.087813854217529
45	13	。	5.93191385269165
46	1	那	7.210642337799072
46	2	个	7.011213302612305
46	3	获	17.895719528198242
46	4	奖	10.806173324584961
46	5	的	0.5932639241218567
46	6	学生	9.945569038391113
46	7	准备	12.057497024536133
46	8	的	5.438302516937256
46	9	报告	10.287843704223633
46	10	感动	16.632749557495117
46	11	了	0.2506423592567444
46	12	我	3.711212158203125
46	13	。	5.917150974273682
47	1	那	7.210642337799072
47	2	封	12.906316757202148
47	3	依赖	16.371519088745117
47	4	我	5.067234039306641
47	5	的	0.967076301574707
47	6	朋友	7.032315254211426
47	7	写	8.810603141784668
47	8	的	4.526852130889893
47	9	信	9.119309425354004
47	10	很	8.71574878692627
47	11	真诚	14.064983367919922
47	12	。	3.345061779022217
48	1	那	7.210642337799072
48	2	个	7.011213302612305
48	3	依赖	16.554290771484375
48	4	我	6.267173767089844
48	5	的	0.8730785846710205
48	6	朋友	5.096042156219482
48	7	写	8.95036792755127
48	8	的	3.6148760318756104
48	9	信	9.573835372924805
48	10	很	9.274198532104492
48	11	真诚	13.895339012145996
48	12	。	3.5601913928985596
49	1	那	7.210642337799072
49	2	堂	18.147550582885742
49	3	教	16.494340896606445
49	4	过	7.55617618560791
49	5	我	5.182474613189697
49	6	的	1.4851161241531372
49	7	老师	10.915840148925781
49	8	教	14.469233512878418
49	9	的	7.018178462982178
49	10	课	11.532170295715332
49	11	获	18.215471267700195
49	12	了	4.568591117858887
49	13	奖	12.632655143737793
49	14	。	2.7567315101623535
50	1	那	7.210642337799072
50	2	个	7.011213302612305
50	3	教	16.394935607910156
50	4	过	9.333626747131348
50	5	我	4.331251621246338
50	6	的	2.022643804550171
50	7	老师	9.728821754455566
50	8	教	13.456558227539062
50	9	的	6.9671101570129395
50	10	课	11.185018539428711
50	11	获	18.241926193237305
50	12	了	4.213277339935303
50	13	奖	13.109786987304688
50	14	。	2.7254252433776855
51	1	那	7.210642337799072
51	2	块	12.390926361083984
51	3	喜欢	14.796196937561035
51	4	音乐	11.909333229064941
51	5	的	1.6428558826446533
51	6	医生	9.954676628112793
51	7	喜欢	13.350112915039062
51	8	的	4.580328464508057
51	9	手表	15.632705688476562
51	10	丢	15.75009822845459
51	11	了	1.5232858657836914
51	12	。	3.106536388397217
52	1	那	7.210642337799072
52	2	个	7.011213302612305
52	3	喜欢	12.330795288085938
52	4	音乐	12.379562377929688
52	5	的	1.0740247964859009
52	6	医生	9.989998817443848
52	7	喜欢	14.104349136352539
52	8	的	4.135587215423584
52	9	手表	15.469593048095703
52	10	丢	16.579113006591797
52	11	了	1.0649923086166382
52	12	。	4.104908466339111
53	1	那	7.210642337799072
53	2	篇	8.509614944458008
53	3	获	17.397321701049805
53	4	奖	9.952620506286621
53	5	的	0.46562570333480835
53	6	学生	11.567340850830078
53	7	写	8.581732749938965
53	8	的	3.1422698497772217
53	9	论文	10.516357421875
53	10	感动	15.477705955505371
53	11	了	1.1083948612213135
53	12	我	4.281467437744141
53	13	。	6.318375587463379
54	1	那	7.210642337799072
54	2	个	7.011213302612305
54	3	获	17.895719528198242
54	4	奖	10.806173324584961
54	5	的	0.5932639241218567
54	6	学生	9.945569038391113
54	7	写	9.636885643005371
54	8	的	3.27105975151062
54	9	论文	11.037775039672852
54	10	感动	16.65009880065918
54	11	了	0.7416766285896301
54	12	我	4.258981227874756
54	13	。	6.422589302062988
55	1	那	7.210642337799072
55	2	场	8.680612564086914
55	3	参加	14.8432035446167
55	4	过	9.15493392944336
55	5	比赛	10.11731243133545
55	6	的	0.5734888911247253
55	7	演员	13.638416290283203
55	8	准备	13.333208084106445
55	9	的	6.431893825531006
55	10	表演	10.40654182434082
55	11	很	11.101243019104004
55	12	受	8.483905792236328
55	13	欢迎	2.4417619705200195
55	14	。	3.4109649658203125
56	1	那	7.210642337799072
56	2	个	7.011213302612305
56	3	参加	13.363839149475098
56	4	过	6.880455493927002
56	5	比赛	11.824956893920898
56	6	的	0.8853221535682678
56	7	演员	13.533559799194336
56	8	准备	13.588412284851074
56	9	的	7.017937183380127
56	10	表演	10.770645141601562
56	11	很	9.15397834777832
56	12	受	8.697218894958496
56	13	欢迎	2.404831647872925
56	14	。	3.6288697719573975
57	1	那	7.210642337799072
57	2	间	14.095988273620605
57	3	救	17.20372200012207
57	4	过	9.120146751403809
57	5	我	5.0263519287109375
57	6	的	1.24899160861969
57	7	警察	13.42782211303711
57	8	工作	11.23130989074707
57	9	的	5.0222625732421875
57	10	办公室	12.62663459777832
57	11	起火	17.610177993774414
57	12	了	4.534744739532471
57	13	。	2.1921443939208984
58	1	那	7.210642337799072
58	2	个	7.011213302612305
58	3	救	15.75572395324707
58	4	过	9.355389595031738
58	5	我	5.039303302764893
58	6	的	1.0488135814666748
58	7	警察	13.520010948181152
58	8	工作	11.506122589111328
58	9	的	4.754696846008301
58	10	办公室	12.589131355285645
58	11	起火	18.042831420898438
58	12	了	4.058614730834961
58	13	。	2.1494059562683105
59	1	那	7.210642337799072
59	2	首	12.355353355407715
59	3	打	14.092268943786621
59	4	游戏	12.837930679321289
59	5	的	3.7115070819854736
59	6	孩子	6.866837978363037
59	7	写	9.366125106811523
59	8	的	3.4764692783355713
59	9	诗	14.476229667663574
59	10	很	8.072728157043457
59	11	有趣	7.292731761932373
59	12	。	2.438363552093506
60	1	那	7.210642337799072
60	2	个	7.011213302612305
60	3	打	13.642868995666504
60	4	游戏	12.168218612670898
60	5	的	3.9538087844848633
60	6	孩子	5.275432109832764
60	7	写	9.835612297058105
60	8	的	3.1991655826568604
60	9	诗	14.463785171508789
60	10	很	8.279281616210938
60	11	有趣	7.305819988250732
60	12	。	2.2093660831451416
61	1	那	7.210642337799072
61	2	家	8.971098899841309
61	3	依赖	16.84734535217285
61	4	我	6.755853176116943
61	5	的	0.921873152256012
61	6	朋友	5.735249042510986
61	7	去	9.407546043395996
61	8	的	7.4291510581970215
61	9	银行	10.57034969329834
61	10	帮助	15.22989559173584
61	11	了	8.186574935913086
61	12	我	2.6822946071624756
61	13	。	2.8861358165740967
62	1	那	7.210642337799072
62	2	个	7.011213302612305
62	3	依赖	16.554290771484375
62	4	我	6.267173767089844
62	5	的	0.8730785846710205
62	6	朋友	5.096042156219482
62	7	去	8.805028915405273
62	8	的	6.924621105194092
62	9	银行	11.18317699432373
62	10	帮助	14.603848457336426
62	11	了	8.553504943847656
62	12	我	2.6540517807006836
62	13	。	3.3678460121154785
