sentence_id	token_id	token	surprisal
1	1	他	5.597632884979248
1	2	喜欢	10.376604080200195
1	3	那	8.405447959899902
1	4	家	7.0453972816467285
1	5	我	8.474899291992188
1	6	采访	13.435742378234863
1	7	过	2.8493435382843018
1	8	的	3.9126527309417725
1	9	老板	12.272988319396973
1	10	投资	18.8397216796875
1	11	的	3.4123775959014893
1	12	饭店	13.101297378540039
1	13	。	2.7560300827026367
2	1	他	5.597632884979248
2	2	喜欢	10.376604080200195
2	3	那	8.405447959899902
2	4	个	5.2862138748168945
2	5	我	8.580727577209473
2	6	采访	14.117716789245605
2	7	过	3.8956491947174072
2	8	的	3.9393210411071777
2	9	老板	12.476180076599121
2	10	投资	19.380422592163086
2	11	的	3.9238598346710205
2	12	饭店	13.82322883605957
2	13	。	2.969434976577759
3	1	她	8.245683670043945
3	2	在	4.91514253616333
3	3	看	10.91552734375
3	4	那	5.664880752563477
3	5	幅	10.877668380737305
3	6	我	7.876255512237549
3	7	介绍	11.80697250366211
3	8	的	5.656588554382324
3	9	朋友	6.682676315307617
3	10	喜欢	13.410085678100586
3	11	的	6.39606237411499
3	12	画	13.832902908325195
3	13	。	3.244297504425049
4	1	她	8.245683670043945
4	2	在	4.91514253616333
4	3	看	10.91552734375
4	4	那	5.664880752563477
4	5	个	4.758865833282471
4	6	我	8.482418060302734
4	7	介绍	12.694595336914062
4	8	的	6.230906009674072
4	9	朋友	6.366725444793701
4	10	喜欢	12.495925903320312
4	11	的	6.5548095703125
4	12	画	14.745738983154297
4	13	。	3.77081561088562
5	1	我	5.127028942108154
5	2	欣赏	16.172536849975586
5	3	那	7.120481491088867
5	4	件	5.8162431716918945
5	5	我	10.474987983703613
5	6	喜欢	9.884015083312988
5	7	的	1.054114818572998
5	8	老师	10.531283378601074
5	9	收藏	19.88254737854004
5	10	的	2.560317277908325
5	11	艺术品	17.335187911987305
5	12	。	2.1060781478881836
6	1	我	5.127028942108154
6	2	欣赏	16.172536849975586
6	3	那	7.120481491088867
6	4	个	5.224836826324463
6	5	我	7.145256519317627
6	6	喜欢	10.009364128112793
6	7	的	1.1568076610565186
6	8	老师	9.58071231842041
6	9	收藏	19.707231521606445
6	10	的	3.0690858364105225
6	11	艺术品	17.460948944091797
6	12	。	1.9095594882965088
7	1	他	5.597632884979248
7	2	打	12.583626747131348
7	3	了	1.7093011140823364
7	4	那	7.15915060043335
7	5	只	8.004980087280273
7	6	我	9.842008590698242
7	7	认识	10.738509178161621
7	8	的	4.031820297241211
7	9	店长	21.281108856201172
7	10	喜欢	11.812203407287598
7	11	的	3.194753885269165
7	12	宠物	16.538724899291992
7	13	。	3.143716335296631
8	1	他	5.597632884979248
8	2	打	12.583626747131348
8	3	了	1.7093011140823364
8	4	那	7.15915060043335
8	5	个	4.386892318725586
8	6	我	7.636850833892822
8	7	认识	10.989794731140137
8	8	的	2.7944555282592773
8	9	店长	21.289602279663086
8	10	喜欢	11.130434036254883
8	11	的	3.3106210231781006
8	12	宠物	17.026397705078125
8	13	。	3.726560592651367
9	1	我	5.127028942108154
9	2	在	5.600594520568848
9	3	思念	18.465843200683594
9	4	那	9.519853591918945
9	5	首	10.31810474395752
9	6	我	10.451678276062012
9	7	见	10.266982078552246
9	8	过	1.5243964195251465
9	9	的	4.894053936004639
9	10	明星	12.918145179748535
9	11	唱	17.117206573486328
9	12	的	1.608398199081421
9	13	歌	10.139195442199707
9	14	。	1.1801177263259888
10	1	我	5.127028942108154
10	2	在	5.600594520568848
10	3	思念	18.465843200683594
10	4	那	9.519853591918945
10	5	个	5.0140910148620605
10	6	我	8.454399108886719
10	7	见	10.654526710510254
10	8	过	1.5823930501937866
10	9	的	4.717352867126465
10	10	明星	13.184751510620117
10	11	唱	17.080400466918945
10	12	的	1.8237563371658325
10	13	歌	10.3549165725708
10	14	。	1.669015645980835
11	1	她	8.245683670043945
11	2	拜访	15.577969551086426
11	3	了	1.1892203092575073
11	4	那	7.553735733032227
11	5	所	10.487203598022461
11	6	我	10.538525581359863
11	7	认识	11.141020774841309
11	8	的	0.18086007237434387
11	9	老人	13.701900482177734
11	10	去	13.33247184753418
11	11	的	3.601334571838379
11	12	学校	9.389732360839844
11	13	。	3.5203895568847656
12	1	她	8.245683670043945
12	2	拜访	15.577969551086426
12	3	了	1.1892203092575073
12	4	那	7.553735733032227
12	5	个	4.148735523223877
12	6	我	7.836596965789795
12	7	认识	10.624135971069336
12	8	的	1.7678663730621338
12	9	老人	12.535435676574707
12	10	去	12.805623054504395
12	11	的	4.801316738128662
12	12	学校	8.737770080566406
12	13	。	3.26737380027771
13	1	他	5.597632884979248
13	2	检查	16.605751037597656
13	3	了	4.4216156005859375
13	4	那	8.056331634521484
13	5	件	6.076526641845703
13	6	我	9.878485679626465
13	7	采访	13.484675407409668
13	8	过	6.752252578735352
13	9	的	3.849048137664795
13	10	司机	17.228271484375
13	11	带	13.961097717285156
13	12	的	7.438974857330322
13	13	行李	14.572569847106934
13	14	。	3.031641721725464
14	1	他	5.597632884979248
14	2	检查	16.605751037597656
14	3	了	4.4216156005859375
14	4	那	8.056331634521484
14	5	个	4.552371978759766
14	6	我	9.373648643493652
14	7	采访	14.770296096801758
14	8	过	7.25473165512085
14	9	的	3.9103519916534424
14	10	司机	15.807467460632324
14	11	带	14.42147159576416
14	12	的	7.584163665771484
14	13	行李	14.400386810302734
14	14	。	2.7079780101776123
15	1	我	5.127028942108154
15	2	听说	9.864187240600586
15	3	过	0.6608580946922302
15	4	那	4.498246192932129
15	5	本	4.75325870513916
15	6	我	8.289966583251953
15	7	喜欢	9.10534381866455
15	8	的	1.598007082939148
15	9	作家	12.7048978805542
15	10	写	9.358963966369629
15	11	的	2.9509494304656982
15	12	书	4.445446968078613
15	13	。	2.7350869178771973
16	1	我	5.127028942108154
16	2	听说	9.864187240600586
16	3	过	0.6608580946922302
16	4	那	4.498246192932129
16	5	个	4.825791358947754
16	6	我	7.837033271789551
16	7	喜欢	9.390822410583496
16	8	的	1.476354718208313
16	9	作家	13.294041633605957
16	10	写	9.912391662597656
16	11	的	2.8436641693115234
16	12	书	5.736196994781494
16	13	。	2.643340587615967
17	1	她	8.245683670043945
17	2	撞	17.16097640991211
17	3	了	1.185266375541687
17	4	那	8.918109893798828
17	5	辆	7.008174419403076
17	6	我	8.328821182250977
17	7	介绍	14.076515197753906
17	8	的	5.652312755584717
17	9	朋友	7.474867343902588
17	10	开	15.476987838745117
17	11	的	7.2799506187438965
17	12	车	6.005173206329346
17	13	。	2.981123208999634
18	1	她	8.245683670043945
18	2	撞	17.16097640991211
18	3	了	1.185266375541687
18	4	那	8.918109893798828
18	5	个	3.3220815658569336
18	6	我	8.605613708496094
18	7	介绍	13.752880096435547
18	8	的	5.742414474487305
18	9	朋友	6.03922176361084
18	10	开	16.113059997558594
18	11	的	7.188128471374512
18	12	车	8.196715354919434
18	13	。	2.251349925994873
19	1	我们	6.363039016723633
19	2	认可	18.271780014038086
19	3	了	2.0200626850128174
19	4	那	7.106626510620117
19	5	份	6.65315580368042
19	6	他	11.252706527709961
19	7	教	15.035994529724121
19	8	的	3.2228541374206543
19	9	孩子	8.792227745056152
19	10	做	11.734018325805664
19	11	的	2.9808266162872314
19	12	作业	14.773710250854492
19	13	。	2.2155847549438477
20	1	我们	6.363039016723633
20	2	认可	18.271780014038086
20	3	了	2.0200626850128174
20	4	那	7.106626510620117
20	5	个	4.725258827209473
20	6	他	10.81701374053955
20	7	教	14.432559967041016
20	8	的	3.6570889949798584
20	9	孩子	4.489728927612305
20	10	做	10.981222152709961
20	11	的	3.2295031547546387
20	12	作业	14.497069358825684
20	13	。	2.0526278018951416
21	1	他们	7.383957862854004
21	2	接受	11.574049949645996
21	3	了	1.1356185674667358
21	4	那	7.150566577911377
21	5	份	7.013930320739746
21	6	我	8.823366165161133
21	7	采访	11.79007625579834
21	8	过	7.784787178039551
21	9	的	2.992112874984741
21	10	老板	13.558187484741211
21	11	制定	20.132898330688477
21	12	的	3.7662088871002197
21	13	合同	13.596589088439941
21	14	。	1.4813071489334106
22	1	他们	7.383957862854004
22	2	接受	11.574049949645996
22	3	了	1.1356185674667358
22	4	那	7.150566577911377
22	5	个	4.581849575042725
22	6	我	9.324264526367188
22	7	采访	13.323209762573242
22	8	过	7.06386137008667
22	9	的	2.483790636062622
22	10	老板	13.376482963562012
22	11	制定	20.202417373657227
22	12	的	4.02773380279541
22	13	合同	14.460529327392578
22	14	。	1.625603437423706
23	1	他	5.597632884979248
23	2	离开	10.721708297729492
23	3	了	2.475069284439087
23	4	那	6.9991021156311035
23	5	间	11.34103775024414
23	6	我	5.269415855407715
23	7	尊敬	18.662683486938477
23	8	的	1.3506227731704712
23	9	朋友	5.652370452880859
23	10	开	14.322325706481934
23	11	的	7.994002342224121
23	12	工厂	13.279845237731934
23	13	。	6.156813621520996
24	1	他	5.597632884979248
24	2	离开	10.721708297729492
24	3	了	2.475069284439087
24	4	那	6.9991021156311035
24	5	个	3.5939841270446777
24	6	我	8.587640762329102
24	7	尊敬	19.207660675048828
24	8	的	1.246703028678894
24	9	朋友	5.274827003479004
24	10	开	14.988486289978027
24	11	的	8.16146183013916
24	12	工厂	13.303771018981934
24	13	。	5.91806173324585
25	1	她	8.245683670043945
25	2	找	12.888142585754395
25	3	了	1.320426106452942
25	4	那	8.31606674194336
25	5	张	5.386873722076416
25	6	我	8.826445579528809
25	7	教	12.23007583618164
25	8	的	4.120285511016846
25	9	孩子	4.413640022277832
25	10	照	17.20340919494629
25	11	的	7.1648268699646
25	12	照片	10.685911178588867
25	13	。	2.8089981079101562
26	1	她	8.245683670043945
26	2	找	12.888142585754395
26	3	了	1.320426106452942
26	4	那	8.31606674194336
26	5	个	3.7910070419311523
26	6	我	8.561551094055176
26	7	教	12.42758846282959
26	8	的	4.439388275146484
26	9	孩子	2.973762273788452
26	10	照	17.386411666870117
26	11	的	7.183956623077393
26	12	照片	10.630560874938965
26	13	。	2.9187302589416504
27	1	我	5.127028942108154
27	2	需要	7.999765872955322
27	3	那	8.543441772460938
27	4	台	13.745670318603516
27	5	我们	9.713885307312012
27	6	欣赏	15.022549629211426
27	7	的	3.4964141845703125
27	8	老师	11.418594360351562
27	9	用	11.384102821350098
27	10	的	5.211462020874023
27	11	手机	12.219913482666016
27	12	。	4.6919403076171875
28	1	我	5.127028942108154
28	2	需要	7.999765872955322
28	3	那	8.543441772460938
28	4	个	4.6390228271484375
28	5	我们	10.587382316589355
28	6	欣赏	15.465676307678223
28	7	的	1.9596168994903564
28	8	老师	11.712815284729004
28	9	用	10.61996841430664
28	10	的	4.710529804229736
28	11	手机	11.628812789916992
28	12	。	5.12414026260376
29	1	他	5.597632884979248
29	2	在	4.965167999267578
29	3	画	13.924515724182129
29	4	那	11.328194618225098
29	5	朵	15.391031265258789
29	6	我	11.69757080078125
29	7	关心	14.964079856872559
29	8	的	0.9028380513191223
29	9	邻居	10.593242645263672
29	10	种	15.70263385772705
29	11	的	14.000353813171387
29	12	花	15.104538917541504
29	13	。	9.309174537658691
30	1	他	5.597632884979248
30	2	在	4.965167999267578
30	3	画	13.924515724182129
30	4	那	11.328194618225098
30	5	个	4.532436847686768
30	6	我	9.530171394348145
30	7	关心	13.232284545898438
30	8	的	1.6272177696228027
30	9	邻居	10.74565601348877
30	10	种	16.924461364746094
30	11	的	12.655570030212402
30	12	花	15.536596298217773
30	13	。	8.188653945922852
31	1	她	8.245683670043945
31	2	在	4.91514253616333
31	3	介绍	14.131014823913574
31	4	那	8.060269355773926
31	5	台	11.186094284057617
31	6	我	8.617918014526367
31	7	尊敬	18.85210609436035
31	8	的	0.3524784445762634
31	9	科学家	13.199201583862305
31	10	做	9.582223892211914
31	11	的	4.164350986480713
31	12	电视	12.764629364013672
31	13	。	5.654225826263428
32	1	她	8.245683670043945
32	2	在	4.91514253616333
32	3	介绍	14.131014823913574
32	4	那	8.060269355773926
32	5	个	4.0056257247924805
32	6	我	10.168956756591797
32	7	尊敬	18.437480926513672
32	8	的	0.3315317630767822
32	9	科学家	12.09460163116455
32	10	做	9.086668014526367
32	11	的	3.365630865097046
32	12	电视	12.226896286010742
32	13	。	5.6897664070129395
33	1	我	5.127028942108154
33	2	见	11.466426849365234
33	3	过	0.5858590602874756
33	4	那	5.416077136993408
33	5	栋	8.855701446533203
33	6	他	11.365021705627441
33	7	认识	11.50709056854248
33	8	的	1.6274402141571045
33	9	男人	9.517221450805664
33	10	买	13.84266471862793
33	11	的	4.113526821136475
33	12	房子	5.859150409698486
33	13	。	3.8561179637908936
34	1	我	5.127028942108154
34	2	见	11.466426849365234
34	3	过	0.5858590602874756
34	4	那	5.416077136993408
34	5	个	5.0962605476379395
34	6	他	10.270702362060547
34	7	认识	11.627363204956055
34	8	的	2.004290819168091
34	9	男人	10.411529541015625
34	10	买	14.536541938781738
34	11	的	4.486837863922119
34	12	房子	6.739813804626465
34	13	。	3.3253257274627686
35	1	我	5.127028942108154
35	2	拒绝	12.387347221374512
35	3	了	4.709637641906738
35	4	那	5.214966773986816
35	5	条	5.934808254241943
35	6	我	9.136682510375977
35	7	欣赏	15.194147109985352
35	8	的	1.1206727027893066
35	9	朋友	7.985071659088135
35	10	给	9.914255142211914
35	11	的	9.538772583007812
35	12	建议	10.422675132751465
35	13	。	1.5091768503189087
36	1	我	5.127028942108154
36	2	拒绝	12.387347221374512
36	3	了	4.709637641906738
36	4	那	5.214966773986816
36	5	个	5.382473468780518
36	6	我	7.88889217376709
36	7	欣赏	15.349668502807617
36	8	的	1.1197565793991089
36	9	朋友	6.794125556945801
36	10	给	9.997544288635254
36	11	的	9.405877113342285
36	12	建议	10.582239151000977
36	13	。	2.3295857906341553
37	1	他	5.597632884979248
37	2	在	4.965167999267578
37	3	看	10.703579902648926
37	4	那	5.916359901428223
37	5	支	10.592805862426758
37	6	我	6.086565017700195
37	7	关心	12.999597549438477
37	8	的	2.071741819381714
37	9	老师	10.850995063781738
37	10	用	12.434783935546875
37	11	的	5.545344829559326
37	12	笔	13.265210151672363
37	13	。	6.31553316116333
38	1	他	5.597632884979248
38	2	在	4.965167999267578
38	3	看	10.703579902648926
38	4	那	5.916359901428223
38	5	个	5.435701370239258
38	6	我	8.822318077087402
38	7	关心	12.89545726776123
38	8	的	1.7381013631820679
38	9	老师	11.003814697265625
38	10	用	12.28897476196289
38	11	的	6.027495384216309
38	12	笔	13.553984642028809
38	13	。	5.9794182777404785
39	1	她	8.245683670043945
39	2	在	4.91514253616333
39	3	找	12.251941680908203
39	4	那	8.130109786987305
39	5	只	9.199104309082031
39	6	我	10.779842376708984
39	7	帮助	12.818048477172852
39	8	过	6.0736083984375
39	9	的	5.587620735168457
39	10	女人	9.08786678314209
39	11	丢	18.290897369384766
39	12	的	7.402005195617676
39	13	鞋子	15.282167434692383
39	14	。	1.8361963033676147
40	1	她	8.245683670043945
40	2	在	4.91514253616333
40	3	找	12.251941680908203
40	4	那	8.130109786987305
40	5	个	3.122025489807129
40	6	我	9.227983474731445
40	7	帮助	12.942254066467285
40	8	过	8.38492488861084
40	9	的	4.820458889007568
40	10	女人	8.807058334350586
40	11	丢	17.780019760131836
40	12	的	7.590982437133789
40	13	鞋子	15.771832466125488
40	14	。	2.1627867221832275
41	1	我	5.127028942108154
41	2	讨厌	13.160659790039062
41	3	那	7.128335475921631
41	4	条	6.779348850250244
41	5	我	8.58795166015625
41	6	关心	14.811860084533691
41	7	的	1.7552707195281982
41	8	邻居	12.470741271972656
41	9	养	20.706298828125
41	10	的	5.067381381988525
41	11	狗	13.26586627960205
41	12	。	1.125577449798584
42	1	我	5.127028942108154
42	2	讨厌	13.160659790039062
42	3	那	7.128335475921631
42	4	个	5.802847862243652
42	5	我	6.196728706359863
42	6	关心	14.4280424118042
42	7	的	1.810335397720337
42	8	邻居	12.743865966796875
42	9	养	20.61222267150879
42	10	的	4.62471866607666
42	11	狗	13.32767105102539
42	12	。	1.4921281337738037
43	1	他	5.597632884979248
43	2	发现	8.556323051452637
43	3	了	4.005909442901611
43	4	那	7.836937427520752
43	5	座	7.812182426452637
43	6	我	9.434734344482422
43	7	采访	15.605629920959473
43	8	过	5.398000240325928
43	9	的	2.481294870376587
43	10	老人	11.887502670288086
43	11	修	18.434452056884766
43	12	的	1.598838448524475
43	13	桥	12.391921043395996
43	14	。	1.2247140407562256
44	1	他	5.597632884979248
44	2	发现	8.556323051452637
44	3	了	4.005909442901611
44	4	那	7.836937427520752
44	5	个	4.130327224731445
44	6	我	9.09995174407959
44	7	采访	15.184656143188477
44	8	过	5.814898490905762
44	9	的	2.522688388824463
44	10	老人	12.343073844909668
44	11	修	19.76233673095703
44	12	的	1.7203850746154785
44	13	桥	12.906937599182129
44	14	。	1.5129719972610474
45	1	她	8.245683670043945
45	2	评价	15.306085586547852
45	3	了	0.9654514193534851
45	4	那	8.38482666015625
45	5	篇	4.392626762390137
45	6	我	8.808673858642578
45	7	培养	15.872733116149902
45	8	的	4.5659403800964355
45	9	学生	11.690964698791504
45	10	准备	16.176069259643555
45	11	的	4.278427600860596
45	12	报告	8.625411987304688
45	13	。	1.98519766330719
46	1	她	8.245683670043945
46	2	评价	15.306085586547852
46	3	了	0.9654514193534851
46	4	那	8.38482666015625
46	5	个	3.7049560546875
46	6	我	9.015998840332031
46	7	培养	15.594736099243164
46	8	的	4.165624618530273
46	9	学生	10.612753868103027
46	10	准备	16.38643455505371
46	11	的	4.9973225593566895
46	12	报告	10.648904800415039
46	13	。	2.3390138149261475
47	1	我	5.127028942108154
47	2	在	5.600594520568848
47	3	等	10.574546813964844
47	4	那	6.4215192794799805
47	5	封	11.384324073791504
47	6	我	4.1616644859313965
47	7	依赖	16.022897720336914
47	8	的	5.2781453132629395
47	9	朋友	6.242588996887207
47	10	写	7.738347053527832
47	11	的	5.564131259918213
47	12	信	9.840283393859863
47	13	。	2.100228786468506
48	1	我	5.127028942108154
48	2	在	5.600594520568848
48	3	等	10.574546813964844
48	4	那	6.4215192794799805
48	5	个	4.246829986572266
48	6	我	7.795739650726318
48	7	依赖	16.460647583007812
48	8	的	3.900117874145508
48	9	朋友	5.852263927459717
48	10	写	7.748844623565674
48	11	的	5.0228352546691895
48	12	信	10.290671348571777
48	13	。	2.057217836380005
49	1	他	5.597632884979248
49	2	提到	10.723029136657715
49	3	了	1.9459551572799683
49	4	那	7.757388114929199
49	5	堂	16.57941246032715
49	6	我	7.071944236755371
49	7	认识	13.075301170349121
49	8	的	0.7945924997329712
49	9	老师	12.033288955688477
49	10	教	20.228620529174805
49	11	的	7.0589728355407715
49	12	课	11.141046524047852
49	13	。	2.675530195236206
50	1	他	5.597632884979248
50	2	提到	10.723029136657715
50	3	了	1.9459551572799683
50	4	那	7.757388114929199
50	5	个	3.8230273723602295
50	6	我	8.835323333740234
50	7	认识	10.412458419799805
50	8	过	7.158752918243408
50	9	的	1.8513344526290894
50	10	老师	12.338011741638184
50	11	教	18.35698127746582
50	12	的	5.847592830657959
50	13	课	11.602192878723145
50	14	。	3.152008533477783
51	1	她	8.245683670043945
51	2	推荐	15.191459655761719
51	3	了	1.5144729614257812
51	4	那	7.4945220947265625
51	5	块	8.399635314941406
51	6	我	6.279191017150879
51	7	信任	17.03285789489746
51	8	的	4.358555793762207
51	9	医生	10.41779899597168
51	10	喜欢	17.11000633239746
51	11	的	6.750554084777832
51	12	手表	16.127243041992188
51	13	。	4.217875957489014
52	1	她	8.245683670043945
52	2	推荐	15.191459655761719
52	3	了	1.5144729614257812
52	4	那	7.4945220947265625
52	5	个	4.7489213943481445
52	6	我	8.17127799987793
52	7	信任	16.74615478515625
52	8	的	3.8850948810577393
52	9	医生	10.602423667907715
52	10	喜欢	17.44440269470215
52	11	的	6.334700107574463
52	12	手表	16.21202278137207
52	13	。	5.229541301727295
53	1	我	5.127028942108154
53	2	选择	10.963095664978027
53	3	了	1.0065224170684814
53	4	那	6.167759418487549
53	5	篇	5.0168328285217285
53	6	她	11.246307373046875
53	7	教	13.93068790435791
53	8	的	6.593421459197998
53	9	学生	10.147972106933594
53	10	写	10.97716999053955
53	11	的	5.710313320159912
53	12	论文	11.746018409729004
53	13	。	3.3840622901916504
54	1	我	5.127028942108154
54	2	选择	10.963095664978027
54	3	了	1.0065224170684814
54	4	那	6.167759418487549
54	5	个	4.847981929779053
54	6	她	11.732697486877441
54	7	教	14.1869478225708
54	8	的	6.637488842010498
54	9	学生	7.72361421585083
54	10	写	11.726961135864258
54	11	的	5.4439826011657715
54	12	论文	12.459104537963867
54	13	。	3.8729825019836426
55	1	她	8.245683670043945
55	2	喜欢	10.092050552368164
55	3	那	8.588892936706543
55	4	场	7.817192077636719
55	5	我	7.969730854034424
55	6	听说	13.572669982910156
55	7	过	1.3970928192138672
55	8	的	2.245284080505371
55	9	演员	14.172473907470703
55	10	准备	17.990650177001953
55	11	的	4.847286701202393
55	12	表演	13.545479774475098
55	13	。	3.678762435913086
56	1	她	8.245683670043945
56	2	喜欢	10.092050552368164
56	3	那	8.588892936706543
56	4	个	4.348020076751709
56	5	我	8.714805603027344
56	6	听说	12.936243057250977
56	7	过	1.2873672246932983
56	8	的	2.7744507789611816
56	9	演员	14.075274467468262
56	10	准备	17.510740280151367
56	11	的	5.089344024658203
56	12	表演	13.850395202636719
56	13	。	3.6520793437957764
57	1	他	5.597632884979248
57	2	称赞	17.88792610168457
57	3	了	4.131617546081543
57	4	那	8.557450294494629
57	5	间	12.664402961730957
57	6	我	4.9273858070373535
57	7	采访	14.264569282531738
57	8	过	5.4881391525268555
57	9	的	4.10167121887207
57	10	警察	13.459707260131836
57	11	工作	10.787602424621582
57	12	的	6.44387149810791
57	13	办公室	10.7736177444458
57	14	。	0.926382303237915
58	1	他	5.597632884979248
58	2	称赞	17.88792610168457
58	3	了	4.131617546081543
58	4	那	8.557450294494629
58	5	个	4.451700210571289
58	6	我	7.280782222747803
58	7	采访	14.727351188659668
58	8	过	7.577523231506348
58	9	的	3.4116809368133545
58	10	警察	13.05711555480957
58	11	工作	11.914301872253418
58	12	的	6.720644950866699
58	13	办公室	10.71471881866455
58	14	。	1.1579283475875854
59	1	我	5.127028942108154
59	2	听说	9.864187240600586
59	3	过	0.6608580946922302
59	4	那	4.498246192932129
59	5	首	10.007823944091797
59	6	他	13.378210067749023
59	7	培养	17.586816787719727
59	8	的	3.4246251583099365
59	9	孩子	8.061212539672852
59	10	写	12.649142265319824
59	11	的	2.8605613708496094
59	12	诗	13.078110694885254
59	13	。	3.3486709594726562
60	1	我	5.127028942108154
60	2	听说	9.864187240600586
60	3	过	0.6608580946922302
60	4	那	4.498246192932129
60	5	个	4.825791358947754
60	6	他	9.727899551391602
60	7	培养	17.733299255371094
60	8	的	2.6107680797576904
60	9	孩子	6.225039958953857
60	10	写	13.330737113952637
60	11	的	2.6387555599212646
60	12	诗	13.370720863342285
60	13	。	3.795119524002075
61	1	我	5.127028942108154
61	2	选择	10.963095664978027
61	3	了	1.0065224170684814
61	4	那	6.167759418487549
61	5	家	7.345585346221924
61	6	我	5.647587776184082
61	7	依赖	16.781282424926758
61	8	的	2.8544657230377197
61	9	朋友	6.995197296142578
61	10	去	10.847758293151855
61	11	的	7.3293585777282715
61	12	银行	10.956395149230957
61	13	。	0.9443425536155701
62	1	我	5.127028942108154
62	2	选择	10.963095664978027
62	3	了	1.0065224170684814
62	4	那	6.167759418487549
62	5	个	4.847981929779053
62	6	我	7.084846496582031
62	7	依赖	16.855985641479492
62	8	的	2.693432092666626
62	9	朋友	6.808906078338623
62	10	去	10.49715518951416
62	11	的	7.458295822143555
62	12	银行	11.472633361816406
62	13	。	1.2521640062332153
