sentence_id	token_id	token	surprisal
1	1	我	5.127028942108154
1	2	很	6.368345260620117
1	3	喜欢	4.31771183013916
1	4	一	4.823187828063965
1	5	位	5.070237636566162
1	6	国内	14.494205474853516
1	7	的	1.8541090488433838
1	8	明星	11.309622764587402
1	9	。	2.423891067504883
2	1	我	5.127028942108154
2	2	很	6.368345260620117
2	3	喜欢	4.31771183013916
2	4	一	4.823187828063965
2	5	首	11.616646766662598
2	6	国内	14.716239929199219
2	7	的	1.9547852277755737
2	8	明星	11.924427032470703
2	9	。	1.503834843635559
3	1	我	5.127028942108154
3	2	很	6.368345260620117
3	3	喜欢	4.31771183013916
3	4	一	4.823187828063965
3	5	首	11.616646766662598
3	6	国内	14.716239929199219
3	7	的	1.9547852277755737
3	8	歌曲	13.94357681274414
3	9	。	2.6466310024261475
4	1	我	5.127028942108154
4	2	很	6.368345260620117
4	3	喜欢	4.31771183013916
4	4	一	4.823187828063965
4	5	位	5.070237636566162
4	6	国内	14.494205474853516
4	7	的	1.8541090488433838
4	8	歌曲	14.150136947631836
4	9	。	3.250882148742676
5	1	她	8.245683670043945
5	2	开车	13.471517562866211
5	3	去	6.479123115539551
5	4	了	2.6945791244506836
5	5	一	2.249211549758911
5	6	家	5.136806488037109
5	7	郊外	17.25918960571289
5	8	的	2.120816946029663
5	9	店	13.085551261901855
5	10	。	2.42362117767334
6	1	她	8.245683670043945
6	2	开车	13.471517562866211
6	3	去	6.479123115539551
6	4	了	2.6945791244506836
6	5	一	2.249211549758911
6	6	座	7.962094783782959
6	7	郊外	16.88456916809082
6	8	的	1.5713015794754028
6	9	店	13.386265754699707
6	10	。	2.0206799507141113
7	1	她	8.245683670043945
7	2	开车	13.471517562866211
7	3	去	6.479123115539551
7	4	了	2.6945791244506836
7	5	一	2.249211549758911
7	6	座	7.962094783782959
7	7	郊外	16.88456916809082
7	8	的	1.5713015794754028
7	9	山	12.67892837524414
7	10	。	2.5356342792510986
8	1	她	8.245683670043945
8	2	开车	13.471517562866211
8	3	去	6.479123115539551
8	4	了	2.6945791244506836
8	5	一	2.249211549758911
8	6	家	5.136806488037109
8	7	郊外	17.25918960571289
8	8	的	2.120816946029663
8	9	山	13.733442306518555
8	10	。	2.4804234504699707
9	1	他	5.597632884979248
9	2	有	9.422504425048828
9	3	一	1.4017869234085083
9	4	双	12.293861389160156
9	5	蓝色	16.74886703491211
9	6	的	1.49861741065979
9	7	手套	14.176301002502441
9	8	。	5.975992679595947
10	1	他	5.597632884979248
10	2	有	9.422504425048828
10	3	一	1.4017869234085083
10	4	枚	10.864392280578613
10	5	蓝色	14.698145866394043
10	6	的	1.0460666418075562
10	7	手套	14.526659965515137
10	8	。	7.074991703033447
11	1	他	5.597632884979248
11	2	有	9.422504425048828
11	3	一	1.4017869234085083
11	4	枚	10.864392280578613
11	5	蓝色	14.698145866394043
11	6	的	1.0460666418075562
11	7	纽扣	16.9349365234375
11	8	。	7.542041778564453
12	1	他	5.597632884979248
12	2	有	9.422504425048828
12	3	一	1.4017869234085083
12	4	双	12.293861389160156
12	5	蓝色	16.74886703491211
12	6	的	1.49861741065979
12	7	纽扣	16.955581665039062
12	8	。	6.128491401672363
13	1	店长	18.297351837158203
13	2	拿	11.722634315490723
13	3	着	0.16966280341148376
13	4	一	6.0434770584106445
13	5	只	8.16463851928711
13	6	便宜	12.535140037536621
13	7	的	0.8319970965385437
13	8	兔子	14.392231941223145
13	9	。	7.6256103515625
14	1	店长	18.297351837158203
14	2	拿	11.722634315490723
14	3	着	0.16966280341148376
14	4	一	6.0434770584106445
14	5	根	8.40784740447998
14	6	便宜	10.289773941040039
14	7	的	1.647628664970398
14	8	兔子	15.007014274597168
14	9	。	7.612840175628662
15	1	店长	18.297351837158203
15	2	拿	11.722634315490723
15	3	着	0.16966280341148376
15	4	一	6.0434770584106445
15	5	根	8.40784740447998
15	6	便宜	10.289773941040039
15	7	的	1.647628664970398
15	8	萝卜	16.672605514526367
15	9	。	8.383429527282715
16	1	店长	18.297351837158203
16	2	拿	11.722634315490723
16	3	着	0.16966280341148376
16	4	一	6.0434770584106445
16	5	只	8.16463851928711
16	6	便宜	12.535140037536621
16	7	的	0.8319970965385437
16	8	萝卜	16.999469757080078
16	9	。	8.45561408996582
17	1	他	5.597632884979248
17	2	认识	11.680583000183105
17	3	了	7.868735313415527
17	4	一	3.9721524715423584
17	5	名	7.278503894805908
17	6	幸运	15.146499633789062
17	7	的	0.3548697233200073
17	8	男孩	11.36706829071045
17	9	。	3.6908204555511475
18	1	他	5.597632884979248
18	2	认识	11.680583000183105
18	3	了	7.868735313415527
18	4	一	3.9721524715423584
18	5	本	6.400909900665283
18	6	幸运	14.761658668518066
18	7	的	0.1126173585653305
18	8	男孩	11.798920631408691
18	9	。	3.9800937175750732
19	1	他	5.597632884979248
19	2	认识	11.680583000183105
19	3	了	7.868735313415527
19	4	一	3.9721524715423584
19	5	本	6.400909900665283
19	6	幸运	14.761658668518066
19	7	的	0.1126173585653305
19	8	小说	9.514505386352539
19	9	。	4.0420708656311035
20	1	他	5.597632884979248
20	2	认识	11.680583000183105
20	3	了	7.868735313415527
20	4	一	3.9721524715423584
20	5	名	7.278503894805908
20	6	幸运	15.146499633789062
20	7	的	0.3548697233200073
20	8	小说	9.815048217773438
20	9	。	5.017221450805664
21	1	男人	16.143470764160156
21	2	在	4.892688751220703
21	3	扫描	18.084259033203125
21	4	一	5.067074775695801
21	5	篇	7.472283363342285
21	6	很	11.670208930969238
21	7	短	7.97444486618042
21	8	的	0.635066032409668
21	9	文章	5.526381015777588
21	10	。	10.432026863098145
22	1	男人	16.143470764160156
22	2	在	4.892688751220703
22	3	扫描	18.084259033203125
22	4	一	5.067074775695801
22	5	张	6.255668640136719
22	6	很	11.350324630737305
22	7	短	7.782554626464844
22	8	的	0.6551932096481323
22	9	文章	11.9618501663208
22	10	。	10.620543479919434
23	1	男人	16.143470764160156
23	2	在	4.892688751220703
23	3	扫描	18.084259033203125
23	4	一	5.067074775695801
23	5	张	6.255668640136719
23	6	很	11.350324630737305
23	7	短	7.782554626464844
23	8	的	0.6551932096481323
23	9	图片	11.957073211669922
23	10	。	11.402369499206543
24	1	男人	16.143470764160156
24	2	在	4.892688751220703
24	3	扫描	18.084259033203125
24	4	一	5.067074775695801
24	5	篇	7.472283363342285
24	6	很	11.670208930969238
24	7	短	7.97444486618042
24	8	的	0.635066032409668
24	9	图片	11.589797973632812
24	10	。	11.243674278259277
25	1	演员	15.796407699584961
25	2	在	5.356170654296875
25	3	看	13.083511352539062
25	4	一	5.365406036376953
25	5	张	5.631344318389893
25	6	干净	13.725191116333008
25	7	的	2.412236452102661
25	8	旧	11.932571411132812
25	9	照片	10.330794334411621
25	10	。	9.68837833404541
26	1	演员	15.796407699584961
26	2	在	5.356170654296875
26	3	看	13.083511352539062
26	4	一	5.365406036376953
26	5	位	5.350035667419434
26	6	干净	14.143759727478027
26	7	的	1.4658325910568237
26	8	旧	11.91269588470459
26	9	照片	11.002995491027832
26	10	。	9.343603134155273
27	1	演员	15.796407699584961
27	2	在	5.356170654296875
27	3	看	13.083511352539062
27	4	一	5.365406036376953
27	5	位	5.350035667419434
27	6	干净	14.143759727478027
27	7	的	1.4658325910568237
27	8	老师	8.617929458618164
27	9	。	9.589561462402344
28	1	演员	15.796407699584961
28	2	在	5.356170654296875
28	3	看	13.083511352539062
28	4	一	5.365406036376953
28	5	张	5.631344318389893
28	6	干净	13.725191116333008
28	7	的	2.412236452102661
28	8	老师	8.953901290893555
28	9	。	9.033269882202148
29	1	他	5.597632884979248
29	2	在	4.965167999267578
29	3	修理	14.27248764038086
29	4	一	7.125314235687256
29	5	辆	6.343989372253418
29	6	倒霉	15.571367263793945
29	7	的	0.43485546112060547
29	8	汽车	7.616786003112793
29	9	。	7.094362735748291
30	1	他	5.597632884979248
30	2	在	4.965167999267578
30	3	修理	14.27248764038086
30	4	一	7.125314235687256
30	5	套	6.808140754699707
30	6	倒霉	16.504091262817383
30	7	的	0.2158275544643402
30	8	汽车	8.992045402526855
30	9	。	7.72715425491333
31	1	他	5.597632884979248
31	2	在	4.965167999267578
31	3	修理	14.27248764038086
31	4	一	7.125314235687256
31	5	套	6.808140754699707
31	6	倒霉	16.504091262817383
31	7	的	0.2158275544643402
31	8	系统	10.947253227233887
31	9	。	10.108355522155762
32	1	他	5.597632884979248
32	2	在	4.965167999267578
32	3	修理	14.27248764038086
32	4	一	7.125314235687256
32	5	辆	6.343989372253418
32	6	倒霉	15.571367263793945
32	7	的	0.43485546112060547
32	8	系统	12.667922973632812
32	9	。	9.966479301452637
33	1	学生	12.671290397644043
33	2	们	15.613356590270996
33	3	在	4.975396633148193
33	4	写	9.735799789428711
33	5	一	1.8752009868621826
33	6	部	4.9129486083984375
33	7	精彩	12.777023315429688
33	8	的	0.6993502378463745
33	9	电影	5.2722649574279785
33	10	。	8.281700134277344
34	1	学生	12.671290397644043
34	2	们	15.613356590270996
34	3	在	4.975396633148193
34	4	写	9.735799789428711
34	5	一	1.8752009868621826
34	6	首	8.757872581481934
34	7	精彩	13.449494361877441
34	8	的	0.6977946758270264
34	9	电影	6.937290191650391
34	10	。	8.248621940612793
35	1	学生	12.671290397644043
35	2	们	15.613356590270996
35	3	在	4.975396633148193
35	4	写	9.735799789428711
35	5	一	1.8752009868621826
35	6	首	8.757872581481934
35	7	精彩	13.449494361877441
35	8	的	0.6977946758270264
35	9	戏曲	18.37363624572754
35	10	。	14.507094383239746
36	1	学生	12.671290397644043
36	2	们	15.613356590270996
36	3	在	4.975396633148193
36	4	写	9.735799789428711
36	5	一	1.8752009868621826
36	6	部	4.9129486083984375
36	7	精彩	12.777023315429688
36	8	的	0.6993502378463745
36	9	戏曲	18.170215606689453
36	10	。	14.902098655700684
37	1	我们	6.363039016723633
37	2	在	5.123805046081543
37	3	看	8.639789581298828
37	4	一	4.542008399963379
37	5	场	4.153026580810547
37	6	神奇	13.00195598602295
37	7	的	0.431307315826416
37	8	他	11.460683822631836
37	9	的	3.878727674484253
37	10	表演	11.88483715057373
37	11	。	6.287631988525391
38	1	我们	6.363039016723633
38	2	在	5.123805046081543
38	3	看	8.639789581298828
38	4	一	4.542008399963379
38	5	块	8.08914566040039
38	6	神奇	15.56851577758789
38	7	的	0.27387285232543945
38	8	他	11.442859649658203
38	9	的	4.437883377075195
38	10	表演	12.246478080749512
38	11	。	6.352060794830322
39	1	我们	6.363039016723633
39	2	在	5.123805046081543
39	3	看	8.639789581298828
39	4	一	4.542008399963379
39	5	块	8.08914566040039
39	6	神奇	15.56851577758789
39	7	的	0.27387285232543945
39	8	他	11.442859649658203
39	9	的	4.437883377075195
39	10	场地	15.443674087524414
39	11	。	4.2567877769470215
40	1	我们	6.363039016723633
40	2	在	5.123805046081543
40	3	看	8.639789581298828
40	4	一	4.542008399963379
40	5	场	4.153026580810547
40	6	神奇	13.00195598602295
40	7	的	0.431307315826416
40	8	他	11.460683822631836
40	9	的	3.878727674484253
40	10	场地	16.239192962646484
40	11	。	4.565120220184326
41	1	他	5.597632884979248
41	2	最	9.909475326538086
41	3	喜欢	5.111090183258057
41	4	一	4.690084934234619
41	5	道	9.503082275390625
41	6	美味	19.698930740356445
41	7	的	7.056995868682861
41	8	菜	11.833407402038574
41	9	。	1.6072248220443726
42	1	他	5.597632884979248
42	2	最	9.909475326538086
42	3	喜欢	5.111090183258057
42	4	一	4.690084934234619
42	5	瓶	11.621750831604004
42	6	美味	18.610397338867188
42	7	的	6.686595916748047
42	8	菜	11.416187286376953
42	9	。	1.6686782836914062
43	1	他	5.597632884979248
43	2	最	9.909475326538086
43	3	喜欢	5.111090183258057
43	4	一	4.690084934234619
43	5	瓶	11.621750831604004
43	6	美味	18.610397338867188
43	7	的	6.686595916748047
43	8	醋	18.011974334716797
43	9	。	3.0495986938476562
44	1	他	5.597632884979248
44	2	最	9.909475326538086
44	3	喜欢	5.111090183258057
44	4	一	4.690084934234619
44	5	道	9.503082275390625
44	6	美味	19.698930740356445
44	7	的	7.056995868682861
44	8	醋	19.289052963256836
44	9	。	2.355417490005493
45	1	她	8.245683670043945
45	2	拿	11.634206771850586
45	3	了	2.2355782985687256
45	4	一	1.1399109363555908
45	5	份	6.180428981781006
45	6	今天	11.875267028808594
45	7	的	2.1278815269470215
45	8	饭	15.66125202178955
45	9	。	6.827664852142334
46	1	她	8.245683670043945
46	2	拿	11.634206771850586
46	3	了	2.2355782985687256
46	4	一	1.1399109363555908
46	5	卷	15.249521255493164
46	6	今天	14.30610179901123
46	7	的	2.831784725189209
46	8	饭	13.506146430969238
46	9	。	6.49268913269043
47	1	她	8.245683670043945
47	2	拿	11.634206771850586
47	3	了	2.2355782985687256
47	4	一	1.1399109363555908
47	5	卷	15.249521255493164
47	6	今天	14.30610179901123
47	7	的	2.831784725189209
47	8	纸	15.547450065612793
47	9	。	10.321756362915039
48	1	她	8.245683670043945
48	2	拿	11.634206771850586
48	3	了	2.2355782985687256
48	4	一	1.1399109363555908
48	5	份	6.180428981781006
48	6	今天	11.875267028808594
48	7	的	2.1278815269470215
48	8	纸	16.471637725830078
48	9	。	10.758357048034668
49	1	学生	12.671290397644043
49	2	们	15.613356590270996
49	3	在	4.975396633148193
49	4	写	9.735799789428711
49	5	一	1.8752009868621826
49	6	部	4.9129486083984375
49	7	复杂	13.418779373168945
49	8	的	0.15103527903556824
49	9	戏剧	10.054106712341309
49	10	。	8.047578811645508
50	1	学生	12.671290397644043
50	2	们	15.613356590270996
50	3	在	4.975396633148193
50	4	写	9.735799789428711
50	5	一	1.8752009868621826
50	6	篇	4.460149765014648
50	7	复杂	15.913447380065918
50	8	的	0.21705779433250427
50	9	戏剧	11.580696105957031
50	10	。	8.386968612670898
51	1	学生	12.671290397644043
51	2	们	15.613356590270996
51	3	在	4.975396633148193
51	4	写	9.735799789428711
51	5	一	1.8752009868621826
51	6	篇	4.460149765014648
51	7	复杂	15.913447380065918
51	8	的	0.21705779433250427
51	9	文章	2.6181390285491943
51	10	。	6.270531177520752
52	1	学生	12.671290397644043
52	2	们	15.613356590270996
52	3	在	4.975396633148193
52	4	写	9.735799789428711
52	5	一	1.8752009868621826
52	6	部	4.9129486083984375
52	7	复杂	13.418779373168945
52	8	的	0.15103527903556824
52	9	文章	8.163979530334473
52	10	。	6.559815883636475
53	1	这	5.371973037719727
53	2	是	1.6088799238204956
53	3	一	1.8593076467514038
53	4	架	10.2822265625
53	5	红色	14.02517032623291
53	6	的	0.8306248784065247
53	7	火车	9.860557556152344
53	8	。	3.1588351726531982
54	1	这	5.371973037719727
54	2	是	1.6088799238204956
54	3	一	1.8593076467514038
54	4	扇	18.663747787475586
54	5	红色	15.372657775878906
54	6	的	0.26706627011299133
54	7	火车	10.723549842834473
54	8	。	2.9631905555725098
55	1	这	5.371973037719727
55	2	是	1.6088799238204956
55	3	一	1.8593076467514038
55	4	扇	18.663747787475586
55	5	红色	15.372657775878906
55	6	的	0.26706627011299133
55	7	窗户	12.282983779907227
55	8	。	3.441523790359497
56	1	这	5.371973037719727
56	2	是	1.6088799238204956
56	3	一	1.8593076467514038
56	4	架	10.2822265625
56	5	红色	14.02517032623291
56	6	的	0.8306248784065247
56	7	窗户	11.93929386138916
56	8	。	3.544241189956665
57	1	老师	13.408656120300293
57	2	在	5.910460472106934
57	3	责备	19.263410568237305
57	4	三	8.769229888916016
57	5	名	7.3052802085876465
57	6	淘气	18.053396224975586
57	7	的	1.4670990705490112
57	8	学生	6.579278945922852
57	9	。	4.748178958892822
58	1	老师	13.408656120300293
58	2	在	5.910460472106934
58	3	责备	19.263410568237305
58	4	三	8.769229888916016
58	5	只	7.51608943939209
58	6	淘气	19.782724380493164
58	7	的	1.4670467376708984
58	8	学生	8.654268264770508
58	9	。	2.947460412979126
59	1	老师	13.408656120300293
59	2	在	5.910460472106934
59	3	责备	19.263410568237305
59	4	三	8.769229888916016
59	5	只	7.51608943939209
59	6	淘气	19.782724380493164
59	7	的	1.4670467376708984
59	8	宠物	15.883590698242188
59	9	。	5.970832824707031
60	1	老师	13.408656120300293
60	2	在	5.910460472106934
60	3	责备	19.263410568237305
60	4	三	8.769229888916016
60	5	名	7.3052802085876465
60	6	淘气	18.053396224975586
60	7	的	1.4670990705490112
60	8	宠物	16.46623992919922
60	9	。	8.956738471984863
61	1	她	8.245683670043945
61	2	买	14.918540000915527
61	3	过	6.586599826812744
61	4	两	5.778356075286865
61	5	杯	10.537956237792969
61	6	热	13.259074211120605
61	7	的	1.3049975633621216
61	8	咖啡	11.88535213470459
61	9	。	5.507687091827393
62	1	她	8.245683670043945
62	2	买	14.918540000915527
62	3	过	6.586599826812744
62	4	两	5.778356075286865
62	5	个	1.6827718019485474
62	6	热	13.895877838134766
62	7	的	1.3529338836669922
62	8	咖啡	13.181333541870117
62	9	。	5.62781286239624
63	1	她	8.245683670043945
63	2	买	14.918540000915527
63	3	过	6.586599826812744
63	4	两	5.778356075286865
63	5	个	1.6827718019485474
63	6	热	13.895877838134766
63	7	的	1.3529338836669922
63	8	杯子	16.673879623413086
63	9	。	4.609801292419434
64	1	她	8.245683670043945
64	2	买	14.918540000915527
64	3	过	6.586599826812744
64	4	两	5.778356075286865
64	5	杯	10.537956237792969
64	6	热	13.259074211120605
64	7	的	1.3049975633621216
64	8	杯子	16.824504852294922
64	9	。	4.711241722106934
65	1	孩子	13.992236137390137
65	2	在	3.2283077239990234
65	3	卖	11.457669258117676
65	4	五	10.523835182189941
65	5	台	9.351587295532227
65	6	贵	14.028867721557617
65	7	的	4.152125358581543
65	8	桌子	15.266478538513184
65	9	。	8.881505966186523
66	1	孩子	13.992236137390137
66	2	在	3.2283077239990234
66	3	卖	11.457669258117676
66	4	五	10.523835182189941
66	5	块	7.8347601890563965
66	6	贵	12.646600723266602
66	7	的	4.88536262512207
66	8	桌子	14.354613304138184
66	9	。	8.791364669799805
67	1	孩子	13.992236137390137
67	2	在	3.2283077239990234
67	3	卖	11.457669258117676
67	4	五	10.523835182189941
67	5	块	7.8347601890563965
67	6	贵	12.646600723266602
67	7	的	4.88536262512207
67	8	蛋糕	15.020160675048828
67	9	。	4.355935096740723
68	1	孩子	13.992236137390137
68	2	在	3.2283077239990234
68	3	卖	11.457669258117676
68	4	五	10.523835182189941
68	5	台	9.351587295532227
68	6	贵	14.028867721557617
68	7	的	4.152125358581543
68	8	蛋糕	15.615274429321289
68	9	。	4.265305995941162
69	1	妈妈	12.954710006713867
69	2	在	5.337001800537109
69	3	做	8.529932022094727
69	4	一	3.9744198322296143
69	5	张	5.599092483520508
69	6	好看	14.482510566711426
69	7	的	0.0824565514922142
69	8	地图	13.553000450134277
69	9	。	6.236776828765869
70	1	妈妈	12.954710006713867
70	2	在	5.337001800537109
70	3	做	8.529932022094727
70	4	一	3.9744198322296143
70	5	面	8.787152290344238
70	6	好看	18.59491729736328
70	7	的	0.25594356656074524
70	8	地图	13.543840408325195
70	9	。	5.699134349822998
71	1	妈妈	12.954710006713867
71	2	在	5.337001800537109
71	3	做	8.529932022094727
71	4	一	3.9744198322296143
71	5	面	8.787152290344238
71	6	好看	18.59491729736328
71	7	的	0.25594356656074524
71	8	镜子	16.238521575927734
71	9	。	4.56724214553833
72	1	妈妈	12.954710006713867
72	2	在	5.337001800537109
72	3	做	8.529932022094727
72	4	一	3.9744198322296143
72	5	张	5.599092483520508
72	6	好看	14.482510566711426
72	7	的	0.0824565514922142
72	8	镜子	16.078853607177734
72	9	。	5.373166084289551
73	1	爸爸	11.671850204467773
73	2	买	8.813190460205078
73	3	了	0.5717286467552185
73	4	一	2.657940149307251
73	5	栋	7.597103595733643
73	6	很	11.421867370605469
73	7	大	3.894155740737915
73	8	的	1.0145467519760132
73	9	房子	5.769104480743408
73	10	。	4.594775676727295
74	1	爸爸	11.671850204467773
74	2	买	8.813190460205078
74	3	了	0.5717286467552185
74	4	一	2.657940149307251
74	5	条	5.480283260345459
74	6	很	9.13751220703125
74	7	大	4.090704917907715
74	8	的	0.9116464257240295
74	9	房子	6.5992960929870605
74	10	。	3.6406846046447754
75	1	爸爸	11.671850204467773
75	2	买	8.813190460205078
75	3	了	0.5717286467552185
75	4	一	2.657940149307251
75	5	条	5.480283260345459
75	6	很	9.13751220703125
75	7	大	4.090704917907715
75	8	的	0.9116464257240295
75	9	沙发	15.30748462677002
75	10	。	10.115456581115723
76	1	爸爸	11.671850204467773
76	2	买	8.813190460205078
76	3	了	0.5717286467552185
76	4	一	2.657940149307251
76	5	栋	7.597103595733643
76	6	很	11.421867370605469
76	7	大	3.894155740737915
76	8	的	1.0145467519760132
76	9	沙发	14.739495277404785
76	10	。	10.808686256408691
77	1	我	5.127028942108154
77	2	想	3.552591562271118
77	3	种	16.213687896728516
77	4	一	6.995518207550049
77	5	朵	19.752309799194336
77	6	红色	12.651419639587402
77	7	的	1.7483618259429932
77	8	玫瑰	15.077369689941406
77	9	。	8.534544944763184
78	1	我	5.127028942108154
78	2	想	3.552591562271118
78	3	种	16.213687896728516
78	4	一	6.995518207550049
78	5	颗	12.584372520446777
78	6	红色	12.073469161987305
78	7	的	0.3507799208164215
78	8	玫瑰	16.363615036010742
78	9	。	8.063030242919922
79	1	我	5.127028942108154
79	2	想	3.552591562271118
79	3	种	16.213687896728516
79	4	一	6.995518207550049
79	5	颗	12.584372520446777
79	6	红色	12.073469161987305
79	7	的	0.3507799208164215
79	8	种子	11.79237174987793
79	9	。	6.7463483810424805
80	1	我	5.127028942108154
80	2	想	3.552591562271118
80	3	种	16.213687896728516
80	4	一	6.995518207550049
80	5	朵	19.752309799194336
80	6	红色	12.651419639587402
80	7	的	1.7483618259429932
80	8	种子	11.283368110656738
80	9	。	6.819286823272705
81	1	我	5.127028942108154
81	2	经常	10.094088554382324
81	3	去	6.915752410888672
81	4	一	4.65113639831543
81	5	家	4.997072696685791
81	6	有名	14.876493453979492
81	7	的	0.3782006502151489
81	8	医院	11.817468643188477
81	9	。	6.313189506530762
82	1	我	5.127028942108154
82	2	经常	10.094088554382324
82	3	去	6.915752410888672
82	4	一	4.65113639831543
82	5	座	8.811835289001465
82	6	有名	14.187466621398926
82	7	的	0.08239465951919556
82	8	医院	11.961282730102539
82	9	。	5.5255656242370605
83	1	我	5.127028942108154
83	2	经常	10.094088554382324
83	3	去	6.915752410888672
83	4	一	4.65113639831543
83	5	座	8.811835289001465
83	6	有名	14.187466621398926
83	7	的	0.08239465951919556
83	8	城市	7.708288669586182
83	9	。	3.612903594970703
84	1	我	5.127028942108154
84	2	经常	10.094088554382324
84	3	去	6.915752410888672
84	4	一	4.65113639831543
84	5	家	4.997072696685791
84	6	有名	14.876493453979492
84	7	的	0.3782006502151489
84	8	城市	8.983413696289062
84	9	。	3.830740213394165
85	1	我	5.127028942108154
85	2	拜访	15.513352394104004
85	3	了	2.5809803009033203
85	4	这	4.0890936851501465
85	5	一	2.481435537338257
85	6	所	11.591796875
85	7	重要	10.324382781982422
85	8	的	0.008807636797428131
85	9	美丽	13.113576889038086
85	10	的	1.6532222032546997
85	11	高中	14.98833179473877
85	12	。	3.1431686878204346
86	1	我	5.127028942108154
86	2	拜访	15.513352394104004
86	3	了	2.5809803009033203
86	4	这	4.0890936851501465
86	5	一	2.481435537338257
86	6	位	6.2364583015441895
86	7	重要	13.048501014709473
86	8	的	0.9131941795349121
86	9	美丽	13.030965805053711
86	10	的	1.6566365957260132
86	11	高中	15.102096557617188
86	12	。	3.822589635848999
87	1	我	5.127028942108154
87	2	拜访	15.513352394104004
87	3	了	2.5809803009033203
87	4	这	4.0890936851501465
87	5	一	2.481435537338257
87	6	位	6.2364583015441895
87	7	重要	13.048501014709473
87	8	的	0.9131941795349121
87	9	美丽	13.030965805053711
87	10	的	1.6566365957260132
87	11	老师	11.394508361816406
87	12	。	1.4742902517318726
88	1	我	5.127028942108154
88	2	拜访	15.513352394104004
88	3	了	2.5809803009033203
88	4	这	4.0890936851501465
88	5	一	2.481435537338257
88	6	所	11.591796875
88	7	重要	10.324382781982422
88	8	的	0.008807636797428131
88	9	美丽	13.113576889038086
88	10	的	1.6532222032546997
88	11	老师	11.427216529846191
88	12	。	1.171892523765564
89	1	他	5.597632884979248
89	2	在	4.965167999267578
89	3	读	11.761383056640625
89	4	一	3.554849624633789
89	5	条	6.783084392547607
89	6	很	9.29725170135498
89	7	长	5.308918476104736
89	8	的	0.7248227596282959
89	9	评论	11.552438735961914
89	10	。	5.266661643981934
90	1	他	5.597632884979248
90	2	在	4.965167999267578
90	3	读	11.761383056640625
90	4	一	3.554849624633789
90	5	首	9.399672508239746
90	6	很	14.583956718444824
90	7	长	5.542641639709473
90	8	的	0.745369553565979
90	9	评论	11.254188537597656
90	10	。	4.970873832702637
91	1	他	5.597632884979248
91	2	在	4.965167999267578
91	3	读	11.761383056640625
91	4	一	3.554849624633789
91	5	首	9.399672508239746
91	6	很	14.583956718444824
91	7	长	5.542641639709473
91	8	的	0.745369553565979
91	9	诗歌	18.928466796875
91	10	。	3.9436657428741455
92	1	他	5.597632884979248
92	2	在	4.965167999267578
92	3	读	11.761383056640625
92	4	一	3.554849624633789
92	5	条	6.783084392547607
92	6	很	9.29725170135498
92	7	长	5.308918476104736
92	8	的	0.7248227596282959
92	9	诗歌	19.288908004760742
92	10	。	4.6378397941589355
93	1	她	8.245683670043945
93	2	从来	11.334904670715332
93	3	没	5.759606838226318
93	4	见	9.77076244354248
93	5	过	0.548511266708374
93	6	一	5.462588787078857
93	7	头	8.396495819091797
93	8	黄色	17.057519912719727
93	9	的	1.1809684038162231
93	10	老虎	18.311981201171875
93	11	。	2.2609751224517822
94	1	她	8.245683670043945
94	2	从来	11.334904670715332
94	3	没	5.759606838226318
94	4	见	9.77076244354248
94	5	过	0.548511266708374
94	6	一	5.462588787078857
94	7	双	11.16843032836914
94	8	黄色	16.886301040649414
94	9	的	1.3839991092681885
94	10	老虎	18.59361457824707
94	11	。	2.736325740814209
95	1	她	8.245683670043945
95	2	从来	11.334904670715332
95	3	没	5.759606838226318
95	4	见	9.77076244354248
95	5	过	0.548511266708374
95	6	一	5.462588787078857
95	7	双	11.16843032836914
95	8	黄色	16.886301040649414
95	9	的	1.3839991092681885
95	10	眼睛	9.164641380310059
95	11	。	4.224019527435303
96	1	她	8.245683670043945
96	2	从来	11.334904670715332
96	3	没	5.759606838226318
96	4	见	9.77076244354248
96	5	过	0.548511266708374
96	6	一	5.462588787078857
96	7	头	8.396495819091797
96	8	黄色	17.057519912719727
96	9	的	1.1809684038162231
96	10	眼睛	9.250787734985352
96	11	。	3.8555126190185547
97	1	我	5.127028942108154
97	2	还	7.023350238800049
97	3	没有	4.154833793640137
97	4	检查	12.007819175720215
97	5	一	5.7065839767456055
97	6	份	5.67042875289917
97	7	很	11.503835678100586
97	8	难	4.225433349609375
97	9	的	5.806793212890625
97	10	作业	14.116371154785156
97	11	。	0.812711238861084
98	1	我	5.127028942108154
98	2	还	7.023350238800049
98	3	没有	4.154833793640137
98	4	检查	12.007819175720215
98	5	一	5.7065839767456055
98	6	行	11.216777801513672
98	7	很	11.012925148010254
98	8	难	4.237359523773193
98	9	的	6.102039813995361
98	10	作业	15.399201393127441
98	11	。	0.5172083377838135
99	1	我	5.127028942108154
99	2	还	7.023350238800049
99	3	没有	4.154833793640137
99	4	检查	12.007819175720215
99	5	一	5.7065839767456055
99	6	行	11.216777801513672
99	7	很	11.012925148010254
99	8	难	4.237359523773193
99	9	的	6.102039813995361
99	10	公式	17.686290740966797
99	11	。	0.5634618401527405
100	1	我	5.127028942108154
100	2	还	7.023350238800049
100	3	没有	4.154833793640137
100	4	检查	12.007819175720215
100	5	一	5.7065839767456055
100	6	份	5.67042875289917
100	7	很	11.503835678100586
100	8	难	4.225433349609375
100	9	的	5.806793212890625
100	10	公式	15.85239028930664
100	11	。	1.0929219722747803
101	1	孩子	13.992236137390137
101	2	听到	12.883722305297852
101	3	了	5.106118679046631
101	4	一	6.9073967933654785
101	5	首	10.661995887756348
101	6	熟悉	15.020874977111816
101	7	的	2.9291696548461914
101	8	歌曲	12.448397636413574
101	9	。	3.457484722137451
102	1	孩子	13.992236137390137
102	2	听到	12.883722305297852
102	3	了	5.106118679046631
102	4	一	6.9073967933654785
102	5	张	5.4737868309021
102	6	熟悉	13.962512016296387
102	7	的	2.481391191482544
102	8	歌曲	13.028329849243164
102	9	。	4.371472358703613
103	1	孩子	13.992236137390137
103	2	听到	12.883722305297852
103	3	了	5.106118679046631
103	4	一	6.9073967933654785
103	5	张	5.4737868309021
103	6	熟悉	13.962512016296387
103	7	的	2.481391191482544
103	8	专辑	12.593618392944336
103	9	。	6.23874568939209
104	1	孩子	13.992236137390137
104	2	听到	12.883722305297852
104	3	了	5.106118679046631
104	4	一	6.9073967933654785
104	5	首	10.661995887756348
104	6	熟悉	15.020874977111816
104	7	的	2.9291696548461914
104	8	专辑	13.039836883544922
104	9	。	5.321203708648682
105	1	护士	18.31763458251953
105	2	做	11.994915962219238
105	3	了	2.994852066040039
105	4	一	5.531607151031494
105	5	次	6.469141006469727
105	6	必需	16.47746467590332
105	7	的	1.2359706163406372
105	8	检查	11.789490699768066
105	9	。	3.7698960304260254
106	1	护士	18.31763458251953
106	2	做	11.994915962219238
106	3	了	2.994852066040039
106	4	一	5.531607151031494
106	5	篇	4.6215691566467285
106	6	必需	17.76145362854004
106	7	的	0.8739073276519775
106	8	检查	12.703907012939453
106	9	。	3.2964365482330322
107	1	护士	18.31763458251953
107	2	做	11.994915962219238
107	3	了	2.994852066040039
107	4	一	5.531607151031494
107	5	篇	4.6215691566467285
107	6	必需	17.76145362854004
107	7	的	0.8739073276519775
107	8	报告	9.281844139099121
107	9	。	3.605337381362915
108	1	护士	18.31763458251953
108	2	做	11.994915962219238
108	3	了	2.994852066040039
108	4	一	5.531607151031494
108	5	次	6.469141006469727
108	6	必需	16.47746467590332
108	7	的	1.2359706163406372
108	8	报告	11.79819107055664
108	9	。	4.0070037841796875
109	1	这里	9.559405326843262
109	2	是	0.9193671345710754
109	3	两	7.671217441558838
109	4	台	11.568747520446777
109	5	最新	14.688637733459473
109	6	的	1.751716136932373
109	7	电视	11.855733871459961
109	8	。	3.688180923461914
110	1	这里	9.559405326843262
110	2	是	0.9193671345710754
110	3	两	7.671217441558838
110	4	份	10.455748558044434
110	5	最新	10.827536582946777
110	6	的	1.1182544231414795
110	7	电视	13.161628723144531
110	8	。	4.108967304229736
111	1	这里	9.559405326843262
111	2	是	0.9193671345710754
111	3	两	7.671217441558838
111	4	份	10.455748558044434
111	5	最新	10.827536582946777
111	6	的	1.1182544231414795
111	7	订单	18.05586051940918
111	8	。	1.9175834655761719
112	1	这里	9.559405326843262
112	2	是	0.9193671345710754
112	3	两	7.671217441558838
112	4	台	11.568747520446777
112	5	最新	14.688637733459473
112	6	的	1.751716136932373
112	7	订单	16.931045532226562
112	8	。	1.5307724475860596
113	1	他	5.597632884979248
113	2	很	7.8584885597229
113	3	欣赏	11.206315994262695
113	4	一	5.104825496673584
113	5	处	7.967747211456299
113	6	环保	18.501949310302734
113	7	的	2.2612545490264893
113	8	景点	13.187742233276367
113	9	。	1.8219910860061646
114	1	他	5.597632884979248
114	2	很	7.8584885597229
114	3	欣赏	11.206315994262695
114	4	一	5.104825496673584
114	5	位	4.917900085449219
114	6	环保	17.68136215209961
114	7	的	3.6107797622680664
114	8	景点	13.793957710266113
114	9	。	2.7562296390533447
115	1	他	5.597632884979248
115	2	很	7.8584885597229
115	3	欣赏	11.206315994262695
115	4	一	5.104825496673584
115	5	位	4.917900085449219
115	6	环保	17.68136215209961
115	7	的	3.6107797622680664
115	8	领导	9.272988319396973
115	9	。	4.710567474365234
116	1	他	5.597632884979248
116	2	很	7.8584885597229
116	3	欣赏	11.206315994262695
116	4	一	5.104825496673584
116	5	处	7.967747211456299
116	6	环保	18.501949310302734
116	7	的	2.2612545490264893
116	8	领导	10.99331283569336
116	9	。	4.38899040222168
117	1	那里	14.159455299377441
117	2	有	3.114332675933838
117	3	一	1.2570114135742188
117	4	支	8.260392189025879
117	5	海上	13.784997940063477
117	6	的	1.4447133541107178
117	7	舰队	13.355714797973633
117	8	。	5.000495433807373
118	1	那里	14.159455299377441
118	2	有	3.114332675933838
118	3	一	1.2570114135742188
118	4	艘	7.575621128082275
118	5	海上	12.892460823059082
118	6	的	2.0495879650115967
118	7	舰队	13.420839309692383
118	8	。	6.0634355545043945
119	1	那里	14.159455299377441
119	2	有	3.114332675933838
119	3	一	1.2570114135742188
119	4	艘	7.575621128082275
119	5	海上	12.892460823059082
119	6	的	2.0495879650115967
119	7	渔船	9.180602073669434
119	8	。	9.638144493103027
120	1	那里	14.159455299377441
120	2	有	3.114332675933838
120	3	一	1.2570114135742188
120	4	支	8.260392189025879
120	5	海上	13.784997940063477
120	6	的	1.4447133541107178
120	7	渔船	11.510276794433594
120	8	。	8.1312255859375
