sentence_id	token_id	token	surprisal
1	1	那	7.210642337799072
1	2	家	8.971098899841309
1	3	亲切	18.139205932617188
1	4	的	2.9704904556274414
1	5	老板	11.178632736206055
1	6	投资	18.671213150024414
1	7	的	5.019540786743164
1	8	饭店	14.519574165344238
1	9	很	5.219686031341553
1	10	受	9.272672653198242
1	11	欢迎	3.488374948501587
1	12	。	3.2129130363464355
2	1	那	7.210642337799072
2	2	个	7.011213302612305
2	3	亲切	16.367549896240234
2	4	的	1.4559824466705322
2	5	老板	12.288694381713867
2	6	投资	19.36563491821289
2	7	的	5.552825927734375
2	8	饭店	15.559529304504395
2	9	很	5.536246299743652
2	10	受	8.927645683288574
2	11	欢迎	3.2994706630706787
2	12	。	3.068922996520996
3	1	那	7.210642337799072
3	2	幅	14.024829864501953
3	3	聪明	13.344962120056152
3	4	的	0.5173553228378296
3	5	朋友	8.4847993850708
3	6	喜欢	13.333488464355469
3	7	的	6.09409236907959
3	8	画	14.900840759277344
3	9	吸引	13.813236236572266
3	10	了	4.058034420013428
3	11	我	3.7433648109436035
3	12	。	3.8167009353637695
4	1	那	7.210642337799072
4	2	个	7.011213302612305
4	3	聪明	14.633916854858398
4	4	的	0.7034156918525696
4	5	朋友	8.263315200805664
4	6	喜欢	12.660318374633789
4	7	的	5.911325454711914
4	8	画	16.06599235534668
4	9	吸引	13.702571868896484
4	10	了	3.448371410369873
4	11	我	3.0622267723083496
4	12	。	3.7892961502075195
5	1	那	7.210642337799072
5	2	件	8.543764114379883
5	3	细心	19.043283462524414
5	4	的	0.13257001340389252
5	5	老师	13.263031005859375
5	6	收藏	18.816198348999023
5	7	的	3.0678229331970215
5	8	艺术品	16.353530883789062
5	9	获	17.11821746826172
5	10	了	3.7424614429473877
5	11	奖	10.78705883026123
5	12	。	0.892173171043396
6	1	那	7.210642337799072
6	2	个	7.011213302612305
6	3	细心	16.480728149414062
6	4	的	0.13667108118534088
6	5	老师	12.594611167907715
6	6	收藏	19.036577224731445
6	7	的	3.736311435699463
6	8	艺术品	16.317031860351562
6	9	获	17.320850372314453
6	10	了	3.9084842205047607
6	11	奖	10.606216430664062
6	12	。	0.7007455229759216
7	1	那	7.210642337799072
7	2	只	7.1816020011901855
7	3	负责	15.54442024230957
7	4	的	5.21597146987915
7	5	店长	22.474571228027344
7	6	喜欢	13.382848739624023
7	7	的	2.711202621459961
7	8	宠物	16.83715057373047
7	9	生病	14.90007209777832
7	10	了	2.822463035583496
7	11	。	1.2232722043991089
8	1	那	7.210642337799072
8	2	个	7.011213302612305
8	3	负责	14.130322456359863
8	4	的	1.4758192300796509
8	5	店长	22.141780853271484
8	6	喜欢	12.370129585266113
8	7	的	2.2702367305755615
8	8	宠物	17.431781768798828
8	9	生病	14.92278003692627
8	10	了	2.8515307903289795
8	11	。	1.6606252193450928
9	1	那	7.210642337799072
9	2	首	12.355353355407715
9	3	有名	17.34149742126465
9	4	的	0.09519804269075394
9	5	明星	12.32414436340332
9	6	唱	14.197397232055664
9	7	的	4.740382671356201
9	8	歌	10.72934627532959
9	9	很	9.205531120300293
9	10	好听	13.561907768249512
9	11	。	1.5528044700622559
10	1	那	7.210642337799072
10	2	个	7.011213302612305
10	3	有名	15.64509105682373
10	4	的	0.04439195245504379
10	5	明星	11.75989818572998
10	6	唱	15.248435974121094
10	7	的	4.427392959594727
10	8	歌	10.409012794494629
10	9	很	9.720165252685547
10	10	好听	13.535747528076172
10	11	。	1.8898756504058838
11	1	那	7.210642337799072
11	2	所	10.911737442016602
11	3	富有	15.658729553222656
11	4	的	0.825018048286438
11	5	老人	14.687012672424316
11	6	去	10.984416007995605
11	7	的	4.6809844970703125
11	8	学校	11.277759552001953
11	9	关闭	16.020219802856445
11	10	了	0.652796745300293
11	11	。	3.017322063446045
12	1	那	7.210642337799072
12	2	个	7.011213302612305
12	3	富有	15.593188285827637
12	4	的	5.709822177886963
12	5	老人	14.14496898651123
12	6	去	10.137360572814941
12	7	的	5.443761825561523
12	8	学校	10.4024658203125
12	9	关闭	15.51175594329834
12	10	了	0.5605884790420532
12	11	。	2.8453454971313477
13	1	那	7.210642337799072
13	2	件	8.543764114379883
13	3	紧张	18.35371971130371
13	4	的	1.207897663116455
13	5	司机	14.961843490600586
13	6	带	13.101459503173828
13	7	的	7.603156089782715
13	8	行李	15.106768608093262
13	9	丢	13.142890930175781
13	10	了	0.8905946016311646
13	11	。	4.480879783630371
14	1	那	7.210642337799072
14	2	个	7.011213302612305
14	3	紧张	15.312690734863281
14	4	的	0.7762413024902344
14	5	司机	14.130499839782715
14	6	带	13.64189338684082
14	7	的	7.794059753417969
14	8	行李	14.831904411315918
14	9	丢	12.921841621398926
14	10	了	0.7842144966125488
14	11	。	4.759932041168213
15	1	那	7.210642337799072
15	2	本	7.945889472961426
15	3	有名	14.470340728759766
15	4	的	0.14280307292938232
15	5	作家	8.843573570251465
15	6	写	8.989252090454102
15	7	的	4.061258316040039
15	8	书	6.505450248718262
15	9	很	7.452160358428955
15	10	受	8.197626113891602
15	11	欢迎	2.277151107788086
15	12	。	3.2146968841552734
16	1	那	7.210642337799072
16	2	个	7.011213302612305
16	3	有名	15.64509105682373
16	4	的	0.04439195245504379
16	5	作家	9.479034423828125
16	6	写	8.886072158813477
16	7	的	3.915578603744507
16	8	书	7.674522876739502
16	9	很	7.2804646492004395
16	10	受	8.185388565063477
16	11	欢迎	2.540839433670044
16	12	。	2.898611068725586
17	1	那	7.210642337799072
17	2	辆	9.826339721679688
17	3	熟悉	16.89664649963379
17	4	的	2.151952028274536
17	5	朋友	9.51028823852539
17	6	开	11.000677108764648
17	7	的	7.045017242431641
17	8	车	6.006032466888428
17	9	坏	16.197511672973633
17	10	了	2.1137049198150635
17	11	。	1.5292315483093262
18	1	那	7.210642337799072
18	2	个	7.011213302612305
18	3	熟悉	14.072432518005371
18	4	的	1.9780632257461548
18	5	朋友	7.064929008483887
18	6	开	11.93797779083252
18	7	的	5.869865417480469
18	8	车	9.395600318908691
18	9	坏	16.096691131591797
18	10	了	1.857833743095398
18	11	。	1.335304617881775
19	1	那	7.210642337799072
19	2	份	10.27010726928711
19	3	淘气	21.483428955078125
19	4	的	0.05100525915622711
19	5	孩子	9.573410034179688
19	6	做	9.405487060546875
19	7	的	2.9303934574127197
19	8	作业	14.57241439819336
19	9	获	18.627586364746094
19	10	了	3.229858636856079
19	11	奖	10.257719993591309
19	12	。	1.0112746953964233
20	1	那	7.210642337799072
20	2	个	7.011213302612305
20	3	淘气	20.354700088500977
20	4	的	0.03813046216964722
20	5	孩子	5.577138423919678
20	6	做	9.61311149597168
20	7	的	2.890505075454712
20	8	作业	14.604547500610352
20	9	获	19.25096321105957
20	10	了	3.0378057956695557
20	11	奖	10.488275527954102
20	12	。	0.9500149488449097
21	1	那	7.210642337799072
21	2	份	10.27010726928711
21	3	严格	15.95705795288086
21	4	的	1.211521863937378
21	5	老板	14.004563331604004
21	6	制定	14.948836326599121
21	7	的	8.490923881530762
21	8	合同	12.205495834350586
21	9	到期	19.906726837158203
21	10	了	5.924592971801758
21	11	。	6.3602423667907715
22	1	那	7.210642337799072
22	2	个	7.011213302612305
22	3	严格	16.036771774291992
22	4	的	0.9034074544906616
22	5	老板	13.425237655639648
22	6	制定	15.828063011169434
22	7	的	6.393795967102051
22	8	合同	13.327659606933594
22	9	到期	19.93222427368164
22	10	了	5.703746318817139
22	11	。	5.679511070251465
23	1	那	7.210642337799072
23	2	间	14.095988273620605
23	3	负责	15.4066801071167
23	4	的	2.2541279792785645
23	5	朋友	12.360664367675781
23	6	开	11.567585945129395
23	7	的	4.938257694244385
23	8	工厂	13.445571899414062
23	9	倒闭	14.998489379882812
23	10	了	3.3893704414367676
23	11	。	2.729693651199341
24	1	那	7.210642337799072
24	2	个	7.011213302612305
24	3	负责	14.130322456359863
24	4	的	1.4758192300796509
24	5	朋友	11.001011848449707
24	6	开	11.546836853027344
24	7	的	4.789829730987549
24	8	工厂	13.10339069366455
24	9	倒闭	15.600744247436523
24	10	了	2.659182548522949
24	11	。	2.5216948986053467
25	1	那	7.210642337799072
25	2	张	8.95130729675293
25	3	聪明	12.675553321838379
25	4	的	0.8747084140777588
25	5	孩子	9.112427711486816
25	6	照	16.99199867248535
25	7	的	4.3059844970703125
25	8	照片	10.44558334350586
25	9	丢	16.033693313598633
25	10	了	0.4759208858013153
25	11	。	4.090681552886963
26	1	那	7.210642337799072
26	2	个	7.011213302612305
26	3	聪明	14.633916854858398
26	4	的	0.7034156918525696
26	5	孩子	7.596264362335205
26	6	照	17.06465721130371
26	7	的	4.504401206970215
26	8	照片	11.094093322753906
26	9	丢	16.34000587463379
26	10	了	0.38571077585220337
26	11	。	3.3488099575042725
27	1	那	7.210642337799072
27	2	台	14.949557304382324
27	3	负责	16.507827758789062
27	4	的	3.457998037338257
27	5	老师	14.037043571472168
27	6	用	10.515631675720215
27	7	的	5.101057529449463
27	8	手机	11.519767761230469
27	9	很	8.836894035339355
27	10	好用	17.625553131103516
27	11	。	3.654573917388916
28	1	那	7.210642337799072
28	2	个	7.011213302612305
28	3	负责	14.130322456359863
28	4	的	1.4758192300796509
28	5	老师	14.382644653320312
28	6	用	9.228036880493164
28	7	的	3.3356363773345947
28	8	手机	10.650823593139648
28	9	很	9.221099853515625
28	10	好用	17.547073364257812
28	11	。	3.426684856414795
29	1	那	7.210642337799072
29	2	朵	18.304723739624023
29	3	细心	17.164030075073242
29	4	的	0.32914334535598755
29	5	邻居	11.671119689941406
29	6	种	14.863126754760742
29	7	的	13.1664457321167
29	8	花	12.473672866821289
29	9	很	11.148395538330078
29	10	好看	12.350709915161133
29	11	。	1.2139538526535034
30	1	那	7.210642337799072
30	2	个	7.011213302612305
30	3	细心	16.480728149414062
30	4	的	0.13667108118534088
30	5	邻居	12.200746536254883
30	6	种	17.419626235961914
30	7	的	11.883241653442383
30	8	花	13.980813026428223
30	9	很	9.817011833190918
30	10	好看	12.02551555633545
30	11	。	0.8347253799438477
31	1	那	7.210642337799072
31	2	台	14.949557304382324
31	3	优秀	17.283937454223633
31	4	的	1.905026912689209
31	5	科学家	11.061437606811523
31	6	做	12.938791275024414
31	7	的	4.951994895935059
31	8	电视	13.78210735321045
31	9	坏	15.036476135253906
31	10	了	3.275771141052246
31	11	。	1.7566182613372803
32	1	那	7.210642337799072
32	2	个	7.011213302612305
32	3	优秀	12.226540565490723
32	4	的	0.46728673577308655
32	5	科学家	10.039057731628418
32	6	做	12.078157424926758
32	7	的	3.278552770614624
32	8	电视	13.067689895629883
32	9	坏	15.63638687133789
32	10	了	2.6111927032470703
32	11	。	2.0141141414642334
33	1	那	7.210642337799072
33	2	栋	11.777260780334473
33	3	富有	19.115800857543945
33	4	的	3.8187358379364014
33	5	男人	10.288252830505371
33	6	买	11.968843460083008
33	7	的	3.360490083694458
33	8	房子	5.818288803100586
33	9	起火	16.9189453125
33	10	了	2.888511896133423
33	11	。	2.495920181274414
34	1	那	7.210642337799072
34	2	个	7.011213302612305
34	3	富有	15.593188285827637
34	4	的	5.709822177886963
34	5	男人	10.39305305480957
34	6	买	13.333477973937988
34	7	的	2.9298503398895264
34	8	房子	7.134877681732178
34	9	起火	18.127010345458984
34	10	了	2.688972234725952
34	11	。	1.3861123323440552
35	1	那	7.210642337799072
35	2	条	9.553585052490234
35	3	紧张	14.860183715820312
35	4	的	2.3368325233459473
35	5	朋友	12.405121803283691
35	6	给	7.117111682891846
35	7	的	10.033267974853516
35	8	建议	13.212263107299805
35	9	很	6.506303310394287
35	10	真诚	14.031390190124512
35	11	。	6.5490403175354
36	1	那	7.210642337799072
36	2	个	7.011213302612305
36	3	紧张	15.312690734863281
36	4	的	0.7762413024902344
36	5	朋友	9.744657516479492
36	6	给	7.338214874267578
36	7	的	8.763640403747559
36	8	建议	13.548711776733398
36	9	很	7.65366792678833
36	10	真诚	13.801718711853027
36	11	。	6.479524612426758
37	1	那	7.210642337799072
37	2	支	11.547490119934082
37	3	负责	14.492798805236816
37	4	的	1.7517186403274536
37	5	老师	12.747032165527344
37	6	用	9.494152069091797
37	7	的	3.423051595687866
37	8	笔	12.541767120361328
37	9	坏	14.939162254333496
37	10	了	2.2750966548919678
37	11	。	2.55810809135437
38	1	那	7.210642337799072
38	2	个	7.011213302612305
38	3	负责	14.130322456359863
38	4	的	1.4758192300796509
38	5	老师	14.382644653320312
38	6	用	9.228036880493164
38	7	的	3.3356363773345947
38	8	笔	12.947183609008789
38	9	坏	14.901104927062988
38	10	了	2.7648863792419434
38	11	。	1.7723444700241089
39	1	那	7.210642337799072
39	2	只	7.1816020011901855
39	3	内向	22.918773651123047
39	4	的	1.987329125404358
39	5	女人	12.245885848999023
39	6	丢	14.556669235229492
39	7	的	9.469082832336426
39	8	鞋子	15.193700790405273
39	9	被	8.396702766418457
39	10	找到	10.105706214904785
39	11	了	0.3432793915271759
39	12	。	0.38180166482925415
40	1	那	7.210642337799072
40	2	个	7.011213302612305
40	3	内向	19.49603271484375
40	4	的	0.5756922960281372
40	5	女人	11.27794361114502
40	6	丢	15.333608627319336
40	7	的	8.852717399597168
40	8	鞋子	15.332052230834961
40	9	被	8.110020637512207
40	10	找到	10.087559700012207
40	11	了	0.1918773204088211
40	12	。	0.5386242270469666
41	1	那	7.210642337799072
41	2	条	9.553585052490234
41	3	孤独	16.343358993530273
41	4	的	0.514405369758606
41	5	邻居	11.239364624023438
41	6	养	15.119396209716797
41	7	的	5.9870991706848145
41	8	狗	11.64460277557373
41	9	生病	13.522110939025879
41	10	了	3.942239284515381
41	11	。	1.1838144063949585
42	1	那	7.210642337799072
42	2	个	7.011213302612305
42	3	孤独	16.783662796020508
42	4	的	0.2484252005815506
42	5	邻居	10.550594329833984
42	6	养	14.698688507080078
42	7	的	5.224808692932129
42	8	狗	11.839712142944336
42	9	生病	13.40172290802002
42	10	了	3.572277784347534
42	11	。	1.667238712310791
43	1	那	7.210642337799072
43	2	座	12.209722518920898
43	3	幽默	15.455414772033691
43	4	的	0.6958479285240173
43	5	老人	11.542330741882324
43	6	修	16.349281311035156
43	7	的	5.967281341552734
43	8	桥	12.264960289001465
43	9	帮助	16.35358428955078
43	10	了	4.413272380828857
43	11	我	3.6136093139648438
43	12	。	5.192361354827881
44	1	那	7.210642337799072
44	2	个	7.011213302612305
44	3	幽默	15.235331535339355
44	4	的	0.212858647108078
44	5	老人	10.25732421875
44	6	修	17.299219131469727
44	7	的	5.463414669036865
44	8	桥	13.139973640441895
44	9	帮助	16.118146896362305
44	10	了	3.9806711673736572
44	11	我	3.472304582595825
44	12	。	4.866562843322754
45	1	那	7.210642337799072
45	2	篇	8.509614944458008
45	3	认真	17.464252471923828
45	4	的	3.050555944442749
45	5	学生	13.69914436340332
45	6	准备	11.826349258422852
45	7	的	5.497640132904053
45	8	报告	7.748920440673828
45	9	感动	15.901195526123047
45	10	了	0.38773390650749207
45	11	我	4.651552200317383
45	12	。	6.400786876678467
46	1	那	7.210642337799072
46	2	个	7.011213302612305
46	3	认真	15.729681968688965
46	4	的	2.477562665939331
46	5	学生	12.358044624328613
46	6	准备	11.541267395019531
46	7	的	6.9529876708984375
46	8	报告	11.945663452148438
46	9	感动	16.53781509399414
46	10	了	0.47358304262161255
46	11	我	4.508353233337402
46	12	。	6.474414825439453
47	1	那	7.210642337799072
47	2	封	12.906316757202148
47	3	亲切	16.316904067993164
47	4	的	2.762918472290039
47	5	朋友	9.309662818908691
47	6	写	8.982136726379395
47	7	的	6.048368453979492
47	8	信	10.13980484008789
47	9	很	6.528894901275635
47	10	真诚	13.837052345275879
47	11	。	4.614436149597168
48	1	那	7.210642337799072
48	2	个	7.011213302612305
48	3	亲切	16.367549896240234
48	4	的	1.4559824466705322
48	5	朋友	8.005254745483398
48	6	写	9.371166229248047
48	7	的	4.947281837463379
48	8	信	11.297101020812988
48	9	很	7.212965965270996
48	10	真诚	13.73798942565918
48	11	。	4.816657543182373
49	1	那	7.210642337799072
49	2	堂	18.147550582885742
49	3	有名	14.975330352783203
49	4	的	0.024848662316799164
49	5	老师	11.78850269317627
49	6	教	13.68403434753418
49	7	的	6.818209648132324
49	8	课	10.827363967895508
49	9	获	18.540239334106445
49	10	了	4.178217887878418
49	11	奖	10.661943435668945
49	12	。	1.3232941627502441
50	1	那	7.210642337799072
50	2	个	7.011213302612305
50	3	有名	15.64509105682373
50	4	的	0.04439195245504379
50	5	老师	11.178549766540527
50	6	教	13.074508666992188
50	7	的	6.507360935211182
50	8	课	10.715843200683594
50	9	获	18.384889602661133
50	10	了	3.5411016941070557
50	11	奖	10.588761329650879
50	12	。	1.2710167169570923
51	1	那	7.210642337799072
51	2	块	12.390926361083984
51	3	细心	16.41719627380371
51	4	的	0.6588900089263916
51	5	医生	11.217543601989746
51	6	喜欢	13.9380521774292
51	7	的	6.178677558898926
51	8	手表	16.324365615844727
51	9	丢	14.866494178771973
51	10	了	0.7320061922073364
51	11	。	3.535578727722168
52	1	那	7.210642337799072
52	2	个	7.011213302612305
52	3	细心	16.480728149414062
52	4	的	0.13667108118534088
52	5	医生	11.694498062133789
52	6	喜欢	14.273497581481934
52	7	的	5.5248284339904785
52	8	手表	16.251230239868164
52	9	丢	15.739095687866211
52	10	了	0.5124394297599792
52	11	。	5.021283149719238
53	1	那	7.210642337799072
53	2	篇	8.509614944458008
53	3	优秀	12.803627014160156
53	4	的	2.8427085876464844
53	5	学生	12.233771324157715
53	6	写	8.132633209228516
53	7	的	4.305513858795166
53	8	论文	11.260273933410645
53	9	感动	16.1005859375
53	10	了	1.3835527896881104
53	11	我	4.727358818054199
53	12	。	6.6908650398254395
54	1	那	7.210642337799072
54	2	个	7.011213302612305
54	3	优秀	12.226540565490723
54	4	的	0.46728673577308655
54	5	学生	8.814970970153809
54	6	写	9.381049156188965
54	7	的	6.2052178382873535
54	8	论文	12.193869590759277
54	9	感动	16.382478713989258
54	10	了	1.0382201671600342
54	11	我	4.593937873840332
54	12	。	7.008493900299072
55	1	那	7.210642337799072
55	2	场	8.680612564086914
55	3	专业	14.159219741821289
55	4	的	1.681071400642395
55	5	演员	13.990854263305664
55	6	准备	14.148971557617188
55	7	的	9.12968635559082
55	8	表演	11.461416244506836
55	9	很	6.353193759918213
55	10	受	8.220559120178223
55	11	欢迎	2.6765666007995605
55	12	。	4.4479146003723145
56	1	那	7.210642337799072
56	2	个	7.011213302612305
56	3	专业	11.309073448181152
56	4	的	1.2094427347183228
56	5	演员	14.33778190612793
56	6	准备	14.461297035217285
56	7	的	9.309704780578613
56	8	表演	12.459245681762695
56	9	很	5.121184349060059
56	10	受	8.622754096984863
56	11	欢迎	2.8774654865264893
56	12	。	4.293446063995361
57	1	那	7.210642337799072
57	2	间	14.095988273620605
57	3	勇敢	16.809797286987305
57	4	的	1.3423553705215454
57	5	警察	12.008891105651855
57	6	工作	11.763111114501953
57	7	的	5.758526802062988
57	8	办公室	12.789419174194336
57	9	起火	17.25889015197754
57	10	了	5.87563943862915
57	11	。	2.288719892501831
58	1	那	7.210642337799072
58	2	个	7.011213302612305
58	3	勇敢	13.947158813476562
58	4	的	0.708448052406311
58	5	警察	12.236783027648926
58	6	工作	12.10407543182373
58	7	的	4.795760154724121
58	8	办公室	12.965557098388672
58	9	起火	17.549903869628906
58	10	了	4.896451473236084
58	11	。	2.3237884044647217
59	1	那	7.210642337799072
59	2	首	12.355353355407715
59	3	聪明	18.28370475769043
59	4	的	0.7873802781105042
59	5	孩子	8.94518756866455
59	6	写	11.342259407043457
59	7	的	4.556379795074463
59	8	诗	15.070784568786621
59	9	很	7.278783798217773
59	10	有趣	7.377702236175537
59	11	。	2.24294114112854
60	1	那	7.210642337799072
60	2	个	7.011213302612305
60	3	聪明	14.633916854858398
60	4	的	0.7034156918525696
60	5	孩子	7.596264362335205
60	6	写	11.55261516571045
60	7	的	4.304790496826172
60	8	诗	15.23837661743164
60	9	很	7.767094135284424
60	10	有趣	7.348465442657471
60	11	。	2.187688112258911
61	1	那	7.210642337799072
61	2	家	8.971098899841309
61	3	细心	18.81676483154297
61	4	的	0.3020005524158478
61	5	朋友	6.6620917320251465
61	6	去	10.477933883666992
61	7	的	9.028883934020996
61	8	银行	12.431594848632812
61	9	帮助	15.143501281738281
61	10	了	8.487184524536133
61	11	我	3.766340494155884
61	12	。	3.719740390777588
62	1	那	7.210642337799072
62	2	个	7.011213302612305
62	3	细心	16.480728149414062
62	4	的	0.13667108118534088
62	5	朋友	6.8238677978515625
62	6	去	9.940150260925293
62	7	的	7.885462284088135
62	8	银行	13.418676376342773
62	9	帮助	15.118237495422363
62	10	了	8.74498176574707
62	11	我	3.872840166091919
62	12	。	4.3691182136535645
