sentence_id	token_id	token	surprisal
1	1	随着	9.205375671386719
1	2	政府	9.499113082885742
1	3	发展	9.295559883117676
1	4	，	4.2085113525390625
1	5	经济	6.100250720977783
1	6	变	12.801427841186523
1	7	好	7.449392795562744
1	8	了	4.586204528808594
1	9	。	5.1779351234436035
2	1	随着	9.205375671386719
2	2	政府	9.499113082885742
2	3	发展	9.295559883117676
2	4	。	13.048798561096191
3	1	随着	9.205375671386719
3	2	互联网	13.382164001464844
3	3	的	3.210325002670288
3	4	出现	12.0368070602417
3	5	，	0.5075449347496033
3	6	生活	11.96862506866455
3	7	质量	8.470877647399902
3	8	提高	10.580606460571289
3	9	了	1.753578782081604
3	10	。	6.202742576599121
4	1	随着	9.205375671386719
4	2	互联网	13.382164001464844
4	3	的	3.210325002670288
4	4	出现	12.0368070602417
4	5	。	8.742046356201172
5	1	随着	9.205375671386719
5	2	一阵	19.449750900268555
5	3	铃声	20.26203155517578
5	4	，	4.4809370040893555
5	5	火车	12.742659568786621
5	6	开	10.796252250671387
5	7	了	1.0250734090805054
5	8	。	8.647002220153809
6	1	随着	9.205375671386719
6	2	一阵	19.449750900268555
6	3	铃声	20.26203155517578
6	4	。	8.350021362304688
7	1	随着	9.205375671386719
7	2	他	10.286389350891113
7	3	的	1.3259028196334839
7	4	年龄	13.706796646118164
7	5	增长	13.260774612426758
7	6	，	0.5336960554122925
7	7	他	5.803974628448486
7	8	更	10.022672653198242
7	9	有	5.400662899017334
7	10	自信	10.557586669921875
7	11	了	13.071646690368652
7	12	。	0.8070358037948608
8	1	随着	9.205375671386719
8	2	他	10.286389350891113
8	3	的	1.3259028196334839
8	4	年龄	13.706796646118164
8	5	增长	13.260774612426758
8	6	。	6.687757968902588
9	1	随着	9.205375671386719
9	2	冬天	14.318901062011719
9	3	的	1.5016200542449951
9	4	到来	11.623382568359375
9	5	，	0.03275621682405472
9	6	树木	17.15116310119629
9	7	凋零	21.18511390686035
9	8	了	8.77838134765625
9	9	。	9.651835441589355
10	1	随着	9.205375671386719
10	2	冬天	14.318901062011719
10	3	的	1.5016200542449951
10	4	到来	11.623382568359375
10	5	。	11.655288696289062
11	1	随着	9.205375671386719
11	2	科技	6.408064365386963
11	3	发展	3.487934112548828
11	4	，	3.1088924407958984
11	5	电脑	13.425140380859375
11	6	功能	10.784294128417969
11	7	变得	12.883378028869629
11	8	更	5.046260356903076
11	9	多	2.5148653984069824
11	10	了	6.04136323928833
11	11	。	2.8329546451568604
12	1	随着	9.205375671386719
12	2	科技	6.408064365386963
12	3	发展	3.487934112548828
12	4	。	11.50677490234375
13	1	自从	10.725886344909668
13	2	见	15.219630241394043
13	3	了	2.5865252017974854
13	4	他	7.972462177276611
13	5	，	3.0407023429870605
13	6	她	7.354990482330322
13	7	一直	7.672037124633789
13	8	在	2.921485185623169
13	9	写信	17.578092575073242
13	10	。	4.913153171539307
14	1	自从	10.725886344909668
14	2	见	15.219630241394043
14	3	了	2.5865252017974854
14	4	他	7.972462177276611
14	5	。	10.10505485534668
15	1	自从	10.725886344909668
15	2	修	16.710180282592773
15	3	了	2.0273191928863525
15	4	公路	12.057343482971191
15	5	，	2.22904109954834
15	6	农村	11.42180347442627
15	7	经济	6.4832868576049805
15	8	变	12.430065155029297
15	9	好	7.7451090812683105
15	10	了	1.196846842765808
15	11	。	3.6526477336883545
16	1	自从	10.725886344909668
16	2	修	16.710180282592773
16	3	了	2.0273191928863525
16	4	公路	12.057343482971191
16	5	。	7.49863338470459
17	1	自从	10.725886344909668
17	2	离开	13.602730751037598
17	3	家乡	13.287917137145996
17	4	，	3.4087064266204834
17	5	她	6.3195037841796875
17	6	一直	7.856836795806885
17	7	想念	13.44133186340332
17	8	父母	9.310266494750977
17	9	。	6.028083324432373
18	1	自从	10.725886344909668
18	2	离开	13.602730751037598
18	3	家乡	13.287917137145996
18	4	。	11.219491958618164
19	1	自从	10.725886344909668
19	2	他	7.71116828918457
19	3	开始	5.526385307312012
19	4	读书	13.917156219482422
19	5	，	3.4115967750549316
19	6	他	3.118529796600342
19	7	的	3.8680531978607178
19	8	成绩	12.723166465759277
19	9	提高	15.310239791870117
19	10	了	0.2952079772949219
19	11	。	5.545868873596191
20	1	自从	10.725886344909668
20	2	他	7.71116828918457
20	3	开始	5.526385307312012
20	4	读书	13.917156219482422
20	5	。	10.849725723266602
21	1	自从	10.725886344909668
21	2	他	7.71116828918457
21	3	获得	9.467679023742676
21	4	大奖	16.947961807250977
21	5	，	5.4719624519348145
21	6	他	2.726423740386963
21	7	不	7.146960258483887
21	8	学习	14.10433578491211
21	9	了	4.609212875366211
21	10	。	4.575514316558838
22	1	自从	10.725886344909668
22	2	他	7.71116828918457
22	3	获得	9.467679023742676
22	4	大奖	16.947961807250977
22	5	。	8.67900562286377
23	1	自从	10.725886344909668
23	2	她	10.830707550048828
23	3	认识	11.357030868530273
23	4	了	5.920128345489502
23	5	老师	12.791038513183594
23	6	，	0.8182499408721924
23	7	她	2.6865482330322266
23	8	努力	12.085625648498535
23	9	训练	14.101616859436035
23	10	。	7.427168846130371
24	1	自从	10.725886344909668
24	2	她	10.830707550048828
24	3	认识	11.357030868530273
24	4	了	5.920128345489502
24	5	老师	12.791038513183594
24	6	。	6.2430877685546875
25	1	自从	10.725886344909668
25	2	她	10.830707550048828
25	3	参与	12.514840126037598
25	4	了	3.6856112480163574
25	5	活动	14.55316162109375
25	6	，	3.038020610809326
25	7	她	5.853417873382568
25	8	认识	11.078039169311523
25	9	了	3.2191340923309326
25	10	很多	7.360492706298828
25	11	人	4.289896488189697
25	12	。	6.36265230178833
26	1	自从	10.725886344909668
26	2	她	10.830707550048828
26	3	参与	12.514840126037598
26	4	了	3.6856112480163574
26	5	活动	14.55316162109375
26	6	。	9.209145545959473
27	1	自从	10.725886344909668
27	2	她	10.830707550048828
27	3	学习	12.313953399658203
27	4	了	5.855319976806641
27	5	外语	16.913677215576172
27	6	，	3.453218698501587
27	7	她	6.529809474945068
27	8	看	10.243450164794922
27	9	了	0.6375577449798584
27	10	很多	7.4666829109191895
27	11	电影	11.638510704040527
27	12	。	3.88120698928833
28	1	自从	10.725886344909668
28	2	她	10.830707550048828
28	3	学习	12.313953399658203
28	4	了	5.855319976806641
28	5	外语	16.913677215576172
28	6	。	8.882715225219727
29	1	因为	7.798079013824463
29	2	喝	15.887981414794922
29	3	了	2.6008169651031494
29	4	酒	8.842278480529785
29	5	，	0.8364499807357788
29	6	他	7.350039005279541
29	7	摔	11.65888786315918
29	8	了	1.1288206577301025
29	9	。	6.253928184509277
30	1	因为	7.798079013824463
30	2	喝	15.887981414794922
30	3	了	2.6008169651031494
30	4	酒	8.842278480529785
30	5	。	6.42886209487915
31	1	因为	7.798079013824463
31	2	他	5.384405136108398
31	3	要	7.901598930358887
31	4	迟到	19.531681060791016
31	5	了	4.649397373199463
31	6	，	1.5155082941055298
31	7	他	4.221044063568115
31	8	结束	14.938148498535156
31	9	了	0.6381613612174988
31	10	谈话	14.2592134475708
31	11	。	1.5124281644821167
32	1	因为	7.798079013824463
32	2	他	5.384405136108398
32	3	要	7.901598930358887
32	4	迟到	19.531681060791016
32	5	了	4.649397373199463
32	6	。	3.7274460792541504
33	1	因为	7.798079013824463
33	2	他	5.384405136108398
33	3	没有	7.395577907562256
33	4	练习	15.144137382507324
33	5	题目	21.58464813232422
33	6	，	2.5329551696777344
33	7	他	3.271186590194702
33	8	没有	6.913471221923828
33	9	成功	11.149208068847656
33	10	。	2.4848577976226807
34	1	因为	7.798079013824463
34	2	他	5.384405136108398
34	3	没有	7.395577907562256
34	4	练习	15.144137382507324
34	5	题目	21.58464813232422
34	6	。	8.144915580749512
35	1	因为	7.798079013824463
35	2	疾病	16.219757080078125
35	3	，	5.367748260498047
35	4	她	12.082673072814941
35	5	拒绝	11.507625579833984
35	6	了	1.868996024131775
35	7	演出	15.872762680053711
35	8	。	5.471352577209473
36	1	因为	7.798079013824463
36	2	疾病	16.219757080078125
36	3	。	12.58432388305664
37	1	因为	7.798079013824463
37	2	听	15.13817024230957
37	3	着	6.02604341506958
37	4	音乐	13.287712097167969
37	5	，	3.7639284133911133
37	6	她	8.198052406311035
37	7	错过	15.905007362365723
37	8	了	0.8501036167144775
37	9	广播	14.602303504943848
37	10	。	10.776342391967773
38	1	因为	7.798079013824463
38	2	听	15.13817024230957
38	3	着	6.02604341506958
38	4	音乐	13.287712097167969
38	5	。	9.451569557189941
39	1	尽管	9.217853546142578
39	2	领导	13.22458267211914
39	3	已经	7.45880651473999
39	4	离去	16.841955184936523
39	5	，	0.20983868837356567
39	6	工人	13.2903470993042
39	7	还	6.280348777770996
39	8	在	6.444973945617676
39	9	工作	7.667022228240967
39	10	。	7.265503883361816
40	1	尽管	9.217853546142578
40	2	领导	13.22458267211914
40	3	已经	7.45880651473999
40	4	离去	16.841955184936523
40	5	。	4.6301188468933105
41	1	尽管	9.217853546142578
41	2	他	6.491244316101074
41	3	年纪	15.976693153381348
41	4	小	10.675308227539062
41	5	，	2.9675962924957275
41	6	他	4.190013885498047
41	7	有	7.216452598571777
41	8	能力	8.634992599487305
41	9	。	9.767141342163086
42	1	尽管	9.217853546142578
42	2	他	6.491244316101074
42	3	年纪	15.976693153381348
42	4	小	10.675308227539062
42	5	。	10.826431274414062
43	1	尽管	9.217853546142578
43	2	她	6.104125022888184
43	3	会	10.150971412658691
43	4	开车	12.476163864135742
43	5	，	3.0821688175201416
43	6	她	7.749207973480225
43	7	今天	11.232317924499512
43	8	没有	6.323440074920654
43	9	开车	11.914769172668457
43	10	。	2.712707042694092
44	1	尽管	9.217853546142578
44	2	她	6.104125022888184
44	3	会	10.150971412658691
44	4	开车	12.476163864135742
44	5	。	5.679757595062256
45	1	尽管	9.217853546142578
45	2	作家	12.765009880065918
45	3	很	8.835741996765137
45	4	年轻	11.126919746398926
45	5	，	2.7934470176696777
45	6	他	5.6993513107299805
45	7	写	10.464802742004395
45	8	了	1.5283527374267578
45	9	很多	7.96203088760376
45	10	作品	8.067276000976562
45	11	。	4.724414825439453
46	1	尽管	9.217853546142578
46	2	作家	12.765009880065918
46	3	很	8.835741996765137
46	4	年轻	11.126919746398926
46	5	。	10.381487846374512
47	1	尽管	9.217853546142578
47	2	父亲	12.88196849822998
47	3	不	5.487570285797119
47	4	同意	8.637117385864258
47	5	他	5.952518463134766
47	6	唱歌	15.212137222290039
47	7	，	0.05902373045682907
47	8	他	5.484355926513672
47	9	还是	6.982699394226074
47	10	买	10.14273452758789
47	11	了	2.67030930519104
47	12	吉他	17.900318145751953
47	13	。	3.223571538925171
48	1	尽管	9.217853546142578
48	2	父亲	12.88196849822998
48	3	不	5.487570285797119
48	4	同意	8.637117385864258
48	5	他	5.952518463134766
48	6	唱歌	15.212137222290039
48	7	。	7.475785255432129
49	1	尽管	9.217853546142578
49	2	经济	9.071483612060547
49	3	不	8.830228805541992
49	4	好	7.3827805519104
49	5	，	0.1062699481844902
49	6	他	9.00809383392334
49	7	还是	6.670934677124023
49	8	关心	11.38688850402832
49	9	慈善	14.174592971801758
49	10	。	7.896329402923584
50	1	尽管	9.217853546142578
50	2	经济	9.071483612060547
50	3	不	8.830228805541992
50	4	好	7.3827805519104
50	5	。	8.050569534301758
51	1	如果	7.386114597320557
51	2	她	8.98760986328125
51	3	做	7.43336296081543
51	4	完	8.625791549682617
51	5	作业	15.963248252868652
51	6	，	0.504119336605072
51	7	她	4.754205226898193
51	8	去	10.192229270935059
51	9	健身房	13.822352409362793
51	10	。	9.21970272064209
52	1	如果	7.386114597320557
52	2	她	8.98760986328125
52	3	做	7.43336296081543
52	4	完	8.625791549682617
52	5	作业	15.963248252868652
52	6	。	10.51979923248291
53	1	如果	7.386114597320557
53	2	她们	11.643863677978516
53	3	照	15.855358123779297
53	4	了	5.793054580688477
53	5	相	16.687917709350586
53	6	，	6.2431960105896
53	7	她们	10.51772403717041
53	8	就	2.655233860015869
53	9	留下	13.919636726379395
53	10	了	0.989404022693634
53	11	回忆	16.261585235595703
53	12	。	2.1978988647460938
54	1	如果	7.386114597320557
54	2	她们	11.643863677978516
54	3	照	15.855358123779297
54	4	了	5.793054580688477
54	5	相	16.687917709350586
54	6	。	10.395883560180664
55	1	如果	7.386114597320557
55	2	培养	15.258438110351562
55	3	了	3.7300925254821777
55	4	信心	11.772316932678223
55	5	，	0.7764175534248352
55	6	她	11.959388732910156
55	7	可以	4.592965602874756
55	8	实现	7.6231689453125
55	9	梦想	14.653315544128418
55	10	。	2.5541629791259766
56	1	如果	7.386114597320557
56	2	培养	15.258438110351562
56	3	了	3.7300925254821777
56	4	信心	11.772316932678223
56	5	。	8.339855194091797
57	1	如果	7.386114597320557
57	2	他	6.346589088439941
57	3	不	4.057417869567871
57	4	尝试	11.521379470825195
57	5	，	2.4341728687286377
57	6	他	4.405229091644287
57	7	将	5.080503463745117
57	8	失去	9.89573860168457
57	9	机会	10.710630416870117
57	10	。	5.229523658752441
58	1	如果	7.386114597320557
58	2	他	6.346589088439941
58	3	不	4.057417869567871
58	4	尝试	11.521379470825195
58	5	。	9.311549186706543
59	1	如果	7.386114597320557
59	2	她	8.98760986328125
59	3	来	8.977745056152344
59	4	，	3.988189935684204
59	5	母亲	9.222346305847168
59	6	会	5.265561580657959
59	7	准备	9.23221492767334
59	8	水果	18.047163009643555
59	9	。	4.139123439788818
60	1	如果	7.386114597320557
60	2	她	8.98760986328125
60	3	来	8.977745056152344
60	4	。	9.572141647338867
