sentence_id	token_id	token	surprisal
1	1	他	5.597632884979248
1	2	喜欢	10.376604080200195
1	3	那	8.405447959899902
1	4	家	7.0453972816467285
1	5	亲切	17.878305435180664
1	6	的	1.178382396697998
1	7	老板	10.93778133392334
1	8	投资	18.31874656677246
1	9	的	4.802945137023926
1	10	饭店	13.420516014099121
1	11	。	6.825956344604492
2	1	他	5.597632884979248
2	2	喜欢	10.376604080200195
2	3	那	8.405447959899902
2	4	个	5.2862138748168945
2	5	亲切	15.476509094238281
2	6	的	0.6717350482940674
2	7	老板	11.376469612121582
2	8	投资	18.776874542236328
2	9	的	4.928498268127441
2	10	饭店	14.315256118774414
2	11	。	6.405213832855225
3	1	她	8.245683670043945
3	2	在	4.91514253616333
3	3	看	10.91552734375
3	4	那	5.664880752563477
3	5	幅	10.877668380737305
3	6	聪明	13.664443969726562
3	7	的	0.2999754250049591
3	8	朋友	7.329786777496338
3	9	喜欢	13.340803146362305
3	10	的	6.180724143981934
3	11	画	14.332290649414062
3	12	。	4.0669846534729
4	1	她	8.245683670043945
4	2	在	4.91514253616333
4	3	看	10.91552734375
4	4	那	5.664880752563477
4	5	个	4.758865833282471
4	6	聪明	14.548883438110352
4	7	的	0.31211087107658386
4	8	朋友	6.927663326263428
4	9	喜欢	13.03947925567627
4	10	的	6.662896156311035
4	11	画	15.345809936523438
4	12	。	4.912667274475098
5	1	我	5.127028942108154
5	2	欣赏	16.172536849975586
5	3	那	7.120481491088867
5	4	件	5.8162431716918945
5	5	细心	18.974729537963867
5	6	的	0.08150213211774826
5	7	老师	12.731720924377441
5	8	收藏	21.432575225830078
5	9	的	3.2042760848999023
5	10	艺术品	17.255903244018555
5	11	。	2.3145322799682617
6	1	我	5.127028942108154
6	2	欣赏	16.172536849975586
6	3	那	7.120481491088867
6	4	个	5.224836826324463
6	5	细心	17.223459243774414
6	6	的	0.08881863951683044
6	7	老师	12.125702857971191
6	8	收藏	21.111827850341797
6	9	的	3.624912738800049
6	10	艺术品	17.161386489868164
6	11	。	2.7111003398895264
7	1	他	5.597632884979248
7	2	打	12.583626747131348
7	3	了	1.7093011140823364
7	4	那	7.15915060043335
7	5	只	8.004980087280273
7	6	负责	16.309587478637695
7	7	的	4.093101501464844
7	8	店长	21.38275146484375
7	9	喜欢	11.464762687683105
7	10	的	2.7807140350341797
7	11	宠物	17.066329956054688
7	12	。	3.572659969329834
8	1	他	5.597632884979248
8	2	打	12.583626747131348
8	3	了	1.7093011140823364
8	4	那	7.15915060043335
8	5	个	4.386892318725586
8	6	负责	16.629112243652344
8	7	的	1.8861428499221802
8	8	店长	21.007125854492188
8	9	喜欢	11.066054344177246
8	10	的	2.5159664154052734
8	11	宠物	17.74590492248535
8	12	。	3.7052907943725586
9	1	我	5.127028942108154
9	2	在	5.600594520568848
9	3	思念	18.465843200683594
9	4	那	9.519853591918945
9	5	首	10.31810474395752
9	6	有名	16.32956314086914
9	7	的	0.44648829102516174
9	8	明星	11.635764122009277
9	9	唱	15.49509334564209
9	10	的	4.578357696533203
9	11	歌	11.289379119873047
9	12	。	4.345057010650635
10	1	我	5.127028942108154
10	2	在	5.600594520568848
10	3	思念	18.465843200683594
10	4	那	9.519853591918945
10	5	个	5.0140910148620605
10	6	有名	15.040526390075684
10	7	的	0.35115882754325867
10	8	明星	11.400607109069824
10	9	唱	16.13934898376465
10	10	的	4.361604690551758
10	11	歌	11.337474822998047
10	12	。	5.5576066970825195
11	1	她	8.245683670043945
11	2	拜访	15.577969551086426
11	3	了	1.1892203092575073
11	4	那	7.553735733032227
11	5	所	10.487203598022461
11	6	富有	14.576932907104492
11	7	的	1.9139913320541382
11	8	老人	13.521330833435059
11	9	去	12.0077486038208
11	10	的	3.239550828933716
11	11	学校	10.15457820892334
11	12	。	3.2185158729553223
12	1	她	8.245683670043945
12	2	拜访	15.577969551086426
12	3	了	1.1892203092575073
12	4	那	7.553735733032227
12	5	个	4.148735523223877
12	6	富有	14.721490859985352
12	7	的	6.160811901092529
12	8	老人	13.057703018188477
12	9	去	11.782010078430176
12	10	的	4.389930725097656
12	11	学校	9.67671012878418
12	12	。	2.858701705932617
13	1	他	5.597632884979248
13	2	检查	16.605751037597656
13	3	了	4.4216156005859375
13	4	那	8.056331634521484
13	5	件	6.076526641845703
13	6	紧张	15.993263244628906
13	7	的	1.5687713623046875
13	8	司机	15.415989875793457
13	9	带	13.492744445800781
13	10	的	7.825610160827637
13	11	行李	13.988268852233887
13	12	。	5.209724426269531
14	1	他	5.597632884979248
14	2	检查	16.605751037597656
14	3	了	4.4216156005859375
14	4	那	8.056331634521484
14	5	个	4.552371978759766
14	6	紧张	13.67113208770752
14	7	的	0.8779820799827576
14	8	司机	14.612892150878906
14	9	带	13.907792091369629
14	10	的	7.968392372131348
14	11	行李	13.76736068725586
14	12	。	4.95414924621582
15	1	我	5.127028942108154
15	2	听说	9.864187240600586
15	3	过	0.6608580946922302
15	4	那	4.498246192932129
15	5	本	4.75325870513916
15	6	有名	13.895003318786621
15	7	的	0.22440949082374573
15	8	作家	10.657092094421387
15	9	写	9.007280349731445
15	10	的	2.793419361114502
15	11	书	5.284928798675537
15	12	。	3.8644421100616455
16	1	我	5.127028942108154
16	2	听说	9.864187240600586
16	3	过	0.6608580946922302
16	4	那	4.498246192932129
16	5	个	4.825791358947754
16	6	有名	13.881672859191895
16	7	的	0.2911638021469116
16	8	作家	11.171432495117188
16	9	写	9.841665267944336
16	10	的	2.6455583572387695
16	11	书	6.54487419128418
16	12	。	4.106568813323975
17	1	她	8.245683670043945
17	2	撞	17.16097640991211
17	3	了	1.185266375541687
17	4	那	8.918109893798828
17	5	辆	7.008174419403076
17	6	熟悉	16.97848129272461
17	7	的	1.265526533126831
17	8	朋友	8.050627708435059
17	9	开	15.40188980102539
17	10	的	7.02275276184082
17	11	车	6.355230808258057
17	12	。	4.703269004821777
18	1	她	8.245683670043945
18	2	撞	17.16097640991211
18	3	了	1.185266375541687
18	4	那	8.918109893798828
18	5	个	3.3220815658569336
18	6	熟悉	12.660943984985352
18	7	的	2.607271909713745
18	8	朋友	6.1196489334106445
18	9	开	16.243396759033203
18	10	的	6.372969150543213
18	11	车	9.078927040100098
18	12	。	4.130307674407959
19	1	我们	6.363039016723633
19	2	认可	18.271780014038086
19	3	了	2.0200626850128174
19	4	那	7.106626510620117
19	5	份	6.65315580368042
19	6	淘气	20.652427673339844
19	7	的	0.019391361624002457
19	8	孩子	11.139825820922852
19	9	做	11.425065040588379
19	10	的	1.409245252609253
19	11	作业	14.750616073608398
19	12	。	1.5847809314727783
20	1	我们	6.363039016723633
20	2	认可	18.271780014038086
20	3	了	2.0200626850128174
20	4	那	7.106626510620117
20	5	个	4.725258827209473
20	6	淘气	21.185609817504883
20	7	的	0.027263151481747627
20	8	孩子	7.269815444946289
20	9	做	11.1481351852417
20	10	的	1.5183840990066528
20	11	作业	14.784780502319336
20	12	。	1.8036537170410156
21	1	他们	7.383957862854004
21	2	接受	11.574049949645996
21	3	了	1.1356185674667358
21	4	那	7.150566577911377
21	5	份	7.013930320739746
21	6	严格	14.802521705627441
21	7	的	0.2262398898601532
21	8	老板	14.45694637298584
21	9	制定	15.873416900634766
21	10	的	4.719418048858643
21	11	合同	12.728761672973633
21	12	。	1.4750478267669678
22	1	他们	7.383957862854004
22	2	接受	11.574049949645996
22	3	了	1.1356185674667358
22	4	那	7.150566577911377
22	5	个	4.581849575042725
22	6	严格	14.742996215820312
22	7	的	0.1412447988986969
22	8	老板	13.49543571472168
22	9	制定	16.40166664123535
22	10	的	4.190150737762451
22	11	合同	13.82479190826416
22	12	。	1.9097615480422974
23	1	他	5.597632884979248
23	2	离开	10.721708297729492
23	3	了	2.475069284439087
23	4	那	6.9991021156311035
23	5	间	11.34103775024414
23	6	负责	16.130640029907227
23	7	的	2.623541831970215
23	8	朋友	8.127886772155762
23	9	开	13.954083442687988
23	10	的	5.504061222076416
23	11	工厂	13.410496711730957
23	12	。	6.502443313598633
24	1	他	5.597632884979248
24	2	离开	10.721708297729492
24	3	了	2.475069284439087
24	4	那	6.9991021156311035
24	5	个	3.5939841270446777
24	6	负责	14.590709686279297
24	7	的	1.6891429424285889
24	8	朋友	7.207540512084961
24	9	开	14.766486167907715
24	10	的	5.542201519012451
24	11	工厂	13.446481704711914
24	12	。	6.16072940826416
25	1	她	8.245683670043945
25	2	找	12.888142585754395
25	3	了	1.320426106452942
25	4	那	8.31606674194336
25	5	张	5.386873722076416
25	6	聪明	12.501699447631836
25	7	的	0.3994186222553253
25	8	孩子	7.623051166534424
25	9	照	17.870174407958984
25	10	的	5.356367111206055
25	11	照片	10.011372566223145
25	12	。	3.5070719718933105
26	1	她	8.245683670043945
26	2	找	12.888142585754395
26	3	了	1.320426106452942
26	4	那	8.31606674194336
26	5	个	3.7910070419311523
26	6	聪明	13.106385231018066
26	7	的	0.2596248984336853
26	8	孩子	5.618251800537109
26	9	照	18.201398849487305
26	10	的	5.586823463439941
26	11	照片	10.140460968017578
26	12	。	3.112058639526367
27	1	我	5.127028942108154
27	2	需要	7.999765872955322
27	3	那	8.543441772460938
27	4	台	13.745670318603516
27	5	负责	15.58614444732666
27	6	的	4.109691619873047
27	7	老师	11.596216201782227
27	8	用	11.829057693481445
27	9	的	5.965997695922852
27	10	手机	12.129364013671875
27	11	。	5.5032267570495605
28	1	我	5.127028942108154
28	2	需要	7.999765872955322
28	3	那	8.543441772460938
28	4	个	4.6390228271484375
28	5	负责	13.469935417175293
28	6	的	2.7528417110443115
28	7	老师	12.296154975891113
28	8	用	11.24876880645752
28	9	的	5.514315605163574
28	10	手机	11.529075622558594
28	11	。	5.804816246032715
29	1	他	5.597632884979248
29	2	在	4.965167999267578
29	3	画	13.924515724182129
29	4	那	11.328194618225098
29	5	朵	15.391031265258789
29	6	细心	17.49857521057129
29	7	的	0.4171803295612335
29	8	邻居	10.863205909729004
29	9	种	15.954538345336914
29	10	的	14.162721633911133
29	11	花	14.001679420471191
29	12	。	9.348943710327148
30	1	他	5.597632884979248
30	2	在	4.965167999267578
30	3	画	13.924515724182129
30	4	那	11.328194618225098
30	5	个	4.532436847686768
30	6	细心	16.77286148071289
30	7	的	0.3892354667186737
30	8	邻居	11.408340454101562
30	9	种	16.7274169921875
30	10	的	13.084263801574707
30	11	花	14.659010887145996
30	12	。	8.58718490600586
31	1	她	8.245683670043945
31	2	在	4.91514253616333
31	3	介绍	14.131014823913574
31	4	那	8.060269355773926
31	5	台	11.186094284057617
31	6	优秀	15.699036598205566
31	7	的	1.5990824699401855
31	8	科学家	11.843667984008789
31	9	做	10.417272567749023
31	10	的	3.316828489303589
31	11	电视	12.284228324890137
31	12	。	6.278170108795166
32	1	她	8.245683670043945
32	2	在	4.91514253616333
32	3	介绍	14.131014823913574
32	4	那	8.060269355773926
32	5	个	4.0056257247924805
32	6	优秀	11.332744598388672
32	7	的	1.045724630355835
32	8	科学家	10.867392539978027
32	9	做	9.695563316345215
32	10	的	2.2422289848327637
32	11	电视	12.062376022338867
32	12	。	5.877314567565918
33	1	我	5.127028942108154
33	2	见	11.466426849365234
33	3	过	0.5858590602874756
33	4	那	5.416077136993408
33	5	栋	8.855701446533203
33	6	富有	19.34694480895996
33	7	的	3.911184072494507
33	8	男人	9.405614852905273
33	9	买	12.996918678283691
33	10	的	2.8561959266662598
33	11	房子	7.336532115936279
33	12	。	3.744283437728882
34	1	我	5.127028942108154
34	2	见	11.466426849365234
34	3	过	0.5858590602874756
34	4	那	5.416077136993408
34	5	个	5.0962605476379395
34	6	富有	16.013225555419922
34	7	的	5.080241680145264
34	8	男人	9.477802276611328
34	9	买	14.39314079284668
34	10	的	2.814284086227417
34	11	房子	8.316874504089355
34	12	。	3.263782501220703
35	1	我	5.127028942108154
35	2	拒绝	12.387347221374512
35	3	了	4.709637641906738
35	4	那	5.214966773986816
35	5	条	5.934808254241943
35	6	紧张	14.432631492614746
35	7	的	1.9245601892471313
35	8	朋友	10.94571304321289
35	9	给	10.842056274414062
35	10	的	9.875792503356934
35	11	建议	10.62038516998291
35	12	。	1.3462046384811401
36	1	我	5.127028942108154
36	2	拒绝	12.387347221374512
36	3	了	4.709637641906738
36	4	那	5.214966773986816
36	5	个	5.382473468780518
36	6	紧张	13.069612503051758
36	7	的	1.8007010221481323
36	8	朋友	9.618786811828613
36	9	给	11.41649055480957
36	10	的	9.535470962524414
36	11	建议	10.905952453613281
36	12	。	2.1239466667175293
37	1	他	5.597632884979248
37	2	在	4.965167999267578
37	3	看	10.703579902648926
37	4	那	5.916359901428223
37	5	支	10.592805862426758
37	6	负责	15.540109634399414
37	7	的	2.8477628231048584
37	8	老师	10.992263793945312
37	9	用	9.852307319641113
37	10	的	4.869640827178955
37	11	笔	13.04598331451416
37	12	。	6.284696578979492
38	1	他	5.597632884979248
38	2	在	4.965167999267578
38	3	看	10.703579902648926
38	4	那	5.916359901428223
38	5	个	5.435701370239258
38	6	负责	14.505290031433105
38	7	的	2.649287700653076
38	8	老师	11.774911880493164
38	9	用	10.074234008789062
38	10	的	5.0086350440979
38	11	笔	13.379636764526367
38	12	。	5.868527412414551
39	1	她	8.245683670043945
39	2	在	4.91514253616333
39	3	找	12.251941680908203
39	4	那	8.130109786987305
39	5	只	9.199104309082031
39	6	内向	19.70405387878418
39	7	的	0.548997163772583
39	8	女人	10.537803649902344
39	9	丢	13.867844581604004
39	10	的	7.259561061859131
39	11	鞋子	14.999256134033203
39	12	。	3.024188280105591
40	1	她	8.245683670043945
40	2	在	4.91514253616333
40	3	找	12.251941680908203
40	4	那	8.130109786987305
40	5	个	3.122025489807129
40	6	内向	18.41181755065918
40	7	的	0.21104803681373596
40	8	女人	9.606145858764648
40	9	丢	14.42718505859375
40	10	的	6.647698879241943
40	11	鞋子	15.63232707977295
40	12	。	3.8008124828338623
41	1	我	5.127028942108154
41	2	讨厌	13.160659790039062
41	3	那	7.128335475921631
41	4	条	6.779348850250244
41	5	孤独	15.18443489074707
41	6	的	3.209705352783203
41	7	邻居	11.310949325561523
41	8	养	19.625967025756836
41	9	的	7.018913269042969
41	10	狗	12.397875785827637
41	11	。	1.3377152681350708
42	1	我	5.127028942108154
42	2	讨厌	13.160659790039062
42	3	那	7.128335475921631
42	4	个	5.802847862243652
42	5	孤独	14.319842338562012
42	6	的	3.142256498336792
42	7	邻居	10.825994491577148
42	8	养	19.82320785522461
42	9	的	6.746103286743164
42	10	狗	12.458142280578613
42	11	。	1.911703109741211
43	1	他	5.597632884979248
43	2	发现	8.556323051452637
43	3	了	4.005909442901611
43	4	那	7.836937427520752
43	5	座	7.812182426452637
43	6	幽默	14.616621971130371
43	7	的	0.39409971237182617
43	8	老人	11.089935302734375
43	9	修	18.075517654418945
43	10	的	3.4653682708740234
43	11	桥	12.507508277893066
43	12	。	1.9472136497497559
44	1	他	5.597632884979248
44	2	发现	8.556323051452637
44	3	了	4.005909442901611
44	4	那	7.836937427520752
44	5	个	4.130327224731445
44	6	幽默	14.307168006896973
44	7	的	0.3978721499443054
44	8	老人	10.379441261291504
44	9	修	18.611360549926758
44	10	的	3.0722897052764893
44	11	桥	13.026266098022461
44	12	。	1.919272541999817
45	1	她	8.245683670043945
45	2	评价	15.306085586547852
45	3	了	0.9654514193534851
45	4	那	8.38482666015625
45	5	篇	4.392626762390137
45	6	认真	15.767219543457031
45	7	的	0.7952377796173096
45	8	学生	12.372782707214355
45	9	准备	15.481575012207031
45	10	的	4.4323248863220215
45	11	报告	7.902544975280762
45	12	。	2.237372398376465
46	1	她	8.245683670043945
46	2	评价	15.306085586547852
46	3	了	0.9654514193534851
46	4	那	8.38482666015625
46	5	个	3.7049560546875
46	6	认真	13.81884479522705
46	7	的	0.5506344437599182
46	8	学生	10.174457550048828
46	9	准备	16.15944480895996
46	10	的	5.377999782562256
46	11	报告	9.965639114379883
46	12	。	2.8705811500549316
47	1	我	5.127028942108154
47	2	在	5.600594520568848
47	3	等	10.574546813964844
47	4	那	6.4215192794799805
47	5	封	11.384324073791504
47	6	亲切	16.918054580688477
47	7	的	1.4198286533355713
47	8	朋友	7.125261306762695
47	9	写	7.692701816558838
47	10	的	5.6366143226623535
47	11	信	9.73022174835205
47	12	。	3.4950335025787354
48	1	我	5.127028942108154
48	2	在	5.600594520568848
48	3	等	10.574546813964844
48	4	那	6.4215192794799805
48	5	个	4.246829986572266
48	6	亲切	16.78481674194336
48	7	的	0.6192126274108887
48	8	朋友	6.633406639099121
48	9	写	8.872244834899902
48	10	的	4.7759575843811035
48	11	信	10.631745338439941
48	12	。	3.555901527404785
49	1	他	5.597632884979248
49	2	提到	10.723029136657715
49	3	了	1.9459551572799683
49	4	那	7.757388114929199
49	5	堂	16.57941246032715
49	6	有名	13.943340301513672
49	7	的	0.033741410821676254
49	8	老师	10.792878150939941
49	9	教	18.403757095336914
49	10	的	6.084894180297852
49	11	课	10.916960716247559
49	12	。	4.041548728942871
50	1	他	5.597632884979248
50	2	提到	10.723029136657715
50	3	了	1.9459551572799683
50	4	那	7.757388114929199
50	5	个	3.8230273723602295
50	6	有名	13.977041244506836
50	7	的	0.18067677319049835
50	8	老师	10.13206958770752
50	9	教	16.936344146728516
50	10	的	5.97585916519165
50	11	课	11.273263931274414
50	12	。	4.574114799499512
51	1	她	8.245683670043945
51	2	推荐	15.191459655761719
51	3	了	1.5144729614257812
51	4	那	7.4945220947265625
51	5	块	8.399635314941406
51	6	细心	17.720169067382812
51	7	的	0.27185139060020447
51	8	医生	10.988508224487305
51	9	喜欢	18.923887252807617
51	10	的	5.559737205505371
51	11	手表	15.408973693847656
51	12	。	5.760316848754883
52	1	她	8.245683670043945
52	2	推荐	15.191459655761719
52	3	了	1.5144729614257812
52	4	那	7.4945220947265625
52	5	个	4.7489213943481445
52	6	细心	17.104236602783203
52	7	的	0.18837620317935944
52	8	医生	11.555950164794922
52	9	喜欢	18.527196884155273
52	10	的	5.437182426452637
52	11	手表	15.463414192199707
52	12	。	6.852872371673584
53	1	我	5.127028942108154
53	2	选择	10.963095664978027
53	3	了	1.0065224170684814
53	4	那	6.167759418487549
53	5	篇	5.0168328285217285
53	6	优秀	12.969282150268555
53	7	的	1.7892205715179443
53	8	学生	12.637042999267578
53	9	写	12.79110050201416
53	10	的	3.802492618560791
53	11	论文	11.639578819274902
53	12	。	3.1812071800231934
54	1	我	5.127028942108154
54	2	选择	10.963095664978027
54	3	了	1.0065224170684814
54	4	那	6.167759418487549
54	5	个	4.847981929779053
54	6	优秀	11.598592758178711
54	7	的	0.5278932452201843
54	8	学生	9.354103088378906
54	9	写	14.621298789978027
54	10	的	3.707160234451294
54	11	论文	11.97836685180664
54	12	。	3.796297550201416
55	1	她	8.245683670043945
55	2	喜欢	10.092050552368164
55	3	那	8.588892936706543
55	4	场	7.817192077636719
55	5	专业	13.878421783447266
55	6	的	1.7503596544265747
55	7	演员	12.97201156616211
55	8	准备	14.510250091552734
55	9	的	8.027726173400879
55	10	表演	11.42269515991211
55	11	。	4.2203755378723145
56	1	她	8.245683670043945
56	2	喜欢	10.092050552368164
56	3	那	8.588892936706543
56	4	个	4.348020076751709
56	5	专业	11.882197380065918
56	6	的	1.5264091491699219
56	7	演员	13.011750221252441
56	8	准备	14.627798080444336
56	9	的	7.855395317077637
56	10	表演	12.075194358825684
56	11	。	4.286413669586182
57	1	他	5.597632884979248
57	2	称赞	17.88792610168457
57	3	了	4.131617546081543
57	4	那	8.557450294494629
57	5	间	12.664402961730957
57	6	勇敢	16.686904907226562
57	7	的	0.20119108259677887
57	8	警察	11.352865219116211
57	9	工作	9.987751007080078
57	10	的	5.408071994781494
57	11	办公室	11.22890567779541
57	12	。	0.6575496196746826
58	1	他	5.597632884979248
58	2	称赞	17.88792610168457
58	3	了	4.131617546081543
58	4	那	8.557450294494629
58	5	个	4.451700210571289
58	6	勇敢	14.096638679504395
58	7	的	0.1878402829170227
58	8	警察	11.178423881530762
58	9	工作	10.783586502075195
58	10	的	5.05762243270874
58	11	办公室	11.060700416564941
58	12	。	0.711480438709259
59	1	我	5.127028942108154
59	2	听说	9.864187240600586
59	3	过	0.6608580946922302
59	4	那	4.498246192932129
59	5	首	10.007823944091797
59	6	聪明	17.186311721801758
59	7	的	0.3388619124889374
59	8	孩子	10.368998527526855
59	9	写	12.665894508361816
59	10	的	3.009322166442871
59	11	诗	14.06058406829834
59	12	。	3.9613780975341797
60	1	我	5.127028942108154
60	2	听说	9.864187240600586
60	3	过	0.6608580946922302
60	4	那	4.498246192932129
60	5	个	4.825791358947754
60	6	聪明	13.220949172973633
60	7	的	0.4917747974395752
60	8	孩子	8.340983390808105
60	9	写	13.395723342895508
60	10	的	2.6712944507598877
60	11	诗	14.242949485778809
60	12	。	4.24971342086792
61	1	我	5.127028942108154
61	2	选择	10.963095664978027
61	3	了	1.0065224170684814
61	4	那	6.167759418487549
61	5	家	7.345585346221924
61	6	细心	19.075740814208984
61	7	的	0.21193669736385345
61	8	朋友	6.156630039215088
61	9	去	14.061320304870605
61	10	的	9.343477249145508
61	11	银行	11.263565063476562
61	12	。	1.5853855609893799
62	1	我	5.127028942108154
62	2	选择	10.963095664978027
62	3	了	1.0065224170684814
62	4	那	6.167759418487549
62	5	个	4.847981929779053
62	6	细心	16.9196834564209
62	7	的	0.2190624326467514
62	8	朋友	6.339409828186035
62	9	去	13.134361267089844
62	10	的	8.912407875061035
62	11	银行	12.206802368164062
62	12	。	1.8839448690414429
