sentence_id	token_id	token	surprisal
1	1	那	7.210642337799072
1	2	家	8.971098899841309
1	3	我	6.865320205688477
1	4	采访	14.614078521728516
1	5	过	2.3365910053253174
1	6	的	4.830627918243408
1	7	老板	13.257096290588379
1	8	投资	17.79738998413086
1	9	的	4.209816932678223
1	10	饭店	14.372407913208008
1	11	很	6.120606422424316
1	12	受	9.88147258758545
1	13	欢迎	4.523159980773926
1	14	。	3.6697843074798584
2	1	那	7.210642337799072
2	2	个	7.011213302612305
2	3	我	7.45104455947876
2	4	采访	15.639935493469238
2	5	过	3.896196126937866
2	6	的	4.385717868804932
2	7	老板	14.073049545288086
2	8	投资	18.807228088378906
2	9	的	4.917333602905273
2	10	饭店	15.150991439819336
2	11	很	6.423475742340088
2	12	受	9.614724159240723
2	13	欢迎	4.240074634552002
2	14	。	3.3978216648101807
3	1	那	7.210642337799072
3	2	幅	14.024829864501953
3	3	我	9.664082527160645
3	4	介绍	10.215264320373535
3	5	的	5.486834526062012
3	6	朋友	8.518095016479492
3	7	喜欢	12.9335355758667
3	8	的	5.481221675872803
3	9	画	14.64024543762207
3	10	吸引	14.948043823242188
3	11	了	5.895351886749268
3	12	我	4.705239772796631
3	13	。	5.3182220458984375
4	1	那	7.210642337799072
4	2	个	7.011213302612305
4	3	我	7.45104455947876
4	4	介绍	12.913702011108398
4	5	的	6.237929821014404
4	6	朋友	9.30794620513916
4	7	喜欢	11.587823867797852
4	8	的	5.320440769195557
4	9	画	16.053287506103516
4	10	吸引	14.928988456726074
4	11	了	5.583957195281982
4	12	我	3.901507616043091
4	13	。	5.174985885620117
5	1	那	7.210642337799072
5	2	件	8.543764114379883
5	3	我	11.846972465515137
5	4	喜欢	8.453269958496094
5	5	的	2.524484395980835
5	6	老师	10.972334861755371
5	7	收藏	19.149009704589844
5	8	的	2.8385818004608154
5	9	艺术品	16.588340759277344
5	10	获	17.71108055114746
5	11	了	3.945821523666382
5	12	奖	12.194456100463867
5	13	。	0.7366578578948975
6	1	那	7.210642337799072
6	2	个	7.011213302612305
6	3	我	7.45104455947876
6	4	喜欢	8.62783432006836
6	5	的	2.713162422180176
6	6	老师	10.084914207458496
6	7	收藏	19.344694137573242
6	8	的	3.038358688354492
6	9	艺术品	16.57703399658203
6	10	获	18.188352584838867
6	11	了	3.7688560485839844
6	12	奖	11.898672103881836
6	13	。	0.5808390974998474
7	1	那	7.210642337799072
7	2	只	7.1816020011901855
7	3	我	12.443867683410645
7	4	认识	11.036452293395996
7	5	的	4.472882270812988
7	6	店长	22.217981338500977
7	7	喜欢	12.334738731384277
7	8	的	3.370492935180664
7	9	宠物	16.438779830932617
7	10	生病	15.24222469329834
7	11	了	3.6924688816070557
7	12	。	0.4492010474205017
8	1	那	7.210642337799072
8	2	个	7.011213302612305
8	3	我	7.45104455947876
8	4	认识	10.865108489990234
8	5	的	2.812800884246826
8	6	店长	22.643754959106445
8	7	喜欢	10.955108642578125
8	8	的	2.965179681777954
8	9	宠物	17.136789321899414
8	10	生病	15.270652770996094
8	11	了	4.012907028198242
8	12	。	0.5832921266555786
9	1	那	7.210642337799072
9	2	首	12.355353355407715
9	3	我	11.735711097717285
9	4	见	11.29931640625
9	5	过	0.6684276461601257
9	6	的	4.5928192138671875
9	7	明星	14.918970108032227
9	8	唱	16.644332885742188
9	9	的	2.2650508880615234
9	10	歌	9.6345853805542
9	11	很	11.091508865356445
9	12	好听	13.535113334655762
9	13	。	2.8423826694488525
10	1	那	7.210642337799072
10	2	个	7.011213302612305
10	3	我	7.45104455947876
10	4	见	11.28909683227539
10	5	过	0.9596225619316101
10	6	的	4.83358097076416
10	7	明星	15.798874855041504
10	8	唱	17.505565643310547
10	9	的	2.5297329425811768
10	10	歌	9.893108367919922
10	11	很	11.639236450195312
10	12	好听	13.545295715332031
10	13	。	3.0778214931488037
11	1	那	7.210642337799072
11	2	所	10.911737442016602
11	3	我	9.463486671447754
11	4	认识	10.67485523223877
11	5	的	1.035583257675171
11	6	老人	15.974777221679688
11	7	去	10.70654010772705
11	8	的	4.086732387542725
11	9	学校	10.287310600280762
11	10	关闭	15.109223365783691
11	11	了	1.0994646549224854
11	12	。	4.286678314208984
12	1	那	7.210642337799072
12	2	个	7.011213302612305
12	3	我	7.45104455947876
12	4	认识	10.865108489990234
12	5	的	2.812800884246826
12	6	老人	14.33132266998291
12	7	去	9.411709785461426
12	8	的	4.657700538635254
12	9	学校	9.26441764831543
12	10	关闭	15.191959381103516
12	11	了	0.8524292707443237
12	12	。	4.297921180725098
13	1	那	7.210642337799072
13	2	件	8.543764114379883
13	3	我	11.846972465515137
13	4	采访	14.35149097442627
13	5	过	4.379609107971191
13	6	的	3.5796058177948
13	7	司机	17.374858856201172
13	8	带	12.860831260681152
13	9	的	7.078821182250977
13	10	行李	16.05861473083496
13	11	丢	13.394577026367188
13	12	了	0.8790175914764404
13	13	。	5.016574382781982
14	1	那	7.210642337799072
14	2	个	7.011213302612305
14	3	我	7.45104455947876
14	4	采访	15.639935493469238
14	5	过	3.896196126937866
14	6	的	4.385717868804932
14	7	司机	16.763324737548828
14	8	带	13.563471794128418
14	9	的	7.1677398681640625
14	10	行李	15.835152626037598
14	11	丢	13.10217571258545
14	12	了	0.7936946153640747
14	13	。	4.501627445220947
15	1	那	7.210642337799072
15	2	本	7.945889472961426
15	3	我	9.524285316467285
15	4	喜欢	9.138517379760742
15	5	的	3.0140113830566406
15	6	作家	12.486572265625
15	7	写	9.48642349243164
15	8	的	2.926083564758301
15	9	书	5.380238056182861
15	10	很	9.607016563415527
15	11	受	8.603185653686523
15	12	欢迎	2.5285558700561523
15	13	。	2.385640859603882
16	1	那	7.210642337799072
16	2	个	7.011213302612305
16	3	我	7.45104455947876
16	4	喜欢	8.62783432006836
16	5	的	2.713162422180176
16	6	作家	13.235929489135742
16	7	写	9.595612525939941
16	8	的	2.3302206993103027
16	9	书	6.582376003265381
16	10	很	9.556951522827148
16	11	受	8.653597831726074
16	12	欢迎	2.950951099395752
16	13	。	2.025982618331909
17	1	那	7.210642337799072
17	2	辆	9.826339721679688
17	3	我	9.261301040649414
17	4	介绍	13.077842712402344
17	5	的	7.108199119567871
17	6	朋友	9.3804931640625
17	7	开	11.102869987487793
17	8	的	6.392726898193359
17	9	车	4.929007053375244
17	10	坏	16.63814926147461
17	11	了	2.3765385150909424
17	12	。	1.1186236143112183
18	1	那	7.210642337799072
18	2	个	7.011213302612305
18	3	我	7.45104455947876
18	4	介绍	12.913702011108398
18	5	的	6.237929821014404
18	6	朋友	9.30794620513916
18	7	开	12.202916145324707
18	8	的	5.749197006225586
18	9	车	7.740689754486084
18	10	坏	17.057743072509766
18	11	了	1.7170510292053223
18	12	。	0.9775906205177307
19	1	那	7.210642337799072
19	2	份	10.27010726928711
19	3	他	10.676467895507812
19	4	教	13.404532432556152
19	5	的	4.202786922454834
19	6	孩子	8.460233688354492
19	7	做	7.873497009277344
19	8	的	3.101022243499756
19	9	作业	14.701908111572266
19	10	获	18.212133407592773
19	11	了	3.894102096557617
19	12	奖	11.254382133483887
19	13	。	1.4924523830413818
20	1	那	7.210642337799072
20	2	个	7.011213302612305
20	3	他	9.389272689819336
20	4	教	12.682114601135254
20	5	的	4.804471492767334
20	6	孩子	3.9898006916046143
20	7	做	7.361324310302734
20	8	的	2.9834144115448
20	9	作业	14.509360313415527
20	10	获	19.013587951660156
20	11	了	3.832677125930786
20	12	奖	11.394580841064453
20	13	。	1.5339136123657227
21	1	那	7.210642337799072
21	2	份	10.27010726928711
21	3	我	9.30007266998291
21	4	采访	13.822237014770508
21	5	过	4.609569549560547
21	6	的	4.356750965118408
21	7	老板	14.039679527282715
21	8	制定	17.78182601928711
21	9	的	6.9896135330200195
21	10	合同	14.414159774780273
21	11	到期	19.639568328857422
21	12	了	6.274840354919434
21	13	。	5.029428005218506
22	1	那	7.210642337799072
22	2	个	7.011213302612305
22	3	我	7.45104455947876
22	4	采访	15.639935493469238
22	5	过	3.896196126937866
22	6	的	4.385717868804932
22	7	老板	14.073049545288086
22	8	制定	19.101619720458984
22	9	的	5.982847690582275
22	10	合同	15.225439071655273
22	11	到期	20.088510513305664
22	12	了	5.434992790222168
22	13	。	4.802046775817871
23	1	那	7.210642337799072
23	2	间	14.095988273620605
23	3	我	3.378511667251587
23	4	尊敬	19.916088104248047
23	5	的	0.541218101978302
23	6	朋友	6.209506988525391
23	7	开	12.673161506652832
23	8	的	5.894428253173828
23	9	工厂	13.598040580749512
23	10	倒闭	15.770613670349121
23	11	了	1.9869791269302368
23	12	。	0.8598925471305847
24	1	那	7.210642337799072
24	2	个	7.011213302612305
24	3	我	7.45104455947876
24	4	尊敬	19.902936935424805
24	5	的	0.6640422940254211
24	6	朋友	5.591921806335449
24	7	开	12.516203880310059
24	8	的	6.115083694458008
24	9	工厂	13.354927062988281
24	10	倒闭	16.17874526977539
24	11	了	1.2426203489303589
24	12	。	0.8295213580131531
25	1	那	7.210642337799072
25	2	张	8.95130729675293
25	3	我	11.538990020751953
25	4	教	12.059507369995117
25	5	的	4.824427127838135
25	6	孩子	5.986358165740967
25	7	照	15.721071243286133
25	8	的	6.004889965057373
25	9	照片	10.40388298034668
25	10	丢	15.318458557128906
25	11	了	0.873607873916626
25	12	。	2.7439117431640625
26	1	那	7.210642337799072
26	2	个	7.011213302612305
26	3	我	7.45104455947876
26	4	教	12.567886352539062
26	5	的	4.88913631439209
26	6	孩子	4.783348083496094
26	7	照	16.00218391418457
26	8	的	6.308366775512695
26	9	照片	10.867223739624023
26	10	丢	15.708887100219727
26	11	了	0.823333740234375
26	12	。	2.441790819168091
27	1	那	7.210642337799072
27	2	台	14.949557304382324
27	3	我们	10.135968208312988
27	4	欣赏	16.454490661621094
27	5	的	3.593997001647949
27	6	老师	13.29134464263916
27	7	用	10.998504638671875
27	8	的	5.180960655212402
27	9	手机	12.240299224853516
27	10	很	9.427396774291992
27	11	好用	17.71595001220703
27	12	。	1.0660582780838013
28	1	那	7.210642337799072
28	2	个	7.011213302612305
28	3	我们	9.195320129394531
28	4	欣赏	17.149402618408203
28	5	的	1.6058661937713623
28	6	老师	13.16409683227539
28	7	用	10.411258697509766
28	8	的	3.963073492050171
28	9	手机	11.545269966125488
28	10	很	9.843612670898438
28	11	好用	17.699249267578125
28	12	。	1.084000587463379
29	1	那	7.210642337799072
29	2	朵	18.304723739624023
29	3	我	12.826666831970215
29	4	关心	15.686178207397461
29	5	的	0.7556026577949524
29	6	邻居	11.039223670959473
29	7	种	15.0453519821167
29	8	的	12.710173606872559
29	9	花	12.718683242797852
29	10	很	10.211920738220215
29	11	好看	12.966985702514648
29	12	。	1.7698947191238403
30	1	那	7.210642337799072
30	2	个	7.011213302612305
30	3	我	7.45104455947876
30	4	关心	13.883464813232422
30	5	的	0.9813734292984009
30	6	邻居	13.34658432006836
30	7	种	17.643428802490234
30	8	的	10.94148063659668
30	9	花	14.72989559173584
30	10	很	8.41860294342041
30	11	好看	12.817115783691406
30	12	。	1.337600588798523
31	1	那	7.210642337799072
31	2	台	14.949557304382324
31	3	我	8.143781661987305
31	4	尊敬	20.1743221282959
31	5	的	0.855903148651123
31	6	科学家	13.153095245361328
31	7	做	11.773863792419434
31	8	的	3.890807867050171
31	9	电视	13.230688095092773
31	10	坏	15.28486442565918
31	11	了	2.307229995727539
31	12	。	1.1482833623886108
32	1	那	7.210642337799072
32	2	个	7.011213302612305
32	3	我	7.45104455947876
32	4	尊敬	19.902936935424805
32	5	的	0.6640422940254211
32	6	科学家	12.021316528320312
32	7	做	11.136567115783691
32	8	的	2.56792950630188
32	9	电视	12.729257583618164
32	10	坏	15.751177787780762
32	11	了	1.8867177963256836
32	12	。	1.3402634859085083
33	1	那	7.210642337799072
33	2	栋	11.777260780334473
33	3	他	12.188143730163574
33	4	认识	12.648030281066895
33	5	的	2.3292315006256104
33	6	男人	9.381730079650879
33	7	买	11.467629432678223
33	8	的	3.9551239013671875
33	9	房子	4.2642083168029785
33	10	起火	16.305994033813477
33	11	了	3.5075128078460693
33	12	。	2.674499988555908
34	1	那	7.210642337799072
34	2	个	7.011213302612305
34	3	他	9.389272689819336
34	4	认识	11.624663352966309
34	5	的	3.4642324447631836
34	6	男人	10.118237495422363
34	7	买	12.449626922607422
34	8	的	4.158516883850098
34	9	房子	5.107222080230713
34	10	起火	17.522802352905273
34	11	了	2.624293327331543
34	12	。	1.401099681854248
35	1	那	7.210642337799072
35	2	条	9.553585052490234
35	3	我	10.293133735656738
35	4	欣赏	16.14325523376465
35	5	的	3.349613904953003
35	6	朋友	8.001996040344238
35	7	给	7.085292339324951
35	8	的	10.134284973144531
35	9	建议	11.352529525756836
35	10	很	8.451910972595215
35	11	真诚	13.960060119628906
35	12	。	6.287999153137207
36	1	那	7.210642337799072
36	2	个	7.011213302612305
36	3	我	7.45104455947876
36	4	欣赏	16.636802673339844
36	5	的	2.768079996109009
36	6	朋友	6.308688163757324
36	7	给	7.205792427062988
36	8	的	9.865326881408691
36	9	建议	11.639202117919922
36	10	很	9.285250663757324
36	11	真诚	13.800713539123535
36	12	。	6.160647392272949
37	1	那	7.210642337799072
37	2	支	11.547490119934082
37	3	我	7.500269889831543
37	4	关心	13.402682304382324
37	5	的	0.9814842343330383
37	6	老师	12.733861923217773
37	7	用	11.418837547302246
37	8	的	4.134294509887695
37	9	笔	13.799871444702148
37	10	坏	13.885184288024902
37	11	了	0.8029756546020508
37	12	。	1.6375775337219238
38	1	那	7.210642337799072
38	2	个	7.011213302612305
38	3	我	7.45104455947876
38	4	关心	13.883464813232422
38	5	的	0.9813734292984009
38	6	老师	13.457260131835938
38	7	用	11.254558563232422
38	8	的	4.339847087860107
38	9	笔	14.326534271240234
38	10	坏	14.059342384338379
38	11	了	1.2290066480636597
38	12	。	1.2006804943084717
39	1	那	7.210642337799072
39	2	只	7.1816020011901855
39	3	我	12.443867683410645
39	4	帮助	14.263465881347656
39	5	过	7.256056785583496
39	6	的	7.322690486907959
39	7	女人	10.61220932006836
39	8	丢	18.593040466308594
39	9	的	8.53215503692627
39	10	鞋子	15.575124740600586
39	11	被	10.570232391357422
39	12	找到	8.566375732421875
39	13	了	0.48932456970214844
39	14	。	1.4244592189788818
40	1	那	7.210642337799072
40	2	个	7.011213302612305
40	3	我	7.45104455947876
40	4	帮助	14.408402442932129
40	5	过	8.761846542358398
40	6	的	5.593038082122803
40	7	女人	10.564688682556152
40	8	丢	18.608707427978516
40	9	的	8.247672080993652
40	10	鞋子	15.985631942749023
40	11	被	10.461962699890137
40	12	找到	8.647357940673828
40	13	了	0.3451099991798401
40	14	。	1.436444878578186
41	1	那	7.210642337799072
41	2	条	9.553585052490234
41	3	我	10.293133735656738
41	4	关心	14.436047554016113
41	5	的	1.279526948928833
41	6	邻居	13.762453079223633
41	7	养	17.703916549682617
41	8	的	6.2264180183410645
41	9	狗	13.442028045654297
41	10	生病	13.945365905761719
41	11	了	4.777766227722168
41	12	。	0.7594086527824402
42	1	那	7.210642337799072
42	2	个	7.011213302612305
42	3	我	7.45104455947876
42	4	关心	13.883464813232422
42	5	的	0.9813734292984009
42	6	邻居	13.34658432006836
42	7	养	17.516918182373047
42	8	的	5.648465156555176
42	9	狗	13.410975456237793
42	10	生病	13.780741691589355
42	11	了	4.2908124923706055
42	12	。	1.1591780185699463
43	1	那	7.210642337799072
43	2	座	12.209722518920898
43	3	我	9.204219818115234
43	4	采访	15.762259483337402
43	5	过	3.048910140991211
43	6	的	4.203238487243652
43	7	老人	13.020516395568848
43	8	修	18.233104705810547
43	9	的	2.6383183002471924
43	10	桥	12.178812026977539
43	11	帮助	16.6337890625
43	12	了	6.005503177642822
43	13	我	1.8465747833251953
43	14	。	5.201676368713379
44	1	那	7.210642337799072
44	2	个	7.011213302612305
44	3	我	7.45104455947876
44	4	采访	15.639935493469238
44	5	过	3.896196126937866
44	6	的	4.385717868804932
44	7	老人	14.244878768920898
44	8	修	18.945343017578125
44	9	的	2.8786141872406006
44	10	桥	12.901222229003906
44	11	帮助	16.111495971679688
44	12	了	5.19978141784668
44	13	我	2.2653794288635254
44	14	。	5.211677074432373
45	1	那	7.210642337799072
45	2	篇	8.509614944458008
45	3	我	10.688899993896484
45	4	培养	16.828752517700195
45	5	的	3.4924302101135254
45	6	学生	11.751959800720215
45	7	准备	13.495584487915039
45	8	的	6.146902084350586
45	9	报告	9.10793685913086
45	10	感动	16.095731735229492
45	11	了	0.6456927061080933
45	12	我	3.6708781719207764
45	13	。	5.513882637023926
46	1	那	7.210642337799072
46	2	个	7.011213302612305
46	3	我	7.45104455947876
46	4	培养	16.09656524658203
46	5	的	4.469693660736084
46	6	学生	11.330142974853516
46	7	准备	13.482404708862305
46	8	的	6.580826759338379
46	9	报告	12.640427589416504
46	10	感动	17.019344329833984
46	11	了	0.8410835266113281
46	12	我	3.2656023502349854
46	13	。	5.771202564239502
47	1	那	7.210642337799072
47	2	封	12.906316757202148
47	3	我	5.80177116394043
47	4	依赖	16.550460815429688
47	5	的	6.607126712799072
47	6	朋友	7.40500545501709
47	7	写	9.323494911193848
47	8	的	5.038695335388184
47	9	信	9.380718231201172
47	10	很	9.068286895751953
47	11	真诚	14.070404052734375
47	12	。	4.046885013580322
48	1	那	7.210642337799072
48	2	个	7.011213302612305
48	3	我	7.45104455947876
48	4	依赖	17.12769317626953
48	5	的	4.766210079193115
48	6	朋友	6.213737964630127
48	7	写	9.33211612701416
48	8	的	4.126592636108398
48	9	信	9.856465339660645
48	10	很	9.507417678833008
48	11	真诚	13.896686553955078
48	12	。	3.870051145553589
49	1	那	7.210642337799072
49	2	堂	18.147550582885742
49	3	我	9.34907054901123
49	4	认识	12.158146858215332
49	5	的	1.5592025518417358
49	6	老师	14.051095008850098
49	7	教	15.781435012817383
49	8	的	5.840355396270752
49	9	课	11.69640827178955
49	10	获	19.451074600219727
49	11	了	5.496989727020264
49	12	奖	12.125870704650879
49	13	。	1.3930180072784424
50	1	那	7.210642337799072
50	2	个	7.011213302612305
50	3	我	7.45104455947876
50	4	认识	10.865108489990234
50	5	的	2.812800884246826
50	6	老师	13.783935546875
50	7	教	15.309537887573242
50	8	的	5.660500526428223
50	9	课	11.904025077819824
50	10	获	19.724512100219727
50	11	了	4.769467830657959
50	12	奖	12.593934059143066
50	13	。	1.3364943265914917
51	1	那	7.210642337799072
51	2	块	12.390926361083984
51	3	我	6.803422927856445
51	4	信任	16.945375442504883
51	5	的	4.278215408325195
51	6	医生	10.695350646972656
51	7	喜欢	13.282470703125
51	8	的	6.059099197387695
51	9	手表	17.608247756958008
51	10	丢	15.822500228881836
51	11	了	0.9144909977912903
51	12	。	2.8203611373901367
52	1	那	7.210642337799072
52	2	个	7.011213302612305
52	3	我	7.45104455947876
52	4	信任	17.026229858398438
52	5	的	2.9336981773376465
52	6	医生	11.351337432861328
52	7	喜欢	13.547334671020508
52	8	的	5.442709922790527
52	9	手表	17.793468475341797
52	10	丢	16.771562576293945
52	11	了	0.5839980244636536
52	12	。	3.7660093307495117
53	1	那	7.210642337799072
53	2	篇	8.509614944458008
53	3	她	13.058611869812012
53	4	教	13.132567405700684
53	5	的	5.0975661277771
53	6	学生	10.448966979980469
53	7	写	8.121869087219238
53	8	的	6.03628396987915
53	9	论文	11.20101261138916
53	10	感动	15.163189888000488
53	11	了	0.6220949292182922
53	12	我	3.8801259994506836
53	13	。	5.000124931335449
54	1	那	7.210642337799072
54	2	个	7.011213302612305
54	3	她	12.797350883483887
54	4	教	13.138382911682129
54	5	的	5.973852157592773
54	6	学生	7.937751770019531
54	7	写	8.844970703125
54	8	的	5.996820449829102
54	9	论文	12.300580024719238
54	10	感动	15.587786674499512
54	11	了	0.6428084969520569
54	12	我	4.145105838775635
54	13	。	5.187490463256836
55	1	那	7.210642337799072
55	2	场	8.680612564086914
55	3	我	10.15699291229248
55	4	听说	10.916247367858887
55	5	过	1.9371392726898193
55	6	的	3.568215847015381
55	7	演员	14.685975074768066
55	8	准备	14.516034126281738
55	9	的	5.844347953796387
55	10	表演	13.52982234954834
55	11	很	9.218141555786133
55	12	受	8.765256881713867
55	13	欢迎	3.576035976409912
55	14	。	4.063376426696777
56	1	那	7.210642337799072
56	2	个	7.011213302612305
56	3	我	7.45104455947876
56	4	听说	10.85604190826416
56	5	过	1.3982436656951904
56	6	的	4.4320783615112305
56	7	演员	15.185625076293945
56	8	准备	14.078248023986816
56	9	的	6.3229570388793945
56	10	表演	13.815990447998047
56	11	很	8.157308578491211
56	12	受	9.080406188964844
56	13	欢迎	3.8702456951141357
56	14	。	3.9003617763519287
57	1	那	7.210642337799072
57	2	间	14.095988273620605
57	3	我	3.378511667251587
57	4	采访	15.38688850402832
57	5	过	3.1907458305358887
57	6	的	4.638307571411133
57	7	警察	14.010039329528809
57	8	工作	9.250782012939453
57	9	的	5.088968276977539
57	10	办公室	12.344930648803711
57	11	起火	17.49651336669922
57	12	了	5.005517482757568
57	13	。	2.5100183486938477
58	1	那	7.210642337799072
58	2	个	7.011213302612305
58	3	我	7.45104455947876
58	4	采访	15.639935493469238
58	5	过	3.896196126937866
58	6	的	4.385717868804932
58	7	警察	13.714058876037598
58	8	工作	9.743734359741211
58	9	的	5.243542671203613
58	10	办公室	12.319272994995117
58	11	起火	18.075204849243164
58	12	了	4.751968860626221
58	13	。	2.610924005508423
59	1	那	7.210642337799072
59	2	首	12.355353355407715
59	3	他	13.899937629699707
59	4	培养	17.030197143554688
59	5	的	5.68577241897583
59	6	孩子	8.007247924804688
59	7	写	11.29466438293457
59	8	的	2.8762269020080566
59	9	诗	13.497175216674805
59	10	很	8.065946578979492
59	11	有趣	6.990365505218506
59	12	。	2.0135691165924072
60	1	那	7.210642337799072
60	2	个	7.011213302612305
60	3	他	9.389272689819336
60	4	培养	16.463497161865234
60	5	的	4.27034854888916
60	6	孩子	6.194190502166748
60	7	写	12.13413143157959
60	8	的	2.2137625217437744
60	9	诗	13.835643768310547
60	10	很	8.357330322265625
60	11	有趣	7.003473281860352
60	12	。	2.0597097873687744
61	1	那	7.210642337799072
61	2	家	8.971098899841309
61	3	我	6.865320205688477
61	4	依赖	17.15484046936035
61	5	的	5.64572811126709
61	6	朋友	6.4787750244140625
61	7	去	9.496902465820312
61	8	的	7.5547614097595215
61	9	银行	10.866254806518555
61	10	帮助	15.237475395202637
61	11	了	8.510577201843262
61	12	我	2.4721126556396484
61	13	。	2.9782097339630127
62	1	那	7.210642337799072
62	2	个	7.011213302612305
62	3	我	7.45104455947876
62	4	依赖	17.12769317626953
62	5	的	4.766210079193115
62	6	朋友	6.213737964630127
62	7	去	8.934826850891113
62	8	的	7.363184452056885
62	9	银行	11.271909713745117
62	10	帮助	14.832987785339355
62	11	了	9.086112022399902
62	12	我	2.5666425228118896
62	13	。	3.2301394939422607
