sentence_id	token_id	token	surprisal
1	1	我	5.127028942108154
1	2	很	6.368345260620117
1	3	喜欢	4.31771183013916
1	4	一	4.823187828063965
1	5	位	5.070237636566162
1	6	让	10.619844436645508
1	7	人	2.383554458618164
1	8	开心	10.753363609313965
1	9	的	3.25020170211792
1	10	明星	13.544188499450684
1	11	。	2.241058826446533
2	1	我	5.127028942108154
2	2	很	6.368345260620117
2	3	喜欢	4.31771183013916
2	4	一	4.823187828063965
2	5	首	11.616646766662598
2	6	让	12.32559585571289
2	7	人	2.867341995239258
2	8	开心	11.257064819335938
2	9	的	3.3303511142730713
2	10	明星	13.825701713562012
2	11	。	1.4666274785995483
3	1	我	5.127028942108154
3	2	很	6.368345260620117
3	3	喜欢	4.31771183013916
3	4	一	4.823187828063965
3	5	首	11.616646766662598
3	6	让	12.32559585571289
3	7	人	2.867341995239258
3	8	开心	11.257064819335938
3	9	的	3.3303511142730713
3	10	歌曲	15.1666898727417
3	11	。	2.9543282985687256
4	1	我	5.127028942108154
4	2	很	6.368345260620117
4	3	喜欢	4.31771183013916
4	4	一	4.823187828063965
4	5	位	5.070237636566162
4	6	让	10.619844436645508
4	7	人	2.383554458618164
4	8	开心	10.753363609313965
4	9	的	3.25020170211792
4	10	歌曲	15.199665069580078
4	11	。	3.423898220062256
5	1	她	8.245683670043945
5	2	开车	13.471517562866211
5	3	去	6.479123115539551
5	4	了	2.6945791244506836
5	5	一	2.249211549758911
5	6	家	5.136806488037109
5	7	受	13.527618408203125
5	8	大家	9.673150062561035
5	9	欢迎	8.92070484161377
5	10	的	0.9743821620941162
5	11	店	16.192180633544922
5	12	。	2.645735025405884
6	1	她	8.245683670043945
6	2	开车	13.471517562866211
6	3	去	6.479123115539551
6	4	了	2.6945791244506836
6	5	一	2.249211549758911
6	6	座	7.962094783782959
6	7	受	13.130115509033203
6	8	大家	10.714885711669922
6	9	欢迎	8.734787940979004
6	10	的	0.8206213116645813
6	11	店	16.395917892456055
6	12	。	2.094669818878174
7	1	她	8.245683670043945
7	2	开车	13.471517562866211
7	3	去	6.479123115539551
7	4	了	2.6945791244506836
7	5	一	2.249211549758911
7	6	座	7.962094783782959
7	7	受	13.130115509033203
7	8	大家	10.714885711669922
7	9	欢迎	8.734787940979004
7	10	的	0.8206213116645813
7	11	山	14.86202335357666
7	12	。	2.296107292175293
8	1	她	8.245683670043945
8	2	开车	13.471517562866211
8	3	去	6.479123115539551
8	4	了	2.6945791244506836
8	5	一	2.249211549758911
8	6	家	5.136806488037109
8	7	受	13.527618408203125
8	8	大家	9.673150062561035
8	9	欢迎	8.92070484161377
8	10	的	0.9743821620941162
8	11	山	15.660944938659668
8	12	。	2.5408596992492676
9	1	他	5.597632884979248
9	2	有	9.422504425048828
9	3	一	1.4017869234085083
9	4	双	12.293861389160156
9	5	被	9.055559158325195
9	6	我	9.967588424682617
9	7	丢	13.578935623168945
9	8	了	1.0926804542541504
9	9	的	8.693028450012207
9	10	手套	13.972244262695312
9	11	。	2.8401198387145996
10	1	他	5.597632884979248
10	2	有	9.422504425048828
10	3	一	1.4017869234085083
10	4	枚	10.864392280578613
10	5	被	6.970463752746582
10	6	我	10.78096866607666
10	7	丢	13.520252227783203
10	8	了	0.9925901293754578
10	9	的	8.506052017211914
10	10	手套	14.13097095489502
10	11	。	3.5357885360717773
11	1	他	5.597632884979248
11	2	有	9.422504425048828
11	3	一	1.4017869234085083
11	4	枚	10.864392280578613
11	5	被	6.970463752746582
11	6	我	10.78096866607666
11	7	丢	13.520252227783203
11	8	了	0.9925901293754578
11	9	的	8.506052017211914
11	10	纽扣	18.249906539916992
11	11	。	3.8092668056488037
12	1	他	5.597632884979248
12	2	有	9.422504425048828
12	3	一	1.4017869234085083
12	4	双	12.293861389160156
12	5	被	9.055559158325195
12	6	我	9.967588424682617
12	7	丢	13.578935623168945
12	8	了	1.0926804542541504
12	9	的	8.693028450012207
12	10	纽扣	17.899505615234375
12	11	。	2.9639039039611816
13	1	店长	18.297351837158203
13	2	拿	11.722634315490723
13	3	着	0.16966280341148376
13	4	一	6.0434770584106445
13	5	只	8.16463851928711
13	6	已经	13.650083541870117
13	7	成熟	12.47358226776123
13	8	了	1.9947607517242432
13	9	的	6.776401042938232
13	10	兔子	14.204877853393555
13	11	。	8.368427276611328
14	1	店长	18.297351837158203
14	2	拿	11.722634315490723
14	3	着	0.16966280341148376
14	4	一	6.0434770584106445
14	5	根	8.40784740447998
14	6	已经	14.726813316345215
14	7	成熟	12.116938591003418
14	8	了	1.7599992752075195
14	9	的	5.471303462982178
14	10	兔子	14.81589126586914
14	11	。	7.804100513458252
15	1	店长	18.297351837158203
15	2	拿	11.722634315490723
15	3	着	0.16966280341148376
15	4	一	6.0434770584106445
15	5	根	8.40784740447998
15	6	已经	14.726813316345215
15	7	成熟	12.116938591003418
15	8	了	1.7599992752075195
15	9	的	5.471303462982178
15	10	萝卜	16.893056869506836
15	11	。	5.769286632537842
16	1	店长	18.297351837158203
16	2	拿	11.722634315490723
16	3	着	0.16966280341148376
16	4	一	6.0434770584106445
16	5	只	8.16463851928711
16	6	已经	13.650083541870117
16	7	成熟	12.47358226776123
16	8	了	1.9947607517242432
16	9	的	6.776401042938232
16	10	萝卜	17.99631690979004
16	11	。	6.241443634033203
17	1	他	5.597632884979248
17	2	认识	11.680583000183105
17	3	了	7.868735313415527
17	4	一	3.9721524715423584
17	5	名	7.278503894805908
17	6	会	11.773669242858887
17	7	讲	11.745523452758789
17	8	故事	9.399601936340332
17	9	的	5.076028823852539
17	10	男孩	12.268587112426758
17	11	。	3.5915424823760986
18	1	他	5.597632884979248
18	2	认识	11.680583000183105
18	3	了	7.868735313415527
18	4	一	3.9721524715423584
18	5	本	6.400909900665283
18	6	会	9.786163330078125
18	7	讲	10.904029846191406
18	8	故事	9.498133659362793
18	9	的	4.247153282165527
18	10	男孩	12.617490768432617
18	11	。	3.9618566036224365
19	1	他	5.597632884979248
19	2	认识	11.680583000183105
19	3	了	7.868735313415527
19	4	一	3.9721524715423584
19	5	本	6.400909900665283
19	6	会	9.786163330078125
19	7	讲	10.904029846191406
19	8	故事	9.498133659362793
19	9	的	4.247153282165527
19	10	小说	10.028082847595215
19	11	。	3.722381353378296
20	1	他	5.597632884979248
20	2	认识	11.680583000183105
20	3	了	7.868735313415527
20	4	一	3.9721524715423584
20	5	名	7.278503894805908
20	6	会	11.773669242858887
20	7	讲	11.745523452758789
20	8	故事	9.399601936340332
20	9	的	5.076028823852539
20	10	小说	9.62285327911377
20	11	。	4.356258392333984
21	1	男人	16.143470764160156
21	2	在	4.892688751220703
21	3	扫描	18.084259033203125
21	4	一	5.067074775695801
21	5	篇	7.472283363342285
21	6	登报	20.740751266479492
21	7	了	13.492790222167969
21	8	的	9.069833755493164
21	9	文章	2.1923482418060303
21	10	。	6.897364616394043
22	1	男人	16.143470764160156
22	2	在	4.892688751220703
22	3	扫描	18.084259033203125
22	4	一	5.067074775695801
22	5	张	6.255668640136719
22	6	登报	19.082763671875
22	7	了	13.866641998291016
22	8	的	8.421843528747559
22	9	文章	7.966139793395996
22	10	。	6.727804183959961
23	1	男人	16.143470764160156
23	2	在	4.892688751220703
23	3	扫描	18.084259033203125
23	4	一	5.067074775695801
23	5	张	6.255668640136719
23	6	登报	19.082763671875
23	7	了	13.866641998291016
23	8	的	8.421843528747559
23	9	图片	10.913981437683105
23	10	。	8.38601303100586
24	1	男人	16.143470764160156
24	2	在	4.892688751220703
24	3	扫描	18.084259033203125
24	4	一	5.067074775695801
24	5	篇	7.472283363342285
24	6	登报	20.740751266479492
24	7	了	13.492790222167969
24	8	的	9.069833755493164
24	9	图片	11.913708686828613
24	10	。	8.108607292175293
25	1	演员	15.796407699584961
25	2	在	5.356170654296875
25	3	看	13.083511352539062
25	4	一	5.365406036376953
25	5	张	5.631344318389893
25	6	唤起	17.861482620239258
25	7	她	12.321243286132812
25	8	回忆	13.877286911010742
25	9	的	5.263183116912842
25	10	旧	11.652762413024902
25	11	照片	11.98837947845459
25	12	。	8.884143829345703
26	1	演员	15.796407699584961
26	2	在	5.356170654296875
26	3	看	13.083511352539062
26	4	一	5.365406036376953
26	5	位	5.350035667419434
26	6	唤起	17.5820369720459
26	7	她	11.01201057434082
26	8	回忆	13.983957290649414
26	9	的	3.7030746936798096
26	10	旧	11.815485954284668
26	11	照片	12.719375610351562
26	12	。	8.437972068786621
27	1	演员	15.796407699584961
27	2	在	5.356170654296875
27	3	看	13.083511352539062
27	4	一	5.365406036376953
27	5	位	5.350035667419434
27	6	唤起	17.5820369720459
27	7	她	11.01201057434082
27	8	回忆	13.983957290649414
27	9	的	3.7030746936798096
27	10	老师	9.907670974731445
27	11	。	7.021834850311279
28	1	演员	15.796407699584961
28	2	在	5.356170654296875
28	3	看	13.083511352539062
28	4	一	5.365406036376953
28	5	张	5.631344318389893
28	6	唤起	17.861482620239258
28	7	她	12.321243286132812
28	8	回忆	13.877286911010742
28	9	的	5.263183116912842
28	10	老师	9.856258392333984
28	11	。	7.246394634246826
29	1	他	5.597632884979248
29	2	在	4.965167999267578
29	3	修理	14.27248764038086
29	4	一	7.125314235687256
29	5	辆	6.343989372253418
29	6	无法	15.966466903686523
29	7	启动	13.131610870361328
29	8	的	2.430558204650879
29	9	汽车	7.833277225494385
29	10	。	6.802395820617676
30	1	他	5.597632884979248
30	2	在	4.965167999267578
30	3	修理	14.27248764038086
30	4	一	7.125314235687256
30	5	套	6.808140754699707
30	6	无法	12.169222831726074
30	7	启动	11.987839698791504
30	8	的	1.8851346969604492
30	9	汽车	10.24203872680664
30	10	。	6.7209248542785645
31	1	他	5.597632884979248
31	2	在	4.965167999267578
31	3	修理	14.27248764038086
31	4	一	7.125314235687256
31	5	套	6.808140754699707
31	6	无法	12.169222831726074
31	7	启动	11.987839698791504
31	8	的	1.8851346969604492
31	9	系统	8.865553855895996
31	10	。	8.911299705505371
32	1	他	5.597632884979248
32	2	在	4.965167999267578
32	3	修理	14.27248764038086
32	4	一	7.125314235687256
32	5	辆	6.343989372253418
32	6	无法	15.966466903686523
32	7	启动	13.131610870361328
32	8	的	2.430558204650879
32	9	系统	10.42584228515625
32	10	。	9.321099281311035
33	1	学生	12.671290397644043
33	2	们	15.613356590270996
33	3	在	4.975396633148193
33	4	写	9.735799789428711
33	5	一	1.8752009868621826
33	6	部	4.9129486083984375
33	7	长	11.108712196350098
33	8	一	4.785267353057861
33	9	个	3.43963623046875
33	10	小时	4.631221771240234
33	11	的	1.7639775276184082
33	12	电影	8.564746856689453
33	13	。	8.280905723571777
34	1	学生	12.671290397644043
34	2	们	15.613356590270996
34	3	在	4.975396633148193
34	4	写	9.735799789428711
34	5	一	1.8752009868621826
34	6	首	8.757872581481934
34	7	长	13.812845230102539
34	8	一	4.9360480308532715
34	9	个	4.283456325531006
34	10	小时	4.064823150634766
34	11	的	1.6129449605941772
34	12	电影	9.962271690368652
34	13	。	8.100754737854004
35	1	学生	12.671290397644043
35	2	们	15.613356590270996
35	3	在	4.975396633148193
35	4	写	9.735799789428711
35	5	一	1.8752009868621826
35	6	首	8.757872581481934
35	7	长	13.812845230102539
35	8	一	4.9360480308532715
35	9	个	4.283456325531006
35	10	小时	4.064823150634766
35	11	的	1.6129449605941772
35	12	戏曲	18.57379150390625
35	13	。	15.37907600402832
36	1	学生	12.671290397644043
36	2	们	15.613356590270996
36	3	在	4.975396633148193
36	4	写	9.735799789428711
36	5	一	1.8752009868621826
36	6	部	4.9129486083984375
36	7	长	11.108712196350098
36	8	一	4.785267353057861
36	9	个	3.43963623046875
36	10	小时	4.631221771240234
36	11	的	1.7639775276184082
36	12	戏曲	18.098072052001953
36	13	。	16.025571823120117
37	1	我们	6.363039016723633
37	2	在	5.123805046081543
37	3	看	8.639789581298828
37	4	一	4.542008399963379
37	5	场	4.153026580810547
37	6	吸引	15.57457160949707
37	7	了	6.988576889038086
37	8	很多	8.817456245422363
37	9	观众	10.655721664428711
37	10	的	1.9798569679260254
37	11	表演	10.848130226135254
37	12	。	3.114784002304077
38	1	我们	6.363039016723633
38	2	在	5.123805046081543
38	3	看	8.639789581298828
38	4	一	4.542008399963379
38	5	块	8.08914566040039
38	6	吸引	14.915131568908691
38	7	了	6.314794063568115
38	8	很多	7.027557849884033
38	9	观众	10.678482055664062
38	10	的	3.125553607940674
38	11	表演	11.146148681640625
38	12	。	2.427186965942383
39	1	我们	6.363039016723633
39	2	在	5.123805046081543
39	3	看	8.639789581298828
39	4	一	4.542008399963379
39	5	块	8.08914566040039
39	6	吸引	14.915131568908691
39	7	了	6.314794063568115
39	8	很多	7.027557849884033
39	9	观众	10.678482055664062
39	10	的	3.125553607940674
39	11	场地	15.37683391571045
39	12	。	1.9402804374694824
40	1	我们	6.363039016723633
40	2	在	5.123805046081543
40	3	看	8.639789581298828
40	4	一	4.542008399963379
40	5	场	4.153026580810547
40	6	吸引	15.57457160949707
40	7	了	6.988576889038086
40	8	很多	8.817456245422363
40	9	观众	10.655721664428711
40	10	的	1.9798569679260254
40	11	场地	15.870903015136719
40	12	。	2.8393068313598633
41	1	他	5.597632884979248
41	2	最	9.909475326538086
41	3	喜欢	5.111090183258057
41	4	一	4.690084934234619
41	5	道	9.503082275390625
41	6	让	11.89128303527832
41	7	人	0.6478140950202942
41	8	想念	13.274741172790527
41	9	的	11.934998512268066
41	10	菜	12.3590669631958
41	11	。	3.7057979106903076
42	1	他	5.597632884979248
42	2	最	9.909475326538086
42	3	喜欢	5.111090183258057
42	4	一	4.690084934234619
42	5	瓶	11.621750831604004
42	6	让	13.0514497756958
42	7	人	1.0694833993911743
42	8	想念	13.016401290893555
42	9	的	13.1593599319458
42	10	菜	12.018501281738281
42	11	。	3.959848642349243
43	1	他	5.597632884979248
43	2	最	9.909475326538086
43	3	喜欢	5.111090183258057
43	4	一	4.690084934234619
43	5	瓶	11.621750831604004
43	6	让	13.0514497756958
43	7	人	1.0694833993911743
43	8	想念	13.016401290893555
43	9	的	13.1593599319458
43	10	醋	20.048173904418945
43	11	。	3.839106798171997
44	1	他	5.597632884979248
44	2	最	9.909475326538086
44	3	喜欢	5.111090183258057
44	4	一	4.690084934234619
44	5	道	9.503082275390625
44	6	让	11.89128303527832
44	7	人	0.6478140950202942
44	8	想念	13.274741172790527
44	9	的	11.934998512268066
44	10	醋	20.874862670898438
44	11	。	3.376593828201294
45	1	她	8.245683670043945
45	2	拿	11.634206771850586
45	3	了	2.2355782985687256
45	4	一	1.1399109363555908
45	5	份	6.180428981781006
45	6	被	8.00412654876709
45	7	提供	14.522970199584961
45	8	给	8.74966812133789
45	9	客人	13.36228084564209
45	10	的	1.4677549600601196
45	11	饭	12.378211975097656
45	12	。	4.243762016296387
46	1	她	8.245683670043945
46	2	拿	11.634206771850586
46	3	了	2.2355782985687256
46	4	一	1.1399109363555908
46	5	卷	15.249521255493164
46	6	被	10.311434745788574
46	7	提供	15.404308319091797
46	8	给	10.022375106811523
46	9	客人	12.28271484375
46	10	的	2.636237621307373
46	11	饭	11.804570198059082
46	12	。	3.419771194458008
47	1	她	8.245683670043945
47	2	拿	11.634206771850586
47	3	了	2.2355782985687256
47	4	一	1.1399109363555908
47	5	卷	15.249521255493164
47	6	被	10.311434745788574
47	7	提供	15.404308319091797
47	8	给	10.022375106811523
47	9	客人	12.28271484375
47	10	的	2.636237621307373
47	11	纸	16.520221710205078
47	12	。	3.8390750885009766
48	1	她	8.245683670043945
48	2	拿	11.634206771850586
48	3	了	2.2355782985687256
48	4	一	1.1399109363555908
48	5	份	6.180428981781006
48	6	被	8.00412654876709
48	7	提供	14.522970199584961
48	8	给	8.74966812133789
48	9	客人	13.36228084564209
48	10	的	1.4677549600601196
48	11	纸	16.187053680419922
48	12	。	4.435245513916016
49	1	学生	12.671290397644043
49	2	们	15.613356590270996
49	3	在	4.975396633148193
49	4	写	9.735799789428711
49	5	一	1.8752009868621826
49	6	部	4.9129486083984375
49	7	令	10.073758125305176
49	8	人	0.3366994261741638
49	9	感动	8.655218124389648
49	10	的	0.6075830459594727
49	11	戏剧	11.106313705444336
49	12	。	6.20414400100708
50	1	学生	12.671290397644043
50	2	们	15.613356590270996
50	3	在	4.975396633148193
50	4	写	9.735799789428711
50	5	一	1.8752009868621826
50	6	篇	4.460149765014648
50	7	令	12.094898223876953
50	8	人	0.544978678226471
50	9	感动	8.674322128295898
50	10	的	0.3703433871269226
50	11	戏剧	11.74388599395752
50	12	。	6.541432857513428
51	1	学生	12.671290397644043
51	2	们	15.613356590270996
51	3	在	4.975396633148193
51	4	写	9.735799789428711
51	5	一	1.8752009868621826
51	6	篇	4.460149765014648
51	7	令	12.094898223876953
51	8	人	0.544978678226471
51	9	感动	8.674322128295898
51	10	的	0.3703433871269226
51	11	文章	3.931441068649292
51	12	。	3.6269028186798096
52	1	学生	12.671290397644043
52	2	们	15.613356590270996
52	3	在	4.975396633148193
52	4	写	9.735799789428711
52	5	一	1.8752009868621826
52	6	部	4.9129486083984375
52	7	令	10.073758125305176
52	8	人	0.3366994261741638
52	9	感动	8.655218124389648
52	10	的	0.6075830459594727
52	11	文章	6.697942733764648
52	12	。	3.6969056129455566
53	1	这	5.371973037719727
53	2	是	1.6088799238204956
53	3	一	1.8593076467514038
53	4	辆	10.44876766204834
53	5	有	10.336511611938477
53	6	历史	10.115020751953125
53	7	的	1.847059726715088
53	8	火车	12.656623840332031
53	9	。	3.090999126434326
54	1	这	5.371973037719727
54	2	是	1.6088799238204956
54	3	一	1.8593076467514038
54	4	扇	18.663747787475586
54	5	有	10.693622589111328
54	6	历史	9.14585018157959
54	7	的	1.5056930780410767
54	8	火车	13.413570404052734
54	9	。	2.8541600704193115
55	1	这	5.371973037719727
55	2	是	1.6088799238204956
55	3	一	1.8593076467514038
55	4	扇	18.663747787475586
55	5	有	10.693622589111328
55	6	历史	9.14585018157959
55	7	的	1.5056930780410767
55	8	窗户	15.352007865905762
55	9	。	2.8346149921417236
56	1	这	5.371973037719727
56	2	是	1.6088799238204956
56	3	一	1.8593076467514038
56	4	辆	10.44876766204834
56	5	有	10.336511611938477
56	6	历史	10.115020751953125
56	7	的	1.847059726715088
56	8	窗户	15.032902717590332
56	9	。	2.900355577468872
57	1	老师	13.408656120300293
57	2	在	5.910460472106934
57	3	责备	19.263410568237305
57	4	三	8.769229888916016
57	5	名	7.3052802085876465
57	6	不	9.40291976928711
57	7	睡觉	12.95104694366455
57	8	的	4.397141456604004
57	9	学生	8.052017211914062
57	10	。	1.9187794923782349
58	1	老师	13.408656120300293
58	2	在	5.910460472106934
58	3	责备	19.263410568237305
58	4	三	8.769229888916016
58	5	只	7.51608943939209
58	6	不	10.138110160827637
58	7	睡觉	13.063324928283691
58	8	的	6.233835220336914
58	9	学生	10.198869705200195
58	10	。	1.2084635496139526
59	1	老师	13.408656120300293
59	2	在	5.910460472106934
59	3	责备	19.263410568237305
59	4	三	8.769229888916016
59	5	只	7.51608943939209
59	6	不	10.138110160827637
59	7	睡觉	13.063324928283691
59	8	的	6.233835220336914
59	9	宠物	17.41541290283203
59	10	。	4.756425857543945
60	1	老师	13.408656120300293
60	2	在	5.910460472106934
60	3	责备	19.263410568237305
60	4	三	8.769229888916016
60	5	名	7.3052802085876465
60	6	不	9.40291976928711
60	7	睡觉	12.95104694366455
60	8	的	4.397141456604004
60	9	宠物	18.596755981445312
60	10	。	7.404152870178223
61	1	她	8.245683670043945
61	2	买	14.918540000915527
61	3	过	6.586599826812744
61	4	两	5.778356075286865
61	5	杯	10.537956237792969
61	6	正在	15.45053482055664
61	7	打折	15.691638946533203
61	8	的	1.8671162128448486
61	9	咖啡	11.285802841186523
61	10	。	4.552801132202148
62	1	她	8.245683670043945
62	2	买	14.918540000915527
62	3	过	6.586599826812744
62	4	两	5.778356075286865
62	5	个	1.6827718019485474
62	6	正在	13.181282997131348
62	7	打折	16.53126335144043
62	8	的	1.6087298393249512
62	9	咖啡	12.735769271850586
62	10	。	4.737485408782959
63	1	她	8.245683670043945
63	2	买	14.918540000915527
63	3	过	6.586599826812744
63	4	两	5.778356075286865
63	5	个	1.6827718019485474
63	6	正在	13.181282997131348
63	7	打折	16.53126335144043
63	8	的	1.6087298393249512
63	9	杯子	15.592775344848633
63	10	。	3.5004079341888428
64	1	她	8.245683670043945
64	2	买	14.918540000915527
64	3	过	6.586599826812744
64	4	两	5.778356075286865
64	5	杯	10.537956237792969
64	6	正在	15.45053482055664
64	7	打折	15.691638946533203
64	8	的	1.8671162128448486
64	9	杯子	15.826457977294922
64	10	。	3.4774856567382812
65	1	孩子	13.992236137390137
65	2	在	3.2283077239990234
65	3	卖	11.457669258117676
65	4	五	10.523835182189941
65	5	台	9.351587295532227
65	6	有	10.024002075195312
65	7	花纹	17.691986083984375
65	8	的	0.9055891633033752
65	9	桌子	14.765439987182617
65	10	。	6.131942272186279
66	1	孩子	13.992236137390137
66	2	在	3.2283077239990234
66	3	卖	11.457669258117676
66	4	五	10.523835182189941
66	5	块	7.8347601890563965
66	6	有	11.273855209350586
66	7	花纹	17.459842681884766
66	8	的	1.308650255203247
66	9	桌子	14.043134689331055
66	10	。	6.062077522277832
67	1	孩子	13.992236137390137
67	2	在	3.2283077239990234
67	3	卖	11.457669258117676
67	4	五	10.523835182189941
67	5	块	7.8347601890563965
67	6	有	11.273855209350586
67	7	花纹	17.459842681884766
67	8	的	1.308650255203247
67	9	蛋糕	14.946605682373047
67	10	。	3.767573356628418
68	1	孩子	13.992236137390137
68	2	在	3.2283077239990234
68	3	卖	11.457669258117676
68	4	五	10.523835182189941
68	5	台	9.351587295532227
68	6	有	10.024002075195312
68	7	花纹	17.691986083984375
68	8	的	0.9055891633033752
68	9	蛋糕	15.168724060058594
68	10	。	3.8591978549957275
69	1	妈妈	12.954710006713867
69	2	在	5.337001800537109
69	3	做	8.529932022094727
69	4	一	3.9744198322296143
69	5	张	5.599092483520508
69	6	代表	14.25124454498291
69	7	幸运	15.354907989501953
69	8	的	0.2681243121623993
69	9	地图	13.755125045776367
69	10	。	6.774683952331543
70	1	妈妈	12.954710006713867
70	2	在	5.337001800537109
70	3	做	8.529932022094727
70	4	一	3.9744198322296143
70	5	面	8.787152290344238
70	6	代表	14.70251750946045
70	7	幸运	16.099124908447266
70	8	的	0.6478902697563171
70	9	地图	13.918869018554688
70	10	。	6.372751712799072
71	1	妈妈	12.954710006713867
71	2	在	5.337001800537109
71	3	做	8.529932022094727
71	4	一	3.9744198322296143
71	5	面	8.787152290344238
71	6	代表	14.70251750946045
71	7	幸运	16.099124908447266
71	8	的	0.6478902697563171
71	9	镜子	18.182220458984375
71	10	。	3.8086190223693848
72	1	妈妈	12.954710006713867
72	2	在	5.337001800537109
72	3	做	8.529932022094727
72	4	一	3.9744198322296143
72	5	张	5.599092483520508
72	6	代表	14.25124454498291
72	7	幸运	15.354907989501953
72	8	的	0.2681243121623993
72	9	镜子	17.54946517944336
72	10	。	4.366384029388428
73	1	爸爸	11.671850204467773
73	2	买	8.813190460205078
73	3	了	0.5717286467552185
73	4	一	2.657940149307251
73	5	栋	7.597103595733643
73	6	令	14.264183044433594
73	7	人	0.5754245519638062
73	8	满意	11.484834671020508
73	9	的	1.8247789144515991
73	10	房子	9.176779747009277
73	11	。	4.121970176696777
74	1	爸爸	11.671850204467773
74	2	买	8.813190460205078
74	3	了	0.5717286467552185
74	4	一	2.657940149307251
74	5	条	5.480283260345459
74	6	令	12.915821075439453
74	7	人	1.1194400787353516
74	8	满意	9.957772254943848
74	9	的	2.8644397258758545
74	10	房子	10.884669303894043
74	11	。	3.1794703006744385
75	1	爸爸	11.671850204467773
75	2	买	8.813190460205078
75	3	了	0.5717286467552185
75	4	一	2.657940149307251
75	5	条	5.480283260345459
75	6	令	12.915821075439453
75	7	人	1.1194400787353516
75	8	满意	9.957772254943848
75	9	的	2.8644397258758545
75	10	沙发	17.39315414428711
75	11	。	12.988933563232422
76	1	爸爸	11.671850204467773
76	2	买	8.813190460205078
76	3	了	0.5717286467552185
76	4	一	2.657940149307251
76	5	栋	7.597103595733643
76	6	令	14.264183044433594
76	7	人	0.5754245519638062
76	8	满意	11.484834671020508
76	9	的	1.8247789144515991
76	10	沙发	16.01186180114746
76	11	。	13.70745849609375
77	1	我	5.127028942108154
77	2	想	3.552591562271118
77	3	种	16.213687896728516
77	4	一	6.995518207550049
77	5	朵	19.752309799194336
77	6	能	12.235795974731445
77	7	开花	16.30025863647461
77	8	的	2.3251655101776123
77	9	玫瑰	16.296953201293945
77	10	。	7.753971099853516
78	1	我	5.127028942108154
78	2	想	3.552591562271118
78	3	种	16.213687896728516
78	4	一	6.995518207550049
78	5	颗	12.584372520446777
78	6	能	13.894113540649414
78	7	开花	16.58302879333496
78	8	的	2.416167974472046
78	9	玫瑰	17.445308685302734
78	10	。	6.78530216217041
79	1	我	5.127028942108154
79	2	想	3.552591562271118
79	3	种	16.213687896728516
79	4	一	6.995518207550049
79	5	颗	12.584372520446777
79	6	能	13.894113540649414
79	7	开花	16.58302879333496
79	8	的	2.416167974472046
79	9	种子	13.202498435974121
79	10	。	5.580002784729004
80	1	我	5.127028942108154
80	2	想	3.552591562271118
80	3	种	16.213687896728516
80	4	一	6.995518207550049
80	5	朵	19.752309799194336
80	6	能	12.235795974731445
80	7	开花	16.30025863647461
80	8	的	2.3251655101776123
80	9	种子	12.941075325012207
80	10	。	5.810881614685059
81	1	我	5.127028942108154
81	2	经常	10.094088554382324
81	3	去	6.915752410888672
81	4	一	4.65113639831543
81	5	家	4.997072696685791
81	6	有	7.5085225105285645
81	7	雕塑	16.606521606445312
81	8	的	0.7554833889007568
81	9	医院	11.960386276245117
81	10	。	3.361222743988037
82	1	我	5.127028942108154
82	2	经常	10.094088554382324
82	3	去	6.915752410888672
82	4	一	4.65113639831543
82	5	座	8.811835289001465
82	6	有	8.225364685058594
82	7	雕塑	15.515316009521484
82	8	的	0.8235433101654053
82	9	医院	12.144186973571777
82	10	。	2.6945784091949463
83	1	我	5.127028942108154
83	2	经常	10.094088554382324
83	3	去	6.915752410888672
83	4	一	4.65113639831543
83	5	座	8.811835289001465
83	6	有	8.225364685058594
83	7	雕塑	15.515316009521484
83	8	的	0.8235433101654053
83	9	城市	10.6602783203125
83	10	。	1.7927393913269043
84	1	我	5.127028942108154
84	2	经常	10.094088554382324
84	3	去	6.915752410888672
84	4	一	4.65113639831543
84	5	家	4.997072696685791
84	6	有	7.5085225105285645
84	7	雕塑	16.606521606445312
84	8	的	0.7554833889007568
84	9	城市	11.35723876953125
84	10	。	1.9855070114135742
85	1	我	5.127028942108154
85	2	拜访	15.513352394104004
85	3	了	2.5809803009033203
85	4	这	4.0890936851501465
85	5	一	2.481435537338257
85	6	所	11.591796875
85	7	培养	13.346570014953613
85	8	了	7.238168239593506
85	9	我	6.394686222076416
85	10	的	0.9368323683738708
85	11	高中	14.743392944335938
85	12	。	5.2804856300354
86	1	我	5.127028942108154
86	2	拜访	15.513352394104004
86	3	了	2.5809803009033203
86	4	这	4.0890936851501465
86	5	一	2.481435537338257
86	6	位	6.2364583015441895
86	7	培养	17.588272094726562
86	8	了	1.6332662105560303
86	9	我	5.0310821533203125
86	10	的	0.8187114596366882
86	11	高中	14.579789161682129
86	12	。	6.053974151611328
87	1	我	5.127028942108154
87	2	拜访	15.513352394104004
87	3	了	2.5809803009033203
87	4	这	4.0890936851501465
87	5	一	2.481435537338257
87	6	位	6.2364583015441895
87	7	培养	17.588272094726562
87	8	了	1.6332662105560303
87	9	我	5.0310821533203125
87	10	的	0.8187114596366882
87	11	老师	10.49144172668457
87	12	。	2.0013298988342285
88	1	我	5.127028942108154
88	2	拜访	15.513352394104004
88	3	了	2.5809803009033203
88	4	这	4.0890936851501465
88	5	一	2.481435537338257
88	6	所	11.591796875
88	7	培养	13.346570014953613
88	8	了	7.238168239593506
88	9	我	6.394686222076416
88	10	的	0.9368323683738708
88	11	老师	11.317209243774414
88	12	。	2.052769184112549
89	1	他	5.597632884979248
89	2	在	4.965167999267578
89	3	读	11.761383056640625
89	4	一	3.554849624633789
89	5	条	6.783084392547607
89	6	让	13.27406120300293
89	7	他	4.092893123626709
89	8	流泪	15.687626838684082
89	9	的	1.4791929721832275
89	10	评论	10.276712417602539
89	11	。	5.804926872253418
90	1	他	5.597632884979248
90	2	在	4.965167999267578
90	3	读	11.761383056640625
90	4	一	3.554849624633789
90	5	首	9.399672508239746
90	6	让	13.549032211303711
90	7	他	4.47136116027832
90	8	流泪	15.230566024780273
90	9	的	1.7707982063293457
90	10	评论	10.52077865600586
90	11	。	5.471934795379639
91	1	他	5.597632884979248
91	2	在	4.965167999267578
91	3	读	11.761383056640625
91	4	一	3.554849624633789
91	5	首	9.399672508239746
91	6	让	13.549032211303711
91	7	他	4.47136116027832
91	8	流泪	15.230566024780273
91	9	的	1.7707982063293457
91	10	诗歌	19.372255325317383
91	11	。	3.8811111450195312
92	1	他	5.597632884979248
92	2	在	4.965167999267578
92	3	读	11.761383056640625
92	4	一	3.554849624633789
92	5	条	6.783084392547607
92	6	让	13.27406120300293
92	7	他	4.092893123626709
92	8	流泪	15.687626838684082
92	9	的	1.4791929721832275
92	10	诗歌	19.201364517211914
92	11	。	4.875300407409668
93	1	她	8.245683670043945
93	2	从来	11.334904670715332
93	3	没	5.759606838226318
93	4	见	9.77076244354248
93	5	过	0.548511266708374
93	6	一	5.462588787078857
93	7	头	8.396495819091797
93	8	受伤	14.112059593200684
93	9	了	6.0367937088012695
93	10	的	5.605030536651611
93	11	老虎	18.325214385986328
93	12	。	1.5973241329193115
94	1	她	8.245683670043945
94	2	从来	11.334904670715332
94	3	没	5.759606838226318
94	4	见	9.77076244354248
94	5	过	0.548511266708374
94	6	一	5.462588787078857
94	7	双	11.16843032836914
94	8	受伤	14.134296417236328
94	9	了	7.151132583618164
94	10	的	5.208940505981445
94	11	老虎	18.578214645385742
94	12	。	1.6470303535461426
95	1	她	8.245683670043945
95	2	从来	11.334904670715332
95	3	没	5.759606838226318
95	4	见	9.77076244354248
95	5	过	0.548511266708374
95	6	一	5.462588787078857
95	7	双	11.16843032836914
95	8	受伤	14.134296417236328
95	9	了	7.151132583618164
95	10	的	5.208940505981445
95	11	眼睛	8.474039077758789
95	12	。	4.304220199584961
96	1	她	8.245683670043945
96	2	从来	11.334904670715332
96	3	没	5.759606838226318
96	4	见	9.77076244354248
96	5	过	0.548511266708374
96	6	一	5.462588787078857
96	7	头	8.396495819091797
96	8	受伤	14.112059593200684
96	9	了	6.0367937088012695
96	10	的	5.605030536651611
96	11	眼睛	8.763534545898438
96	12	。	4.218317985534668
97	1	我	5.127028942108154
97	2	还	7.023350238800049
97	3	没有	4.154833793640137
97	4	检查	12.007819175720215
97	5	一	5.7065839767456055
97	6	份	5.67042875289917
97	7	要	11.982361793518066
97	8	被	8.818434715270996
97	9	上交	15.60411262512207
97	10	的	1.7646186351776123
97	11	作业	12.347267150878906
97	12	。	0.9185115098953247
98	1	我	5.127028942108154
98	2	还	7.023350238800049
98	3	没有	4.154833793640137
98	4	检查	12.007819175720215
98	5	一	5.7065839767456055
98	6	行	11.216777801513672
98	7	要	11.652411460876465
98	8	被	9.500146865844727
98	9	上交	15.522632598876953
98	10	的	2.3819591999053955
98	11	作业	12.732926368713379
98	12	。	0.6101676225662231
99	1	我	5.127028942108154
99	2	还	7.023350238800049
99	3	没有	4.154833793640137
99	4	检查	12.007819175720215
99	5	一	5.7065839767456055
99	6	行	11.216777801513672
99	7	要	11.652411460876465
99	8	被	9.500146865844727
99	9	上交	15.522632598876953
99	10	的	2.3819591999053955
99	11	公式	15.389405250549316
99	12	。	0.867535412311554
100	1	我	5.127028942108154
100	2	还	7.023350238800049
100	3	没有	4.154833793640137
100	4	检查	12.007819175720215
100	5	一	5.7065839767456055
100	6	份	5.67042875289917
100	7	要	11.982361793518066
100	8	被	8.818434715270996
100	9	上交	15.60411262512207
100	10	的	1.7646186351776123
100	11	公式	14.248403549194336
100	12	。	1.1594842672348022
101	1	孩子	13.992236137390137
101	2	听到	12.883722305297852
101	3	了	5.106118679046631
101	4	一	6.9073967933654785
101	5	首	10.661995887756348
101	6	令	12.923956871032715
101	7	他	9.256150245666504
101	8	熟悉	10.05292797088623
101	9	的	0.522270143032074
101	10	歌曲	12.420089721679688
101	11	。	3.7467844486236572
102	1	孩子	13.992236137390137
102	2	听到	12.883722305297852
102	3	了	5.106118679046631
102	4	一	6.9073967933654785
102	5	张	5.4737868309021
102	6	令	12.218195915222168
102	7	他	8.839770317077637
102	8	熟悉	10.457406044006348
102	9	的	0.3922073245048523
102	10	歌曲	12.715755462646484
102	11	。	3.85422945022583
103	1	孩子	13.992236137390137
103	2	听到	12.883722305297852
103	3	了	5.106118679046631
103	4	一	6.9073967933654785
103	5	张	5.4737868309021
103	6	令	12.218195915222168
103	7	他	8.839770317077637
103	8	熟悉	10.457406044006348
103	9	的	0.3922073245048523
103	10	专辑	12.589095115661621
103	11	。	5.141839027404785
104	1	孩子	13.992236137390137
104	2	听到	12.883722305297852
104	3	了	5.106118679046631
104	4	一	6.9073967933654785
104	5	首	10.661995887756348
104	6	令	12.923956871032715
104	7	他	9.256150245666504
104	8	熟悉	10.05292797088623
104	9	的	0.522270143032074
104	10	专辑	12.631710052490234
104	11	。	4.8293633460998535
105	1	护士	18.31763458251953
105	2	做	11.994915962219238
105	3	了	2.994852066040039
105	4	一	5.531607151031494
105	5	次	6.469141006469727
105	6	需要	13.095613479614258
105	7	仪器	14.312162399291992
105	8	的	1.1155389547348022
105	9	检查	10.510257720947266
105	10	。	2.7427127361297607
106	1	护士	18.31763458251953
106	2	做	11.994915962219238
106	3	了	2.994852066040039
106	4	一	5.531607151031494
106	5	篇	4.6215691566467285
106	6	需要	12.894485473632812
106	7	仪器	14.446863174438477
106	8	的	0.9198523163795471
106	9	检查	11.385775566101074
106	10	。	2.680328369140625
107	1	护士	18.31763458251953
107	2	做	11.994915962219238
107	3	了	2.994852066040039
107	4	一	5.531607151031494
107	5	篇	4.6215691566467285
107	6	需要	12.894485473632812
107	7	仪器	14.446863174438477
107	8	的	0.9198523163795471
107	9	报告	8.417176246643066
107	10	。	2.5025908946990967
108	1	护士	18.31763458251953
108	2	做	11.994915962219238
108	3	了	2.994852066040039
108	4	一	5.531607151031494
108	5	次	6.469141006469727
108	6	需要	13.095613479614258
108	7	仪器	14.312162399291992
108	8	的	1.1155389547348022
108	9	报告	11.096952438354492
108	10	。	2.369110584259033
109	1	这里	9.559405326843262
109	2	是	0.9193671345710754
109	3	两	7.671217441558838
109	4	台	11.568747520446777
109	5	出现	13.437719345092773
109	6	问题	10.810601234436035
109	7	的	0.7941571474075317
109	8	电视	13.341684341430664
109	9	。	2.3366363048553467
110	1	这里	9.559405326843262
110	2	是	0.9193671345710754
110	3	两	7.671217441558838
110	4	份	10.455748558044434
110	5	出现	13.828035354614258
110	6	问题	11.560219764709473
110	7	的	0.6815509796142578
110	8	电视	13.37887191772461
110	9	。	2.830061197280884
111	1	这里	9.559405326843262
111	2	是	0.9193671345710754
111	3	两	7.671217441558838
111	4	份	10.455748558044434
111	5	出现	13.828035354614258
111	6	问题	11.560219764709473
111	7	的	0.6815509796142578
111	8	订单	16.97040367126465
111	9	。	2.6892173290252686
112	1	这里	9.559405326843262
112	2	是	0.9193671345710754
112	3	两	7.671217441558838
112	4	台	11.568747520446777
112	5	出现	13.437719345092773
112	6	问题	10.810601234436035
112	7	的	0.7941571474075317
112	8	订单	16.24138069152832
112	9	。	2.2910118103027344
113	1	他	5.597632884979248
113	2	很	7.8584885597229
113	3	欣赏	11.206315994262695
113	4	一	5.104825496673584
113	5	处	7.967747211456299
113	6	有	9.943177223205566
113	7	名气	15.358146667480469
113	8	的	0.7205419540405273
113	9	景点	14.851103782653809
113	10	。	1.3622699975967407
114	1	他	5.597632884979248
114	2	很	7.8584885597229
114	3	欣赏	11.206315994262695
114	4	一	5.104825496673584
114	5	位	4.917900085449219
114	6	有	7.486593246459961
114	7	名气	15.213868141174316
114	8	的	0.6122865080833435
114	9	景点	14.968609809875488
114	10	。	2.130063533782959
115	1	他	5.597632884979248
115	2	很	7.8584885597229
115	3	欣赏	11.206315994262695
115	4	一	5.104825496673584
115	5	位	4.917900085449219
115	6	有	7.486593246459961
115	7	名气	15.213868141174316
115	8	的	0.6122865080833435
115	9	领导	10.851238250732422
115	10	。	4.221683979034424
116	1	他	5.597632884979248
116	2	很	7.8584885597229
116	3	欣赏	11.206315994262695
116	4	一	5.104825496673584
116	5	处	7.967747211456299
116	6	有	9.943177223205566
116	7	名气	15.358146667480469
116	8	的	0.7205419540405273
116	9	领导	11.72427749633789
116	10	。	3.9576375484466553
117	1	那里	14.159455299377441
117	2	有	3.114332675933838
117	3	一	1.2570114135742188
117	4	支	8.260392189025879
117	5	完成	14.944842338562012
117	6	任务	11.66718578338623
117	7	了	8.410714149475098
117	8	的	9.798990249633789
117	9	舰队	15.496602058410645
117	10	。	3.7231342792510986
118	1	那里	14.159455299377441
118	2	有	3.114332675933838
118	3	一	1.2570114135742188
118	4	艘	7.575621128082275
118	5	完成	17.376237869262695
118	6	任务	13.943402290344238
118	7	了	7.710991859436035
118	8	的	10.281828880310059
118	9	舰队	14.67425537109375
118	10	。	2.3509695529937744
119	1	那里	14.159455299377441
119	2	有	3.114332675933838
119	3	一	1.2570114135742188
119	4	艘	7.575621128082275
119	5	完成	17.376237869262695
119	6	任务	13.943402290344238
119	7	了	7.710991859436035
119	8	的	10.281828880310059
119	9	渔船	13.424487113952637
119	10	。	2.945984363555908
120	1	那里	14.159455299377441
120	2	有	3.114332675933838
120	3	一	1.2570114135742188
120	4	支	8.260392189025879
120	5	完成	14.944842338562012
120	6	任务	11.66718578338623
120	7	了	8.410714149475098
120	8	的	9.798990249633789
120	9	渔船	16.46925163269043
120	10	。	3.828390121459961
