sentence_id	token_id	token	surprisal
1	1	那	7.210642337799072
1	2	家	8.971098899841309
1	3	老板	9.994868278503418
1	4	投资	15.85219955444336
1	5	的	2.3855502605438232
1	6	饭店	13.316019058227539
1	7	很	5.912636756896973
1	8	受	9.057706832885742
1	9	欢迎	3.6319420337677
1	10	。	4.8823347091674805
2	1	那	7.210642337799072
2	2	个	7.011213302612305
2	3	老板	11.888957023620605
2	4	投资	17.430633544921875
2	5	的	2.159395456314087
2	6	饭店	14.104815483093262
2	7	很	5.8648834228515625
2	8	受	8.699054718017578
2	9	欢迎	3.265408754348755
2	10	。	4.311748027801514
3	1	那	7.210642337799072
3	2	幅	14.024829864501953
3	3	朋友	8.129865646362305
3	4	喜欢	12.645745277404785
3	5	的	4.896579742431641
3	6	画	13.120949745178223
3	7	吸引	14.420324325561523
3	8	了	4.548644065856934
3	9	我	5.166083812713623
3	10	。	4.670286655426025
4	1	那	7.210642337799072
4	2	个	7.011213302612305
4	3	朋友	7.653909683227539
4	4	喜欢	10.186378479003906
4	5	的	4.817522048950195
4	6	画	15.242960929870605
4	7	吸引	14.787646293640137
4	8	了	3.706123113632202
4	9	我	4.2933125495910645
4	10	。	4.410163402557373
5	1	那	7.210642337799072
5	2	件	8.543764114379883
5	3	老师	16.205232620239258
5	4	收藏	17.484689712524414
5	5	的	1.0166572332382202
5	6	艺术品	16.69529151916504
5	7	获	17.641876220703125
5	8	了	4.549942493438721
5	9	奖	10.193244934082031
5	10	。	1.4542478322982788
6	1	那	7.210642337799072
6	2	个	7.011213302612305
6	3	老师	12.21839714050293
6	4	收藏	17.789447784423828
6	5	的	0.9496385455131531
6	6	艺术品	16.450271606445312
6	7	获	17.91425132751465
6	8	了	4.165532112121582
6	9	奖	9.919356346130371
6	10	。	1.1639864444732666
7	1	那	7.210642337799072
7	2	只	7.1816020011901855
7	3	店长	22.56380271911621
7	4	喜欢	13.944427490234375
7	5	的	5.1338019371032715
7	6	宠物	15.284640312194824
7	7	生病	13.566805839538574
7	8	了	1.4399510622024536
7	9	。	0.7730227708816528
8	1	那	7.210642337799072
8	2	个	7.011213302612305
8	3	店长	20.49430274963379
8	4	喜欢	12.897356033325195
8	5	的	2.9198684692382812
8	6	宠物	15.911275863647461
8	7	生病	13.967669486999512
8	8	了	1.604291319847107
8	9	。	1.281714916229248
9	1	那	7.210642337799072
9	2	首	12.355353355407715
9	3	明星	17.732324600219727
9	4	唱	14.06157398223877
9	5	的	2.7822577953338623
9	6	歌	10.270454406738281
9	7	很	9.950252532958984
9	8	好听	13.509051322937012
9	9	。	2.8163905143737793
10	1	那	7.210642337799072
10	2	个	7.011213302612305
10	3	明星	14.299861907958984
10	4	唱	15.008950233459473
10	5	的	2.318277597427368
10	6	歌	10.207530975341797
10	7	很	10.564939498901367
10	8	好听	13.472583770751953
10	9	。	3.1886353492736816
11	1	那	7.210642337799072
11	2	所	10.911737442016602
11	3	老人	15.659682273864746
11	4	去	10.693628311157227
11	5	的	3.0577545166015625
11	6	学校	9.348448753356934
11	7	关闭	15.242409706115723
11	8	了	0.7073227763175964
11	9	。	4.109570026397705
12	1	那	7.210642337799072
12	2	个	7.011213302612305
12	3	老人	12.611042976379395
12	4	去	9.677339553833008
12	5	的	4.656721591949463
12	6	学校	8.795363426208496
12	7	关闭	14.916610717773438
12	8	了	0.45905208587646484
12	9	。	3.617401123046875
13	1	那	7.210642337799072
13	2	件	8.543764114379883
13	3	司机	19.93368148803711
13	4	带	10.706120491027832
13	5	的	7.406892776489258
13	6	行李	15.446342468261719
13	7	丢	12.293313980102539
13	8	了	1.0823509693145752
13	9	。	5.487293720245361
14	1	那	7.210642337799072
14	2	个	7.011213302612305
14	3	司机	15.44312858581543
14	4	带	10.412806510925293
14	5	的	7.814532279968262
14	6	行李	15.038309097290039
14	7	丢	12.095466613769531
14	8	了	0.8266164660453796
14	9	。	5.623892307281494
15	1	那	7.210642337799072
15	2	本	7.945889472961426
15	3	作家	14.390464782714844
15	4	写	9.412894248962402
15	5	的	1.5361502170562744
15	6	书	5.249518394470215
15	7	很	7.522578716278076
15	8	受	7.9621782302856445
15	9	欢迎	2.292607307434082
15	10	。	3.1062700748443604
16	1	那	7.210642337799072
16	2	个	7.011213302612305
16	3	作家	13.10025691986084
16	4	写	9.421977996826172
16	5	的	1.3968796730041504
16	6	书	7.291284084320068
16	7	很	7.030143737792969
16	8	受	7.905972957611084
16	9	欢迎	2.634204626083374
16	10	。	2.813753128051758
17	1	那	7.210642337799072
17	2	辆	9.826339721679688
17	3	朋友	11.07190990447998
17	4	开	8.175725936889648
17	5	的	6.256246566772461
17	6	车	3.684476375579834
17	7	坏	15.616368293762207
17	8	了	2.2308497428894043
17	9	。	2.4522433280944824
18	1	那	7.210642337799072
18	2	个	7.011213302612305
18	3	朋友	7.653909683227539
18	4	开	8.869866371154785
18	5	的	5.5385518074035645
18	6	车	6.8159613609313965
18	7	坏	15.659981727600098
18	8	了	1.5550870895385742
18	9	。	1.6453213691711426
19	1	那	7.210642337799072
19	2	份	10.27010726928711
19	3	孩子	15.408963203430176
19	4	做	8.444345474243164
19	5	的	1.6028039455413818
19	6	作业	15.225090026855469
19	7	获	19.59276580810547
19	8	了	4.590736389160156
19	9	奖	9.744351387023926
19	10	。	1.3270536661148071
20	1	那	7.210642337799072
20	2	个	7.011213302612305
20	3	孩子	5.0932488441467285
20	4	做	8.264646530151367
20	5	的	1.6305747032165527
20	6	作业	14.822668075561523
20	7	获	20.60890769958496
20	8	了	4.934202671051025
20	9	奖	10.058914184570312
20	10	。	1.0843011140823364
21	1	那	7.210642337799072
21	2	份	10.27010726928711
21	3	老板	13.313329696655273
21	4	制定	15.772764205932617
21	5	的	5.512331008911133
21	6	合同	12.074336051940918
21	7	到期	19.974050521850586
21	8	了	8.152907371520996
21	9	。	8.01546573638916
22	1	那	7.210642337799072
22	2	个	7.011213302612305
22	3	老板	11.888957023620605
22	4	制定	17.416418075561523
22	5	的	3.650214433670044
22	6	合同	13.189681053161621
22	7	到期	20.3410587310791
22	8	了	7.538116455078125
22	9	。	7.418768882751465
23	1	那	7.210642337799072
23	2	间	14.095988273620605
23	3	朋友	10.787986755371094
23	4	开	9.678166389465332
23	5	的	5.260526180267334
23	6	工厂	12.522708892822266
23	7	倒闭	15.076665878295898
23	8	了	3.4415180683135986
23	9	。	3.8590502738952637
24	1	那	7.210642337799072
24	2	个	7.011213302612305
24	3	朋友	7.653909683227539
24	4	开	8.869866371154785
24	5	的	5.5385518074035645
24	6	工厂	12.321126937866211
24	7	倒闭	15.901941299438477
24	8	了	2.0444672107696533
24	9	。	3.1624815464019775
25	1	那	7.210642337799072
25	2	张	8.95130729675293
25	3	孩子	9.66751766204834
25	4	照	16.94207000732422
25	5	的	2.226701498031616
25	6	照片	9.860700607299805
25	7	丢	15.586136817932129
25	8	了	0.9954487085342407
25	9	。	3.567877769470215
26	1	那	7.210642337799072
26	2	个	7.011213302612305
26	3	孩子	5.0932488441467285
26	4	照	17.19612693786621
26	5	的	2.4925949573516846
26	6	照片	11.199297904968262
26	7	丢	16.026124954223633
26	8	了	0.8173651695251465
26	9	。	2.833477735519409
27	1	那	7.210642337799072
27	2	台	14.949557304382324
27	3	老师	11.3485107421875
27	4	用	8.636397361755371
27	5	的	4.737916469573975
27	6	手机	11.685712814331055
27	7	很	8.250330924987793
27	8	好用	17.591114044189453
27	9	。	4.5301361083984375
28	1	那	7.210642337799072
28	2	个	7.011213302612305
28	3	老师	12.21839714050293
28	4	用	6.744566440582275
28	5	的	4.122987747192383
28	6	手机	10.452439308166504
28	7	很	8.807765007019043
28	8	好用	17.64015769958496
28	9	。	4.255762100219727
29	1	那	7.210642337799072
29	2	朵	18.304723739624023
29	3	邻居	15.026019096374512
29	4	种	15.705670356750488
29	5	的	8.400897979736328
29	6	花	11.793192863464355
29	7	很	10.563980102539062
29	8	好看	12.53516960144043
29	9	。	2.118601083755493
30	1	那	7.210642337799072
30	2	个	7.011213302612305
30	3	邻居	11.878536224365234
30	4	种	17.548503875732422
30	5	的	9.56970500946045
30	6	花	13.481486320495605
30	7	很	8.528770446777344
30	8	好看	12.513871192932129
30	9	。	1.6198674440383911
31	1	那	7.210642337799072
31	2	台	14.949557304382324
31	3	科学家	14.712126731872559
31	4	做	11.497147560119629
31	5	的	2.475825309753418
31	6	电视	14.273595809936523
31	7	坏	14.745244979858398
31	8	了	5.059282302856445
31	9	。	2.960204839706421
32	1	那	7.210642337799072
32	2	个	7.011213302612305
32	3	科学家	12.53644847869873
32	4	做	10.88110065460205
32	5	的	1.6311914920806885
32	6	电视	13.713127136230469
32	7	坏	15.282353401184082
32	8	了	4.380282402038574
32	9	。	3.633516550064087
33	1	那	7.210642337799072
33	2	栋	11.777260780334473
33	3	男人	13.431792259216309
33	4	买	9.716312408447266
33	5	的	3.778029441833496
33	6	房子	4.682722091674805
33	7	起火	15.199664115905762
33	8	了	2.278839588165283
33	9	。	4.081031799316406
34	1	那	7.210642337799072
34	2	个	7.011213302612305
34	3	男人	8.05949592590332
34	4	买	11.071050643920898
34	5	的	4.2641472816467285
34	6	房子	5.294648170471191
34	7	起火	16.827510833740234
34	8	了	1.4874812364578247
34	9	。	1.963173508644104
35	1	那	7.210642337799072
35	2	条	9.553585052490234
35	3	朋友	11.42114543914795
35	4	给	5.602954387664795
35	5	的	9.618066787719727
35	6	建议	11.731141090393066
35	7	很	7.247175216674805
35	8	真诚	13.752392768859863
35	9	。	5.226508140563965
36	1	那	7.210642337799072
36	2	个	7.011213302612305
36	3	朋友	7.653909683227539
36	4	给	5.195169448852539
36	5	的	9.097013473510742
36	6	建议	12.084321975708008
36	7	很	8.540030479431152
36	8	真诚	13.488712310791016
36	9	。	5.667849540710449
37	1	那	7.210642337799072
37	2	支	11.547490119934082
37	3	老师	10.547394752502441
37	4	用	7.809770107269287
37	5	的	4.032278060913086
37	6	笔	12.283464431762695
37	7	坏	14.195649147033691
37	8	了	1.303554654121399
37	9	。	3.341904878616333
38	1	那	7.210642337799072
38	2	个	7.011213302612305
38	3	老师	12.21839714050293
38	4	用	6.744566440582275
38	5	的	4.122987747192383
38	6	笔	12.496541023254395
38	7	坏	14.28820514678955
38	8	了	1.3675175905227661
38	9	。	2.3713479042053223
39	1	那	7.210642337799072
39	2	只	7.1816020011901855
39	3	女人	17.319683074951172
39	4	丢	14.641818046569824
39	5	的	9.441536903381348
39	6	鞋子	15.562613487243652
39	7	被	8.381897926330566
39	8	找到	10.065486907958984
39	9	了	0.5639077425003052
39	10	。	0.8163175582885742
40	1	那	7.210642337799072
40	2	个	7.011213302612305
40	3	女人	9.125868797302246
40	4	丢	15.962470054626465
40	5	的	8.0614595413208
40	6	鞋子	15.166013717651367
40	7	被	8.142454147338867
40	8	找到	10.030512809753418
40	9	了	0.4079825282096863
40	10	。	1.2699687480926514
41	1	那	7.210642337799072
41	2	条	9.553585052490234
41	3	邻居	12.674171447753906
41	4	养	14.440492630004883
41	5	的	5.743075847625732
41	6	狗	12.026237487792969
41	7	生病	13.56535816192627
41	8	了	2.3562397956848145
41	9	。	1.1804389953613281
42	1	那	7.210642337799072
42	2	个	7.011213302612305
42	3	邻居	11.878536224365234
42	4	养	13.735673904418945
42	5	的	4.5677490234375
42	6	狗	12.1777925491333
42	7	生病	13.402692794799805
42	8	了	1.8527289628982544
42	9	。	1.8986358642578125
43	1	那	7.210642337799072
43	2	座	12.209722518920898
43	3	老人	12.743465423583984
43	4	修	16.83076286315918
43	5	的	3.683161497116089
43	6	桥	11.905410766601562
43	7	帮助	16.390966415405273
43	8	了	6.451945781707764
43	9	我	4.273245811462402
43	10	。	5.714880466461182
44	1	那	7.210642337799072
44	2	个	7.011213302612305
44	3	老人	12.611042976379395
44	4	修	17.238157272338867
44	5	的	2.99552321434021
44	6	桥	12.959922790527344
44	7	帮助	16.25959014892578
44	8	了	5.7948527336120605
44	9	我	4.350988864898682
44	10	。	5.360844135284424
45	1	那	7.210642337799072
45	2	篇	8.509614944458008
45	3	学生	14.01062297821045
45	4	准备	12.466440200805664
45	5	的	4.379809379577637
45	6	报告	8.055171012878418
45	7	感动	15.367766380310059
45	8	了	0.20131030678749084
45	9	我	3.8126380443573
45	10	。	5.6260786056518555
46	1	那	7.210642337799072
46	2	个	7.011213302612305
46	3	学生	9.6033353805542
46	4	准备	11.062583923339844
46	5	的	5.195699214935303
46	6	报告	12.610818862915039
46	7	感动	16.26508331298828
46	8	了	0.16442668437957764
46	9	我	4.128866195678711
46	10	。	5.609443664550781
47	1	那	7.210642337799072
47	2	封	12.906316757202148
47	3	朋友	7.962045192718506
47	4	写	7.810585021972656
47	5	的	3.7398386001586914
47	6	信	8.833212852478027
47	7	很	7.037754058837891
47	8	真诚	14.086530685424805
47	9	。	6.865529537200928
48	1	那	7.210642337799072
48	2	个	7.011213302612305
48	3	朋友	7.653909683227539
48	4	写	8.229158401489258
48	5	的	2.091005563735962
48	6	信	9.878321647644043
48	7	很	7.6129231452941895
48	8	真诚	13.829817771911621
48	9	。	6.541903018951416
49	1	那	7.210642337799072
49	2	堂	18.147550582885742
49	3	老师	9.990900039672852
49	4	教	13.333325386047363
49	5	的	5.902048110961914
49	6	课	10.651997566223145
49	7	获	18.71943473815918
49	8	了	5.228520393371582
49	9	奖	11.008160591125488
49	10	。	1.8667031526565552
50	1	那	7.210642337799072
50	2	个	7.011213302612305
50	3	老师	12.21839714050293
50	4	教	11.858715057373047
50	5	的	6.009015083312988
50	6	课	10.57789421081543
50	7	获	18.56583023071289
50	8	了	4.606441974639893
50	9	奖	11.53110122680664
50	10	。	1.957748293876648
51	1	那	7.210642337799072
51	2	块	12.390926361083984
51	3	医生	12.53138542175293
51	4	喜欢	13.073105812072754
51	5	的	5.9693922996521
51	6	手表	15.91540241241455
51	7	丢	15.174287796020508
51	8	了	0.5186740159988403
51	9	。	4.52718448638916
52	1	那	7.210642337799072
52	2	个	7.011213302612305
52	3	医生	11.958135604858398
52	4	喜欢	12.331636428833008
52	5	的	4.677700519561768
52	6	手表	16.318252563476562
52	7	丢	16.23062515258789
52	8	了	0.3479374647140503
52	9	。	6.2409868240356445
53	1	那	7.210642337799072
53	2	篇	8.509614944458008
53	3	学生	14.01062297821045
53	4	写	7.310171127319336
53	5	的	1.9775277376174927
53	6	论文	10.980571746826172
53	7	感动	15.912214279174805
53	8	了	0.603670597076416
53	9	我	4.033386707305908
53	10	。	6.455888271331787
54	1	那	7.210642337799072
54	2	个	7.011213302612305
54	3	学生	9.6033353805542
54	4	写	9.008899688720703
54	5	的	2.9350593090057373
54	6	论文	12.39842414855957
54	7	感动	16.686145782470703
54	8	了	0.4318962097167969
54	9	我	4.316236972808838
54	10	。	6.580188274383545
55	1	那	7.210642337799072
55	2	场	8.680612564086914
55	3	演员	15.55355167388916
55	4	准备	12.911319732666016
55	5	的	7.263405799865723
55	6	表演	11.053948402404785
55	7	很	7.922442436218262
55	8	受	8.155839920043945
55	9	欢迎	1.8204796314239502
55	10	。	3.8378496170043945
56	1	那	7.210642337799072
56	2	个	7.011213302612305
56	3	演员	14.51048469543457
56	4	准备	13.81911849975586
56	5	的	7.398128032684326
56	6	表演	11.959376335144043
56	7	很	6.653900623321533
56	8	受	8.57531452178955
56	9	欢迎	1.9746710062026978
56	10	。	3.724400758743286
57	1	那	7.210642337799072
57	2	间	14.095988273620605
57	3	警察	13.335694313049316
57	4	工作	11.451343536376953
57	5	的	4.00880765914917
57	6	办公室	12.181525230407715
57	7	起火	16.529603958129883
57	8	了	6.279331207275391
57	9	。	3.921903371810913
58	1	那	7.210642337799072
58	2	个	7.011213302612305
58	3	警察	13.551465034484863
58	4	工作	11.916780471801758
58	5	的	3.8739404678344727
58	6	办公室	12.287384033203125
58	7	起火	16.84895896911621
58	8	了	5.3510332107543945
58	9	。	3.4389472007751465
59	1	那	7.210642337799072
59	2	首	12.355353355407715
59	3	孩子	15.597116470336914
59	4	写	9.557652473449707
59	5	的	2.204040288925171
59	6	诗	13.41135311126709
59	7	很	7.49576473236084
59	8	有趣	6.898226737976074
59	9	。	3.8432068824768066
60	1	那	7.210642337799072
60	2	个	7.011213302612305
60	3	孩子	5.0932488441467285
60	4	写	9.874537467956543
60	5	的	1.7673317193984985
60	6	诗	14.039791107177734
60	7	很	7.9012579917907715
60	8	有趣	6.852167129516602
60	9	。	3.528754472732544
61	1	那	7.210642337799072
61	2	家	8.971098899841309
61	3	朋友	9.341119766235352
61	4	去	9.44000244140625
61	5	的	6.582724094390869
61	6	银行	12.088264465332031
61	7	帮助	16.11775779724121
61	8	了	8.117144584655762
61	9	我	2.985403537750244
61	10	。	3.7882823944091797
62	1	那	7.210642337799072
62	2	个	7.011213302612305
62	3	朋友	7.653909683227539
62	4	去	8.510068893432617
62	5	的	5.775915622711182
62	6	银行	13.272482872009277
62	7	帮助	15.954051971435547
62	8	了	9.220043182373047
62	9	我	3.0658373832702637
62	10	。	4.206161975860596
