sentence_id	token_id	token	surprisal
1	1	记者	7.99862
1	2	采访	9.03564
1	3	了	2.29515
1	4	研发	20.4167
1	5	帮助	20.0607
1	6	老人	11.6382
1	7	的	2.35833
1	8	产品	14.0814
1	9	。	0.356738
2	1	记者	7.99862
2	2	采访	9.03564
2	3	了	2.29515
2	4	研发	20.4167
2	5	帮助	20.0607
2	6	老人	11.6382
2	7	的	2.35833
2	8	产品	14.0814
2	9	的	8.57188
2	10	科学家	12.0247
2	11	。	0.256977
3	1	他	4.39796
3	2	认识	16.2428
3	3	了	4.17527
3	4	写	18.3517
3	5	介绍	13.2062
3	6	名人	18.3514
3	7	的	1.15124
3	8	书	11.8576
3	9	。	10.534
4	1	他	4.39796
4	2	认识	16.2428
4	3	了	4.17527
4	4	写	18.3517
4	5	介绍	13.2062
4	6	名人	18.3514
4	7	的	1.15124
4	8	书	11.8576
4	9	的	13.4091
4	10	老师	12.3818
4	11	。	8.7942
5	1	他	4.39796
5	2	拍	18.088
5	3	下	14.3113
5	4	了	2.28973
5	5	获得	15.7285
5	6	代表	15.2295
5	7	实力	13.1828
5	8	的	0.161952
5	9	大奖	12.6708
5	10	。	1.14183
6	1	他	4.39796
6	2	拍	18.088
6	3	下	14.3113
6	4	了	2.28973
6	5	获得	15.7285
6	6	代表	15.2295
6	7	实力	13.1828
6	8	的	0.161952
6	9	大奖	12.6708
6	10	的	0.948357
6	11	艺术品	15.7536
6	12	。	0.823441
7	1	我们	7.55796
7	2	参加	11.1383
7	3	了	1.3105
7	4	吸引	13.8826
7	5	学习	16.5469
7	6	历史	10.4673
7	7	的	1.43629
7	8	学生	9.51523
7	9	。	3.63285
8	1	我们	7.55796
8	2	参加	11.1383
8	3	了	1.3105
8	4	吸引	13.8826
8	5	学习	16.5469
8	6	历史	10.4673
8	7	的	1.43629
8	8	学生	9.51523
8	9	的	11.3138
8	10	活动	10.0872
8	11	。	3.11832
9	1	他	4.39796
9	2	想起	17.5533
9	3	了	2.41813
9	4	写	13.4184
9	5	过	5.0555
9	6	宣传	15.4868
9	7	环保	18.5499
9	8	的	1.04369
9	9	歌	12.8072
9	10	。	12.4378
10	1	他	4.39796
10	2	想起	17.5533
10	3	了	2.41813
10	4	写	13.4184
10	5	过	5.0555
10	6	宣传	15.4868
10	7	环保	18.5499
10	8	的	1.04369
10	9	歌	12.8072
10	10	的	0.635706
10	11	同学	12.0721
10	12	。	10.0621
11	1	司机	18.432
11	2	启动	15.9617
11	3	了	2.47582
11	4	装有	13.6897
11	5	支持	19.1374
11	6	互联网	13.1566
11	7	功能	12.1184
11	8	的	0.600074
11	9	音响	11.5608
11	10	。	7.43273
12	1	司机	18.432
12	2	启动	15.9617
12	3	了	2.47582
12	4	装有	13.6897
12	5	支持	19.1374
12	6	互联网	13.1566
12	7	功能	12.1184
12	8	的	0.600074
12	9	音响	11.5608
12	10	的	2.72718
12	11	车	11.2138
12	12	。	2.41926
13	1	爸爸	14.651
13	2	买	8.78743
13	3	了	1.22429
13	4	带	14.3935
13	5	配备	24.4275
13	6	保险	16.1631
13	7	的	0.939326
13	8	家具	12.6181
13	9	。	1.72934
14	1	爸爸	14.651
14	2	买	8.78743
14	3	了	1.22429
14	4	带	14.3935
14	5	配备	24.4275
14	6	保险	16.1631
14	7	的	0.939326
14	8	家具	12.6181
14	9	的	11.9004
14	10	房子	10.1947
14	11	。	1.51864
15	1	他	4.39796
15	2	损失	21.1476
15	3	了	2.94388
15	4	买	13.8392
15	5	治疗	18.4484
15	6	疾病	13.0484
15	7	的	0.676156
15	8	药	11.7517
15	9	。	2.54437
16	1	他	4.39796
16	2	损失	21.1476
16	3	了	2.94388
16	4	买	13.8392
16	5	治疗	18.4484
16	6	疾病	13.0484
16	7	的	0.676156
16	8	药	11.7517
16	9	的	11.0394
16	10	现金	13.2581
16	11	。	3.12276
17	1	我	7.44964
17	2	拜访	17.1298
17	3	了	1.3493
17	4	去	11.8922
17	5	过	6.93056
17	6	支持	16.1166
17	7	贸易	15.4802
17	8	的	1.17295
17	9	中国	5.4646
17	10	。	4.45875
18	1	我	7.44964
18	2	拜访	17.1298
18	3	了	1.3493
18	4	去	11.8922
18	5	过	6.93056
18	6	支持	16.1166
18	7	贸易	15.4802
18	8	的	1.17295
18	9	中国	5.4646
18	10	的	5.44519
18	11	邻居	14.9139
18	12	。	1.42716
19	1	爷爷	19.327
19	2	中止	20.7579
19	3	了	1.69382
19	4	引发	15.8876
19	5	伤害	11.4743
19	6	亲情	15.9729
19	7	的	0.0948381
19	8	争吵	11.6422
19	9	。	0.841816
20	1	爷爷	19.327
20	2	中止	20.7579
20	3	了	1.69382
20	4	引发	15.8876
20	5	伤害	11.4743
20	6	亲情	15.9729
20	7	的	0.0948381
20	8	争吵	11.6422
20	9	的	13.677
20	10	谈话	15.2904
20	11	。	0.354898
21	1	她	7.66365
21	2	提到	13.6713
21	3	了	3.01379
21	4	看	13.7314
21	5	着	5.64381
21	6	带来	18.9576
21	7	欢乐	14.2726
21	8	的	0.247053
21	9	电视	11.5124
21	10	。	11.5107
22	1	她	7.66365
22	2	提到	13.6713
22	3	了	3.01379
22	4	看	13.7314
22	5	着	5.64381
22	6	带来	18.9576
22	7	欢乐	14.2726
22	8	的	0.247053
22	9	电视	11.5124
22	10	的	2.99348
22	11	女儿	16.5443
22	12	。	9.29348
23	1	医生	15.1498
23	2	表扬	16.8581
23	3	了	1.45928
23	4	帮助	15.1113
23	5	种	15.706
23	6	菜	9.58873
23	7	的	0.480322
23	8	老人	12.8632
23	9	。	2.46091
24	1	医生	15.1498
24	2	表扬	16.8581
24	3	了	1.45928
24	4	帮助	15.1113
24	5	种	15.706
24	6	菜	9.58873
24	7	的	0.480322
24	8	老人	12.8632
24	9	的	7.78905
24	10	孩子	5.82913
24	11	。	2.47726
25	1	她	7.66365
25	2	介绍	7.83456
25	3	了	3.86826
25	4	生产	13.0472
25	5	装有	24.8885
25	6	音响	9.46713
25	7	的	1.09892
25	8	电视	13.8532
25	9	。	5.22937
26	1	她	7.66365
26	2	介绍	7.83456
26	3	了	3.86826
26	4	生产	13.0472
26	5	装有	24.8885
26	6	音响	9.46713
26	7	的	1.09892
26	8	电视	13.8532
26	9	的	13.7094
26	10	工厂	15.4724
26	11	。	1.31621
27	1	我	7.44964
27	2	洗	18.3377
27	3	了	2.18753
27	4	陪伴	17.1156
27	5	过	8.29493
27	6	卖	14.6761
27	7	衣服	8.50532
27	8	的	0.0916228
27	9	母亲	10.3047
27	10	。	3.76922
28	1	我	7.44964
28	2	洗	18.3377
28	3	了	2.18753
28	4	陪伴	17.1156
28	5	过	8.29493
28	6	卖	14.6761
28	7	衣服	8.50532
28	8	的	0.0916228
28	9	母亲	10.3047
28	10	的	1.24803
28	11	衣服	6.97287
28	12	。	1.92914
29	1	学生	14.6754
29	2	们	20.7314
29	3	写	11.6281
29	4	着	2.00496
29	5	困扰	21.0464
29	6	努力	16.8489
29	7	学习	6.79082
29	8	的	4.38885
29	9	他们	12.6146
29	10	。	5.13163
30	1	学生	14.6754
30	2	们	20.7314
30	3	写	11.6281
30	4	着	2.00496
30	5	困扰	21.0464
30	6	努力	16.8489
30	7	学习	6.79082
30	8	的	4.38885
30	9	他们	12.6146
30	10	的	2.51165
30	11	作业	16.9704
30	12	。	3.72194
31	1	店长	21.3537
31	2	拿	15.5044
31	3	着	2.17403
31	4	开	15.7761
31	5	通往	19.7867
31	6	仓库	13.805
31	7	的	0.225485
31	8	大门	11.7671
31	9	。	9.94911
32	1	店长	21.3537
32	2	拿	15.5044
32	3	着	2.17403
32	4	开	15.7761
32	5	通往	19.7867
32	6	仓库	13.805
32	7	的	0.225485
32	8	大门	11.7671
32	9	的	2.29238
32	10	钥匙	12.6599
32	11	。	10.6251
33	1	有人	14.0699
33	2	听	10.3136
33	3	着	5.26062
33	4	打扰	21.1938
33	5	了	8.19168
33	6	写	12.8516
33	7	书	10.1272
33	8	的	0.734378
33	9	邻居	15.3942
33	10	。	7.67708
34	1	有人	14.0699
34	2	听	10.3136
34	3	着	5.26062
34	4	打扰	21.1938
34	5	了	8.19168
34	6	写	12.8516
34	7	书	10.1272
34	8	的	0.734378
34	9	邻居	15.3942
34	10	的	6.99299
34	11	音乐	9.32129
34	12	。	7.89915
35	1	我	7.44964
35	2	观察	14.8106
35	3	着	7.85427
35	4	经营	16.3242
35	5	卖	16.7638
35	6	食品	8.4879
35	7	的	0.936877
35	8	商店	10.2932
35	9	。	1.72565
36	1	我	7.44964
36	2	观察	14.8106
36	3	着	7.85427
36	4	经营	16.3242
36	5	卖	16.7638
36	6	食品	8.4879
36	7	的	0.936877
36	8	商店	10.2932
36	9	的	10.5628
36	10	男人	15.973
36	11	。	1.52642
37	1	学生	14.6754
37	2	们	20.7314
37	3	读	13.5041
37	4	着	4.0803
37	5	描述	15.3764
37	6	启发	16.979
37	7	读者	14.1512
37	8	的	0.440264
37	9	故事	6.83773
37	10	。	3.11253
38	1	学生	14.6754
38	2	们	20.7314
38	3	读	13.5041
38	4	着	4.0803
38	5	描述	15.3764
38	6	启发	16.979
38	7	读者	14.1512
38	8	的	0.440264
38	9	故事	6.83773
38	10	的	13.2188
38	11	书	9.63851
38	12	。	3.83314
39	1	教练	13.5805
39	2	创办	18.9994
39	3	过	5.34523
39	4	教	17.311
39	5	治疗	11.4548
39	6	失眠	20.9819
39	7	的	3.40855
39	8	动作	10.6
39	9	。	8.65602
40	1	教练	13.5805
40	2	创办	18.9994
40	3	过	5.34523
40	4	教	17.311
40	5	治疗	11.4548
40	6	失眠	20.9819
40	7	的	3.40855
40	8	动作	10.6
40	9	的	11.062
40	10	健身房	15.8231
40	11	。	8.87435
41	1	我	7.44964
41	2	喜欢	8.16341
41	3	过	7.09128
41	4	给	10.7664
41	5	我	3.8165
41	6	克服	18.7943
41	7	困难	5.08092
41	8	的	3.44105
41	9	信心	8.01444
41	10	。	0.44098
42	1	我	7.44964
42	2	喜欢	8.16341
42	3	过	7.09128
42	4	给	10.7664
42	5	我	3.8165
42	6	克服	18.7943
42	7	困难	5.08092
42	8	的	3.44105
42	9	信心	8.01444
42	10	的	11.7073
42	11	音乐	15.9009
42	12	。	1.94227
43	1	她	7.66365
43	2	开	14.9818
43	3	过	4.75577
43	4	容纳	19.2892
43	5	很多	11.8819
43	6	学习	14.4178
43	7	舞蹈	10.5859
43	8	的	0.561414
43	9	人	9.54748
43	10	。	3.37072
44	1	她	7.66365
44	2	开	14.9818
44	3	过	4.75577
44	4	容纳	19.2892
44	5	很多	11.8819
44	6	学习	14.4178
44	7	舞蹈	10.5859
44	8	的	0.561414
44	9	人	9.54748
44	10	的	1.77412
44	11	车	15.8164
44	12	。	2.47078
45	1	他	4.39796
45	2	修理	24.8508
45	3	过	7.7279
45	4	丢失	18.9091
45	5	了	5.43067
45	6	处理	16.558
45	7	程序	7.52831
45	8	的	2.39032
45	9	芯片	11.9414
45	10	。	8.69684
46	1	他	4.39796
46	2	修理	24.8508
46	3	过	7.7279
46	4	丢失	18.9091
46	5	了	5.43067
46	6	处理	16.558
46	7	程序	7.52831
46	8	的	2.39032
46	9	芯片	11.9414
46	10	的	10.6065
46	11	电脑	9.52558
46	12	。	8.48445
47	1	他	4.39796
47	2	讲	13.8759
47	3	过	4.50292
47	4	介绍	15.4237
47	5	写	17.2165
47	6	诗	12.9994
47	7	的	0.782218
47	8	画家	23.4208
47	9	。	2.5098
48	1	他	4.39796
48	2	讲	13.8759
48	3	过	4.50292
48	4	介绍	15.4237
48	5	写	17.2165
48	6	诗	12.9994
48	7	的	0.782218
48	8	画家	23.4208
48	9	的	2.57634
48	10	课	12.2488
48	11	。	1.40626
49	1	我	7.44964
49	2	邀请	13.8804
49	3	过	10.2913
49	4	喜欢	15.1793
49	5	唱	12.3438
49	6	歌	10.0533
49	7	的	0.249398
49	8	明星	15.8235
49	9	。	2.35812
50	1	我	7.44964
50	2	邀请	13.8804
50	3	过	10.2913
50	4	喜欢	15.1793
50	5	唱	12.3438
50	6	歌	10.0533
50	7	的	0.249398
50	8	明星	15.8235
50	9	的	7.7382
50	10	朋友	6.67591
50	11	。	2.12973
51	1	她	7.66365
51	2	申请	16.6139
51	3	过	7.82237
51	4	减轻	16.8283
51	5	困扰	16.4087
51	6	父母	12.2114
51	7	的	0.454581
51	8	负担	8.12412
51	9	。	2.60439
52	1	她	7.66365
52	2	申请	16.6139
52	3	过	7.82237
52	4	减轻	16.8283
52	5	困扰	16.4087
52	6	父母	12.2114
52	7	的	0.454581
52	8	负担	8.12412
52	9	的	0.853917
52	10	奖金	13.9876
52	11	。	1.01696
53	1	她	7.66365
53	2	去	14.6501
53	3	卖	14.9909
53	4	陪伴	17.6716
53	5	孩子	7.25565
53	6	的	0.562394
53	7	礼物	9.36802
53	8	。	9.16741
54	1	她	7.66365
54	2	去	14.6501
54	3	卖	14.9909
54	4	陪伴	17.6716
54	5	孩子	7.25565
54	6	的	0.562394
54	7	礼物	9.36802
54	8	的	6.22696
54	9	商店	19.8259
54	10	。	6.00723
55	1	弟弟	19.614
55	2	需要	14.2953
55	3	用于	15.3127
55	4	锻炼	9.08624
55	5	记忆力	18.4955
55	6	的	4.94351
55	7	游戏	11.7981
55	8	。	2.08318
56	1	弟弟	19.614
56	2	需要	14.2953
56	3	用于	15.3127
56	4	锻炼	9.08624
56	5	记忆力	18.4955
56	6	的	4.94351
56	7	游戏	11.7981
56	8	的	11.5408
56	9	钱	14.5077
56	10	。	5.03537
57	1	他	4.39796
57	2	很	10.8958
57	3	欣赏	10.2846
57	4	写	13.507
57	5	吸引	18.0162
57	6	读者	7.88868
57	7	的	1.05992
57	8	小说	12.9347
57	9	。	0.747158
58	1	他	4.39796
58	2	很	10.8958
58	3	欣赏	10.2846
58	4	写	13.507
58	5	吸引	18.0162
58	6	读者	7.88868
58	7	的	1.05992
58	8	小说	12.9347
58	9	的	12.1793
58	10	作家	12.2184
58	11	。	1.96363
59	1	我	7.44964
59	2	经常	9.89497
59	3	去	6.29062
59	4	提供	13.0038
59	5	帮助	10.306
59	6	残疾人	16.1362
59	7	的	2.87462
59	8	停车位	17.499
59	9	。	0.796946
60	1	我	7.44964
60	2	经常	9.89497
60	3	去	6.29062
60	4	提供	13.0038
60	5	帮助	10.306
60	6	残疾人	16.1362
60	7	的	2.87462
60	8	停车位	17.499
60	9	的	10.5325
60	10	医院	16.7274
60	11	。	0.991141
