sentence_id	token_id	token	surprisal
1	1	他	4.39796
1	2	喜欢	14.3622
1	3	那	9.02366
1	4	家	5.69846
1	5	老板	9.39454
1	6	投资	13.9099
1	7	的	5.80329
1	8	饭店	11.5355
1	9	。	7.15537
2	1	他	4.39796
2	2	喜欢	14.3622
2	3	那	9.02366
2	4	个	3.94787
2	5	老板	13.8921
2	6	投资	14.8996
2	7	的	1.93638
2	8	饭店	12.4203
2	9	。	2.30828
3	1	她	7.66365
3	2	在	4.95148
3	3	看	10.7193
3	4	那	8.92191
3	5	幅	9.10749
3	6	朋友	17.5164
3	7	喜欢	9.98577
3	8	的	0.961111
3	9	画	10.1061
3	10	。	12.8231
4	1	她	7.66365
4	2	在	4.95148
4	3	看	10.7193
4	4	那	8.92191
4	5	个	3.77615
4	6	朋友	10.8986
4	7	喜欢	11.1126
4	8	的	4.55807
4	9	画	11.9725
4	10	。	12.5875
5	1	我	7.44964
5	2	欣赏	13.6252
5	3	那	8.08153
5	4	件	3.79292
5	5	老师	10.7498
5	6	收藏	17.5154
5	7	的	0.80095
5	8	艺术品	11.0325
5	9	。	0.923281
6	1	我	7.44964
6	2	欣赏	13.6252
6	3	那	8.08153
6	4	个	3.48176
6	5	老师	11.1812
6	6	收藏	17.6343
6	7	的	0.773535
6	8	艺术品	11.3917
6	9	。	1.60103
7	1	他	4.39796
7	2	打	14.7282
7	3	了	2.15928
7	4	那	10.1452
7	5	只	8.17595
7	6	店长	22.843
7	7	喜欢	15.5743
7	8	的	10.4445
7	9	宠物	15.9657
7	10	。	5.38707
8	1	他	4.39796
8	2	打	14.7282
8	3	了	2.15928
8	4	那	10.1452
8	5	个	3.82771
8	6	店长	23.6746
8	7	喜欢	17.3047
8	8	的	5.32895
8	9	宠物	14.4835
8	10	。	12.9828
9	1	我	7.44964
9	2	在	5.57235
9	3	思念	16.3177
9	4	那	7.07392
9	5	首	10.8235
9	6	明星	11.4368
9	7	唱	16.7407
9	8	的	3.14873
9	9	歌	8.70698
9	10	。	1.77386
10	1	我	7.44964
10	2	在	5.57235
10	3	思念	16.3177
10	4	那	7.07392
10	5	个	3.44492
10	6	明星	12.4484
10	7	唱	17.804
10	8	的	2.69166
10	9	歌	9.91249
10	10	。	2.1259
11	1	她	7.66365
11	2	拜访	17.2159
11	3	了	1.2582
11	4	那	9.19726
11	5	所	7.50149
11	6	老人	8.08382
11	7	去	10.6632
11	8	的	8.41111
11	9	学校	9.34612
11	10	。	1.64291
12	1	她	7.66365
12	2	拜访	17.2159
12	3	了	1.2582
12	4	那	9.19726
12	5	个	4.34854
12	6	老人	9.95987
12	7	去	10.7539
12	8	的	8.41994
12	9	学校	10.2534
12	10	。	1.6406
13	1	他	4.39796
13	2	检查	19.1173
13	3	了	1.28837
13	4	那	11.7447
13	5	件	4.92461
13	6	司机	18.5525
13	7	带	11.294
13	8	的	0.930301
13	9	行李	11.5532
13	10	。	1.75818
14	1	他	4.39796
14	2	检查	19.1173
14	3	了	1.28837
14	4	那	11.7447
14	5	个	4.79794
14	6	司机	18.1557
14	7	带	11.1904
14	8	的	1.09764
14	9	行李	11.8477
14	10	。	1.7525
15	1	我	7.44964
15	2	听说	10.4692
15	3	过	5.79246
15	4	那	6.83418
15	5	本	6.20961
15	6	作家	11.634
15	7	写	13.1935
15	8	的	1.49179
15	9	书	6.20462
15	10	。	1.46913
16	1	我	7.44964
16	2	听说	10.4692
16	3	过	5.79246
16	4	那	6.83418
16	5	个	3.15464
16	6	作家	12.8679
16	7	写	12.3647
16	8	的	1.45556
16	9	书	6.01429
16	10	。	2.82562
17	1	她	7.66365
17	2	撞	20.0767
17	3	了	2.61035
17	4	那	7.86724
17	5	辆	6.47924
17	6	朋友	14.9757
17	7	开	14.7673
17	8	的	2.93
17	9	车	6.40148
17	10	。	9.39183
18	1	她	7.66365
18	2	撞	20.0767
18	3	了	2.61035
18	4	那	7.86724
18	5	个	3.88447
18	6	朋友	10.4956
18	7	开	15.5546
18	8	的	2.5622
18	9	车	9.00253
18	10	。	9.84242
19	1	我们	7.55796
19	2	认可	17.8705
19	3	了	2.41775
19	4	那	7.3487
19	5	份	5.05378
19	6	孩子	13.2287
19	7	做	11.0228
19	8	的	1.33578
19	9	作业	15.2748
19	10	。	2.01953
20	1	我们	7.55796
20	2	认可	17.8705
20	3	了	2.41775
20	4	那	7.3487
20	5	个	4.0795
20	6	孩子	7.31974
20	7	做	12.2063
20	8	的	4.69931
20	9	作业	16.1283
20	10	。	2.2055
21	1	他们	7.34901
21	2	接受	10.6453
21	3	了	1.55241
21	4	那	10.3372
21	5	份	3.87717
21	6	老板	17.8594
21	7	制定	12.1465
21	8	的	0.240332
21	9	合同	11.8285
21	10	。	0.728821
22	1	他们	7.34901
22	2	接受	10.6453
22	3	了	1.55241
22	4	那	10.3372
22	5	个	4.65838
22	6	老板	14.8968
22	7	制定	15.7016
22	8	的	0.19883
22	9	合同	11.2876
22	10	。	0.866002
23	1	他	4.39796
23	2	离开	15.0051
23	3	了	4.37753
23	4	那	9.25425
23	5	间	8.68141
23	6	朋友	9.35776
23	7	开	15.6848
23	8	的	3.14323
23	9	工厂	9.08384
23	10	。	11.8324
24	1	他	4.39796
24	2	离开	15.0051
24	3	了	4.37753
24	4	那	9.25425
24	5	个	3.28381
24	6	朋友	10.0879
24	7	开	15.8878
24	8	的	2.89106
24	9	工厂	8.85969
24	10	。	11.7439
25	1	她	7.66365
25	2	找	17.1467
25	3	了	3.73384
25	4	那	9.22315
25	5	张	5.04615
25	6	孩子	8.31373
25	7	照	16.3174
25	8	的	11.3367
25	9	照片	9.47093
25	10	。	1.53768
26	1	她	7.66365
26	2	找	17.1467
26	3	了	3.73384
26	4	那	9.22315
26	5	个	3.41991
26	6	孩子	3.95619
26	7	照	16.2009
26	8	的	10.9043
26	9	照片	10.362
26	10	。	1.32703
27	1	我	7.44964
27	2	需要	8.33702
27	3	那	8.46121
27	4	台	10.2518
27	5	老师	10.981
27	6	用	8.8059
27	7	的	12.58
27	8	手机	13.1955
27	9	。	9.42634
28	1	我	7.44964
28	2	需要	8.33702
28	3	那	8.46121
28	4	个	3.39002
28	5	老师	11.2018
28	6	用	8.70539
28	7	的	11.4579
28	8	手机	12.8528
28	9	。	5.5212
29	1	他	4.39796
29	2	在	5.49197
29	3	画	17.6901
29	4	那	11.5261
29	5	朵	9.91373
29	6	邻居	14.5557
29	7	种	16.647
29	8	的	2.22665
29	9	花	12.2885
29	10	。	12.9734
30	1	他	4.39796
30	2	在	5.49197
30	3	画	17.6901
30	4	那	11.5261
30	5	个	4.04432
30	6	邻居	13.2815
30	7	种	16.2371
30	8	的	2.13888
30	9	花	14.5708
30	10	。	11.9198
31	1	她	7.66365
31	2	在	4.95148
31	3	介绍	7.62183
31	4	那	12.3384
31	5	台	9.36319
31	6	科学家	11.9882
31	7	做	11.5797
31	8	的	0.567019
31	9	电视	10.1156
31	10	。	15.2371
32	1	她	7.66365
32	2	在	4.95148
32	3	介绍	7.62183
32	4	那	12.3384
32	5	个	4.46263
32	6	科学家	13.4749
32	7	做	10.059
32	8	的	0.375776
32	9	电视	10.9677
32	10	。	14.4812
33	1	我	7.44964
33	2	见	13.6803
33	3	过	2.83249
33	4	那	7.04955
33	5	栋	7.68146
33	6	男人	14.3258
33	7	买	12.1165
33	8	的	2.11595
33	9	房子	6.05003
33	10	。	2.21045
34	1	我	7.44964
34	2	见	13.6803
34	3	过	2.83249
34	4	那	7.04955
34	5	个	2.92434
34	6	男人	9.083
34	7	买	14.7278
34	8	的	3.96646
34	9	房子	6.55011
34	10	。	1.96838
35	1	我	7.44964
35	2	拒绝	12.1681
35	3	了	4.73251
35	4	那	6.90939
35	5	条	6.57175
35	6	朋友	14.6103
35	7	给	10.4413
35	8	的	3.98772
35	9	建议	7.02342
35	10	。	1.42008
36	1	我	7.44964
36	2	拒绝	12.1681
36	3	了	4.73251
36	4	那	6.90939
36	5	个	3.39944
36	6	朋友	10.7485
36	7	给	10.9825
36	8	的	13.4783
36	9	建议	13.3631
36	10	。	2.8891
37	1	他	4.39796
37	2	在	5.49197
37	3	看	11.2518
37	4	那	9.36733
37	5	支	10.2018
37	6	老师	13.849
37	7	用	9.49908
37	8	的	10.5737
37	9	笔	15.107
37	10	。	12.4365
38	1	他	4.39796
38	2	在	5.49197
38	3	看	11.2518
38	4	那	9.36733
38	5	个	3.96214
38	6	老师	12.0019
38	7	用	10.2867
38	8	的	6.00416
38	9	笔	13.7414
38	10	。	12.1282
39	1	她	7.66365
39	2	在	4.95148
39	3	找	17.1907
39	4	那	9.64413
39	5	只	8.16237
39	6	女人	9.30773
39	7	丢	13.8623
39	8	的	10.2321
39	9	鞋子	19.0376
39	10	。	1.53457
40	1	她	7.66365
40	2	在	4.95148
40	3	找	17.1907
40	4	那	9.64413
40	5	个	3.15112
40	6	女人	9.63829
40	7	丢	15.2708
40	8	的	9.54471
40	9	鞋子	18.7867
40	10	。	2.36661
41	1	我	7.44964
41	2	讨厌	13.1736
41	3	那	6.93028
41	4	条	6.75232
41	5	邻居	13.5625
41	6	养	16.5863
41	7	的	3.30133
41	8	狗	9.60799
41	9	。	3.19593
42	1	我	7.44964
42	2	讨厌	13.1736
42	3	那	6.93028
42	4	个	3.3663
42	5	邻居	11.9455
42	6	养	18.0209
42	7	的	4.60683
42	8	狗	10.159
42	9	。	3.39439
43	1	他	4.39796
43	2	发现	10.6111
43	3	了	3.91045
43	4	那	10.161
43	5	座	5.25569
43	6	老人	15.2326
43	7	修	18.5853
43	8	的	5.64643
43	9	桥	11.9024
43	10	。	10.0998
44	1	他	4.39796
44	2	发现	10.6111
44	3	了	3.91045
44	4	那	10.161
44	5	个	5.30677
44	6	老人	14.6083
44	7	修	20.3542
44	8	的	3.22333
44	9	桥	13.2895
44	10	。	10.2856
45	1	她	7.66365
45	2	评价	12.955
45	3	了	1.85143
45	4	那	10.8133
45	5	篇	6.15355
45	6	学生	11.3354
45	7	准备	13.3575
45	8	的	7.25788
45	9	报告	9.32335
45	10	。	0.155809
46	1	她	7.66365
46	2	评价	12.955
46	3	了	1.85143
46	4	那	10.8133
46	5	个	4.47781
46	6	学生	9.80568
46	7	准备	13.8781
46	8	的	4.06524
46	9	报告	11.2223
46	10	。	0.201318
47	1	我	7.44964
47	2	在	5.57235
47	3	等	12.9679
47	4	那	8.13355
47	5	封	10.358
47	6	朋友	10.6594
47	7	写	11.065
47	8	的	0.862756
47	9	信	7.56085
47	10	。	1.6878
48	1	我	7.44964
48	2	在	5.57235
48	3	等	12.9679
48	4	那	8.13355
48	5	个	3.4434
48	6	朋友	9.25113
48	7	写	12.1971
48	8	的	3.03975
48	9	信	10.2637
48	10	。	2.21234
49	1	他	4.39796
49	2	提到	14.431
49	3	了	3.21347
49	4	那	9.68993
49	5	堂	13.1469
49	6	老师	13.2332
49	7	教	14.0611
49	8	的	4.45153
49	9	课	10.252
49	10	。	11.3355
50	1	他	4.39796
50	2	提到	14.431
50	3	了	3.21347
50	4	那	9.68993
50	5	个	3.90895
50	6	老师	15.0722
50	7	教	13.9785
50	8	的	3.97431
50	9	课	10.1437
50	10	。	11.3293
51	1	她	7.66365
51	2	推荐	16.9894
51	3	了	2.69942
51	4	那	10.3392
51	5	块	8.01122
51	6	医生	14.2129
51	7	喜欢	12.1709
51	8	的	1.75181
51	9	手表	12.7332
51	10	。	1.63198
52	1	她	7.66365
52	2	推荐	16.9894
52	3	了	2.69942
52	4	那	10.3392
52	5	个	4.83176
52	6	医生	11.7196
52	7	喜欢	13.0891
52	8	的	4.04824
52	9	手表	13.4092
52	10	。	0.745262
53	1	我	7.44964
53	2	选择	9.27586
53	3	了	1.5034
53	4	那	7.17048
53	5	篇	6.14874
53	6	学生	10.8541
53	7	写	11.0324
53	8	的	1.13439
53	9	论文	6.42209
53	10	。	1.43898
54	1	我	7.44964
54	2	选择	9.27586
54	3	了	1.5034
54	4	那	7.17048
54	5	个	3.39877
54	6	学生	9.96635
54	7	写	12.3614
54	8	的	2.22946
54	9	论文	8.39808
54	10	。	1.67993
55	1	她	7.66365
55	2	喜欢	13.1491
55	3	那	8.82641
55	4	场	4.91188
55	5	演员	14.8516
55	6	准备	11.2319
55	7	的	1.26186
55	8	表演	6.653
55	9	。	1.49744
56	1	她	7.66365
56	2	喜欢	13.1491
56	3	那	8.82641
56	4	个	3.85161
56	5	演员	13.3393
56	6	准备	12.6321
56	7	的	2.91662
56	8	表演	8.81616
56	9	。	2.415
57	1	他	4.39796
57	2	称赞	9.757
57	3	了	7.42236
57	4	那	11.4594
57	5	间	11.8639
57	6	警察	14.0362
57	7	工作	8.05275
57	8	的	4.04244
57	9	办公室	11.983
57	10	。	2.51189
58	1	他	4.39796
58	2	称赞	9.757
58	3	了	7.42236
58	4	那	11.4594
58	5	个	4.89939
58	6	警察	15.2833
58	7	工作	9.69923
58	8	的	4.82197
58	9	办公室	10.654
58	10	。	2.3722
59	1	我	7.44964
59	2	听说	10.4692
59	3	过	5.79246
59	4	那	6.83418
59	5	首	11.2489
59	6	孩子	7.55104
59	7	写	14.0333
59	8	的	2.86125
59	9	诗	10.3552
59	10	。	9.14498
60	1	我	7.44964
60	2	听说	10.4692
60	3	过	5.79246
60	4	那	6.83418
60	5	个	3.15464
60	6	孩子	5.59647
60	7	写	14.2242
60	8	的	9.4169
60	9	诗	14.0426
60	10	。	2.96657
61	1	我	7.44964
61	2	选择	9.27586
61	3	了	1.5034
61	4	那	7.17048
61	5	家	5.17804
61	6	朋友	7.6669
61	7	去	7.52068
61	8	的	8.88806
61	9	银行	13.3274
61	10	。	2.88062
62	1	我	7.44964
62	2	选择	9.27586
62	3	了	1.5034
62	4	那	7.17048
62	5	个	3.39877
62	6	朋友	8.84833
62	7	去	7.99584
62	8	的	8.64259
62	9	银行	15.0478
62	10	。	3.55726
