sentence_id	token_id	token	surprisal
1	1	我	7.44964
1	2	很	5.37567
1	3	喜欢	5.00038
1	4	一	7.04284
1	5	位	3.81954
1	6	让	10.4734
1	7	人	3.07995
1	8	开心	11.815
1	9	的	0.147553
1	10	明星	13.5036
1	11	。	2.2427
2	1	我	7.44964
2	2	很	5.37567
2	3	喜欢	5.00038
2	4	一	7.04284
2	5	首	8.52336
2	6	让	8.82561
2	7	人	3.02327
2	8	开心	11.2992
2	9	的	0.129632
2	10	明星	13.4147
2	11	。	1.96923
3	1	我	7.44964
3	2	很	5.37567
3	3	喜欢	5.00038
3	4	一	7.04284
3	5	首	8.52336
3	6	让	8.82561
3	7	人	3.02327
3	8	开心	11.2992
3	9	的	0.129632
3	10	歌曲	9.0262
3	11	。	1.50802
4	1	我	7.44964
4	2	很	5.37567
4	3	喜欢	5.00038
4	4	一	7.04284
4	5	位	3.81954
4	6	让	10.4734
4	7	人	3.07995
4	8	开心	11.815
4	9	的	0.147553
4	10	歌曲	11.3616
4	11	。	1.65684
5	1	她	7.66365
5	2	开车	18.642
5	3	去	7.2042
5	4	了	3.34224
5	5	一	5.0853
5	6	家	3.25643
5	7	受	11.0184
5	8	大家	14.5054
5	9	欢迎	2.59253
5	10	的	0.114347
5	11	店	12.7236
5	12	。	1.78009
6	1	她	7.66365
6	2	开车	18.642
6	3	去	7.2042
6	4	了	3.34224
6	5	一	5.0853
6	6	座	6.1718
6	7	受	10.1009
6	8	大家	16.6385
6	9	欢迎	2.45584
6	10	的	0.162552
6	11	店	12.2427
6	12	。	1.66351
7	1	她	7.66365
7	2	开车	18.642
7	3	去	7.2042
7	4	了	3.34224
7	5	一	5.0853
7	6	座	6.1718
7	7	受	10.1009
7	8	大家	16.6385
7	9	欢迎	2.45584
7	10	的	0.162552
7	11	山	14.6775
7	12	。	2.02457
8	1	她	7.66365
8	2	开车	18.642
8	3	去	7.2042
8	4	了	3.34224
8	5	一	5.0853
8	6	家	3.25643
8	7	受	11.0184
8	8	大家	14.5054
8	9	欢迎	2.59253
8	10	的	0.114347
8	11	山	15.7067
8	12	。	2.27895
9	1	他	4.39796
9	2	有	9.82054
9	3	一	4.53491
9	4	双	11.4255
9	5	被	8.10664
9	6	我	9.72796
9	7	丢	13.5938
9	8	了	3.55589
9	9	的	1.73199
9	10	手套	13.5349
9	11	。	9.4841
10	1	他	4.39796
10	2	有	9.82054
10	3	一	4.53491
10	4	枚	6.73731
10	5	被	8.8067
10	6	我	10.6604
10	7	丢	13.1702
10	8	了	3.27118
10	9	的	3.12503
10	10	手套	14.2152
10	11	。	3.43805
11	1	他	4.39796
11	2	有	9.82054
11	3	一	4.53491
11	4	枚	6.73731
11	5	被	8.8067
11	6	我	10.6604
11	7	丢	13.1702
11	8	了	3.27118
11	9	的	3.12503
11	10	纽扣	22.4607
11	11	。	3.76126
12	1	他	4.39796
12	2	有	9.82054
12	3	一	4.53491
12	4	双	11.4255
12	5	被	8.10664
12	6	我	9.72796
12	7	丢	13.5938
12	8	了	3.55589
12	9	的	1.73199
12	10	纽扣	22.4805
12	11	。	9.20118
13	1	店长	21.3537
13	2	拿	15.5044
13	3	着	2.17403
13	4	一	3.52945
13	5	只	6.91408
13	6	已经	11.3775
13	7	成熟	14.5343
13	8	了	5.69792
13	9	的	0.347244
13	10	兔子	17.0091
13	11	。	4.28798
14	1	店长	21.3537
14	2	拿	15.5044
14	3	着	2.17403
14	4	一	3.52945
14	5	根	7.45858
14	6	已经	11.9967
14	7	成熟	14.682
14	8	了	6.08905
14	9	的	0.262904
14	10	兔子	15.5941
14	11	。	5.19909
15	1	店长	21.3537
15	2	拿	15.5044
15	3	着	2.17403
15	4	一	3.52945
15	5	根	7.45858
15	6	已经	11.9967
15	7	成熟	14.682
15	8	了	6.08905
15	9	的	0.262904
15	10	萝卜	14.2964
15	11	。	4.83995
16	1	店长	21.3537
16	2	拿	15.5044
16	3	着	2.17403
16	4	一	3.52945
16	5	只	6.91408
16	6	已经	11.3775
16	7	成熟	14.5343
16	8	了	5.69792
16	9	的	0.347244
16	10	萝卜	14.9373
16	11	。	3.93702
17	1	他	4.39796
17	2	认识	16.2428
17	3	了	4.17527
17	4	一	8.01626
17	5	名	5.61435
17	6	会	13.1704
17	7	讲	8.2577
17	8	故事	9.03862
17	9	的	0.141328
17	10	男孩	11.5978
17	11	。	4.07395
18	1	他	4.39796
18	2	认识	16.2428
18	3	了	4.17527
18	4	一	8.01626
18	5	本	6.67803
18	6	会	12.7539
18	7	讲	9.3128
18	8	故事	9.86046
18	9	的	0.23323
18	10	男孩	12.3658
18	11	。	3.65466
19	1	他	4.39796
19	2	认识	16.2428
19	3	了	4.17527
19	4	一	8.01626
19	5	本	6.67803
19	6	会	12.7539
19	7	讲	9.3128
19	8	故事	9.86046
19	9	的	0.23323
19	10	小说	8.66727
19	11	。	3.30339
20	1	他	4.39796
20	2	认识	16.2428
20	3	了	4.17527
20	4	一	8.01626
20	5	名	5.61435
20	6	会	13.1704
20	7	讲	8.2577
20	8	故事	9.03862
20	9	的	0.141328
20	10	小说	10.9217
20	11	。	3.79947
21	1	男人	17.4355
21	2	在	4.84963
21	3	扫描	18.4138
21	4	一	7.91784
21	5	篇	7.916
21	6	登报	20.2254
21	7	了	11.4437
21	8	的	0.772036
21	9	文章	6.39897
21	10	。	12.6958
22	1	男人	17.4355
22	2	在	4.84963
22	3	扫描	18.4138
22	4	一	7.91784
22	5	张	5.0461
22	6	登报	18.9254
22	7	了	11.4787
22	8	的	0.808994
22	9	文章	8.51194
22	10	。	12.6271
23	1	男人	17.4355
23	2	在	4.84963
23	3	扫描	18.4138
23	4	一	7.91784
23	5	张	5.0461
23	6	登报	18.9254
23	7	了	11.4787
23	8	的	0.808994
23	9	图片	11.0848
23	10	。	13.3049
24	1	男人	17.4355
24	2	在	4.84963
24	3	扫描	18.4138
24	4	一	7.91784
24	5	篇	7.916
24	6	登报	20.2254
24	7	了	11.4437
24	8	的	0.772036
24	9	图片	8.44589
24	10	。	13.4261
25	1	演员	15.5973
25	2	在	3.92632
25	3	看	11.0375
25	4	一	5.88898
25	5	张	4.90418
25	6	唤起	20.4325
25	7	她	6.08694
25	8	回忆	13.3207
25	9	的	0.404008
25	10	旧	10.9549
25	11	照片	7.4936
25	12	。	12.0223
26	1	演员	15.5973
26	2	在	3.92632
26	3	看	11.0375
26	4	一	5.88898
26	5	位	4.02096
26	6	唤起	21.2465
26	7	她	5.55786
26	8	回忆	12.8909
26	9	的	0.366186
26	10	旧	10.8041
26	11	照片	10.31
26	12	。	11.8144
27	1	演员	15.5973
27	2	在	3.92632
27	3	看	11.0375
27	4	一	5.88898
27	5	位	4.02096
27	6	唤起	21.2465
27	7	她	5.55786
27	8	回忆	12.8909
27	9	的	0.366186
27	10	老师	8.20525
27	11	。	10.5085
28	1	演员	15.5973
28	2	在	3.92632
28	3	看	11.0375
28	4	一	5.88898
28	5	张	4.90418
28	6	唤起	20.4325
28	7	她	6.08694
28	8	回忆	13.3207
28	9	的	0.404008
28	10	老师	11.2103
28	11	。	10.777
29	1	他	4.39796
29	2	在	5.49197
29	3	修理	19.2174
29	4	一	7.8293
29	5	辆	4.32125
29	6	无法	15.9926
29	7	启动	15.6982
29	8	的	0.465851
29	9	汽车	5.88142
29	10	。	14.5852
30	1	他	4.39796
30	2	在	5.49197
30	3	修理	19.2174
30	4	一	7.8293
30	5	套	6.81657
30	6	无法	14.0942
30	7	启动	14.508
30	8	的	0.477295
30	9	汽车	7.43022
30	10	。	14.9637
31	1	他	4.39796
31	2	在	5.49197
31	3	修理	19.2174
31	4	一	7.8293
31	5	套	6.81657
31	6	无法	14.0942
31	7	启动	14.508
31	8	的	0.477295
31	9	系统	9.69911
31	10	。	14.1496
32	1	他	4.39796
32	2	在	5.49197
32	3	修理	19.2174
32	4	一	7.8293
32	5	辆	4.32125
32	6	无法	15.9926
32	7	启动	15.6982
32	8	的	0.465851
32	9	系统	12.5241
32	10	。	13.945
33	1	学生	14.6754
33	2	们	20.7314
33	3	在	5.17801
33	4	写	10.8751
33	5	一	3.85321
33	6	部	4.06583
33	7	长	12.7377
33	8	一	7.00598
33	9	个	6.26388
33	10	小时	4.08762
33	11	的	0.0230556
33	12	电影	7.67807
33	13	。	12.9578
34	1	学生	14.6754
34	2	们	20.7314
34	3	在	5.17801
34	4	写	10.8751
34	5	一	3.85321
34	6	首	7.15035
34	7	长	11.463
34	8	一	6.79795
34	9	个	6.16315
34	10	小时	3.69
34	11	的	0.0233276
34	12	电影	7.78102
34	13	。	12.8146
35	1	学生	14.6754
35	2	们	20.7314
35	3	在	5.17801
35	4	写	10.8751
35	5	一	3.85321
35	6	首	7.15035
35	7	长	11.463
35	8	一	6.79795
35	9	个	6.16315
35	10	小时	3.69
35	11	的	0.0233276
35	12	戏曲	15.2046
35	13	。	13.4676
36	1	学生	14.6754
36	2	们	20.7314
36	3	在	5.17801
36	4	写	10.8751
36	5	一	3.85321
36	6	部	4.06583
36	7	长	12.7377
36	8	一	7.00598
36	9	个	6.26388
36	10	小时	4.08762
36	11	的	0.0230556
36	12	戏曲	15.278
36	13	。	13.76
37	1	我们	7.55796
37	2	在	5.06328
37	3	看	10.636
37	4	一	6.29143
37	5	场	4.87806
37	6	吸引	12.878
37	7	了	5.15414
37	8	很多	7.21664
37	9	观众	3.43286
37	10	的	0.408163
37	11	表演	6.80105
37	12	。	3.46733
38	1	我们	7.55796
38	2	在	5.06328
38	3	看	10.636
38	4	一	6.29143
38	5	块	8.47736
38	6	吸引	14.365
38	7	了	4.53545
38	8	很多	6.98628
38	9	观众	4.3362
38	10	的	0.442785
38	11	表演	9.42946
38	12	。	4.35229
39	1	我们	7.55796
39	2	在	5.06328
39	3	看	10.636
39	4	一	6.29143
39	5	块	8.47736
39	6	吸引	14.365
39	7	了	4.53545
39	8	很多	6.98628
39	9	观众	4.3362
39	10	的	0.442785
39	11	场地	14.2514
39	12	。	3.89874
40	1	我们	7.55796
40	2	在	5.06328
40	3	看	10.636
40	4	一	6.29143
40	5	场	4.87806
40	6	吸引	12.878
40	7	了	5.15414
40	8	很多	7.21664
40	9	观众	3.43286
40	10	的	0.408163
40	11	场地	14.231
40	12	。	3.61518
41	1	他	4.39796
41	2	最	13.7007
41	3	喜欢	7.58274
41	4	一	8.73517
41	5	道	8.53719
41	6	让	9.85876
41	7	人	3.18561
41	8	想念	11.5287
41	9	的	3.72021
41	10	菜	12.3111
41	11	。	2.6404
42	1	他	4.39796
42	2	最	13.7007
42	3	喜欢	7.58274
42	4	一	8.73517
42	5	瓶	10.4501
42	6	让	9.87697
42	7	人	3.10782
42	8	想念	12.0271
42	9	的	3.66691
42	10	菜	11.4301
42	11	。	2.98386
43	1	他	4.39796
43	2	最	13.7007
43	3	喜欢	7.58274
43	4	一	8.73517
43	5	瓶	10.4501
43	6	让	9.87697
43	7	人	3.10782
43	8	想念	12.0271
43	9	的	3.66691
43	10	醋	16.6505
43	11	。	3.94966
44	1	他	4.39796
44	2	最	13.7007
44	3	喜欢	7.58274
44	4	一	8.73517
44	5	道	8.53719
44	6	让	9.85876
44	7	人	3.18561
44	8	想念	11.5287
44	9	的	3.72021
44	10	醋	17.0571
44	11	。	3.59812
45	1	她	7.66365
45	2	拿	13.0732
45	3	了	1.88841
45	4	一	2.94584
45	5	份	4.44864
45	6	被	9.04793
45	7	提供	17.3589
45	8	给	6.73027
45	9	客人	11.1606
45	10	的	0.090438
45	11	饭	11.658
45	12	。	11.2005
46	1	她	7.66365
46	2	拿	13.0732
46	3	了	1.88841
46	4	一	2.94584
46	5	卷	14.1516
46	6	被	9.95326
46	7	提供	18.1669
46	8	给	6.60205
46	9	客人	10.7328
46	10	的	2.54825
46	11	饭	11.8201
46	12	。	6.75087
47	1	她	7.66365
47	2	拿	13.0732
47	3	了	1.88841
47	4	一	2.94584
47	5	卷	14.1516
47	6	被	9.95326
47	7	提供	18.1669
47	8	给	6.60205
47	9	客人	10.7328
47	10	的	2.54825
47	11	纸	14.1619
47	12	。	5.95602
48	1	她	7.66365
48	2	拿	13.0732
48	3	了	1.88841
48	4	一	2.94584
48	5	份	4.44864
48	6	被	9.04793
48	7	提供	17.3589
48	8	给	6.73027
48	9	客人	11.1606
48	10	的	0.090438
48	11	纸	14.021
48	12	。	12.0443
49	1	学生	14.6754
49	2	们	20.7314
49	3	在	5.17801
49	4	写	10.8751
49	5	一	3.85321
49	6	部	4.06583
49	7	令	8.90234
49	8	人	0.508629
49	9	感动	6.37296
49	10	的	0.0500323
49	11	戏剧	10.5858
49	12	。	13.0644
50	1	学生	14.6754
50	2	们	20.7314
50	3	在	5.17801
50	4	写	10.8751
50	5	一	3.85321
50	6	篇	1.718
50	7	令	9.35882
50	8	人	0.623316
50	9	感动	6.54794
50	10	的	0.0637872
50	11	戏剧	11.3567
50	12	。	13.2344
51	1	学生	14.6754
51	2	们	20.7314
51	3	在	5.17801
51	4	写	10.8751
51	5	一	3.85321
51	6	篇	1.718
51	7	令	9.35882
51	8	人	0.623316
51	9	感动	6.54794
51	10	的	0.0637872
51	11	文章	6.30678
51	12	。	12.4413
52	1	学生	14.6754
52	2	们	20.7314
52	3	在	5.17801
52	4	写	10.8751
52	5	一	3.85321
52	6	部	4.06583
52	7	令	8.90234
52	8	人	0.508629
52	9	感动	6.37296
52	10	的	0.0500323
52	11	文章	6.68444
52	12	。	12.4064
53	1	这	6.14517
53	2	是	4.47615
53	3	一	4.13448
53	4	辆	11.3309
53	5	有	5.86342
53	6	历史	11.0491
53	7	的	1.912
53	8	火车	12.031
53	9	。	1.74818
54	1	这	6.14517
54	2	是	4.47615
54	3	一	4.13448
54	4	扇	10.8838
54	5	有	6.8272
54	6	历史	8.22497
54	7	的	1.75392
54	8	火车	15.7144
54	9	。	1.75809
55	1	这	6.14517
55	2	是	4.47615
55	3	一	4.13448
55	4	扇	10.8838
55	5	有	6.8272
55	6	历史	8.22497
55	7	的	1.75392
55	8	窗户	15.766
55	9	。	2.36159
56	1	这	6.14517
56	2	是	4.47615
56	3	一	4.13448
56	4	辆	11.3309
56	5	有	5.86342
56	6	历史	11.0491
56	7	的	1.912
56	8	窗户	14.617
56	9	。	2.06291
57	1	老师	15.9226
57	2	在	5.05645
57	3	责备	17.7189
57	4	三	11.3272
57	5	名	2.4035
57	6	不	9.33935
57	7	睡觉	15.1715
57	8	的	0.0326574
57	9	学生	4.30825
57	10	。	2.28443
58	1	老师	15.9226
58	2	在	5.05645
58	3	责备	17.7189
58	4	三	11.3272
58	5	只	7.42308
58	6	不	8.78118
58	7	睡觉	14.3012
58	8	的	0.031885
58	9	学生	5.01457
58	10	。	2.40708
59	1	老师	15.9226
59	2	在	5.05645
59	3	责备	17.7189
59	4	三	11.3272
59	5	只	7.42308
59	6	不	8.78118
59	7	睡觉	14.3012
59	8	的	0.031885
59	9	宠物	14.982
59	10	。	4.8038
60	1	老师	15.9226
60	2	在	5.05645
60	3	责备	17.7189
60	4	三	11.3272
60	5	名	2.4035
60	6	不	9.33935
60	7	睡觉	15.1715
60	8	的	0.0326574
60	9	宠物	16.5862
60	10	。	5.4644
61	1	她	7.66365
61	2	买	15.9826
61	3	过	5.34889
61	4	两	6.09871
61	5	杯	15.2869
61	6	正在	14.1458
61	7	打折	17.879
61	8	的	1.77749
61	9	咖啡	10.6297
61	10	。	3.95399
62	1	她	7.66365
62	2	买	15.9826
62	3	过	5.34889
62	4	两	6.09871
62	5	个	2.42025
62	6	正在	12.7861
62	7	打折	17.1284
62	8	的	1.58611
62	9	咖啡	10.6903
62	10	。	4.12078
63	1	她	7.66365
63	2	买	15.9826
63	3	过	5.34889
63	4	两	6.09871
63	5	个	2.42025
63	6	正在	12.7861
63	7	打折	17.1284
63	8	的	1.58611
63	9	杯子	15.9153
63	10	。	3.15638
64	1	她	7.66365
64	2	买	15.9826
64	3	过	5.34889
64	4	两	6.09871
64	5	杯	15.2869
64	6	正在	14.1458
64	7	打折	17.879
64	8	的	1.77749
64	9	杯子	15.5251
64	10	。	2.90621
65	1	孩子	15.698
65	2	在	5.01106
65	3	卖	12.9365
65	4	五	12.4109
65	5	台	9.96497
65	6	有	9.73907
65	7	花纹	14.8039
65	8	的	0.16081
65	9	桌子	9.99916
65	10	。	1.82198
66	1	孩子	15.698
66	2	在	5.01106
66	3	卖	12.9365
66	4	五	12.4109
66	5	块	7.49948
66	6	有	10.3137
66	7	花纹	15.3586
66	8	的	0.232384
66	9	桌子	9.36602
66	10	。	2.77864
67	1	孩子	15.698
67	2	在	5.01106
67	3	卖	12.9365
67	4	五	12.4109
67	5	块	7.49948
67	6	有	10.3137
67	7	花纹	15.3586
67	8	的	0.232384
67	9	蛋糕	12.619
67	10	。	2.39041
68	1	孩子	15.698
68	2	在	5.01106
68	3	卖	12.9365
68	4	五	12.4109
68	5	台	9.96497
68	6	有	9.73907
68	7	花纹	14.8039
68	8	的	0.16081
68	9	蛋糕	12.5598
68	10	。	1.58811
69	1	妈妈	16.4916
69	2	在	4.71677
69	3	做	10.713
69	4	一	3.9665
69	5	张	5.15495
69	6	代表	11.7443
69	7	幸运	17.8059
69	8	的	0.110333
69	9	地图	11.5744
69	10	。	2.84937
70	1	妈妈	16.4916
70	2	在	4.71677
70	3	做	10.713
70	4	一	3.9665
70	5	面	9.37925
70	6	代表	13.5362
70	7	幸运	17.4341
70	8	的	0.126336
70	9	地图	12.3518
70	10	。	3.57262
71	1	妈妈	16.4916
71	2	在	4.71677
71	3	做	10.713
71	4	一	3.9665
71	5	面	9.37925
71	6	代表	13.5362
71	7	幸运	17.4341
71	8	的	0.126336
71	9	镜子	15.8378
71	10	。	14.1788
72	1	妈妈	16.4916
72	2	在	4.71677
72	3	做	10.713
72	4	一	3.9665
72	5	张	5.15495
72	6	代表	11.7443
72	7	幸运	17.8059
72	8	的	0.110333
72	9	镜子	16.112
72	10	。	3.41463
73	1	爸爸	14.651
73	2	买	8.78743
73	3	了	1.22429
73	4	一	2.60054
73	5	栋	8.40983
73	6	令	11.3398
73	7	人	0.487574
73	8	满意	4.70304
73	9	的	0.0211602
73	10	房子	6.03058
73	11	。	2.11246
74	1	爸爸	14.651
74	2	买	8.78743
74	3	了	1.22429
74	4	一	2.60054
74	5	条	5.75236
74	6	令	9.49644
74	7	人	0.45333
74	8	满意	4.43886
74	9	的	0.0234132
74	10	房子	6.18703
74	11	。	2.22659
75	1	爸爸	14.651
75	2	买	8.78743
75	3	了	1.22429
75	4	一	2.60054
75	5	条	5.75236
75	6	令	9.49644
75	7	人	0.45333
75	8	满意	4.43886
75	9	的	0.0234132
75	10	沙发	15.1627
75	11	。	2.34341
76	1	爸爸	14.651
76	2	买	8.78743
76	3	了	1.22429
76	4	一	2.60054
76	5	栋	8.40983
76	6	令	11.3398
76	7	人	0.487574
76	8	满意	4.70304
76	9	的	0.0211602
76	10	沙发	15.1288
76	11	。	2.41905
77	1	我	7.44964
77	2	想	5.02788
77	3	种	14.4056
77	4	一	4.99093
77	5	朵	12.0423
77	6	能	8.34655
77	7	开花	14.7789
77	8	的	0.461977
77	9	玫瑰	14.5325
77	10	。	3.56533
78	1	我	7.44964
78	2	想	5.02788
78	3	种	14.4056
78	4	一	4.99093
78	5	颗	9.17363
78	6	能	7.42243
78	7	开花	14.9192
78	8	的	0.406392
78	9	玫瑰	15.7087
78	10	。	3.89746
79	1	我	7.44964
79	2	想	5.02788
79	3	种	14.4056
79	4	一	4.99093
79	5	颗	9.17363
79	6	能	7.42243
79	7	开花	14.9192
79	8	的	0.406392
79	9	种子	11.4808
79	10	。	2.6658
80	1	我	7.44964
80	2	想	5.02788
80	3	种	14.4056
80	4	一	4.99093
80	5	朵	12.0423
80	6	能	8.34655
80	7	开花	14.7789
80	8	的	0.461977
80	9	种子	10.5002
80	10	。	2.59551
81	1	我	7.44964
81	2	经常	9.89497
81	3	去	6.29062
81	4	一	8.3319
81	5	家	4.01652
81	6	有	7.46393
81	7	雕塑	19.8221
81	8	的	0.629774
81	9	医院	9.69177
81	10	。	4.19501
82	1	我	7.44964
82	2	经常	9.89497
82	3	去	6.29062
82	4	一	8.3319
82	5	座	7.43687
82	6	有	6.48781
82	7	雕塑	18.5696
82	8	的	0.70555
82	9	医院	10.1609
82	10	。	3.58049
83	1	我	7.44964
83	2	经常	9.89497
83	3	去	6.29062
83	4	一	8.3319
83	5	座	7.43687
83	6	有	6.48781
83	7	雕塑	18.5696
83	8	的	0.70555
83	9	城市	7.35343
83	10	。	3.60197
84	1	我	7.44964
84	2	经常	9.89497
84	3	去	6.29062
84	4	一	8.3319
84	5	家	4.01652
84	6	有	7.46393
84	7	雕塑	19.8221
84	8	的	0.629774
84	9	城市	8.8704
84	10	。	4.13872
85	1	我	7.44964
85	2	拜访	17.1298
85	3	了	1.3493
85	4	这	6.01815
85	5	一	1.67504
85	6	所	9.22206
85	7	培养	13.122
85	8	了	5.80514
85	9	我	9.1144
85	10	的	1.51187
85	11	高中	13.1971
85	12	。	3.18013
86	1	我	7.44964
86	2	拜访	17.1298
86	3	了	1.3493
86	4	这	6.01815
86	5	一	1.67504
86	6	位	5.42429
86	7	培养	14.7612
86	8	了	5.67283
86	9	我	8.036
86	10	的	1.36871
86	11	高中	13.3764
86	12	。	3.45914
87	1	我	7.44964
87	2	拜访	17.1298
87	3	了	1.3493
87	4	这	6.01815
87	5	一	1.67504
87	6	位	5.42429
87	7	培养	14.7612
87	8	了	5.67283
87	9	我	8.036
87	10	的	1.36871
87	11	老师	8.70983
87	12	。	1.87131
88	1	我	7.44964
88	2	拜访	17.1298
88	3	了	1.3493
88	4	这	6.01815
88	5	一	1.67504
88	6	所	9.22206
88	7	培养	13.122
88	8	了	5.80514
88	9	我	9.1144
88	10	的	1.51187
88	11	老师	8.86753
88	12	。	1.74144
89	1	他	4.39796
89	2	在	5.49197
89	3	读	13.5856
89	4	一	4.74886
89	5	条	7.40515
89	6	让	10.399
89	7	他	3.44927
89	8	流泪	13.7216
89	9	的	0.143982
89	10	评论	10.0536
89	11	。	12.6719
90	1	他	4.39796
90	2	在	5.49197
90	3	读	13.5856
90	4	一	4.74886
90	5	首	7.50961
90	6	让	11.2144
90	7	他	3.05389
90	8	流泪	13.9757
90	9	的	0.143038
90	10	评论	9.81711
90	11	。	12.5469
91	1	他	4.39796
91	2	在	5.49197
91	3	读	13.5856
91	4	一	4.74886
91	5	首	7.50961
91	6	让	11.2144
91	7	他	3.05389
91	8	流泪	13.9757
91	9	的	0.143038
91	10	诗歌	11.1725
91	11	。	13.684
92	1	他	4.39796
92	2	在	5.49197
92	3	读	13.5856
92	4	一	4.74886
92	5	条	7.40515
92	6	让	10.399
92	7	他	3.44927
92	8	流泪	13.7216
92	9	的	0.143982
92	10	诗歌	11.4992
92	11	。	13.7432
93	1	她	7.66365
93	2	从来	13.9424
93	3	没	6.50428
93	4	见	6.13229
93	5	过	2.41343
93	6	一	4.2609
93	7	头	10.1787
93	8	受伤	13.4045
93	9	了	7.43834
93	10	的	0.292347
93	11	老虎	12.3233
93	12	。	2.04595
94	1	她	7.66365
94	2	从来	13.9424
94	3	没	6.50428
94	4	见	6.13229
94	5	过	2.41343
94	6	一	4.2609
94	7	双	9.33012
94	8	受伤	13.083
94	9	了	7.23476
94	10	的	0.243741
94	11	老虎	12.275
94	12	。	1.84743
95	1	她	7.66365
95	2	从来	13.9424
95	3	没	6.50428
95	4	见	6.13229
95	5	过	2.41343
95	6	一	4.2609
95	7	双	9.33012
95	8	受伤	13.083
95	9	了	7.23476
95	10	的	0.243741
95	11	眼睛	9.15306
95	12	。	1.83927
96	1	她	7.66365
96	2	从来	13.9424
96	3	没	6.50428
96	4	见	6.13229
96	5	过	2.41343
96	6	一	4.2609
96	7	头	10.1787
96	8	受伤	13.4045
96	9	了	7.43834
96	10	的	0.292347
96	11	眼睛	9.43164
96	12	。	1.98271
97	1	我	7.44964
97	2	还	5.85759
97	3	没有	5.8709
97	4	检查	13.8575
97	5	一	7.0019
97	6	份	4.27197
97	7	要	10.5186
97	8	被	9.2726
97	9	上交	18.6493
97	10	的	0.461255
97	11	作业	13.7736
97	12	。	2.52873
98	1	我	7.44964
98	2	还	5.85759
98	3	没有	5.8709
98	4	检查	13.8575
98	5	一	7.0019
98	6	行	13.5768
98	7	要	10.7725
98	8	被	8.79053
98	9	上交	18.7329
98	10	的	0.792046
98	11	作业	13.6135
98	12	。	2.78712
99	1	我	7.44964
99	2	还	5.85759
99	3	没有	5.8709
99	4	检查	13.8575
99	5	一	7.0019
99	6	行	13.5768
99	7	要	10.7725
99	8	被	8.79053
99	9	上交	18.7329
99	10	的	0.792046
99	11	公式	16.7021
99	12	。	1.30081
100	1	我	7.44964
100	2	还	5.85759
100	3	没有	5.8709
100	4	检查	13.8575
100	5	一	7.0019
100	6	份	4.27197
100	7	要	10.5186
100	8	被	9.2726
100	9	上交	18.6493
100	10	的	0.461255
100	11	公式	17.488
100	12	。	1.18211
101	1	孩子	15.698
101	2	听到	10.373
101	3	了	2.30573
101	4	一	4.59853
101	5	首	7.45637
101	6	令	7.93768
101	7	他	6.30884
101	8	熟悉	11.3586
101	9	的	0.167675
101	10	歌曲	8.55511
101	11	。	1.57735
102	1	孩子	15.698
102	2	听到	10.373
102	3	了	2.30573
102	4	一	4.59853
102	5	张	4.84038
102	6	令	8.1686
102	7	他	6.13997
102	8	熟悉	11.4087
102	9	的	0.194648
102	10	歌曲	8.80972
102	11	。	1.60832
103	1	孩子	15.698
103	2	听到	10.373
103	3	了	2.30573
103	4	一	4.59853
103	5	张	4.84038
103	6	令	8.1686
103	7	他	6.13997
103	8	熟悉	11.4087
103	9	的	0.194648
103	10	专辑	11.7617
103	11	。	1.68524
104	1	孩子	15.698
104	2	听到	10.373
104	3	了	2.30573
104	4	一	4.59853
104	5	首	7.45637
104	6	令	7.93768
104	7	他	6.30884
104	8	熟悉	11.3586
104	9	的	0.167675
104	10	专辑	11.9065
104	11	。	1.62506
105	1	护士	20.27
105	2	做	11.5892
105	3	了	1.15563
105	4	一	2.42632
105	5	次	4.30991
105	6	需要	13.7552
105	7	仪器	13.8769
105	8	的	0.889291
105	9	检查	8.92188
105	10	。	4.06103
106	1	护士	20.27
106	2	做	11.5892
106	3	了	1.15563
106	4	一	2.42632
106	5	篇	3.52596
106	6	需要	14.3512
106	7	仪器	13.7305
106	8	的	1.00115
106	9	检查	9.73211
106	10	。	3.51531
107	1	护士	20.27
107	2	做	11.5892
107	3	了	1.15563
107	4	一	2.42632
107	5	篇	3.52596
107	6	需要	14.3512
107	7	仪器	13.7305
107	8	的	1.00115
107	9	报告	10.661
107	10	。	2.3956
108	1	护士	20.27
108	2	做	11.5892
108	3	了	1.15563
108	4	一	2.42632
108	5	次	4.30991
108	6	需要	13.7552
108	7	仪器	13.8769
108	8	的	0.889291
108	9	报告	11.6772
108	10	。	3.08739
109	1	这里	9.90363
109	2	是	3.91192
109	3	两	8.93685
109	4	台	10.6259
109	5	出现	14.4423
109	6	问题	10.7627
109	7	的	0.0618327
109	8	电视	10.2762
109	9	。	6.31427
110	1	这里	9.90363
110	2	是	3.91192
110	3	两	8.93685
110	4	份	11.2334
110	5	出现	13.3257
110	6	问题	7.55024
110	7	的	0.184233
110	8	电视	11.0823
110	9	。	4.9381
111	1	这里	9.90363
111	2	是	3.91192
111	3	两	8.93685
111	4	份	11.2334
111	5	出现	13.3257
111	6	问题	7.55024
111	7	的	0.184233
111	8	订单	16.9924
111	9	。	1.5377
112	1	这里	9.90363
112	2	是	3.91192
112	3	两	8.93685
112	4	台	10.6259
112	5	出现	14.4423
112	6	问题	10.7627
112	7	的	0.0618327
112	8	订单	16.5071
112	9	。	2.78318
113	1	他	4.39796
113	2	很	10.8958
113	3	欣赏	10.2846
113	4	一	6.65315
113	5	处	7.96715
113	6	有	6.83092
113	7	名气	8.31765
113	8	的	0.59645
113	9	景点	15.6428
113	10	。	1.03514
114	1	他	4.39796
114	2	很	10.8958
114	3	欣赏	10.2846
114	4	一	6.65315
114	5	位	3.06771
114	6	有	6.15295
114	7	名气	8.18495
114	8	的	0.290241
114	9	景点	18.5365
114	10	。	1.11958
115	1	他	4.39796
115	2	很	10.8958
115	3	欣赏	10.2846
115	4	一	6.65315
115	5	位	3.06771
115	6	有	6.15295
115	7	名气	8.18495
115	8	的	0.290241
115	9	领导	12.1291
115	10	。	3.6981
116	1	他	4.39796
116	2	很	10.8958
116	3	欣赏	10.2846
116	4	一	6.65315
116	5	处	7.96715
116	6	有	6.83092
116	7	名气	8.31765
116	8	的	0.59645
116	9	领导	13.2899
116	10	。	2.7716
117	1	那里	14.6489
117	2	有	4.5359
117	3	一	3.41546
117	4	支	6.79704
117	5	完成	16.3238
117	6	任务	10.3605
117	7	了	12.166
117	8	的	3.13372
117	9	舰队	17.6367
117	10	。	2.89311
118	1	那里	14.6489
118	2	有	4.5359
118	3	一	3.41546
118	4	艘	7.38306
118	5	完成	16.2172
118	6	任务	8.83904
118	7	了	11.0648
118	8	的	3.93859
118	9	舰队	13.6362
118	10	。	2.6946
119	1	那里	14.6489
119	2	有	4.5359
119	3	一	3.41546
119	4	艘	7.38306
119	5	完成	16.2172
119	6	任务	8.83904
119	7	了	11.0648
119	8	的	3.93859
119	9	渔船	8.67747
119	10	。	3.13775
120	1	那里	14.6489
120	2	有	4.5359
120	3	一	3.41546
120	4	支	6.79704
120	5	完成	16.3238
120	6	任务	10.3605
120	7	了	12.166
120	8	的	3.13372
120	9	渔船	12.9841
120	10	。	3.38538
