sentence_id	token_id	token	surprisal
1	1	随着	8.91679
1	2	政府	8.61697
1	3	发展	5.41506
1	4	，	3.27158
1	5	经济	7.82546
1	6	变	16.2194
1	7	好	9.52305
1	8	了	4.77598
1	9	。	2.93015
2	1	随着	8.91679
2	2	政府	8.61697
2	3	发展	5.41506
2	4	。	14.2548
3	1	随着	8.91679
3	2	互联网	14.1554
3	3	的	1.68718
3	4	出现	7.52347
3	5	，	0.43025
3	6	生活	11.8245
3	7	质量	4.8259
3	8	提高	9.14733
3	9	了	2.30775
3	10	。	4.84663
4	1	随着	8.91679
4	2	互联网	14.1554
4	3	的	1.68718
4	4	出现	7.52347
4	5	。	12.4987
5	1	随着	8.91679
5	2	一阵	19.1148
5	3	铃声	18.4649
5	4	，	12.8315
5	5	火车	17.0139
5	6	开	12.8591
5	7	了	4.78836
5	8	。	14.9421
6	1	随着	8.91679
6	2	一阵	19.1148
6	3	铃声	18.4649
6	4	。	19.7268
7	1	随着	8.91679
7	2	他	8.97809
7	3	的	1.40752
7	4	年龄	13.83
7	5	增长	9.28628
7	6	，	1.2277
7	7	他	5.38655
7	8	更	7.34031
7	9	有	5.04854
7	10	自信	11.283
7	11	了	8.97324
7	12	。	0.213223
8	1	随着	8.91679
8	2	他	8.97809
8	3	的	1.40752
8	4	年龄	13.83
8	5	增长	9.28628
8	6	。	10.415
9	1	随着	8.91679
9	2	冬天	18.2078
9	3	的	1.08817
9	4	到来	7.36757
9	5	，	0.228551
9	6	树木	16.0374
9	7	凋零	20.3682
9	8	了	3.33012
9	9	。	6.038
10	1	随着	8.91679
10	2	冬天	18.2078
10	3	的	1.08817
10	4	到来	7.36757
10	5	。	13.4177
11	1	随着	8.91679
11	2	科技	8.98041
11	3	发展	5.96494
11	4	，	6.90034
11	5	电脑	14.4017
11	6	功能	10.0185
11	7	变得	23.5355
11	8	更	3.7031
11	9	多	3.13259
11	10	了	8.81844
11	11	。	7.75725
12	1	随着	8.91679
12	2	科技	8.98041
12	3	发展	5.96494
12	4	。	15.3431
13	1	自从	11.9389
13	2	见	18.5349
13	3	了	5.99815
13	4	他	6.72986
13	5	，	9.4431
13	6	她	7.47359
13	7	一直	11.3782
13	8	在	4.50192
13	9	写信	13.3084
13	10	。	15.1338
14	1	自从	11.9389
14	2	见	18.5349
14	3	了	5.99815
14	4	他	6.72986
14	5	。	15.892
15	1	自从	11.9389
15	2	修	20.4919
15	3	了	4.54706
15	4	公路	8.20253
15	5	，	4.24544
15	6	农村	10.8702
15	7	经济	3.74096
15	8	变	14.5504
15	9	好	10.0772
15	10	了	4.2756
15	11	。	2.93614
16	1	自从	11.9389
16	2	修	20.4919
16	3	了	4.54706
16	4	公路	8.20253
16	5	。	14.2752
17	1	自从	11.9389
17	2	离开	14.6156
17	3	家乡	9.18693
17	4	，	5.25145
17	5	她	7.34006
17	6	一直	5.57758
17	7	想念	13.9861
17	8	父母	9.14449
17	9	。	1.37643
18	1	自从	11.9389
18	2	离开	14.6156
18	3	家乡	9.18693
18	4	。	15.648
19	1	自从	11.9389
19	2	他	8.61489
19	3	开始	6.15374
19	4	读书	11.8134
19	5	，	8.10477
19	6	他	12.8953
19	7	的	4.60754
19	8	成绩	10.2188
19	9	提高	12.6743
19	10	了	3.19003
19	11	。	18.7283
20	1	自从	11.9389
20	2	他	8.61489
20	3	开始	6.15374
20	4	读书	11.8134
20	5	。	17.5793
21	1	自从	11.9389
21	2	他	8.61489
21	3	获得	7.96179
21	4	大奖	10.533
21	5	，	5.46792
21	6	他	5.32028
21	7	不	8.50533
21	8	学习	13.1809
21	9	了	6.0012
21	10	。	4.86821
22	1	自从	11.9389
22	2	他	8.61489
22	3	获得	7.96179
22	4	大奖	10.533
22	5	。	14.1587
23	1	自从	11.9389
23	2	她	11.0573
23	3	认识	12.6194
23	4	了	7.69468
23	5	老师	14.4011
23	6	，	6.49251
23	7	她	10.342
23	8	努力	13.0765
23	9	训练	9.59758
23	10	。	15.4348
24	1	自从	11.9389
24	2	她	11.0573
24	3	认识	12.6194
24	4	了	7.69468
24	5	老师	14.4011
24	6	。	17.5717
25	1	自从	11.9389
25	2	她	11.0573
25	3	参与	10.2869
25	4	了	4.80377
25	5	活动	9.82402
25	6	，	4.67012
25	7	她	6.98099
25	8	认识	13.4167
25	9	了	3.57886
25	10	很多	9.30264
25	11	人	4.06467
25	12	。	3.1664
26	1	自从	11.9389
26	2	她	11.0573
26	3	参与	10.2869
26	4	了	4.80377
26	5	活动	9.82402
26	6	。	14.3439
27	1	自从	11.9389
27	2	她	11.0573
27	3	学习	11.4449
27	4	了	5.17372
27	5	外语	12.1688
27	6	，	6.5093
27	7	她	15.1432
27	8	看	9.58518
27	9	了	3.48269
27	10	很多	9.23175
27	11	电影	8.56529
27	12	。	14.1745
28	1	自从	11.9389
28	2	她	11.0573
28	3	学习	11.4449
28	4	了	5.17372
28	5	外语	12.1688
28	6	。	21.158
29	1	因为	10.6418
29	2	喝	15.1096
29	3	了	3.39482
29	4	酒	7.66317
29	5	，	0.949004
29	6	他	5.85631
29	7	摔	13.6142
29	8	了	1.76875
29	9	。	6.19823
30	1	因为	10.6418
30	2	喝	15.1096
30	3	了	3.39482
30	4	酒	7.66317
30	5	。	7.85489
31	1	因为	10.6418
31	2	他	5.68556
31	3	要	7.70382
31	4	迟到	18.598
31	5	了	4.34501
31	6	，	4.63581
31	7	他	5.49571
31	8	结束	16.8184
31	9	了	0.721281
31	10	谈话	11.6298
31	11	。	1.48188
32	1	因为	10.6418
32	2	他	5.68556
32	3	要	7.70382
32	4	迟到	18.598
32	5	了	4.34501
32	6	。	5.36696
33	1	因为	10.6418
33	2	他	5.68556
33	3	没有	7.56766
33	4	练习	12.9241
33	5	题目	20.6033
33	6	，	1.2433
33	7	他	4.41326
33	8	没有	6.74789
33	9	成功	10.4502
33	10	。	0.964556
34	1	因为	10.6418
34	2	他	5.68556
34	3	没有	7.56766
34	4	练习	12.9241
34	5	题目	20.6033
34	6	。	2.06693
35	1	因为	10.6418
35	2	疾病	16.8645
35	3	，	3.63383
35	4	她	7.28303
35	5	拒绝	11.0739
35	6	了	2.91157
35	7	演出	15.8807
35	8	。	1.25859
36	1	因为	10.6418
36	2	疾病	16.8645
36	3	。	10.8738
37	1	因为	10.6418
37	2	听	13.6554
37	3	着	3.69068
37	4	音乐	13.0919
37	5	，	2.85377
37	6	她	4.87984
37	7	错过	14.3596
37	8	了	0.360557
37	9	广播	15.4168
37	10	。	3.03761
38	1	因为	10.6418
38	2	听	13.6554
38	3	着	3.69068
38	4	音乐	13.0919
38	5	。	12.2715
39	1	尽管	9.07052
39	2	领导	14.7524
39	3	已经	9.00951
39	4	离去	17.5318
39	5	，	0.0977607
39	6	工人	15.6827
39	7	还	7.32446
39	8	在	4.46284
39	9	工作	7.68172
39	10	。	4.24333
40	1	尽管	9.07052
40	2	领导	14.7524
40	3	已经	9.00951
40	4	离去	17.5318
40	5	。	10.0135
41	1	尽管	9.07052
41	2	他	5.45332
41	3	年纪	15.3396
41	4	小	4.91668
41	5	，	0.430317
41	6	他	8.3644
41	7	有	7.37386
41	8	能力	8.05374
41	9	。	7.65755
42	1	尽管	9.07052
42	2	他	5.45332
42	3	年纪	15.3396
42	4	小	4.91668
42	5	。	10.8407
43	1	尽管	9.07052
43	2	她	7.38352
43	3	会	9.54855
43	4	开车	14.6849
43	5	，	1.22066
43	6	她	9.10138
43	7	今天	7.87514
43	8	没有	7.58287
43	9	开车	13.315
43	10	。	2.21772
44	1	尽管	9.07052
44	2	她	7.38352
44	3	会	9.54855
44	4	开车	14.6849
44	5	。	10.4967
45	1	尽管	9.07052
45	2	作家	15.6985
45	3	很	9.24541
45	4	年轻	8.08145
45	5	，	0.137921
45	6	他	8.73469
45	7	写	11.0901
45	8	了	1.90902
45	9	很多	8.33374
45	10	作品	5.0613
45	11	。	1.45274
46	1	尽管	9.07052
46	2	作家	15.6985
46	3	很	9.24541
46	4	年轻	8.08145
46	5	。	9.89895
47	1	尽管	9.07052
47	2	父亲	13.1664
47	3	不	6.80693
47	4	同意	10.6155
47	5	他	5.74318
47	6	唱歌	16.3995
47	7	，	0.584582
47	8	他	7.96692
47	9	还是	5.49562
47	10	买	11.5197
47	11	了	1.034
47	12	吉他	15.4903
47	13	。	3.02659
48	1	尽管	9.07052
48	2	父亲	13.1664
48	3	不	6.80693
48	4	同意	10.6155
48	5	他	5.74318
48	6	唱歌	16.3995
48	7	。	8.72425
49	1	尽管	9.07052
49	2	经济	9.1866
49	3	不	6.45023
49	4	好	7.0015
49	5	，	0.224919
49	6	他	10.9958
49	7	还是	5.39332
49	8	关心	10.5633
49	9	慈善	16.7238
49	10	。	6.04515
50	1	尽管	9.07052
50	2	经济	9.1866
50	3	不	6.45023
50	4	好	7.0015
50	5	。	8.27792
51	1	如果	8.63617
51	2	她	7.84218
51	3	做	8.89903
51	4	完	10.8975
51	5	作业	16.0151
51	6	，	0.704123
51	7	她	5.30519
51	8	去	12.4777
51	9	健身房	10.6141
51	10	。	11.5454
52	1	如果	8.63617
52	2	她	7.84218
52	3	做	8.89903
52	4	完	10.8975
52	5	作业	16.0151
52	6	。	10.9909
53	1	如果	8.63617
53	2	她们	11.1426
53	3	照	14.9784
53	4	了	3.32069
53	5	相	18.3004
53	6	，	3.2227
53	7	她们	7.8779
53	8	就	3.15572
53	9	留下	13.2285
53	10	了	0.421351
53	11	回忆	15.2415
53	12	。	1.76171
54	1	如果	8.63617
54	2	她们	11.1426
54	3	照	14.9784
54	4	了	3.32069
54	5	相	18.3004
54	6	。	14.3495
55	1	如果	8.63617
55	2	培养	15.0547
55	3	了	4.32966
55	4	信心	14.1344
55	5	，	0.190408
55	6	她	6.70118
55	7	可以	6.66442
55	8	实现	9.83418
55	9	梦想	14.971
55	10	。	1.54137
56	1	如果	8.63617
56	2	培养	15.0547
56	3	了	4.32966
56	4	信心	14.1344
56	5	。	10.7829
57	1	如果	8.63617
57	2	他	5.5653
57	3	不	4.99251
57	4	尝试	14.7816
57	5	，	3.1632
57	6	他	4.70181
57	7	将	3.71333
57	8	失去	9.09812
57	9	机会	6.24603
57	10	。	1.45806
58	1	如果	8.63617
58	2	他	5.5653
58	3	不	4.99251
58	4	尝试	14.7816
58	5	。	13.7534
59	1	如果	8.63617
59	2	她	7.84218
59	3	来	6.78838
59	4	，	4.2644
59	5	母亲	10.2476
59	6	会	4.91802
59	7	准备	9.99263
59	8	水果	18.3832
59	9	。	4.63108
60	1	如果	8.63617
60	2	她	7.84218
60	3	来	6.78838
60	4	。	13.3657
