sentence_id	token_id	token	surprisal
1	1	他	4.39796
1	2	喜欢	14.3622
1	3	那	9.02366
1	4	家	5.69846
1	5	我	10.6569
1	6	采访	10.7359
1	7	过	7.25274
1	8	的	0.237655
1	9	老板	10.3038
1	10	投资	15.5488
1	11	的	9.28158
1	12	饭店	13.1454
1	13	。	0.937987
2	1	他	4.39796
2	2	喜欢	14.3622
2	3	那	9.02366
2	4	个	3.94787
2	5	我	10.4619
2	6	采访	10.689
2	7	过	7.2085
2	8	的	0.170907
2	9	老板	12.7296
2	10	投资	16.3938
2	11	的	3.92946
2	12	饭店	12.1938
2	13	。	1.73737
3	1	她	7.66365
3	2	在	4.95148
3	3	看	10.7193
3	4	那	8.92191
3	5	幅	9.10749
3	6	我	10.9642
3	7	介绍	11.962
3	8	的	0.315492
3	9	朋友	13.8734
3	10	喜欢	13.988
3	11	的	1.68176
3	12	画	10.793
3	13	。	12.7036
4	1	她	7.66365
4	2	在	4.95148
4	3	看	10.7193
4	4	那	8.92191
4	5	个	3.77615
4	6	我	9.87937
4	7	介绍	12.6105
4	8	的	0.291915
4	9	朋友	11.0937
4	10	喜欢	16.2317
4	11	的	3.91286
4	12	画	11.5078
4	13	。	12.4036
5	1	我	7.44964
5	2	欣赏	13.6252
5	3	那	8.08153
5	4	件	3.79292
5	5	我	9.80801
5	6	喜欢	7.45787
5	7	的	0.85241
5	8	老师	9.81611
5	9	收藏	18.001
5	10	的	1.89227
5	11	艺术品	10.7722
5	12	。	0.936171
6	1	我	7.44964
6	2	欣赏	13.6252
6	3	那	8.08153
6	4	个	3.48176
6	5	我	9.17485
6	6	喜欢	7.45562
6	7	的	0.858192
6	8	老师	10.2435
6	9	收藏	18.1113
6	10	的	1.66313
6	11	艺术品	10.9517
6	12	。	1.03722
7	1	他	4.39796
7	2	打	14.7282
7	3	了	2.15928
7	4	那	10.1452
7	5	只	8.17595
7	6	我	9.71631
7	7	认识	14.3909
7	8	的	0.843009
7	9	店长	22.039
7	10	喜欢	17.0737
7	11	的	5.92408
7	12	宠物	14.8184
7	13	。	12.4276
8	1	他	4.39796
8	2	打	14.7282
8	3	了	2.15928
8	4	那	10.1452
8	5	个	3.82771
8	6	我	10.7538
8	7	认识	13.0042
8	8	的	0.475453
8	9	店长	22.2883
8	10	喜欢	17.0863
8	11	的	6.3033
8	12	宠物	15.2549
8	13	。	12.3604
9	1	我	7.44964
9	2	在	5.57235
9	3	思念	16.3177
9	4	那	7.07392
9	5	首	10.8235
9	6	我	8.3676
9	7	见	15.3049
9	8	过	3.85022
9	9	的	0.521378
9	10	明星	12.0611
9	11	唱	17.1461
9	12	的	9.85487
9	13	歌	9.85839
9	14	。	1.36843
10	1	我	7.44964
10	2	在	5.57235
10	3	思念	16.3177
10	4	那	7.07392
10	5	个	3.44492
10	6	我	9.60442
10	7	见	13.9073
10	8	过	3.89721
10	9	的	0.499285
10	10	明星	12.7311
10	11	唱	18.1574
10	12	的	9.34167
10	13	歌	10.5041
10	14	。	1.71404
11	1	她	7.66365
11	2	拜访	17.2159
11	3	了	1.2582
11	4	那	9.19726
11	5	所	7.50149
11	6	我	10.4609
11	7	认识	12.3868
11	8	的	0.763457
11	9	老人	9.66435
11	10	去	11.9458
11	11	的	8.05032
11	12	学校	10.1428
11	13	。	1.38677
12	1	她	7.66365
12	2	拜访	17.2159
12	3	了	1.2582
12	4	那	9.19726
12	5	个	4.34854
12	6	我	9.97989
12	7	认识	12.2801
12	8	的	0.691624
12	9	老人	11.1597
12	10	去	12.3964
12	11	的	7.75127
12	12	学校	10.6227
12	13	。	1.52074
13	1	他	4.39796
13	2	检查	19.1173
13	3	了	1.28837
13	4	那	11.7447
13	5	件	4.92461
13	6	我	12.2344
13	7	采访	12.2621
13	8	过	8.5836
13	9	的	0.461719
13	10	司机	16.2794
13	11	带	14.0319
13	12	的	2.80384
13	13	行李	12.5606
13	14	。	0.92312
14	1	他	4.39796
14	2	检查	19.1173
14	3	了	1.28837
14	4	那	11.7447
14	5	个	4.79794
14	6	我	11.4561
14	7	采访	11.3353
14	8	过	8.04408
14	9	的	0.413135
14	10	司机	16.2173
14	11	带	14.3254
14	12	的	1.89309
14	13	行李	12.6968
14	14	。	1.14311
15	1	我	7.44964
15	2	听说	10.4692
15	3	过	5.79246
15	4	那	6.83418
15	5	本	6.20961
15	6	我	8.79707
15	7	喜欢	8.22435
15	8	的	0.923176
15	9	作家	10.4191
15	10	写	15.2356
15	11	的	8.11431
15	12	书	9.22217
15	13	。	2.54694
16	1	我	7.44964
16	2	听说	10.4692
16	3	过	5.79246
16	4	那	6.83418
16	5	个	3.15464
16	6	我	9.14613
16	7	喜欢	7.89619
16	8	的	0.848873
16	9	作家	10.9702
16	10	写	15.3617
16	11	的	8.07856
16	12	书	9.29914
16	13	。	2.59033
17	1	她	7.66365
17	2	撞	20.0767
17	3	了	2.61035
17	4	那	7.86724
17	5	辆	6.47924
17	6	我	13.9113
17	7	介绍	13.5035
17	8	的	0.260839
17	9	朋友	10.6071
17	10	开	16.9285
17	11	的	10.5738
17	12	车	8.14715
17	13	。	1.53086
18	1	她	7.66365
18	2	撞	20.0767
18	3	了	2.61035
18	4	那	7.86724
18	5	个	3.88447
18	6	我	10.6339
18	7	介绍	12.6033
18	8	的	0.281404
18	9	朋友	11.3838
18	10	开	17.2647
18	11	的	5.19138
18	12	车	10.051
18	13	。	0.535477
19	1	我们	7.55796
19	2	认可	17.8705
19	3	了	2.41775
19	4	那	7.3487
19	5	份	5.05378
19	6	他	8.72669
19	7	教	14.1087
19	8	的	2.05084
19	9	孩子	9.955
19	10	做	13.4447
19	11	的	3.91917
19	12	作业	16.3871
19	13	。	1.96553
20	1	我们	7.55796
20	2	认可	17.8705
20	3	了	2.41775
20	4	那	7.3487
20	5	个	4.0795
20	6	他	10.3136
20	7	教	13.064
20	8	的	2.06113
20	9	孩子	7.14188
20	10	做	13.5166
20	11	的	5.96589
20	12	作业	16.5735
20	13	。	1.91908
21	1	他们	7.34901
21	2	接受	10.6453
21	3	了	1.55241
21	4	那	10.3372
21	5	份	3.87717
21	6	我	11.0191
21	7	采访	9.58839
21	8	过	9.00316
21	9	的	0.405235
21	10	老板	18.1333
21	11	制定	16.5004
21	12	的	0.586579
21	13	合同	11.3669
21	14	。	0.455532
22	1	他们	7.34901
22	2	接受	10.6453
22	3	了	1.55241
22	4	那	10.3372
22	5	个	4.65838
22	6	我	10.1238
22	7	采访	9.76873
22	8	过	7.90359
22	9	的	0.250333
22	10	老板	14.9918
22	11	制定	19.7548
22	12	的	0.429609
22	13	合同	11.3527
22	14	。	0.875004
23	1	他	4.39796
23	2	离开	15.0051
23	3	了	4.37753
23	4	那	9.25425
23	5	间	8.68141
23	6	我	12.2254
23	7	尊敬	11.997
23	8	的	0.0476907
23	9	朋友	5.94344
23	10	开	18.5808
23	11	的	10.5778
23	12	工厂	11.7338
23	13	。	1.35585
24	1	他	4.39796
24	2	离开	15.0051
24	3	了	4.37753
24	4	那	9.25425
24	5	个	3.28381
24	6	我	11.3823
24	7	尊敬	12.7667
24	8	的	0.0535044
24	9	朋友	6.28254
24	10	开	18.5642
24	11	的	10.425
24	12	工厂	11.6589
24	13	。	1.50145
25	1	她	7.66365
25	2	找	17.1467
25	3	了	3.73384
25	4	那	9.22315
25	5	张	5.04615
25	6	我	9.14693
25	7	教	12.7372
25	8	的	2.34056
25	9	孩子	5.31584
25	10	照	17.5198
25	11	的	10.3442
25	12	照片	9.8706
25	13	。	0.925714
26	1	她	7.66365
26	2	找	17.1467
26	3	了	3.73384
26	4	那	9.22315
26	5	个	3.41991
26	6	我	10.2817
26	7	教	12.5653
26	8	的	1.45328
26	9	孩子	4.82126
26	10	照	17.402
26	11	的	10.3602
26	12	照片	10.2235
26	13	。	1.08866
27	1	我	7.44964
27	2	需要	8.33702
27	3	那	8.46121
27	4	台	10.2518
27	5	我们	11.6527
27	6	欣赏	13.9845
27	7	的	1.83153
27	8	老师	12.8618
27	9	用	9.44891
27	10	的	12.686
27	11	手机	13.4838
27	12	。	9.14942
28	1	我	7.44964
28	2	需要	8.33702
28	3	那	8.46121
28	4	个	3.39002
28	5	我们	11.1403
28	6	欣赏	14.9116
28	7	的	1.21997
28	8	老师	12.1013
28	9	用	9.60688
28	10	的	11.0373
28	11	手机	13.2527
28	12	。	5.10449
29	1	他	4.39796
29	2	在	5.49197
29	3	画	17.6901
29	4	那	11.5261
29	5	朵	9.91373
29	6	我	15.3181
29	7	关心	10.437
29	8	的	0.534369
29	9	邻居	12.89
29	10	种	16.5604
29	11	的	4.38687
29	12	花	15.3338
29	13	。	10.4944
30	1	他	4.39796
30	2	在	5.49197
30	3	画	17.6901
30	4	那	11.5261
30	5	个	4.04432
30	6	我	11.8997
30	7	关心	8.75236
30	8	的	0.374555
30	9	邻居	13.1736
30	10	种	16.3971
30	11	的	3.9865
30	12	花	16.1187
30	13	。	10.1608
31	1	她	7.66365
31	2	在	4.95148
31	3	介绍	7.62183
31	4	那	12.3384
31	5	台	9.36319
31	6	我	11.3213
31	7	尊敬	13.4753
31	8	的	0.074907
31	9	科学家	11.9918
31	10	做	14.8487
31	11	的	3.01761
31	12	电视	13.125
31	13	。	14.7036
32	1	她	7.66365
32	2	在	4.95148
32	3	介绍	7.62183
32	4	那	12.3384
32	5	个	4.46263
32	6	我	9.41689
32	7	尊敬	13.5681
32	8	的	0.0556214
32	9	科学家	11.3996
32	10	做	14.5036
32	11	的	2.54028
32	12	电视	12.9384
32	13	。	14.0727
33	1	我	7.44964
33	2	见	13.6803
33	3	过	2.83249
33	4	那	7.04955
33	5	栋	7.68146
33	6	他	10.4833
33	7	认识	13.0498
33	8	的	0.543732
33	9	男人	12.25
33	10	买	14.8719
33	11	的	2.66781
33	12	房子	6.90448
33	13	。	1.56077
34	1	我	7.44964
34	2	见	13.6803
34	3	过	2.83249
34	4	那	7.04955
34	5	个	2.92434
34	6	他	9.95921
34	7	认识	11.7849
34	8	的	0.91704
34	9	男人	11.8232
34	10	买	15.3103
34	11	的	2.14769
34	12	房子	7.63936
34	13	。	1.86384
35	1	我	7.44964
35	2	拒绝	12.1681
35	3	了	4.73251
35	4	那	6.90939
35	5	条	6.57175
35	6	我	9.66464
35	7	欣赏	14.7447
35	8	的	1.37875
35	9	朋友	10.7609
35	10	给	13.1863
35	11	的	6.614
35	12	建议	8.17944
35	13	。	1.2659
36	1	我	7.44964
36	2	拒绝	12.1681
36	3	了	4.73251
36	4	那	6.90939
36	5	个	3.39944
36	6	我	9.73176
36	7	欣赏	14.699
36	8	的	1.29922
36	9	朋友	9.67885
36	10	给	13.1439
36	11	的	13.7858
36	12	建议	14.5022
36	13	。	1.78776
37	1	他	4.39796
37	2	在	5.49197
37	3	看	11.2518
37	4	那	9.36733
37	5	支	10.2018
37	6	我	11.1254
37	7	关心	8.75332
37	8	的	0.429872
37	9	老师	12.4992
37	10	用	9.7283
37	11	的	10.3177
37	12	笔	15.1369
37	13	。	12.2933
38	1	他	4.39796
38	2	在	5.49197
38	3	看	11.2518
38	4	那	9.36733
38	5	个	3.96214
38	6	我	10.2623
38	7	关心	9.02113
38	8	的	0.338544
38	9	老师	13.4527
38	10	用	11.9829
38	11	的	4.82019
38	12	笔	13.8906
38	13	。	12.365
39	1	她	7.66365
39	2	在	4.95148
39	3	找	17.1907
39	4	那	9.64413
39	5	只	8.16237
39	6	我	8.06462
39	7	帮助	11.4406
39	8	过	10.3742
39	9	的	4.74466
39	10	女人	8.5608
39	11	丢	15.2161
39	12	的	10.2927
39	13	鞋子	18.7313
39	14	。	0.672867
40	1	她	7.66365
40	2	在	4.95148
40	3	找	17.1907
40	4	那	9.64413
40	5	个	3.15112
40	6	我	10.6172
40	7	帮助	12.5157
40	8	过	9.2269
40	9	的	0.99015
40	10	女人	8.83597
40	11	丢	16.823
40	12	的	9.06371
40	13	鞋子	18.836
40	14	。	2.15262
41	1	我	7.44964
41	2	讨厌	13.1736
41	3	那	6.93028
41	4	条	6.75232
41	5	我	9.04302
41	6	关心	9.86259
41	7	的	0.349238
41	8	邻居	13.5669
41	9	养	18.6509
41	10	的	3.41423
41	11	狗	10.666
41	12	。	3.14184
42	1	我	7.44964
42	2	讨厌	13.1736
42	3	那	6.93028
42	4	个	3.3663
42	5	我	9.06367
42	6	关心	9.3098
42	7	的	0.351313
42	8	邻居	13.2318
42	9	养	19.2962
42	10	的	4.15056
42	11	狗	11.3188
42	12	。	3.3455
43	1	他	4.39796
43	2	发现	10.6111
43	3	了	3.91045
43	4	那	10.161
43	5	座	5.25569
43	6	我	13.6191
43	7	采访	9.99015
43	8	过	7.39272
43	9	的	0.330732
43	10	老人	10.5554
43	11	修	19.9311
43	12	的	7.21181
43	13	桥	13.5286
43	14	。	7.44217
44	1	他	4.39796
44	2	发现	10.6111
44	3	了	3.91045
44	4	那	10.161
44	5	个	5.30677
44	6	我	11.2063
44	7	采访	10.15
44	8	过	7.32013
44	9	的	0.203942
44	10	老人	12.6613
44	11	修	21.1671
44	12	的	4.13598
44	13	桥	14.9644
44	14	。	3.04479
45	1	她	7.66365
45	2	评价	12.955
45	3	了	1.85143
45	4	那	10.8133
45	5	篇	6.15355
45	6	我	10.1031
45	7	培养	14.9123
45	8	的	0.942538
45	9	学生	6.94144
45	10	准备	14.6179
45	11	的	12.18
45	12	报告	10.3598
45	13	。	0.567987
46	1	她	7.66365
46	2	评价	12.955
46	3	了	1.85143
46	4	那	10.8133
46	5	个	4.47781
46	6	我	8.92525
46	7	培养	14.7719
46	8	的	0.689703
46	9	学生	5.94157
46	10	准备	15.3108
46	11	的	7.16862
46	12	报告	12.0018
46	13	。	0.222962
47	1	我	7.44964
47	2	在	5.57235
47	3	等	12.9679
47	4	那	8.13355
47	5	封	10.358
47	6	我	9.88373
47	7	依赖	17.3725
47	8	的	1.70916
47	9	朋友	9.24153
47	10	写	16.2228
47	11	的	6.31467
47	12	信	9.0242
47	13	。	1.94495
48	1	我	7.44964
48	2	在	5.57235
48	3	等	12.9679
48	4	那	8.13355
48	5	个	3.4434
48	6	我	9.70842
48	7	依赖	16.0886
48	8	的	1.50189
48	9	朋友	8.4093
48	10	写	14.1932
48	11	的	9.38658
48	12	信	9.47692
48	13	。	2.60779
49	1	他	4.39796
49	2	提到	14.431
49	3	了	3.21347
49	4	那	9.68993
49	5	堂	13.1469
49	6	我	9.34907
49	7	认识	12.4761
49	8	的	0.755971
49	9	老师	14.1013
49	10	教	14.8731
49	11	的	5.71279
49	12	课	10.4495
49	13	。	10.2446
50	1	他	4.39796
50	2	提到	14.431
50	3	了	3.21347
50	4	那	9.68993
50	5	个	3.90895
50	6	我	9.6045
50	7	认识	11.8135
50	8	过	9.27728
50	9	的	0.291242
50	10	老师	14.5018
50	11	教	14.9711
50	12	的	6.10205
50	13	课	10.6997
50	14	。	9.91984
51	1	她	7.66365
51	2	推荐	16.9894
51	3	了	2.69942
51	4	那	10.3392
51	5	块	8.01122
51	6	我	8.66185
51	7	信任	13.9455
51	8	的	0.666023
51	9	医生	10.7498
51	10	喜欢	14.4065
51	11	的	4.55616
51	12	手表	12.9187
51	13	。	0.783313
52	1	她	7.66365
52	2	推荐	16.9894
52	3	了	2.69942
52	4	那	10.3392
52	5	个	4.83176
52	6	我	10.659
52	7	信任	12.0245
52	8	的	0.2982
52	9	医生	9.87889
52	10	喜欢	15.0374
52	11	的	11.2451
52	12	手表	16.812
52	13	。	1.4196
53	1	我	7.44964
53	2	选择	9.27586
53	3	了	1.5034
53	4	那	7.17048
53	5	篇	6.14874
53	6	她	11.0447
53	7	教	12.3807
53	8	的	1.8977
53	9	学生	8.14787
53	10	写	13.8673
53	11	的	8.76664
53	12	论文	7.52494
53	13	。	1.46292
54	1	我	7.44964
54	2	选择	9.27586
54	3	了	1.5034
54	4	那	7.17048
54	5	个	3.39877
54	6	她	12.0363
54	7	教	11.9843
54	8	的	2.12785
54	9	学生	7.78512
54	10	写	13.7153
54	11	的	4.85995
54	12	论文	8.44275
54	13	。	1.24325
55	1	她	7.66365
55	2	喜欢	13.1491
55	3	那	8.82641
55	4	场	4.91188
55	5	我	10.0128
55	6	听说	13.2245
55	7	过	5.51415
55	8	的	1.01827
55	9	演员	13.5923
55	10	准备	12.996
55	11	的	5.34633
55	12	表演	7.20434
55	13	。	0.55202
56	1	她	7.66365
56	2	喜欢	13.1491
56	3	那	8.82641
56	4	个	3.85161
56	5	我	10.3102
56	6	听说	11.9863
56	7	过	5.3699
56	8	的	0.715431
56	9	演员	11.9489
56	10	准备	13.7879
56	11	的	6.2213
56	12	表演	9.3958
56	13	。	1.97798
57	1	他	4.39796
57	2	称赞	9.757
57	3	了	7.42236
57	4	那	11.4594
57	5	间	11.8639
57	6	我	10.623
57	7	采访	11.3414
57	8	过	8.03828
57	9	的	0.32833
57	10	警察	14.9828
57	11	工作	8.94705
57	12	的	7.00599
57	13	办公室	9.88462
57	14	。	1.4475
58	1	他	4.39796
58	2	称赞	9.757
58	3	了	7.42236
58	4	那	11.4594
58	5	个	4.89939
58	6	我	9.56289
58	7	采访	11.1116
58	8	过	7.32849
58	9	的	0.616777
58	10	警察	13.8083
58	11	工作	10.5511
58	12	的	6.56709
58	13	办公室	8.24828
58	14	。	1.36195
59	1	我	7.44964
59	2	听说	10.4692
59	3	过	5.79246
59	4	那	6.83418
59	5	首	11.2489
59	6	他	8.68103
59	7	培养	12.3131
59	8	的	0.377682
59	9	孩子	8.00106
59	10	写	15.752
59	11	的	8.60396
59	12	诗	13.4885
59	13	。	2.46187
60	1	我	7.44964
60	2	听说	10.4692
60	3	过	5.79246
60	4	那	6.83418
60	5	个	3.15464
60	6	他	9.67316
60	7	培养	13.5439
60	8	的	0.653411
60	9	孩子	7.23368
60	10	写	16.3415
60	11	的	8.28443
60	12	诗	14.0152
60	13	。	2.77466
61	1	我	7.44964
61	2	选择	9.27586
61	3	了	1.5034
61	4	那	7.17048
61	5	家	5.17804
61	6	我	9.63248
61	7	依赖	16.7183
61	8	的	1.68218
61	9	朋友	6.25723
61	10	去	8.54771
61	11	的	8.41045
61	12	银行	13.8637
61	13	。	2.95437
62	1	我	7.44964
62	2	选择	9.27586
62	3	了	1.5034
62	4	那	7.17048
62	5	个	3.39877
62	6	我	9.60269
62	7	依赖	16.4496
62	8	的	1.58506
62	9	朋友	7.19324
62	10	去	9.13615
62	11	的	8.19109
62	12	银行	14.6517
62	13	。	3.26271
