sentence_id	token_id	token	surprisal
1	1	记者	9.945979371258517
1	2	采访	8.467936199873243
1	3	了	9.336939707302768
1	4	研发	15.590574515346361
1	5	产品	10.046736498554942
1	6	。	3.3988974712476647
2	1	记者	9.945979371258517
2	2	采访	8.467936199873243
2	3	了	9.336939707302768
2	4	研发	15.590574515346361
2	5	产品	10.046736498554942
2	6	的	4.08549907240625
2	7	科学家	16.90895960767795
2	8	。	0.7523085579472166
3	1	他	5.8752470434032045
3	2	认识	12.045396204616099
3	3	了	6.404514363008932
3	4	写	12.827523088464165
3	5	书	7.859091367297481
3	6	。	16.11948622674292
4	1	他	5.8752470434032045
4	2	认识	12.045396204616099
4	3	了	6.404514363008932
4	4	写	12.827523088464165
4	5	书	7.859091367297481
4	6	的	0.3558676478243683
4	7	老师	11.312073077685206
4	8	。	4.890554270935745
5	1	他	5.8752470434032045
5	2	拍	14.188290212820403
5	3	下	12.747946743691106
5	4	了	2.78341866536217
5	5	获得	14.838837035510004
5	6	大奖	16.931881310057094
5	7	。	4.819781729034162
6	1	他	5.8752470434032045
6	2	拍	14.188290212820403
6	3	下	12.747946743691106
6	4	了	2.78341866536217
6	5	获得	14.838837035510004
6	6	大奖	16.931881310057094
6	7	的	0.28286003773145296
6	8	艺术品	15.540147192358546
6	9	。	1.4579612388122172
7	1	我们	6.382351119805147
7	2	参加	11.364642649638515
7	3	了	1.5669303936372216
7	4	吸引	13.88445302324596
7	5	学生	11.123691211700368
7	6	。	16.34372280980557
8	1	我们	6.382351119805147
8	2	参加	11.364642649638515
8	3	了	1.5669303936372216
8	4	吸引	13.88445302324596
8	5	学生	11.123691211700368
8	6	的	1.1932967936456507
8	7	活动	5.064928590581395
8	8	。	1.5680054986265333
9	1	他	5.8752470434032045
9	2	想起	12.899165962905064
9	3	了	2.066899390973088
9	4	写	12.39314989330704
9	5	过	2.3901587353276668
9	6	歌	11.835440990791945
9	7	。	16.517991548646094
10	1	他	5.8752470434032045
10	2	想起	12.899165962905064
10	3	了	2.066899390973088
10	4	写	12.39314989330704
10	5	过	2.3901587353276668
10	6	歌	11.835440990791945
10	7	的	0.17248764444364895
10	8	同学	12.26597420580925
10	9	。	3.2466546685525017
11	1	司机	15.518457960912038
11	2	启动	16.969299019619584
11	3	了	1.4502233289136441
11	4	装有	18.20258290583287
11	5	音响	15.851862964824306
11	6	。	6.44309599172982
12	1	司机	15.518457960912038
12	2	启动	16.969299019619584
12	3	了	1.4502233289136441
12	4	装有	18.20258290583287
12	5	音响	15.851862964824306
12	6	的	5.0011685099348995
12	7	车	8.491847973443342
12	8	。	3.0153736536853586
13	1	爸爸	11.885668733248792
13	2	买	9.931126602576718
13	3	了	1.7083629354244891
13	4	带	13.623631158665916
13	5	家具	17.01217513985543
13	6	。	3.365862542924269
14	1	爸爸	11.885668733248792
14	2	买	9.931126602576718
14	3	了	1.7083629354244891
14	4	带	13.623631158665916
14	5	家具	17.01217513985543
14	6	的	1.8781752258449345
14	7	房子	7.591681904942938
14	8	。	3.7949824056225268
15	1	他	5.8752470434032045
15	2	损失	16.793017579712924
15	3	了	2.481306134253437
15	4	买	14.27978560632155
15	5	药	11.902771386453146
15	6	。	3.2912355821039014
16	1	他	5.8752470434032045
16	2	损失	16.793017579712924
16	3	了	2.481306134253437
16	4	买	14.27978560632155
16	5	药	11.902771386453146
16	6	的	1.6938134289164424
16	7	现金	11.815048865710828
16	8	。	0.20729999561382328
17	1	我	4.994118861451678
17	2	拜访	15.619023183057227
17	3	了	3.030063298130546
17	4	去	12.802442582172947
17	5	过	5.864508669602387
17	6	中国	7.288063157708876
17	7	。	7.247959159477297
18	1	我	4.994118861451678
18	2	拜访	15.619023183057227
18	3	了	3.030063298130546
18	4	去	12.802442582172947
18	5	过	5.864508669602387
18	6	中国	7.288063157708876
18	7	的	0.6222197289008093
18	8	邻居	10.824579559746631
18	9	。	1.9112895779292884
19	1	爷爷	17.690842126722295
19	2	中止	19.446627453878698
19	3	了	3.1245793392377053
19	4	引发	13.682788039788129
19	5	争吵	15.285061375712033
19	6	。	7.035930262406808
20	1	爷爷	17.690842126722295
20	2	中止	19.446627453878698
20	3	了	3.1245793392377053
20	4	引发	13.682788039788129
20	5	争吵	15.285061375712033
20	6	的	0.7400001379907621
20	7	谈话	10.832970392799567
20	8	。	1.1698439075425853
21	1	她	8.104506308056298
21	2	提到	11.022160036051968
21	3	了	3.529241954068574
21	4	看	14.090165126103962
21	5	着	3.175177366410807
21	6	电视	10.330144451427849
21	7	。	9.027312941982174
22	1	她	8.104506308056298
22	2	提到	11.022160036051968
22	3	了	3.529241954068574
22	4	看	14.090165126103962
22	5	着	3.175177366410807
22	6	电视	10.330144451427849
22	7	的	3.1250463186853423
22	8	女儿	9.705936068810509
22	9	。	9.977392273064297
23	1	医生	12.851932553808858
23	2	表扬	17.864214571544224
23	3	了	1.810114241674853
23	4	帮助	12.610864586355142
23	5	老人	16.207457482099713
23	6	。	6.178974141269876
24	1	医生	12.851932553808858
24	2	表扬	17.864214571544224
24	3	了	1.810114241674853
24	4	帮助	12.610864586355142
24	5	老人	16.207457482099713
24	6	的	2.0258980772153095
24	7	孩子	7.070169830669421
24	8	。	4.094682666850645
25	1	她	8.104506308056298
25	2	介绍	9.864037464925321
25	3	了	3.462082296231344
25	4	生产	14.829502826901816
25	5	电视	14.279729898122277
25	6	。	16.80607698889809
26	1	她	8.104506308056298
26	2	介绍	9.864037464925321
26	3	了	3.462082296231344
26	4	生产	14.829502826901816
26	5	电视	14.279729898122277
26	6	的	1.3793196118530489
26	7	工厂	13.266455477403845
26	8	。	5.321873618031574
27	1	我	4.994118861451678
27	2	洗	17.32808604688536
27	3	了	1.3246389537863053
27	4	陪伴	16.40356618100949
27	5	过	10.08276871856453
27	6	母亲	10.022658496456884
27	7	。	7.5275073317045695
28	1	我	4.994118861451678
28	2	洗	17.32808604688536
28	3	了	1.3246389537863053
28	4	陪伴	16.40356618100949
28	5	过	10.08276871856453
28	6	母亲	10.022658496456884
28	7	的	0.3053356077199254
28	8	衣服	8.885601401675487
28	9	。	1.1148197931235728
29	1	学生	12.735887296027482
29	2	们	17.387568608564173
29	3	写	8.673925487165508
29	4	着	2.772036424008796
29	5	困扰	17.760911005572602
29	6	他们	8.85919146367575
29	7	。	10.439527619509505
30	1	学生	12.735887296027482
30	2	们	17.387568608564173
30	3	写	8.673925487165508
30	4	着	2.772036424008796
30	5	困扰	17.760911005572602
30	6	他们	8.85919146367575
30	7	的	0.910074009818743
30	8	作业	15.090236711382914
30	9	。	6.942017953252559
31	1	店长	20.11342757949947
31	2	拿	11.49849564618344
31	3	着	0.812976779784556
31	4	开	11.296439339100473
31	5	大门	15.621842681075648
31	6	。	17.43805517783956
32	1	店长	20.11342757949947
32	2	拿	11.49849564618344
32	3	着	0.812976779784556
32	4	开	11.296439339100473
32	5	大门	15.621842681075648
32	6	的	0.21027638173343632
32	7	钥匙	13.325418729564916
32	8	。	13.949157002449525
33	1	有人	18.67534907648475
33	2	听	10.899815363372646
33	3	着	2.434277233852548
33	4	打扰	20.520566437324526
33	5	了	5.856425978212812
33	6	邻居	13.27874584487163
33	7	。	11.659208511402028
34	1	有人	18.67534907648475
34	2	听	10.899815363372646
34	3	着	2.434277233852548
34	4	打扰	20.520566437324526
34	5	了	5.856425978212812
34	6	邻居	13.27874584487163
34	7	的	1.1008846003968102
34	8	音乐	10.122385040414756
34	9	。	9.621188631267827
35	1	我	4.994118861451678
35	2	观察	13.574585070051544
35	3	着	5.673126938277878
35	4	经营	15.99723560514865
35	5	商店	13.073187316431273
35	6	。	4.3537024646445985
36	1	我	4.994118861451678
36	2	观察	13.574585070051544
36	3	着	5.673126938277878
36	4	经营	15.99723560514865
36	5	商店	13.073187316431273
36	6	的	0.7103004797002512
36	7	男人	12.864076757881243
36	8	。	2.393371040983297
37	1	学生	12.735887296027482
37	2	们	17.387568608564173
37	3	读	11.532852512914307
37	4	着	3.795396344761862
37	5	描述	16.563694630949385
37	6	故事	10.534572025506563
37	7	。	8.504956311285028
38	1	学生	12.735887296027482
38	2	们	17.387568608564173
38	3	读	11.532852512914307
38	4	着	3.795396344761862
38	5	描述	16.563694630949385
38	6	故事	10.534572025506563
38	7	的	0.9257650313074919
38	8	书	8.683924503647063
38	9	。	7.114776279375249
39	1	教练	18.043152493036658
39	2	创办	15.236132862154811
39	3	过	11.788968543249396
39	4	教	14.425015826265636
39	5	动作	15.033203537200073
39	6	。	11.703248535965088
40	1	教练	18.043152493036658
40	2	创办	15.236132862154811
40	3	过	11.788968543249396
40	4	教	14.425015826265636
40	5	动作	15.033203537200073
40	6	的	12.38729504045736
40	7	健身房	17.350795038508906
40	8	。	6.5348861178529205
41	1	我	4.994118861451678
41	2	喜欢	7.786009197615494
41	3	过	6.610167324905207
41	4	给	10.849303723353646
41	5	我	2.113864902376026
41	6	信心	14.447520612206361
41	7	。	4.568078896587018
42	1	我	4.994118861451678
42	2	喜欢	7.786009197615494
42	3	过	6.610167324905207
42	4	给	10.849303723353646
42	5	我	2.113864902376026
42	6	信心	14.447520612206361
42	7	的	0.522283305527921
42	8	音乐	12.777928930041945
42	9	。	2.155529793455564
43	1	她	8.104506308056298
43	2	开	12.41104386919423
43	3	过	5.793903707232207
43	4	容纳	16.628557246441524
43	5	很多	12.28001559866523
43	6	人	1.8690562473937575
43	7	。	6.679279393905418
44	1	她	8.104506308056298
44	2	开	12.41104386919423
44	3	过	5.793903707232207
44	4	容纳	16.628557246441524
44	5	很多	12.28001559866523
44	6	人	1.8690562473937575
44	7	的	3.434323622946472
44	8	车	8.87066591488555
44	9	。	7.853343205726432
45	1	他	5.8752470434032045
45	2	修理	16.77044580899809
45	3	过	9.12061223281627
45	4	丢失	18.238565146168053
45	5	了	7.086922692741986
45	6	芯片	16.98322021814124
45	7	。	14.54235660330464
46	1	他	5.8752470434032045
46	2	修理	16.77044580899809
46	3	过	9.12061223281627
46	4	丢失	18.238565146168053
46	5	了	7.086922692741986
46	6	芯片	16.98322021814124
46	7	的	0.36098500713913495
46	8	电脑	10.494334321167528
46	9	。	2.080367854386651
47	1	他	5.8752470434032045
47	2	讲	10.825579260437147
47	3	过	6.865318123033564
47	4	介绍	17.691709991280927
47	5	画家	21.762494385582848
47	6	。	3.0941109735323664
48	1	他	5.8752470434032045
48	2	讲	10.825579260437147
48	3	过	6.865318123033564
48	4	介绍	17.691709991280927
48	5	画家	21.762494385582848
48	6	的	2.036229838530218
48	7	课	11.498666750776366
48	8	。	2.0582116641408703
49	1	我	4.994118861451678
49	2	邀请	15.52215439888797
49	3	过	7.7197870317316095
49	4	喜欢	14.614219781222339
49	5	明星	12.896900057440888
49	6	。	6.755932214397966
50	1	我	4.994118861451678
50	2	邀请	15.52215439888797
50	3	过	7.7197870317316095
50	4	喜欢	14.614219781222339
50	5	明星	12.896900057440888
50	6	的	0.5488068419083518
50	7	朋友	3.2925137918063285
50	8	。	4.775010109544965
51	1	她	8.104506308056298
51	2	申请	14.181961241848754
51	3	过	6.824629750014719
51	4	减轻	16.280565140121908
51	5	负担	14.199840430552925
51	6	。	1.9456470298733421
52	1	她	8.104506308056298
52	2	申请	14.181961241848754
52	3	过	6.824629750014719
52	4	减轻	16.280565140121908
52	5	负担	14.199840430552925
52	6	的	2.342817448306242
52	7	奖金	14.93042412846954
52	8	。	0.26997302298241266
53	1	她	8.104506308056298
53	2	去	10.271190642442875
53	3	买	7.7604372007333815
53	4	带来	16.513390540890896
53	5	好运	17.422942603965417
53	6	。	3.036607350167472
54	1	她	8.104506308056298
54	2	去	10.271190642442875
54	3	买	7.7604372007333815
54	4	带来	16.513390540890896
54	5	好运	17.422942603965417
54	6	的	0.9870081910731869
54	7	礼物	11.1170856572192
54	8	。	7.454493133547686
55	1	弟弟	16.948709919995682
55	2	需要	12.761971189677915
55	3	用于	14.187161401507925
55	4	游戏	14.076439809344421
55	5	。	15.63918659481564
56	1	弟弟	16.948709919995682
56	2	需要	12.761971189677915
56	3	用于	14.187161401507925
56	4	游戏	14.076439809344421
56	5	的	2.0076501701052294
56	6	钱	8.329296453323515
56	7	。	14.129010316132508
57	1	他	5.8752470434032045
57	2	很	8.134973699810114
57	3	欣赏	11.34707671580612
57	4	写	15.28125205222457
57	5	小说	9.405129861886053
57	6	。	4.920267911311086
58	1	他	5.8752470434032045
58	2	很	8.134973699810114
58	3	欣赏	11.34707671580612
58	4	写	15.28125205222457
58	5	小说	9.405129861886053
58	6	的	0.5729563359263707
58	7	作家	9.384366993616105
58	8	。	1.6047516069433598
59	1	我	4.994118861451678
59	2	经常	9.554054396846247
59	3	去	5.572312286678105
59	4	提供	11.56438893688481
59	5	停车位	20.92990647563531
59	6	。	2.147633834969298
60	1	我	4.994118861451678
60	2	经常	9.554054396846247
60	3	去	5.572312286678105
60	4	提供	11.56438893688481
60	5	停车位	20.92990647563531
60	6	的	1.9402607048084164
60	7	医院	13.130846833147977
60	8	。	1.417649130753972
