sentence_id	token_id	token	surprisal
1	1	他	5.875664874310536
1	2	喜欢	11.177259363436292
1	3	那	8.159216544119573
1	4	家	6.183274650601131
1	5	我	8.512048131966782
1	6	采访	13.274878312723239
1	7	过	5.2257472288277
1	8	的	1.165450353648481
1	9	老板	11.088983011059796
1	10	投资	16.512654178588832
1	11	的	11.678263394078712
1	12	饭店	16.33611619007523
1	13	。	2.1414465720318674
2	1	他	5.875664874310536
2	2	喜欢	11.177259363436292
2	3	那	8.159216544119573
2	4	个	4.237807706205089
2	5	我	7.5968784562312734
2	6	采访	12.970352621885432
2	7	过	3.3558480663314256
2	8	的	0.5976918034697718
2	9	老板	12.070131987804345
2	10	投资	16.958615146257145
2	11	的	11.162169574034365
2	12	饭店	16.599929141213096
2	13	。	2.0603196484182575
3	1	她	8.104333071515446
3	2	在	4.829667689764239
3	3	看	9.83810666235293
3	4	那	6.555661107651485
3	5	幅	10.680826723697706
3	6	我	5.499717247144879
3	7	介绍	14.123805101834861
3	8	的	0.7402512161201784
3	9	朋友	9.37050384549287
3	10	喜欢	16.661101254249616
3	11	的	5.066005894820194
3	12	画	13.852208514568119
3	13	。	1.278146281975495
4	1	她	8.104333071515446
4	2	在	4.829667689764239
4	3	看	9.83810666235293
4	4	那	6.555661107651485
4	5	个	5.49612817854301
4	6	我	5.9526148598186595
4	7	介绍	14.515838580340777
4	8	的	0.7615439496211138
4	9	朋友	9.234537228140141
4	10	喜欢	16.83571824371407
4	11	的	4.479374034434713
4	12	画	14.62633945891244
4	13	。	1.5776082864773997
5	1	我	4.994110892148795
5	2	欣赏	14.829782901928978
5	3	那	7.396549276488731
5	4	件	3.575515680476421
5	5	我	6.961788951650412
5	6	喜欢	7.44392339663073
5	7	的	0.9658793426449179
5	8	老师	12.576158062467314
5	9	收藏	18.217230317987855
5	10	的	9.1575557622037
5	11	艺术品	19.07871961329637
5	12	。	2.1752289926183295
6	1	我	4.994110892148795
6	2	欣赏	14.829782901928978
6	3	那	7.396549276488731
6	4	个	4.255299023139969
6	5	我	6.139053832594996
6	6	喜欢	7.594932210632358
6	7	的	0.9313311200364041
6	8	老师	9.83091678804557
6	9	收藏	19.0261863433278
6	10	的	8.9341789352588
6	11	艺术品	18.93832585692371
6	12	。	1.7808985161437931
7	1	他	5.875664874310536
7	2	打	10.3434804267882
7	3	了	2.3125911101076753
7	4	那	8.817882226247978
7	5	只	9.30222656072118
7	6	我	7.620136563094526
7	7	认识	11.39497561736696
7	8	的	0.6113679557740497
7	9	店长	18.82339815324653
7	10	喜欢	13.806631653762352
7	11	的	8.982539856497311
7	12	宠物	18.41206844918571
7	13	。	3.777418934352255
8	1	他	5.875664874310536
8	2	打	10.3434804267882
8	3	了	2.3125911101076753
8	4	那	8.817882226247978
8	5	个	3.463804644300758
8	6	我	7.497397815663476
8	7	认识	10.846305758772111
8	8	的	0.5959446877993528
8	9	店长	19.35081607647176
8	10	喜欢	13.576494712618256
8	11	的	8.861078119558584
8	12	宠物	18.73152896575975
8	13	。	3.775828706095652
9	1	我	4.994110892148795
9	2	在	5.63241238795835
9	3	思念	17.917795559895914
9	4	那	9.214455911215413
9	5	首	8.254905329682387
9	6	我	5.767388509621533
9	7	见	11.903814221474804
9	8	过	1.3688599964963544
9	9	的	0.7863572116858109
9	10	明星	14.168830610676665
9	11	唱	19.73416403447935
9	12	的	9.740203540830677
9	13	歌	13.276963371551446
9	14	。	1.294309783711185
10	1	我	4.994110892148795
10	2	在	5.63241238795835
10	3	思念	17.917795559895914
10	4	那	9.214455911215413
10	5	个	5.537778354372762
10	6	我	5.541761678428337
10	7	见	12.184448457250276
10	8	过	1.4857839050068975
10	9	的	0.6847151212057483
10	10	明星	13.884260931190141
10	11	唱	20.375069593622527
10	12	的	8.768960885285452
10	13	歌	13.876928194783858
10	14	。	1.745831601431135
11	1	她	8.104333071515446
11	2	拜访	14.828409568512248
11	3	了	2.8536307047971228
11	4	那	7.231062214297204
11	5	所	9.693911363082805
11	6	我	7.475574256232747
11	7	认识	10.528703170454548
11	8	的	0.5964591883914565
11	9	老人	13.40903464368585
11	10	去	8.934496833006193
11	11	的	10.85059442289672
11	12	学校	8.399197201212615
11	13	。	5.088616776375204
12	1	她	8.104333071515446
12	2	拜访	14.828409568512248
12	3	了	2.8536307047971228
12	4	那	7.231062214297204
12	5	个	3.9549893027053287
12	6	我	7.167316910820794
12	7	认识	10.365632656849343
12	8	的	0.7803580644974062
12	9	老人	13.444334368460012
12	10	去	9.193725047530563
12	11	的	10.961367794835226
12	12	学校	8.351883643166104
12	13	。	4.360272850753361
13	1	他	5.875664874310536
13	2	检查	16.059655740717005
13	3	了	1.1470071101528276
13	4	那	7.656166825515893
13	5	件	3.2688063240024583
13	6	我	8.453966985850165
13	7	采访	12.614451983548584
13	8	过	3.782655414843056
13	9	的	0.7019758429874727
13	10	司机	17.49091732247856
13	11	带	13.193168967193017
13	12	的	6.903456292998726
13	13	行李	14.534624342350611
13	14	。	2.587627983818365
14	1	他	5.875664874310536
14	2	检查	16.059655740717005
14	3	了	1.1470071101528276
14	4	那	7.656166825515893
14	5	个	4.828872580682958
14	6	我	7.114535866120889
14	7	采访	12.73067994511311
14	8	过	3.451475468273401
14	9	的	0.6330079595034732
14	10	司机	14.905044956884119
14	11	带	13.386041423646532
14	12	的	9.983770163983948
14	13	行李	14.749439134034631
14	14	。	2.4955411841921773
15	1	我	4.994110892148795
15	2	听说	9.527636018069897
15	3	过	2.352385467112221
15	4	那	5.405657193523439
15	5	本	4.455361609283575
15	6	我	6.328769113071807
15	7	喜欢	7.585473179086513
15	8	的	0.7033200867532869
15	9	作家	13.019143195059385
15	10	写	11.40383088189742
15	11	的	6.4307392391870195
15	12	书	8.52845503698903
15	13	。	3.4675569394957364
16	1	我	4.994110892148795
16	2	听说	9.527636018069897
16	3	过	2.352385467112221
16	4	那	5.405657193523439
16	5	个	5.729126677465004
16	6	我	6.000699274658391
16	7	喜欢	7.480186307080061
16	8	的	0.7909272002832068
16	9	作家	13.301782376108747
16	10	写	11.486881655567409
16	11	的	5.922150002430001
16	12	书	9.090831728042644
16	13	。	3.0836085662870403
17	1	她	8.104333071515446
17	2	撞	18.990823789393346
17	3	了	2.7119583260496007
17	4	那	7.455725705826669
17	5	辆	5.734537356050545
17	6	我	8.470109299566971
17	7	介绍	16.01614680481672
17	8	的	0.47246166552648106
17	9	朋友	10.658937613599619
17	10	开	13.960730137837515
17	11	的	8.560648234572852
17	12	车	7.525809528091003
17	13	。	2.0487513330277807
18	1	她	8.104333071515446
18	2	撞	18.990823789393346
18	3	了	2.7119583260496007
18	4	那	7.455725705826669
18	5	个	3.6810974602508963
18	6	我	6.532035260744969
18	7	介绍	15.530481117884968
18	8	的	0.5347397926958237
18	9	朋友	8.772222743618322
18	10	开	13.805104719189302
18	11	的	9.25849632131667
18	12	车	9.096466150102103
18	13	。	2.914582003837779
19	1	我们	6.382147175088035
19	2	认可	17.610200451942436
19	3	了	6.869620141483878
19	4	那	6.5537150476469
19	5	份	5.749179578421284
19	6	他	8.57812016340506
19	7	教	13.808339773230365
19	8	的	3.350348019796101
19	9	孩子	9.233202177298367
19	10	做	9.381614057199798
19	11	的	3.885338546756543
19	12	作业	15.422600887354236
19	13	。	5.8567265005656
20	1	我们	6.382147175088035
20	2	认可	17.610200451942436
20	3	了	6.869620141483878
20	4	那	6.5537150476469
20	5	个	4.673477900442613
20	6	他	9.268147886297072
20	7	教	13.43828849733972
20	8	的	3.09681343949093
20	9	孩子	5.333985377592242
20	10	做	9.682188444546227
20	11	的	5.216878582189551
20	12	作业	16.412700893985786
20	13	。	3.881298330360778
21	1	他们	7.133338591934309
21	2	接受	11.21722781367517
21	3	了	1.8550257434154211
21	4	那	7.132584872571215
21	5	份	5.258932206240626
21	6	我	9.64374760767479
21	7	采访	9.882244554832546
21	8	过	4.926607753690085
21	9	的	0.9361267392228996
21	10	老板	14.468482940364346
21	11	制定	17.608409634292528
21	12	的	13.317064249706462
21	13	合同	14.576778426283894
21	14	。	1.317668056446351
22	1	他们	7.133338591934309
22	2	接受	11.21722781367517
22	3	了	1.8550257434154211
22	4	那	7.132584872571215
22	5	个	5.117109013239581
22	6	我	8.188729141570676
22	7	采访	11.782006356096964
22	8	过	3.8636858379866084
22	9	的	0.6135453092747838
22	10	老板	13.274057557957043
22	11	制定	18.24893752853093
22	12	的	12.985366054574655
22	13	合同	14.826303996418076
22	14	。	1.4247808217934619
23	1	他	5.875664874310536
23	2	离开	10.541458494932684
23	3	了	2.054507771250183
23	4	那	7.924231896218487
23	5	间	11.027848576201318
23	6	我	8.249585294961726
23	7	尊敬	15.993164077213734
23	8	的	0.12374796230731988
23	9	朋友	7.779101041295171
23	10	开	15.222879067271634
23	11	的	9.582549501413467
23	12	工厂	14.94138331025583
23	13	。	1.4885368249496764
24	1	他	5.875664874310536
24	2	离开	10.541458494932684
24	3	了	2.054507771250183
24	4	那	7.924231896218487
24	5	个	2.7348067396878797
24	6	我	8.300111428784426
24	7	尊敬	15.600233617728094
24	8	的	0.11939512516056539
24	9	朋友	7.549547711538878
24	10	开	15.021442562478008
24	11	的	9.60181003337307
24	12	工厂	14.786453951309781
24	13	。	1.6233385798026632
25	1	她	8.104333071515446
25	2	找	12.649837755575083
25	3	了	1.8221969136474314
25	4	那	8.169866817177851
25	5	张	5.560718550342351
25	6	我	7.386077200832567
25	7	教	12.693641540682698
25	8	的	2.0223019317169246
25	9	孩子	4.132385630671642
25	10	照	17.509108161754128
25	11	的	12.471597957337735
25	12	照片	10.97282522281941
25	13	。	2.39168863383982
26	1	她	8.104333071515446
26	2	找	12.649837755575083
26	3	了	1.8221969136474314
26	4	那	8.169866817177851
26	5	个	2.7419807419850954
26	6	我	7.332941416490186
26	7	教	12.964817487665094
26	8	的	2.31015408046801
26	9	孩子	3.025576879462733
26	10	照	17.50178823845809
26	11	的	12.641847418912022
26	12	照片	11.05196489362639
26	13	。	2.427586342431823
27	1	我	4.994110892148795
27	2	需要	7.016060004252491
27	3	那	10.800844541023329
27	4	台	11.611220566927528
27	5	我们	11.689929315858187
27	6	欣赏	14.186791303372132
27	7	的	0.8916531761988722
27	8	老师	11.432563984601636
27	9	用	9.36901069606742
27	10	的	7.72961359353323
27	11	手机	13.580397037614503
27	12	。	2.797434278890506
28	1	我	4.994110892148795
28	2	需要	7.016060004252491
28	3	那	10.800844541023329
28	4	个	4.356072725177814
28	5	我们	10.703754088481592
28	6	欣赏	14.230089235445334
28	7	的	0.8784535315250039
28	8	老师	11.916426842941917
28	9	用	9.97609469613299
28	10	的	8.403466048693403
28	11	手机	13.078256929827859
28	12	。	2.9896580116233906
29	1	他	5.875664874310536
29	2	在	4.425488059870957
29	3	画	14.586382020031527
29	4	那	10.567841999819915
29	5	朵	16.490573973818464
29	6	我	9.511307749277151
29	7	关心	11.007313680992269
29	8	的	0.4953811775656334
29	9	邻居	11.182664400275257
29	10	种	17.024697531880037
29	11	的	14.810016765590632
29	12	花	12.159065572606238
29	13	。	4.438467426702886
30	1	他	5.875664874310536
30	2	在	4.425488059870957
30	3	画	14.586382020031527
30	4	那	10.567841999819915
30	5	个	3.564093308244118
30	6	我	9.44680907750893
30	7	关心	10.050918234064412
30	8	的	0.6585761807908526
30	9	邻居	11.550811508424609
30	10	种	17.37874052375861
30	11	的	15.343625379819699
30	12	花	12.788745468441391
30	13	。	4.224438190734915
31	1	她	8.104333071515446
31	2	在	4.829667689764239
31	3	介绍	12.741713991152581
31	4	那	9.700163924006194
31	5	台	9.916398095417797
31	6	我	9.247618944361633
31	7	尊敬	15.424648039977974
31	8	的	0.293015856013227
31	9	科学家	15.2219099734086
31	10	做	13.901291249372676
31	11	的	7.592013413964452
31	12	电视	11.806182085893397
31	13	。	2.8975015639880013
32	1	她	8.104333071515446
32	2	在	4.829667689764239
32	3	介绍	12.741713991152581
32	4	那	9.700163924006194
32	5	个	3.6787198678676205
32	6	我	7.210573940128953
32	7	尊敬	15.224662870214928
32	8	的	0.2874551061501407
32	9	科学家	15.29031287480754
32	10	做	14.226551439227237
32	11	的	5.755155919898812
32	12	电视	12.30588786394405
32	13	。	4.390386180256698
33	1	我	4.994110892148795
33	2	见	11.76836217156991
33	3	过	1.1015231252767563
33	4	那	4.860448162668561
33	5	栋	9.062288665061342
33	6	他	8.927871587567921
33	7	认识	11.722675454883465
33	8	的	0.7157723006052237
33	9	男人	6.3265393957317215
33	10	买	11.680065942464353
33	11	的	7.427108690917933
33	12	房子	7.403360527848122
33	13	。	2.0949048499532523
34	1	我	4.994110892148795
34	2	见	11.76836217156991
34	3	过	1.1015231252767563
34	4	那	4.860448162668561
34	5	个	5.314975567259037
34	6	他	9.314122246423786
34	7	认识	11.022708571815905
34	8	的	0.894149335463041
34	9	男人	8.255635198589275
34	10	买	12.401880867736693
34	11	的	8.110914054065915
34	12	房子	7.830704707001644
34	13	。	2.60495927806798
35	1	我	4.994110892148795
35	2	拒绝	12.717355083117576
35	3	了	3.3552024522217607
35	4	那	5.27174336353918
35	5	条	7.313176691678514
35	6	我	8.530869809491115
35	7	欣赏	14.359595727365217
35	8	的	0.7143792322353519
35	9	朋友	9.820859457078733
35	10	给	8.890254634901481
35	11	的	11.90652085766942
35	12	建议	12.9115241269415
35	13	。	5.825031712790022
36	1	我	4.994110892148795
36	2	拒绝	12.717355083117576
36	3	了	3.3552024522217607
36	4	那	5.27174336353918
36	5	个	6.161598608165036
36	6	我	7.374259968524385
36	7	欣赏	14.628055350977242
36	8	的	0.8042380909264324
36	9	朋友	8.55265289968851
36	10	给	9.070265657414076
36	11	的	11.925645953387502
36	12	建议	13.405795730389144
36	13	。	5.595898344784317
37	1	他	5.875664874310536
37	2	在	4.425488059870957
37	3	看	10.249334898127382
37	4	那	7.472562182511201
37	5	支	11.49586813602659
37	6	我	8.391065083365952
37	7	关心	10.497093136370651
37	8	的	0.8169243724016297
37	9	老师	10.72059948254011
37	10	用	13.800562459885
37	11	的	4.6096499009344996
37	12	笔	14.863525173147565
37	13	。	1.409829015874024
38	1	他	5.875664874310536
38	2	在	4.425488059870957
38	3	看	10.249334898127382
38	4	那	7.472562182511201
38	5	个	5.487128718786781
38	6	我	6.479542441747448
38	7	关心	9.515775762084104
38	8	的	0.8090813862627968
38	9	老师	11.090251563346136
38	10	用	14.035219785949465
38	11	的	4.320201650155013
38	12	笔	15.048830846540213
38	13	。	1.4695175608976
39	1	她	8.104333071515446
39	2	在	4.829667689764239
39	3	找	12.360358753976401
39	4	那	9.141708142131893
39	5	只	10.133329337020697
39	6	我	7.734255697324379
39	7	帮助	12.647052288910295
39	8	过	5.670481846231837
39	9	的	1.0974683629888773
39	10	女人	9.34169285753569
39	11	丢	16.817033702865345
39	12	的	6.414048974337291
39	13	鞋子	18.126807393468923
39	14	。	1.7286343001006514
40	1	她	8.104333071515446
40	2	在	4.829667689764239
40	3	找	12.360358753976401
40	4	那	9.141708142131893
40	5	个	3.067009717302902
40	6	我	7.368374168178974
40	7	帮助	11.788881558076625
40	8	过	5.530360534642661
40	9	的	0.872425725949924
40	10	女人	9.304266209417065
40	11	丢	17.20409269174074
40	12	的	6.448182968002115
40	13	鞋子	18.106190205645916
40	14	。	2.0344098930117553
41	1	我	4.994110892148795
41	2	讨厌	12.87413184534085
41	3	那	7.274595054160105
41	4	条	7.397797065236961
41	5	我	5.219643173305883
41	6	关心	11.242531437943981
41	7	的	0.4269804262537278
41	8	邻居	13.29117478396602
41	9	养	19.646167931521177
41	10	的	5.484533591573722
41	11	狗	12.710030070718588
41	12	。	1.6467292810855128
42	1	我	4.994110892148795
42	2	讨厌	12.87413184534085
42	3	那	7.274595054160105
42	4	个	4.468448484005712
42	5	我	4.474568129748331
42	6	关心	11.027024707069181
42	7	的	0.5156309000872596
42	8	邻居	12.677450312617168
42	9	养	19.88171956717077
42	10	的	8.046582993907407
42	11	狗	13.4527122581636
42	12	。	2.0923692363219857
43	1	他	5.875664874310536
43	2	发现	9.629252117534325
43	3	了	4.1597745813494065
43	4	那	7.440589168517377
43	5	座	7.116665285975678
43	6	我	10.055153088752547
43	7	采访	14.296969834139496
43	8	过	3.1133266199208123
43	9	的	0.5847120928429206
43	10	老人	11.170720229242
43	11	修	18.65568164574816
43	12	的	7.955962081084849
43	13	桥	15.638314038720594
43	14	。	1.9341146968669136
44	1	他	5.875664874310536
44	2	发现	9.629252117534325
44	3	了	4.1597745813494065
44	4	那	7.440589168517377
44	5	个	4.198925361005617
44	6	我	7.94683510768515
44	7	采访	13.8573936234324
44	8	过	2.6635770153546616
44	9	的	0.5115103582881773
44	10	老人	12.875323107396873
44	11	修	18.60199061758489
44	12	的	7.834399069141469
44	13	桥	16.25110272455933
44	14	。	2.2162757950593743
45	1	她	8.104333071515446
45	2	评价	14.294705294337353
45	3	了	0.8640785675590514
45	4	那	7.666770746963358
45	5	篇	5.077753223074872
45	6	我	7.6672952883628795
45	7	培养	15.644452592485798
45	8	的	1.5942085489512934
45	9	学生	13.08787866224344
45	10	准备	13.957076516577544
45	11	的	5.9616080772214985
45	12	报告	10.136954470058171
45	13	。	0.944746236016826
46	1	她	8.104333071515446
46	2	评价	14.294705294337353
46	3	了	0.8640785675590514
46	4	那	7.666770746963358
46	5	个	3.582139706301696
46	6	我	6.660876852395624
46	7	培养	16.225873337719804
46	8	的	1.8066853671960672
46	9	学生	12.919043365243972
46	10	准备	15.062084287169782
46	11	的	5.064957460808756
46	12	报告	13.469266961711185
46	13	。	1.7395676874001111
47	1	我	4.994110892148795
47	2	在	5.63241238795835
47	3	等	10.248038178235555
47	4	那	6.825855225160748
47	5	封	12.056363003619929
47	6	我	6.853053836240619
47	7	依赖	14.913928582240139
47	8	的	1.1489845935535996
47	9	朋友	8.224038878916723
47	10	写	11.901989443197962
47	11	的	4.094262204245709
47	12	信	12.098226023638276
47	13	。	1.708671935663034
48	1	我	4.994110892148795
48	2	在	5.63241238795835
48	3	等	10.248038178235555
48	4	那	6.825855225160748
48	5	个	4.497707408657938
48	6	我	7.412412723187359
48	7	依赖	14.853107829460434
48	8	的	0.9088062129133903
48	9	朋友	6.941391348620343
48	10	写	12.342003804862813
48	11	的	4.504499708690432
48	12	信	12.209727446309714
48	13	。	1.7064394750858725
49	1	他	5.875664874310536
49	2	提到	11.272221175791017
49	3	了	3.9088657293703335
49	4	那	8.216690430284252
49	5	堂	18.681023881487164
49	6	我	8.639222917277472
49	7	认识	11.240603542869344
49	8	的	0.8710256363886657
49	9	老师	10.532643470293834
49	10	教	14.749402075604877
49	11	的	7.301913668320992
49	12	课	11.881146430088961
49	13	。	8.400480729188615
50	1	他	5.875664874310536
50	2	提到	11.272221175791017
50	3	了	3.9088657293703335
50	4	那	8.216690430284252
50	5	个	4.257342878765634
50	6	我	8.01559574052041
50	7	认识	9.699695619904723
50	8	过	6.474510462676619
50	9	的	0.7862145402212235
50	10	老师	11.79651590386338
50	11	教	15.236860677741205
50	12	的	6.786089479757663
50	13	课	12.22165772684292
50	14	。	9.503368532902527
51	1	她	8.104333071515446
51	2	推荐	16.445490182979135
51	3	了	2.639707456733145
51	4	那	6.890556082536527
51	5	块	8.733983166646091
51	6	我	6.646161485014424
51	7	信任	16.039926167591204
51	8	的	0.7341332933484921
51	9	医生	10.674976041673617
51	10	喜欢	15.075957749694041
51	11	的	12.189887017541906
51	12	手表	17.7992707094554
51	13	。	2.946506095445258
52	1	她	8.104333071515446
52	2	推荐	16.445490182979135
52	3	了	2.639707456733145
52	4	那	6.890556082536527
52	5	个	4.827747684088656
52	6	我	6.718133108248935
52	7	信任	15.994726030839601
52	8	的	0.8616091386405529
52	9	医生	9.706489979325397
52	10	喜欢	14.51090818289623
52	11	的	12.617350056091837
52	12	手表	17.753773413662373
52	13	。	4.1460840979979565
53	1	我	4.994110892148795
53	2	选择	11.139087628179128
53	3	了	1.294178496020315
53	4	那	6.271117134179583
53	5	篇	5.004401833756173
53	6	她	9.274000328287261
53	7	教	12.999000495133842
53	8	的	2.582676028547205
53	9	学生	11.922460506507385
53	10	写	11.79746495892904
53	11	的	6.29493361071674
53	12	论文	12.370318226954694
53	13	。	1.740947504271233
54	1	我	4.994110892148795
54	2	选择	11.139087628179128
54	3	了	1.294178496020315
54	4	那	6.271117134179583
54	5	个	4.608938026911595
54	6	她	10.260847426961213
54	7	教	14.62954497763723
54	8	的	2.400543358921368
54	9	学生	9.703084845811553
54	10	写	13.023082117510683
54	11	的	6.496001253863966
54	12	论文	12.451841470183183
54	13	。	2.3109327643093565
55	1	她	8.104333071515446
55	2	喜欢	10.300868701962143
55	3	那	7.502749777177659
55	4	场	5.778545008809413
55	5	我	8.112706368602066
55	6	听说	13.912572969446565
55	7	过	1.5464762641914405
55	8	的	0.5967786933660548
55	9	演员	13.714116620872922
55	10	准备	11.565874600641791
55	11	的	9.93361812515063
55	12	表演	13.436061975786615
55	13	。	4.819791228789015
56	1	她	8.104333071515446
56	2	喜欢	10.300868701962143
56	3	那	7.502749777177659
56	4	个	3.8541834162765625
56	5	我	7.15309850861928
56	6	听说	13.54022711677969
56	7	过	1.679217052582608
56	8	的	0.4961181809875086
56	9	演员	13.987841654944539
56	10	准备	11.920849660537144
56	11	的	10.111978913734134
56	12	表演	13.681414231536976
56	13	。	5.568231783917895
57	1	他	5.875664874310536
57	2	称赞	18.76486718555451
57	3	了	4.310575062659989
57	4	那	8.904411878082485
57	5	间	11.592702849906743
57	6	我	8.467527195413517
57	7	采访	13.145113580155822
57	8	过	2.256983792459195
57	9	的	1.1400365063912403
57	10	警察	13.85514672494331
57	11	工作	13.972694442497925
57	12	的	4.639630354064707
57	13	办公室	11.17389339848583
57	14	。	1.180699311787862
58	1	他	5.875664874310536
58	2	称赞	18.76486718555451
58	3	了	4.310575062659989
58	4	那	8.904411878082485
58	5	个	3.919227599974313
58	6	我	7.477462969310018
58	7	采访	12.881803123615555
58	8	过	2.152206106351663
58	9	的	0.8102375853848827
58	10	警察	13.879977941125318
58	11	工作	13.772871956652736
58	12	的	4.475269491821265
58	13	办公室	11.154096432012878
58	14	。	1.8419877346838405
59	1	我	4.994110892148795
59	2	听说	9.527636018069897
59	3	过	2.352385467112221
59	4	那	5.405657193523439
59	5	首	9.443459751988772
59	6	他	7.800269963440968
59	7	培养	17.042861220795622
59	8	的	1.0770469598573698
59	9	孩子	9.630244409141895
59	10	写	12.039729275464083
59	11	的	5.7309983034563885
59	12	诗	14.505149490185858
59	13	。	2.3064957173498613
60	1	我	4.994110892148795
60	2	听说	9.527636018069897
60	3	过	2.352385467112221
60	4	那	5.405657193523439
60	5	个	5.729126677465004
60	6	他	8.574190183963676
60	7	培养	17.49467221456981
60	8	的	1.3435674714812436
60	9	孩子	8.525696433584393
60	10	写	12.918709952856936
60	11	的	5.540092736229155
60	12	诗	14.665750255004696
60	13	。	2.7714359474047825
61	1	我	4.994110892148795
61	2	选择	11.139087628179128
61	3	了	1.294178496020315
61	4	那	6.271117134179583
61	5	家	7.815534608167145
61	6	我	6.160852627615252
61	7	依赖	15.454354640716637
61	8	的	0.6491649709946117
61	9	朋友	6.146351210394819
61	10	去	12.075723300468162
61	11	的	9.553250493416485
61	12	银行	13.872000725197182
61	13	。	2.3266265861932425
62	1	我	4.994110892148795
62	2	选择	11.139087628179128
62	3	了	1.294178496020315
62	4	那	6.271117134179583
62	5	个	4.608938026911595
62	6	我	5.6090892234184295
62	7	依赖	15.250935282016435
62	8	的	0.5861797697138726
62	9	朋友	7.120710827928107
62	10	去	9.722982512293044
62	11	的	12.564335753728116
62	12	银行	12.78927986628338
62	13	。	2.3565036313327
