sentence_id	token_id	token	surprisal
1	1	记者	9.945978984036993
1	2	采访	8.467934837407705
1	3	了	9.336933250874342
1	4	。	4.641189744033014
2	1	记者	9.945978984036993
2	2	采访	8.467934837407705
2	3	了	9.336933250874342
2	4	科学家	16.10651299788016
2	5	。	2.8937145962480386
3	1	他	5.875245926774767
3	2	认识	12.045397468873645
3	3	了	6.404509559476509
3	4	。	11.776216049918744
4	1	他	5.875245926774767
4	2	认识	12.045397468873645
4	3	了	6.404509559476509
4	4	老师	14.158447534308692
4	5	。	7.374184597480593
5	1	他	5.875245926774767
5	2	拍	14.188291430869839
5	3	下	12.747947775709164
5	4	了	2.7834208282964994
5	5	。	6.948313791371717
6	1	他	5.875245926774767
6	2	拍	14.188291430869839
6	3	下	12.747947775709164
6	4	了	2.7834208282964994
6	5	艺术品	18.43842418440032
6	6	。	2.781243280736348
7	1	我们	6.382351369120432
7	2	参加	11.364645653824724
7	3	了	1.5669291764873705
7	4	。	11.780775391912798
8	1	我们	6.382351369120432
8	2	参加	11.364645653824724
8	3	了	1.5669291764873705
8	4	活动	13.588368151018283
8	5	。	3.187513999210438
9	1	他	5.875245926774767
9	2	想起	12.89916634158969
9	3	了	2.066896245364237
9	4	。	11.485275686624885
10	1	他	5.875245926774767
10	2	想起	12.89916634158969
10	3	了	2.066896245364237
10	4	同学	16.836684689444585
10	5	。	15.548390031261981
11	1	司机	15.518457219529846
11	2	启动	16.969298802085408
11	3	了	1.4502216512347985
11	4	。	4.826381213963863
12	1	司机	15.518457219529846
12	2	启动	16.969298802085408
12	3	了	1.4502216512347985
12	4	车	12.063067096382625
12	5	。	4.557031911509007
13	1	爸爸	11.885669269268305
13	2	买	9.931126971247142
13	3	了	1.7083617389990629
13	4	。	7.352801268376425
14	1	爸爸	11.885669269268305
14	2	买	9.931126971247142
14	3	了	1.7083617389990629
14	4	房子	8.814508756797132
14	5	。	3.6296425667362087
15	1	他	5.875245926774767
15	2	损失	16.79301766681695
15	3	了	2.481305852690891
15	4	。	4.75941784225412
16	1	他	5.875245926774767
16	2	损失	16.79301766681695
16	3	了	2.481305852690891
16	4	现金	12.859691156343704
16	5	。	1.6067598415030986
17	1	我	4.994117023777252
17	2	拜访	15.619020495063324
17	3	了	3.030061345407418
17	4	。	10.816983554328946
18	1	我	4.994117023777252
18	2	拜访	15.619020495063324
18	3	了	3.030061345407418
18	4	邻居	13.758330709687957
18	5	。	4.960580360740501
19	1	爷爷	17.69083979571898
19	2	中止	19.446630362855487
19	3	了	3.124576084467165
19	4	。	8.37627776207858
20	1	爷爷	17.69083979571898
20	2	中止	19.446630362855487
20	3	了	3.124576084467165
20	4	谈话	13.44306963837554
20	5	。	2.36702432403181
21	1	她	8.104505067113362
21	2	提到	11.022161601613096
21	3	了	3.529240757840501
21	4	。	11.346370111271813
22	1	她	8.104505067113362
22	2	提到	11.022161601613096
22	3	了	3.529240757840501
22	4	女儿	12.08064430346693
22	5	。	10.88174436109103
23	1	医生	12.851929260427736
23	2	表扬	17.86421541816432
23	3	了	1.8101137378217018
23	4	。	10.949116094993691
24	1	医生	12.851929260427736
24	2	表扬	17.86421541816432
24	3	了	1.8101137378217018
24	4	孩子	11.390920286732836
24	5	。	6.992699235515268
25	1	她	8.104505067113362
25	2	介绍	9.864038513697444
25	3	了	3.4620795369608572
25	4	。	8.49802972893644
26	1	她	8.104505067113362
26	2	介绍	9.864038513697444
26	3	了	3.4620795369608572
26	4	工厂	15.924280376292298
26	5	。	15.53584734668383
27	1	我	4.994117023777252
27	2	洗	17.328085815560126
27	3	了	1.3246379577731027
27	4	。	9.41407283823828
28	1	我	4.994117023777252
28	2	洗	17.328085815560126
28	3	了	1.3246379577731027
28	4	衣服	10.87231574138389
28	5	。	3.318860941138098
29	1	学生	12.735888579500584
29	2	们	17.38756929465066
29	3	写	8.67392684379298
29	4	着	2.7720352606419
29	5	。	7.176180298965093
30	1	学生	12.735888579500584
30	2	们	17.38756929465066
30	3	写	8.67392684379298
30	4	着	2.7720352606419
30	5	作业	16.732264448390566
30	6	。	8.41116658218374
31	1	店长	20.113427188409588
31	2	拿	11.498492948562156
31	3	着	0.812978283701316
31	4	。	15.609102322024512
32	1	店长	20.113427188409588
32	2	拿	11.498492948562156
32	3	着	0.812978283701316
32	4	钥匙	15.612304171108214
32	5	。	14.701242971415809
33	1	有人	18.6753470810836
33	2	听	10.899818058105158
33	3	着	2.434279054607263
33	4	。	13.549228791993286
34	1	有人	18.6753470810836
34	2	听	10.899818058105158
34	3	着	2.434279054607263
34	4	音乐	11.576207172176801
34	5	。	15.087324432690238
35	1	我	4.994117023777252
35	2	观察	13.574582101817107
35	3	着	5.6731268328864495
35	4	。	6.7458057332722845
36	1	我	4.994117023777252
36	2	观察	13.574582101817107
36	3	着	5.6731268328864495
36	4	男人	14.152618816939658
36	5	。	5.087214108365117
37	1	学生	12.735888579500584
37	2	们	17.38756929465066
37	3	读	11.532852257628715
37	4	着	3.795397234382861
37	5	。	10.0672205437493
38	1	学生	12.735888579500584
38	2	们	17.38756929465066
38	3	读	11.532852257628715
38	4	着	3.795397234382861
38	5	书	10.372285266542931
38	6	。	9.277955574150326
39	1	教练	18.043150804023576
39	2	创办	15.236131668260818
39	3	过	11.788973082884802
39	4	。	14.596419767351989
40	1	教练	18.043150804023576
40	2	创办	15.236131668260818
40	3	过	11.788973082884802
40	4	健身房	14.09431727121789
40	5	。	13.056564344653587
41	1	我	4.994117023777252
41	2	喜欢	7.786005405789585
41	3	过	6.610166366798918
41	4	。	7.538128125204025
42	1	我	4.994117023777252
42	2	喜欢	7.786005405789585
42	3	过	6.610166366798918
42	4	音乐	13.30052597577171
42	5	。	3.031856792133219
43	1	她	8.104505067113362
43	2	开	12.411046561469924
43	3	过	5.793906668965068
43	4	。	12.751454151582983
44	1	她	8.104505067113362
44	2	开	12.411046561469924
44	3	过	5.793906668965068
44	4	车	8.961679125201321
44	5	。	8.048894114933546
45	1	他	5.875245926774767
45	2	修理	16.770447150950943
45	3	过	9.120612551599628
45	4	。	8.307592133394657
46	1	他	5.875245926774767
46	2	修理	16.770447150950943
46	3	过	9.120612551599628
46	4	电脑	13.543215348073112
46	5	。	7.474822013703829
47	1	他	5.875245926774767
47	2	讲	10.825581704699015
47	3	过	6.865317787629934
47	4	。	8.519502436431157
48	1	他	5.875245926774767
48	2	讲	10.825581704699015
48	3	过	6.865317787629934
48	4	课	15.313061860895598
48	5	。	5.5726654940991125
49	1	我	4.994117023777252
49	2	邀请	15.522152491204114
49	3	过	7.71978364828562
49	4	。	12.988998276584546
50	1	我	4.994117023777252
50	2	邀请	15.522152491204114
50	3	过	7.71978364828562
50	4	朋友	8.93881105611716
50	5	。	8.038833359331385
51	1	她	8.104505067113362
51	2	申请	14.18196229326216
51	3	过	6.824628504237754
51	4	。	10.699290743675263
52	1	她	8.104505067113362
52	2	申请	14.18196229326216
52	3	过	6.824628504237754
52	4	奖金	15.823775822890397
52	5	。	4.124550335870104
53	1	她	8.104505067113362
53	2	去	10.271193609750007
53	3	。	14.997011786948622
54	1	她	8.104505067113362
54	2	去	10.271193609750007
54	3	商店	15.146151823780276
54	4	。	15.616662271112475
55	1	弟弟	16.94870895380127
55	2	需要	12.761971439085517
55	3	。	16.822390629060124
56	1	弟弟	16.94870895380127
56	2	需要	12.761971439085517
56	3	钱	10.564717894972404
56	4	。	14.838631013668234
57	1	他	5.875245926774767
57	2	很	8.134972051395748
57	3	欣赏	11.347074639138159
57	4	。	5.702773095665979
58	1	他	5.875245926774767
58	2	很	8.134972051395748
58	3	欣赏	11.347074639138159
58	4	作家	12.323295545164292
58	5	。	4.70465721452441
59	1	我	4.994117023777252
59	2	经常	9.554056910177206
59	3	去	5.57231251230518
59	4	。	9.490164737098333
60	1	我	4.994117023777252
60	2	经常	9.554056910177206
60	3	去	5.57231251230518
60	4	医院	8.838509434009783
60	5	。	5.641950645401671
