sentence_id	token_id	token	surprisal
1	1	我	4.994110892148795
1	2	很	6.689637227132327
1	3	喜欢	4.4594183029426
1	4	一	4.968471115269676
1	5	位	4.754276133173043
1	6	让	9.421860822848561
1	7	人	6.473753374624458
1	8	开心	10.516473294376368
1	9	的	0.13091263217874882
1	10	明星	14.202548720847055
1	11	。	2.065439846219917
2	1	我	4.994110892148795
2	2	很	6.689637227132327
2	3	喜欢	4.4594183029426
2	4	一	4.968471115269676
2	5	首	8.485085048835614
2	6	让	9.469391612039662
2	7	人	4.943863667852469
2	8	开心	10.433082143805322
2	9	的	0.13153383356601722
2	10	明星	14.532920423932623
2	11	。	1.606307458341476
3	1	我	4.994110892148795
3	2	很	6.689637227132327
3	3	喜欢	4.4594183029426
3	4	一	4.968471115269676
3	5	首	8.485085048835614
3	6	让	9.469391612039662
3	7	人	4.943863667852469
3	8	开心	10.433082143805322
3	9	的	0.13153383356601722
3	10	歌曲	13.140923443607207
3	11	。	1.1991058708660063
4	1	我	4.994110892148795
4	2	很	6.689637227132327
4	3	喜欢	4.4594183029426
4	4	一	4.968471115269676
4	5	位	4.754276133173043
4	6	让	9.421860822848561
4	7	人	6.473753374624458
4	8	开心	10.516473294376368
4	9	的	0.13091263217874882
4	10	歌曲	13.256598875957842
4	11	。	1.4483449169682814
5	1	她	8.104333071515446
5	2	开车	14.336000874632342
5	3	去	4.5228799748527955
5	4	了	4.372711249493509
5	5	一	4.652590672752268
5	6	家	5.6845924837196975
5	7	受	11.135565673110627
5	8	大家	10.814477101104927
5	9	欢迎	8.744186666403728
5	10	的	0.11047182125447819
5	11	店	12.877417842496541
5	12	。	1.8185862703390967
6	1	她	8.104333071515446
6	2	开车	14.336000874632342
6	3	去	4.5228799748527955
6	4	了	4.372711249493509
6	5	一	4.652590672752268
6	6	座	7.245982981954008
6	7	受	10.575019431609704
6	8	大家	11.600836331233246
6	9	欢迎	8.64052471565634
6	10	的	0.09451426024975262
6	11	店	13.33737981383571
6	12	。	1.9034685779699743
7	1	她	8.104333071515446
7	2	开车	14.336000874632342
7	3	去	4.5228799748527955
7	4	了	4.372711249493509
7	5	一	4.652590672752268
7	6	座	7.245982981954008
7	7	受	10.575019431609704
7	8	大家	11.600836331233246
7	9	欢迎	8.64052471565634
7	10	的	0.09451426024975262
7	11	山	12.953111225334467
7	12	。	1.327747517093968
8	1	她	8.104333071515446
8	2	开车	14.336000874632342
8	3	去	4.5228799748527955
8	4	了	4.372711249493509
8	5	一	4.652590672752268
8	6	家	5.6845924837196975
8	7	受	11.135565673110627
8	8	大家	10.814477101104927
8	9	欢迎	8.744186666403728
8	10	的	0.11047182125447819
8	11	山	13.692781475575686
8	12	。	1.3817013681973975
9	1	他	5.875664874310536
9	2	有	7.28740809363262
9	3	一	2.2139951503735666
9	4	双	12.931780341555667
9	5	被	7.710978266828416
9	6	我	10.183538403885038
9	7	丢	11.715628725623226
9	8	了	2.6663697909924196
9	9	的	4.653330586171322
9	10	手套	14.448061080132092
9	11	。	8.543878300569546
10	1	他	5.875664874310536
10	2	有	7.28740809363262
10	3	一	2.2139951503735666
10	4	枚	10.573994515696265
10	5	被	6.123986460012926
10	6	我	9.57614046269282
10	7	丢	11.607304627309865
10	8	了	1.824300742610788
10	9	的	4.273979512567621
10	10	手套	14.077408920357534
10	11	。	8.794350495137195
11	1	他	5.875664874310536
11	2	有	7.28740809363262
11	3	一	2.2139951503735666
11	4	枚	10.573994515696265
11	5	被	6.123986460012926
11	6	我	9.57614046269282
11	7	丢	11.607304627309865
11	8	了	1.824300742610788
11	9	的	4.273979512567621
11	10	纽扣	17.246723932481267
11	11	。	10.962175814004155
12	1	他	5.875664874310536
12	2	有	7.28740809363262
12	3	一	2.2139951503735666
12	4	双	12.931780341555667
12	5	被	7.710978266828416
12	6	我	10.183538403885038
12	7	丢	11.715628725623226
12	8	了	2.6663697909924196
12	9	的	4.653330586171322
12	10	纽扣	17.66869807265337
12	11	。	10.247914546922487
13	1	店长	20.112901926848096
13	2	拿	11.498571225295109
13	3	着	0.8128999508810892
13	4	一	4.572730496468438
13	5	只	6.607979485781655
13	6	已经	9.181740635733064
13	7	成熟	14.065621632888124
13	8	了	8.565899880002306
13	9	的	2.2438391952576637
13	10	兔子	16.36445695774728
13	11	。	12.397539052949057
14	1	店长	20.112901926848096
14	2	拿	11.498571225295109
14	3	着	0.8128999508810892
14	4	一	4.572730496468438
14	5	根	8.776876975183193
14	6	已经	10.358465798527078
14	7	成熟	13.809569473039382
14	8	了	9.066232722752702
14	9	的	1.5529030779982094
14	10	兔子	15.511184955507389
14	11	。	13.308675990453125
15	1	店长	20.112901926848096
15	2	拿	11.498571225295109
15	3	着	0.8128999508810892
15	4	一	4.572730496468438
15	5	根	8.776876975183193
15	6	已经	10.358465798527078
15	7	成熟	13.809569473039382
15	8	了	9.066232722752702
15	9	的	1.5529030779982094
15	10	萝卜	17.380933155220234
15	11	。	14.853628577957053
16	1	店长	20.112901926848096
16	2	拿	11.498571225295109
16	3	着	0.8128999508810892
16	4	一	4.572730496468438
16	5	只	6.607979485781655
16	6	已经	9.181740635733064
16	7	成熟	14.065621632888124
16	8	了	8.565899880002306
16	9	的	2.2438391952576637
16	10	萝卜	17.66918280326844
16	11	。	12.194015731150273
17	1	他	5.875664874310536
17	2	认识	12.045621314440115
17	3	了	6.404517760366055
17	4	一	4.720922866482578
17	5	名	6.138369931682703
17	6	会	12.95263555580928
17	7	讲	10.307278315593486
17	8	故事	9.425107920739414
17	9	的	0.30879966790043056
17	10	男孩	9.569674838201692
17	11	。	4.6569137171459545
18	1	他	5.875664874310536
18	2	认识	12.045621314440115
18	3	了	6.404517760366055
18	4	一	4.720922866482578
18	5	本	5.655602363469384
18	6	会	9.842104672567878
18	7	讲	12.418684296637792
18	8	故事	10.632364448539313
18	9	的	1.8100155978691816
18	10	男孩	10.960420148993094
18	11	。	4.711631676561879
19	1	他	5.875664874310536
19	2	认识	12.045621314440115
19	3	了	6.404517760366055
19	4	一	4.720922866482578
19	5	本	5.655602363469384
19	6	会	9.842104672567878
19	7	讲	12.418684296637792
19	8	故事	10.632364448539313
19	9	的	1.8100155978691816
19	10	小说	9.401021765771588
19	11	。	4.010439061879026
20	1	他	5.875664874310536
20	2	认识	12.045621314440115
20	3	了	6.404517760366055
20	4	一	4.720922866482578
20	5	名	6.138369931682703
20	6	会	12.95263555580928
20	7	讲	10.307278315593486
20	8	故事	9.425107920739414
20	9	的	0.30879966790043056
20	10	小说	10.670012645338588
20	11	。	4.383984407044579
21	1	男人	15.867561566046628
21	2	在	4.040836477847012
21	3	扫描	17.893944834309316
21	4	一	6.524938059053099
21	5	篇	7.154382149790699
21	6	登报	19.51949057009263
21	7	了	11.344952422395153
21	8	的	3.529041344233903
21	9	文章	4.563659733052532
21	10	。	1.1405918016944412
22	1	男人	15.867561566046628
22	2	在	4.040836477847012
22	3	扫描	17.893944834309316
22	4	一	6.524938059053099
22	5	张	5.949569824288808
22	6	登报	18.992117803244312
22	7	了	11.647811616124201
22	8	的	3.848015219421711
22	9	文章	8.287076378631795
22	10	。	1.2006565667920341
23	1	男人	15.867561566046628
23	2	在	4.040836477847012
23	3	扫描	17.893944834309316
23	4	一	6.524938059053099
23	5	张	5.949569824288808
23	6	登报	18.992117803244312
23	7	了	11.647811616124201
23	8	的	3.848015219421711
23	9	图片	11.162076420214206
23	10	。	1.7844337383342008
24	1	男人	15.867561566046628
24	2	在	4.040836477847012
24	3	扫描	17.893944834309316
24	4	一	6.524938059053099
24	5	篇	7.154382149790699
24	6	登报	19.51949057009263
24	7	了	11.344952422395153
24	8	的	3.529041344233903
24	9	图片	10.975256742445069
24	10	。	1.626601830300956
25	1	演员	15.874616997580308
25	2	在	4.321340757470637
25	3	看	12.931251735936765
25	4	一	6.8692698958943765
25	5	张	5.1089313377297785
25	6	唤起	16.711284974516957
25	7	她	11.373287131684897
25	8	回忆	14.61412161029557
25	9	的	0.24709838486559477
25	10	旧	10.03697079893847
25	11	照片	9.605258152220657
25	12	。	0.5449279805505824
26	1	演员	15.874616997580308
26	2	在	4.321340757470637
26	3	看	12.931251735936765
26	4	一	6.8692698958943765
26	5	位	5.778544927874478
26	6	唤起	17.610634956502935
26	7	她	9.957947329283101
26	8	回忆	14.481481105517375
26	9	的	0.27577645889850544
26	10	旧	10.296113719707094
26	11	照片	10.142068718782198
26	12	。	0.46640716264248283
27	1	演员	15.874616997580308
27	2	在	4.321340757470637
27	3	看	12.931251735936765
27	4	一	6.8692698958943765
27	5	位	5.778544927874478
27	6	唤起	17.610634956502935
27	7	她	9.957947329283101
27	8	回忆	14.481481105517375
27	9	的	0.27577645889850544
27	10	老师	10.12864087600488
27	11	。	0.6571167360946788
28	1	演员	15.874616997580308
28	2	在	4.321340757470637
28	3	看	12.931251735936765
28	4	一	6.8692698958943765
28	5	张	5.1089313377297785
28	6	唤起	16.711284974516957
28	7	她	11.373287131684897
28	8	回忆	14.61412161029557
28	9	的	0.24709838486559477
28	10	老师	11.567481505404245
28	11	。	0.6460784379357136
29	1	他	5.875664874310536
29	2	在	4.425488059870957
29	3	修理	14.237333266195721
29	4	一	6.1307334585413
29	5	辆	4.604240959862018
29	6	无法	11.82576111806226
29	7	启动	12.714689686204714
29	8	的	0.17916785089936127
29	9	汽车	6.493377617128694
29	10	。	4.894450595787163
30	1	他	5.875664874310536
30	2	在	4.425488059870957
30	3	修理	14.237333266195721
30	4	一	6.1307334585413
30	5	套	6.663256119210111
30	6	无法	11.528533615883006
30	7	启动	13.045910215137248
30	8	的	0.13479508429487908
30	9	汽车	6.808650348268692
30	10	。	3.523273567483855
31	1	他	5.875664874310536
31	2	在	4.425488059870957
31	3	修理	14.237333266195721
31	4	一	6.1307334585413
31	5	套	6.663256119210111
31	6	无法	11.528533615883006
31	7	启动	13.045910215137248
31	8	的	0.13479508429487908
31	9	系统	9.552368945997607
31	10	。	1.6042277579649777
32	1	他	5.875664874310536
32	2	在	4.425488059870957
32	3	修理	14.237333266195721
32	4	一	6.1307334585413
32	5	辆	4.604240959862018
32	6	无法	11.82576111806226
32	7	启动	12.714689686204714
32	8	的	0.17916785089936127
32	9	系统	11.18928949778897
32	10	。	3.445256290304556
33	1	学生	12.735798180085183
33	2	们	17.38782420834764
33	3	在	5.445246585500566
33	4	写	11.372250782650333
33	5	一	5.945765192133429
33	6	部	4.799764892138896
33	7	长	11.228185038926725
33	8	一	7.507124238313921
33	9	个	6.010796767992446
33	10	小时	3.6268274050114115
33	11	的	0.012610131867290875
33	12	电影	6.231099291397356
33	13	。	16.2933847052021
34	1	学生	12.735798180085183
34	2	们	17.38782420834764
34	3	在	5.445246585500566
34	4	写	11.372250782650333
34	5	一	5.945765192133429
34	6	首	7.470134034351261
34	7	长	9.945027671593678
34	8	一	7.035792545792319
34	9	个	5.912279487694448
34	10	小时	3.025490997657087
34	11	的	0.009553753697588263
34	12	电影	8.307272769776858
34	13	。	16.534670466164087
35	1	学生	12.735798180085183
35	2	们	17.38782420834764
35	3	在	5.445246585500566
35	4	写	11.372250782650333
35	5	一	5.945765192133429
35	6	首	7.470134034351261
35	7	长	9.945027671593678
35	8	一	7.035792545792319
35	9	个	5.912279487694448
35	10	小时	3.025490997657087
35	11	的	0.009553753697588263
35	12	戏曲	17.765573691879695
35	13	。	15.522003926936847
36	1	学生	12.735798180085183
36	2	们	17.38782420834764
36	3	在	5.445246585500566
36	4	写	11.372250782650333
36	5	一	5.945765192133429
36	6	部	4.799764892138896
36	7	长	11.228185038926725
36	8	一	7.507124238313921
36	9	个	6.010796767992446
36	10	小时	3.6268274050114115
36	11	的	0.012610131867290875
36	12	戏曲	17.707522690800147
36	13	。	15.254259095324628
37	1	我们	6.382147175088035
37	2	在	5.35158335516257
37	3	看	7.012722668236725
37	4	一	4.93351850963575
37	5	场	4.532131448359269
37	6	吸引	13.973302755577265
37	7	了	8.054447624425094
37	8	很多	8.968907318450803
37	9	观众	8.453232900943682
37	10	的	0.3473763658414555
37	11	表演	11.22986121223667
37	12	。	1.7980153286212044
38	1	我们	6.382147175088035
38	2	在	5.35158335516257
38	3	看	7.012722668236725
38	4	一	4.93351850963575
38	5	块	9.350574370763805
38	6	吸引	14.400083007648448
38	7	了	7.337136139309017
38	8	很多	9.088436251570577
38	9	观众	8.800956455942824
38	10	的	0.32941814963156446
38	11	表演	12.298356352336441
38	12	。	1.5722169725291195
39	1	我们	6.382147175088035
39	2	在	5.35158335516257
39	3	看	7.012722668236725
39	4	一	4.93351850963575
39	5	块	9.350574370763805
39	6	吸引	14.400083007648448
39	7	了	7.337136139309017
39	8	很多	9.088436251570577
39	9	观众	8.800956455942824
39	10	的	0.32941814963156446
39	11	场地	15.466593720955558
39	12	。	1.051954693641818
40	1	我们	6.382147175088035
40	2	在	5.35158335516257
40	3	看	7.012722668236725
40	4	一	4.93351850963575
40	5	场	4.532131448359269
40	6	吸引	13.973302755577265
40	7	了	8.054447624425094
40	8	很多	8.968907318450803
40	9	观众	8.453232900943682
40	10	的	0.3473763658414555
40	11	场地	15.770714704399651
40	12	。	1.1991229716326615
41	1	他	5.875664874310536
41	2	最	11.203235679647545
41	3	喜欢	3.8309350429539
41	4	一	7.271172552551391
41	5	道	9.194888727458718
41	6	让	9.014160281525392
41	7	人	3.321258678681204
41	8	想念	12.712685074059394
41	9	的	1.7511019931899696
41	10	菜	12.003055352963187
41	11	。	3.6576775480382366
42	1	他	5.875664874310536
42	2	最	11.203235679647545
42	3	喜欢	3.8309350429539
42	4	一	7.271172552551391
42	5	瓶	10.710675695786804
42	6	让	9.965487147218575
42	7	人	2.394967759741334
42	8	想念	12.890434783195204
42	9	的	1.1836627515463078
42	10	菜	10.410652929546771
42	11	。	2.7256614377787542
43	1	他	5.875664874310536
43	2	最	11.203235679647545
43	3	喜欢	3.8309350429539
43	4	一	7.271172552551391
43	5	瓶	10.710675695786804
43	6	让	9.965487147218575
43	7	人	2.394967759741334
43	8	想念	12.890434783195204
43	9	的	1.1836627515463078
43	10	醋	18.878784769221312
43	11	。	4.94360716797938
44	1	他	5.875664874310536
44	2	最	11.203235679647545
44	3	喜欢	3.8309350429539
44	4	一	7.271172552551391
44	5	道	9.194888727458718
44	6	让	9.014160281525392
44	7	人	3.321258678681204
44	8	想念	12.712685074059394
44	9	的	1.7511019931899696
44	10	醋	20.158199233517294
44	11	。	6.281082362847556
45	1	她	8.104333071515446
45	2	拿	10.92217113086817
45	3	了	3.1862777678738077
45	4	一	3.104515472927961
45	5	份	5.540179753255732
45	6	被	7.7458807736294375
45	7	提供	12.595914694142955
45	8	给	6.457920273553988
45	9	客人	13.737923191790735
45	10	的	0.14111002945767837
45	11	饭	10.521246812443934
45	12	。	3.6744576417906814
46	1	她	8.104333071515446
46	2	拿	10.92217113086817
46	3	了	3.1862777678738077
46	4	一	3.104515472927961
46	5	卷	14.88073793022652
46	6	被	8.35962788745963
46	7	提供	13.00321958728022
46	8	给	6.655119696343597
46	9	客人	13.433599511873567
46	10	的	0.16030900913909818
46	11	饭	10.175237123897901
46	12	。	2.733785596070888
47	1	她	8.104333071515446
47	2	拿	10.92217113086817
47	3	了	3.1862777678738077
47	4	一	3.104515472927961
47	5	卷	14.88073793022652
47	6	被	8.35962788745963
47	7	提供	13.00321958728022
47	8	给	6.655119696343597
47	9	客人	13.433599511873567
47	10	的	0.16030900913909818
47	11	纸	12.556914501275202
47	12	。	6.4679391104918835
48	1	她	8.104333071515446
48	2	拿	10.92217113086817
48	3	了	3.1862777678738077
48	4	一	3.104515472927961
48	5	份	5.540179753255732
48	6	被	7.7458807736294375
48	7	提供	12.595914694142955
48	8	给	6.457920273553988
48	9	客人	13.737923191790735
48	10	的	0.14111002945767837
48	11	纸	13.269282069331979
48	12	。	8.16538055816109
49	1	学生	12.735798180085183
49	2	们	17.38782420834764
49	3	在	5.445246585500566
49	4	写	11.372250782650333
49	5	一	5.945765192133429
49	6	部	4.799764892138896
49	7	令	9.165170711366002
49	8	人	0.43796963895010776
49	9	感动	6.6738441289271435
49	10	的	0.16597327922873717
49	11	戏剧	11.722019292324902
49	12	。	14.898819946652537
50	1	学生	12.735798180085183
50	2	们	17.38782420834764
50	3	在	5.445246585500566
50	4	写	11.372250782650333
50	5	一	5.945765192133429
50	6	篇	3.2545901440410887
50	7	令	8.872623662991131
50	8	人	0.6114038496952929
50	9	感动	6.667076967724796
50	10	的	0.157528836951073
50	11	戏剧	12.961107335847984
50	12	。	14.517800564092951
51	1	学生	12.735798180085183
51	2	们	17.38782420834764
51	3	在	5.445246585500566
51	4	写	11.372250782650333
51	5	一	5.945765192133429
51	6	篇	3.2545901440410887
51	7	令	8.872623662991131
51	8	人	0.6114038496952929
51	9	感动	6.667076967724796
51	10	的	0.157528836951073
51	11	文章	2.205610629421585
51	12	。	15.283310870059552
52	1	学生	12.735798180085183
52	2	们	17.38782420834764
52	3	在	5.445246585500566
52	4	写	11.372250782650333
52	5	一	5.945765192133429
52	6	部	4.799764892138896
52	7	令	9.165170711366002
52	8	人	0.43796963895010776
52	9	感动	6.6738441289271435
52	10	的	0.16597327922873717
52	11	文章	5.018421399689956
52	12	。	15.237440673341993
53	1	这	5.530150025271242
53	2	是	2.2510471798317058
53	3	一	3.5765961752841635
53	4	辆	10.54909557707326
53	5	有	7.676487088216209
53	6	历史	8.842305709160982
53	7	的	2.389880182601985
53	8	火车	11.803489652992639
53	9	。	3.7156186596724154
54	1	这	5.530150025271242
54	2	是	2.2510471798317058
54	3	一	3.5765961752841635
54	4	扇	15.83581268059267
54	5	有	8.687892485265472
54	6	历史	8.394426961892655
54	7	的	1.8556841997702733
54	8	火车	12.88294396602496
54	9	。	3.7381706075910657
55	1	这	5.530150025271242
55	2	是	2.2510471798317058
55	3	一	3.5765961752841635
55	4	扇	15.83581268059267
55	5	有	8.687892485265472
55	6	历史	8.394426961892655
55	7	的	1.8556841997702733
55	8	窗户	14.846972465885571
55	9	。	3.916404605569369
56	1	这	5.530150025271242
56	2	是	2.2510471798317058
56	3	一	3.5765961752841635
56	4	辆	10.54909557707326
56	5	有	7.676487088216209
56	6	历史	8.842305709160982
56	7	的	2.389880182601985
56	8	窗户	14.544873275051273
56	9	。	3.9058951918848948
57	1	老师	13.77818727878179
57	2	在	5.270726009470739
57	3	责备	16.856154343456858
57	4	三	14.037562434484109
57	5	名	5.770356722624975
57	6	不	8.747184134181182
57	7	睡觉	15.447545790244448
57	8	的	0.20686174021997772
57	9	学生	6.687710131724359
57	10	。	3.252028100738883
58	1	老师	13.77818727878179
58	2	在	5.270726009470739
58	3	责备	16.856154343456858
58	4	三	14.037562434484109
58	5	只	8.554290179846006
58	6	不	8.887911123532241
58	7	睡觉	15.176075423992373
58	8	的	0.3254771890693746
58	9	学生	7.996167853229636
58	10	。	3.4414389793641504
59	1	老师	13.77818727878179
59	2	在	5.270726009470739
59	3	责备	16.856154343456858
59	4	三	14.037562434484109
59	5	只	8.554290179846006
59	6	不	8.887911123532241
59	7	睡觉	15.176075423992373
59	8	的	0.3254771890693746
59	9	宠物	16.674020856048045
59	10	。	3.133482261842687
60	1	老师	13.77818727878179
60	2	在	5.270726009470739
60	3	责备	16.856154343456858
60	4	三	14.037562434484109
60	5	名	5.770356722624975
60	6	不	8.747184134181182
60	7	睡觉	15.447545790244448
60	8	的	0.20686174021997772
60	9	宠物	16.339867262483608
60	10	。	3.612693799672769
61	1	她	8.104333071515446
61	2	买	12.901104285076597
61	3	过	6.450659412950554
61	4	两	7.272696765226385
61	5	杯	9.472697913301936
61	6	正在	12.429754411745833
61	7	打折	14.638428908588402
61	8	的	0.6947384885483103
61	9	咖啡	10.5210129203668
61	10	。	3.8241892719037054
62	1	她	8.104333071515446
62	2	买	12.901104285076597
62	3	过	6.450659412950554
62	4	两	7.272696765226385
62	5	个	1.8633920250376619
62	6	正在	12.500340197339455
62	7	打折	15.165675993511051
62	8	的	0.44090086640211723
62	9	咖啡	11.73498231867626
62	10	。	4.467885958332602
63	1	她	8.104333071515446
63	2	买	12.901104285076597
63	3	过	6.450659412950554
63	4	两	7.272696765226385
63	5	个	1.8633920250376619
63	6	正在	12.500340197339455
63	7	打折	15.165675993511051
63	8	的	0.44090086640211723
63	9	杯子	15.022948247189873
63	10	。	3.7223161728967114
64	1	她	8.104333071515446
64	2	买	12.901104285076597
64	3	过	6.450659412950554
64	4	两	7.272696765226385
64	5	杯	9.472697913301936
64	6	正在	12.429754411745833
64	7	打折	14.638428908588402
64	8	的	0.6947384885483103
64	9	杯子	14.55683309439165
64	10	。	2.8967630218011493
65	1	孩子	13.497475488639624
65	2	在	5.898362067575542
65	3	卖	11.418171620810671
65	4	五	10.708055153126978
65	5	台	8.455692654182158
65	6	有	11.489971897892751
65	7	花纹	17.955229097064496
65	8	的	0.5437384985959426
65	9	桌子	12.217253022921511
65	10	。	1.2353079739496593
66	1	孩子	13.497475488639624
66	2	在	5.898362067575542
66	3	卖	11.418171620810671
66	4	五	10.708055153126978
66	5	块	6.460565121615431
66	6	有	12.47277776676983
66	7	花纹	17.768459799553277
66	8	的	0.5100784228589959
66	9	桌子	12.390894031664331
66	10	。	1.1799159307694538
67	1	孩子	13.497475488639624
67	2	在	5.898362067575542
67	3	卖	11.418171620810671
67	4	五	10.708055153126978
67	5	块	6.460565121615431
67	6	有	12.47277776676983
67	7	花纹	17.768459799553277
67	8	的	0.5100784228589959
67	9	蛋糕	12.454770849904364
67	10	。	0.8951229926070425
68	1	孩子	13.497475488639624
68	2	在	5.898362067575542
68	3	卖	11.418171620810671
68	4	五	10.708055153126978
68	5	台	8.455692654182158
68	6	有	11.489971897892751
68	7	花纹	17.955229097064496
68	8	的	0.5437384985959426
68	9	蛋糕	12.393833139510093
68	10	。	0.876185874099022
69	1	妈妈	13.229786589327041
69	2	在	5.253689984671496
69	3	做	8.210298831538566
69	4	一	4.729949669351107
69	5	张	6.382003909356271
69	6	代表	12.896744975196214
69	7	幸运	16.305291144876847
69	8	的	0.4102081680047007
69	9	地图	13.80796309824845
69	10	。	1.6119023160862582
70	1	妈妈	13.229786589327041
70	2	在	5.253689984671496
70	3	做	8.210298831538566
70	4	一	4.729949669351107
70	5	面	10.003231551050696
70	6	代表	14.359304640186807
70	7	幸运	15.846170274647143
70	8	的	0.34054884986444733
70	9	地图	14.25607206812414
70	10	。	1.4424417555635358
71	1	妈妈	13.229786589327041
71	2	在	5.253689984671496
71	3	做	8.210298831538566
71	4	一	4.729949669351107
71	5	面	10.003231551050696
71	6	代表	14.359304640186807
71	7	幸运	15.846170274647143
71	8	的	0.34054884986444733
71	9	镜子	15.05703329420517
71	10	。	1.020231579127156
72	1	妈妈	13.229786589327041
72	2	在	5.253689984671496
72	3	做	8.210298831538566
72	4	一	4.729949669351107
72	5	张	6.382003909356271
72	6	代表	12.896744975196214
72	7	幸运	16.305291144876847
72	8	的	0.4102081680047007
72	9	镜子	15.300630820675494
72	10	。	1.0516672522907982
73	1	爸爸	11.885589424202593
73	2	买	9.931269382279972
73	3	了	1.707740107764753
73	4	一	3.9004977331583497
73	5	栋	7.937436788865448
73	6	令	12.718964678872638
73	7	人	0.3263112745774137
73	8	满意	10.454152274759608
73	9	的	0.05356147866398686
73	10	房子	6.599954063540373
73	11	。	2.0565209706838914
74	1	爸爸	11.885589424202593
74	2	买	9.931269382279972
74	3	了	1.707740107764753
74	4	一	3.9004977331583497
74	5	条	6.70710859551
74	6	令	12.723135106298727
74	7	人	0.3796106483606465
74	8	满意	10.331935732892106
74	9	的	0.035954676242923256
74	10	房子	8.61150015167884
74	11	。	2.185494682995568
75	1	爸爸	11.885589424202593
75	2	买	9.931269382279972
75	3	了	1.707740107764753
75	4	一	3.9004977331583497
75	5	条	6.70710859551
75	6	令	12.723135106298727
75	7	人	0.3796106483606465
75	8	满意	10.331935732892106
75	9	的	0.035954676242923256
75	10	沙发	16.9882218316083
75	11	。	1.6592988459559592
76	1	爸爸	11.885589424202593
76	2	买	9.931269382279972
76	3	了	1.707740107764753
76	4	一	3.9004977331583497
76	5	栋	7.937436788865448
76	6	令	12.718964678872638
76	7	人	0.3263112745774137
76	8	满意	10.454152274759608
76	9	的	0.05356147866398686
76	10	沙发	15.939317974770724
76	11	。	1.4640326539067843
77	1	我	4.994110892148795
77	2	想	4.166736961134971
77	3	种	16.491490660710618
77	4	一	5.386075364718135
77	5	朵	19.903854793840217
77	6	能	11.73292537098542
77	7	开花	17.586938420350066
77	8	的	0.7381823735334763
77	9	玫瑰	18.97829383795215
77	10	。	2.349595588706876
78	1	我	4.994110892148795
78	2	想	4.166736961134971
78	3	种	16.491490660710618
78	4	一	5.386075364718135
78	5	颗	13.612187066238882
78	6	能	9.762406873543114
78	7	开花	17.229281597584198
78	8	的	3.384572673680907
78	9	玫瑰	19.623258670985976
78	10	。	2.283348492509731
79	1	我	4.994110892148795
79	2	想	4.166736961134971
79	3	种	16.491490660710618
79	4	一	5.386075364718135
79	5	颗	13.612187066238882
79	6	能	9.762406873543114
79	7	开花	17.229281597584198
79	8	的	3.384572673680907
79	9	种子	14.046572457256389
79	10	。	2.320646122209908
80	1	我	4.994110892148795
80	2	想	4.166736961134971
80	3	种	16.491490660710618
80	4	一	5.386075364718135
80	5	朵	19.903854793840217
80	6	能	11.73292537098542
80	7	开花	17.586938420350066
80	8	的	0.7381823735334763
80	9	种子	13.461095468896033
80	10	。	2.2375115297923003
81	1	我	4.994110892148795
81	2	经常	9.554142757813407
81	3	去	5.571933788680287
81	4	一	7.09982133570572
81	5	家	5.12830095221701
81	6	有	7.450338361473371
81	7	雕塑	14.759969505677127
81	8	的	0.43416031119553367
81	9	医院	10.47484036454594
81	10	。	4.47390977180811
82	1	我	4.994110892148795
82	2	经常	9.554142757813407
82	3	去	5.571933788680287
82	4	一	7.09982133570572
82	5	座	8.219157649843474
82	6	有	6.943641103994246
82	7	雕塑	13.907897032300937
82	8	的	0.5343139738199554
82	9	医院	11.134045894047276
82	10	。	4.11202926864398
83	1	我	4.994110892148795
83	2	经常	9.554142757813407
83	3	去	5.571933788680287
83	4	一	7.09982133570572
83	5	座	8.219157649843474
83	6	有	6.943641103994246
83	7	雕塑	13.907897032300937
83	8	的	0.5343139738199554
83	9	城市	11.095592318328514
83	10	。	3.921609941103469
84	1	我	4.994110892148795
84	2	经常	9.554142757813407
84	3	去	5.571933788680287
84	4	一	7.09982133570572
84	5	家	5.12830095221701
84	6	有	7.450338361473371
84	7	雕塑	14.759969505677127
84	8	的	0.43416031119553367
84	9	城市	11.020791644000852
84	10	。	4.173102027624012
85	1	我	4.994110892148795
85	2	拜访	15.619019672222324
85	3	了	3.0303947407403484
85	4	这	5.4440005587075255
85	5	一	4.114427561457905
85	6	所	10.533342264200648
85	7	培养	16.588116575771778
85	8	了	6.875833378354706
85	9	我	5.0563172332328605
85	10	的	1.382018896163089
85	11	高中	14.30223877480968
85	12	。	2.955791613626417
86	1	我	4.994110892148795
86	2	拜访	15.619019672222324
86	3	了	3.0303947407403484
86	4	这	5.4440005587075255
86	5	一	4.114427561457905
86	6	位	4.834548323939799
86	7	培养	17.196622675778016
86	8	了	5.296865775571298
86	9	我	5.05021455483439
86	10	的	1.6612863304347059
86	11	高中	14.058260398325729
86	12	。	2.7251933878502967
87	1	我	4.994110892148795
87	2	拜访	15.619019672222324
87	3	了	3.0303947407403484
87	4	这	5.4440005587075255
87	5	一	4.114427561457905
87	6	位	4.834548323939799
87	7	培养	17.196622675778016
87	8	了	5.296865775571298
87	9	我	5.05021455483439
87	10	的	1.6612863304347059
87	11	老师	9.203563401094144
87	12	。	2.847613160988459
88	1	我	4.994110892148795
88	2	拜访	15.619019672222324
88	3	了	3.0303947407403484
88	4	这	5.4440005587075255
88	5	一	4.114427561457905
88	6	所	10.533342264200648
88	7	培养	16.588116575771778
88	8	了	6.875833378354706
88	9	我	5.0563172332328605
88	10	的	1.382018896163089
88	11	老师	10.932047896056801
88	12	。	3.4776642819767716
89	1	他	5.875664874310536
89	2	在	4.425488059870957
89	3	读	11.746157025790554
89	4	一	5.645763244430906
89	5	条	5.464659519166549
89	6	让	10.58343850379456
89	7	他	2.6433847065202727
89	8	流泪	14.573010616341577
89	9	的	0.16012282862444494
89	10	评论	8.76409974408243
89	11	。	0.9641922657894924
90	1	他	5.875664874310536
90	2	在	4.425488059870957
90	3	读	11.746157025790554
90	4	一	5.645763244430906
90	5	首	7.789535585411148
90	6	让	10.502286533833683
90	7	他	1.8175143325019079
90	8	流泪	14.905828424698846
90	9	的	0.25334273901700755
90	10	评论	9.365716181528526
90	11	。	0.7783507004218535
91	1	他	5.875664874310536
91	2	在	4.425488059870957
91	3	读	11.746157025790554
91	4	一	5.645763244430906
91	5	首	7.789535585411148
91	6	让	10.502286533833683
91	7	他	1.8175143325019079
91	8	流泪	14.905828424698846
91	9	的	0.25334273901700755
91	10	诗歌	18.52256599257882
91	11	。	2.153405744495103
92	1	他	5.875664874310536
92	2	在	4.425488059870957
92	3	读	11.746157025790554
92	4	一	5.645763244430906
92	5	条	5.464659519166549
92	6	让	10.58343850379456
92	7	他	2.6433847065202727
92	8	流泪	14.573010616341577
92	9	的	0.16012282862444494
92	10	诗歌	18.596607573769532
92	11	。	2.367817421262714
93	1	她	8.104333071515446
93	2	从来	10.449607022116497
93	3	没	4.194382228330166
93	4	见	6.764310469832203
93	5	过	0.8778044565625152
93	6	一	4.087214970480996
93	7	头	8.352575150633427
93	8	受伤	13.052454153985344
93	9	了	10.399200035241492
93	10	的	0.7756769021214325
93	11	老虎	15.887374414198419
93	12	。	2.538360311844727
94	1	她	8.104333071515446
94	2	从来	10.449607022116497
94	3	没	4.194382228330166
94	4	见	6.764310469832203
94	5	过	0.8778044565625152
94	6	一	4.087214970480996
94	7	双	10.002530493962098
94	8	受伤	13.613026631550682
94	9	了	5.814142494852959
94	10	的	6.80831332471012
94	11	老虎	15.456222698590764
94	12	。	2.034881586683099
95	1	她	8.104333071515446
95	2	从来	10.449607022116497
95	3	没	4.194382228330166
95	4	见	6.764310469832203
95	5	过	0.8778044565625152
95	6	一	4.087214970480996
95	7	双	10.002530493962098
95	8	受伤	13.613026631550682
95	9	了	5.814142494852959
95	10	的	6.80831332471012
95	11	眼睛	8.017566733589206
95	12	。	1.414187264390307
96	1	她	8.104333071515446
96	2	从来	10.449607022116497
96	3	没	4.194382228330166
96	4	见	6.764310469832203
96	5	过	0.8778044565625152
96	6	一	4.087214970480996
96	7	头	8.352575150633427
96	8	受伤	13.052454153985344
96	9	了	10.399200035241492
96	10	的	0.7756769021214325
96	11	眼睛	8.22914717601175
96	12	。	1.937724021746348
97	1	我	4.994110892148795
97	2	还	7.1119386635489565
97	3	没有	3.639813032003879
97	4	检查	12.35659282545177
97	5	一	4.888775412189425
97	6	份	3.7732348037306025
97	7	要	11.050337232601613
97	8	被	8.546502111018512
97	9	上交	15.607941648687223
97	10	的	0.09814738694814196
97	11	作业	11.129703372135054
97	12	。	1.3776708902107941
98	1	我	4.994110892148795
98	2	还	7.1119386635489565
98	3	没有	3.639813032003879
98	4	检查	12.35659282545177
98	5	一	4.888775412189425
98	6	行	13.63211920530302
98	7	要	12.034426715665859
98	8	被	8.408515995954154
98	9	上交	15.657380606591659
98	10	的	0.11235766951257631
98	11	作业	11.456205328530046
98	12	。	1.3099685290061558
99	1	我	4.994110892148795
99	2	还	7.1119386635489565
99	3	没有	3.639813032003879
99	4	检查	12.35659282545177
99	5	一	4.888775412189425
99	6	行	13.63211920530302
99	7	要	12.034426715665859
99	8	被	8.408515995954154
99	9	上交	15.657380606591659
99	10	的	0.11235766951257631
99	11	公式	17.299867857508005
99	12	。	1.1491303151015444
100	1	我	4.994110892148795
100	2	还	7.1119386635489565
100	3	没有	3.639813032003879
100	4	检查	12.35659282545177
100	5	一	4.888775412189425
100	6	份	3.7732348037306025
100	7	要	11.050337232601613
100	8	被	8.546502111018512
100	9	上交	15.607941648687223
100	10	的	0.09814738694814196
100	11	公式	17.230221724971457
100	12	。	1.1016276743732902
101	1	孩子	13.497475488639624
101	2	听到	10.42780983892843
101	3	了	3.8950721897122698
101	4	一	4.750594255857759
101	5	首	7.900168850225121
101	6	令	7.922272385970352
101	7	他	8.24509965526913
101	8	熟悉	12.041269109378455
101	9	的	0.12575119504379018
101	10	歌曲	11.378689492584883
101	11	。	2.3457089462051073
102	1	孩子	13.497475488639624
102	2	听到	10.42780983892843
102	3	了	3.8950721897122698
102	4	一	4.750594255857759
102	5	张	5.2707739762713075
102	6	令	8.709153391627169
102	7	他	7.865522840432604
102	8	熟悉	12.182401419048716
102	9	的	0.10926446525100175
102	10	歌曲	11.63212923586488
102	11	。	1.976066731269313
103	1	孩子	13.497475488639624
103	2	听到	10.42780983892843
103	3	了	3.8950721897122698
103	4	一	4.750594255857759
103	5	张	5.2707739762713075
103	6	令	8.709153391627169
103	7	他	7.865522840432604
103	8	熟悉	12.182401419048716
103	9	的	0.10926446525100175
103	10	专辑	11.661663734253182
103	11	。	1.9663044579830284
104	1	孩子	13.497475488639624
104	2	听到	10.42780983892843
104	3	了	3.8950721897122698
104	4	一	4.750594255857759
104	5	首	7.900168850225121
104	6	令	7.922272385970352
104	7	他	8.24509965526913
104	8	熟悉	12.041269109378455
104	9	的	0.12575119504379018
104	10	专辑	11.690937536770988
104	11	。	2.529560827741321
105	1	护士	17.64588452390265
105	2	做	10.74527091350349
105	3	了	2.158253254329825
105	4	一	3.5350870727246324
105	5	次	3.389259000356091
105	6	需要	13.444879723938236
105	7	仪器	17.04747435040688
105	8	的	0.9434468387030677
105	9	检查	11.439882022609567
105	10	。	2.169092260248661
106	1	护士	17.64588452390265
106	2	做	10.74527091350349
106	3	了	2.158253254329825
106	4	一	3.5350870727246324
106	5	篇	5.879034887946645
106	6	需要	12.631154487594912
106	7	仪器	17.072976922254725
106	8	的	0.4723387999678863
106	9	检查	12.790379278020154
106	10	。	2.522358835808248
107	1	护士	17.64588452390265
107	2	做	10.74527091350349
107	3	了	2.158253254329825
107	4	一	3.5350870727246324
107	5	篇	5.879034887946645
107	6	需要	12.631154487594912
107	7	仪器	17.072976922254725
107	8	的	0.4723387999678863
107	9	报告	8.155236301054387
107	10	。	1.9769105188265428
108	1	护士	17.64588452390265
108	2	做	10.74527091350349
108	3	了	2.158253254329825
108	4	一	3.5350870727246324
108	5	次	3.389259000356091
108	6	需要	13.444879723938236
108	7	仪器	17.04747435040688
108	8	的	0.9434468387030677
108	9	报告	10.644569318659308
108	10	。	1.901926588649303
109	1	这里	9.620839111159729
109	2	是	1.33621698988442
109	3	两	9.86816390715149
109	4	台	9.99427136950328
109	5	出现	14.149448374291016
109	6	问题	10.39950035797414
109	7	的	0.4583656902996438
109	8	电视	10.955533350706936
109	9	。	5.636275169058749
110	1	这里	9.620839111159729
110	2	是	1.33621698988442
110	3	两	9.86816390715149
110	4	份	10.12070358678751
110	5	出现	12.976389127497974
110	6	问题	9.740377492201539
110	7	的	0.17764672297662543
110	8	电视	11.028598765714008
110	9	。	5.775817725467817
111	1	这里	9.620839111159729
111	2	是	1.33621698988442
111	3	两	9.86816390715149
111	4	份	10.12070358678751
111	5	出现	12.976389127497974
111	6	问题	9.740377492201539
111	7	的	0.17764672297662543
111	8	订单	17.796039130592945
111	9	。	1.5030959713077863
112	1	这里	9.620839111159729
112	2	是	1.33621698988442
112	3	两	9.86816390715149
112	4	台	9.99427136950328
112	5	出现	14.149448374291016
112	6	问题	10.39950035797414
112	7	的	0.4583656902996438
112	8	订单	17.042109026036563
112	9	。	1.2955400612968475
113	1	他	5.875664874310536
113	2	很	8.134666940255176
113	3	欣赏	11.347028179436613
113	4	一	6.287347933016626
113	5	处	9.87395068438315
113	6	有	8.078838950277905
113	7	名气	13.298225735146524
113	8	的	0.5781715439375361
113	9	景点	14.949492461637043
113	10	。	2.851891634501044
114	1	他	5.875664874310536
114	2	很	8.134666940255176
114	3	欣赏	11.347028179436613
114	4	一	6.287347933016626
114	5	位	4.850196448937904
114	6	有	7.2326098091889435
114	7	名气	13.436072079305873
114	8	的	0.7587782210629825
114	9	景点	15.752069280071815
114	10	。	2.5306277392103027
115	1	他	5.875664874310536
115	2	很	8.134666940255176
115	3	欣赏	11.347028179436613
115	4	一	6.287347933016626
115	5	位	4.850196448937904
115	6	有	7.2326098091889435
115	7	名气	13.436072079305873
115	8	的	0.7587782210629825
115	9	领导	12.589911575745582
115	10	。	4.145753431716415
116	1	他	5.875664874310536
116	2	很	8.134666940255176
116	3	欣赏	11.347028179436613
116	4	一	6.287347933016626
116	5	处	9.87395068438315
116	6	有	8.078838950277905
116	7	名气	13.298225735146524
116	8	的	0.5781715439375361
116	9	领导	13.357338596667141
116	10	。	4.4705391910064805
117	1	那里	13.74718490162039
117	2	有	4.458448010078396
117	3	一	1.7248323948922248
117	4	支	7.503666665661925
117	5	完成	14.408687751525129
117	6	任务	14.069650317127667
117	7	了	14.085213879661808
117	8	的	12.134372034684475
117	9	舰队	18.702164144296404
117	10	。	6.975208750844189
118	1	那里	13.74718490162039
118	2	有	4.458448010078396
118	3	一	1.7248323948922248
118	4	艘	7.742637486114212
118	5	完成	14.274563826394015
118	6	任务	14.518725094567273
118	7	了	14.421955021994478
118	8	的	11.242239782828008
118	9	舰队	17.95034357253759
118	10	。	6.650593908422479
119	1	那里	13.74718490162039
119	2	有	4.458448010078396
119	3	一	1.7248323948922248
119	4	艘	7.742637486114212
119	5	完成	14.274563826394015
119	6	任务	14.518725094567273
119	7	了	14.421955021994478
119	8	的	11.242239782828008
119	9	渔船	17.66158301911706
119	10	。	7.155411466143391
120	1	那里	13.74718490162039
120	2	有	4.458448010078396
120	3	一	1.7248323948922248
120	4	支	7.503666665661925
120	5	完成	14.408687751525129
120	6	任务	14.069650317127667
120	7	了	14.085213879661808
120	8	的	12.134372034684475
120	9	渔船	18.603658109218557
120	10	。	7.444484374711919
