sentence_id	token_id	token	surprisal
1	1	那	7.603471885456685
1	2	位	6.064754464096
1	3	教授	7.649137557817221
1	4	写	10.85980134613381
1	5	了	0.5467998896225552
1	6	精彩	13.903502355021992
1	7	的	0.15322282684737587
1	8	书	5.541959788807482
1	9	的	16.411097343813253
1	10	内容	10.953149545123551
1	11	。	2.9632446400360237
2	1	那	7.603471885456685
2	2	位	6.064754464096
2	3	教授	7.649137557817221
2	4	打	11.617782657223945
2	5	了	0.8626874628972274
2	6	精彩	15.278649995290067
2	7	的	0.16870595972260816
2	8	书	5.105992949583801
2	9	的	14.220641045118043
2	10	内容	8.201780892912339
2	11	。	2.109006916772273
3	1	弟弟	16.948708874230697
3	2	启动	16.885732446274787
3	3	了	3.875126653827749
3	4	昂贵	14.01197881447549
3	5	的	0.2682310766482843
3	6	车	9.589849989767167
3	7	。	2.6408995905487274
4	1	弟弟	16.948708874230697
4	2	认识	13.058975405986477
4	3	了	6.129706826525659
4	4	昂贵	13.866895769651933
4	5	的	0.12192930633166554
4	6	车	9.24786024307511
4	7	。	5.573419052234165
5	1	他	5.875246519186047
5	2	拿	11.489188595454792
5	3	了	2.830712760617722
5	4	桌子	12.599686292671574
5	5	上	10.014158329345406
5	6	的	10.366726624276204
5	7	好看	17.348859334236373
5	8	的	8.060670393635448
5	9	筷子	17.29590829897471
5	10	。	5.2452726824876095
6	1	他	5.875246519186047
6	2	听	10.977637607374188
6	3	了	3.0762192567289617
6	4	桌子	15.656912198994434
6	5	上	14.370545277327174
6	6	的	6.118839978526161
6	7	好看	17.062999163239688
6	8	的	8.303156620384854
6	9	筷子	17.009580504847378
6	10	。	5.788554828147895
7	1	她	8.104505787808032
7	2	终于	11.13043052007612
7	3	实现	14.322072705110013
7	4	了	0.5692818173943763
7	5	重要	12.21848942870708
7	6	的	0.6667836056704601
7	7	理想	9.841195776347831
7	8	。	1.057748815095863
8	1	她	8.104505787808032
8	2	终于	11.13043052007612
8	3	购买	13.253581239563271
8	4	了	1.221486604716091
8	5	重要	14.082747665509885
8	6	的	0.26358712716884725
8	7	理想	11.665687396342584
8	8	。	1.4061506979722012
9	1	我	4.99411842796918
9	2	修理	17.42925558559268
9	3	了	2.466445023400457
9	4	这个	4.652843655326329
9	5	新	9.651631880983967
9	6	的	0.46936178956245556
9	7	电脑	10.84298829885595
9	8	。	2.6078427019332153
10	1	我	4.99411842796918
10	2	阅读	16.371121176180047
10	3	了	2.403723502584768
10	4	这个	6.9350882391199775
10	5	新	9.739073498832862
10	6	的	1.1497342276130667
10	7	电脑	11.636306219800055
10	8	。	3.3541437370300784
11	1	我	4.99411842796918
11	2	邀请	15.522154215130822
11	3	过	7.719786707804371
11	4	我	3.3172397157600138
11	5	的	2.612673652480666
11	6	优秀	12.503922368619222
11	7	的	7.385640616338478
11	8	朋友	6.29992109901297
11	9	。	5.140262491697847
12	1	我	4.99411842796918
12	2	打开	15.301873852698705
12	3	过	6.252452599611068
12	4	我	4.243410603577367
12	5	的	0.30984154024479693
12	6	优秀	13.906199041675794
12	7	的	4.989989718052598
12	8	朋友	8.947657739054208
12	9	。	2.634029427038776
13	1	记者	9.945978839782297
13	2	采访	8.467934107611745
13	3	了	9.336938794732472
13	4	有名	16.625443150807683
13	5	的	0.4562136339794023
13	6	艺术家	14.350467273194326
13	7	。	1.4992011595358434
14	1	记者	9.945978839782297
14	2	制作	16.3979721406431
14	3	了	5.4190374994265476
14	4	有名	14.32302839009682
14	5	的	0.10984465870071602
14	6	艺术家	13.273721870897432
14	7	。	1.7707318505048804
15	1	他	5.875246519186047
15	2	参与	13.290862235536661
15	3	了	2.9588945901065173
15	4	危险	14.265708056729785
15	5	的	0.19249032798933996
15	6	战争	8.750194307046868
15	7	。	2.707228897255227
16	1	他	5.875246519186047
16	2	建造	15.99842082314607
16	3	了	1.226205575442151
16	4	危险	13.158253460571192
16	5	的	0.4906330349141257
16	6	战争	11.235502303046964
16	7	。	3.1001373507165155
17	1	她	8.104505787808032
17	2	批评	11.635456294979845
17	3	了	5.463058714613062
17	4	淘气	21.516209088731998
17	5	的	1.2735784233402896
17	6	儿子	6.746329187547346
17	7	。	3.6086613679055475
18	1	她	8.104505787808032
18	2	改正	20.569230589154564
18	3	了	2.606613625065183
18	4	淘气	19.78740649478588
18	5	的	0.13614012303814604
18	6	儿子	9.102429931578655
18	7	。	3.770525601797587
19	1	我	4.99411842796918
19	2	结束	16.38805028163418
19	3	了	1.0422834321537238
19	4	很	8.543251965246426
19	5	长	4.976881094692569
19	6	的	0.12761059032239075
19	7	谈话	12.914439690800421
19	8	。	3.131243705854253
20	1	我	4.99411842796918
20	2	表扬	18.374687058165804
20	3	了	1.6498524876646492
20	4	很	11.326049061960553
20	5	长	6.019121402523389
20	6	的	0.027899849500357732
20	7	谈话	13.025676276826076
20	8	。	3.1412906824598537
21	1	他	5.875246519186047
21	2	买	13.304335623957453
21	3	了	1.7956070789412095
21	4	这些	10.808299108833364
21	5	红色	14.331268369406086
21	6	的	0.8366126889128083
21	7	笔	14.348715887897413
21	8	。	2.234721037873861
22	1	他	5.875246519186047
22	2	种	16.06983633325542
22	3	了	5.314637610479565
22	4	这些	8.376396922734699
22	5	红色	15.055917695870043
22	6	的	0.651556855241374
22	7	笔	14.85837596461976
22	8	。	1.7330261569609888
23	1	他	5.875246519186047
23	2	提出	10.15772503015953
23	3	了	3.4072609229049498
23	4	很多	7.215115775995422
23	5	重要	8.061508830146867
23	6	的	1.8212247931812087
23	7	问题	3.463000451228581
23	8	。	6.860786622922596
24	1	他	5.875246519186047
24	2	申请	13.054984719944276
24	3	了	2.3609868538404264
24	4	很多	9.107836684168554
24	5	重要	11.041090947571714
24	6	的	1.0288486156694745
24	7	问题	5.250545605855194
24	8	。	1.2592658350007966
25	1	这	5.529758733369488
25	2	款	13.016632966446402
25	3	药	11.578643593906232
25	4	治疗	15.517625471541798
25	5	了	3.5467341720973735
25	6	他	7.138404193507064
25	7	的	0.9006068747302365
25	8	严重	7.190150119041327
25	9	的	7.727250165145094
25	10	疾病	10.5111767771688
25	11	。	3.1510147844287957
26	1	这	5.529758733369488
26	2	款	13.016632966446402
26	3	药	11.578643593906232
26	4	缓解	15.698601515291934
26	5	了	1.1588788301176365
26	6	他	8.932286141069689
26	7	的	0.629122879961578
26	8	严重	6.126966030781794
26	9	的	8.83738396172675
26	10	疾病	12.273262556142214
26	11	。	1.3993176361693571
27	1	我	4.99411842796918
27	2	看	7.315304258077003
27	3	着	3.6601196243563425
27	4	奶奶	13.183694079647148
27	5	的	2.804216492908857
27	6	亲切	13.70887151261628
27	7	的	6.999845898272092
27	8	面容	14.288318395364186
27	9	。	10.010751236937082
28	1	我	4.99411842796918
28	2	听	10.114644308226778
28	3	着	3.9218622099759752
28	4	奶奶	13.206926904813322
28	5	的	0.7314524017681805
28	6	亲切	13.427391513977824
28	7	的	8.492629536855233
28	8	面容	14.649014765296158
28	9	。	9.470040288233534
29	1	学者	15.546194488155061
29	2	发现	12.562753617493405
29	3	了	5.635803351903
29	4	这个	8.359405767327537
29	5	有趣	12.970301439780101
29	6	的	0.03199319456658145
29	7	规律	14.642970286948952
29	8	。	7.942612480237315
30	1	学者	15.546194488155061
30	2	发明	15.809339110663027
30	3	了	4.0122330635201955
30	4	这个	9.562209170500275
30	5	有趣	11.58372234328258
30	6	的	0.1715479068316128
30	7	规律	13.43203135209692
30	8	。	2.8453312709882113
31	1	母亲	13.396838395785652
31	2	准备	11.47851768522044
31	3	了	5.287017398516884
31	4	美味	20.83119763220946
31	5	的	3.428137844154918
31	6	晚饭	14.902271198461904
31	7	。	0.7757485915354607
32	1	母亲	13.396838395785652
32	2	责备	17.543642468306146
32	3	了	3.645443238205612
32	4	美味	21.40237615379072
32	5	的	3.088090147768206
32	6	晚饭	14.705035029633507
32	7	。	4.012782717154167
33	1	孩子	13.49783801680101
33	2	培养	13.91403221275255
33	3	了	3.519384976318438
33	4	这个	10.076051344305249
33	5	流行	12.720753845383904
33	6	的	2.452842298965784
33	7	特长	16.235878840183403
33	8	。	2.8560624783592914
34	1	孩子	13.49783801680101
34	2	改正	18.486646141969842
34	3	了	3.733870378725584
34	4	这个	8.917321190544484
34	5	流行	13.176050652016684
34	6	的	2.661510678224282
34	7	特长	16.17879995746329
34	8	。	2.6091741623017413
35	1	政府	10.473438610168365
35	2	设立	12.149319714643077
35	3	了	2.687849686498975
35	4	最新	10.65439779775966
35	5	的	1.6019968177931503
35	6	项目	8.347184538145719
35	7	。	2.842370926538898
36	1	政府	10.473438610168365
36	2	引发	14.267555477032044
36	3	了	1.4790982809002386
36	4	最新	9.282902135812083
36	5	的	1.142931387822486
36	6	项目	12.953368398801217
36	7	。	2.7934226672903364
37	1	我	4.99411842796918
37	2	回忆	12.988149828287607
37	3	了	4.518939616208048
37	4	之前	14.235758584626662
37	5	的	3.867927623852708
37	6	可怕	15.123632079052264
37	7	的	4.316336087292356
37	8	经历	7.309871096320258
37	9	。	4.493445208037301
38	1	我	4.99411842796918
38	2	帮助	13.552880666881748
38	3	了	2.9914452244332566
38	4	之前	15.696372446051871
38	5	的	3.373256183188211
38	6	可怕	14.925127779137306
38	7	的	4.68929449045924
38	8	经历	7.358156659228129
38	9	。	2.822183555762578
39	1	花园	18.75866073110602
39	2	长满	17.281648540439853
39	3	了	7.358362198028928
39	4	美丽	10.549257838736054
39	5	的	0.3790291489254969
39	6	草	12.849777036895965
39	7	。	5.127206398485896
40	1	花园	18.75866073110602
40	2	吸引	11.54661975261428
40	3	了	4.798966019055694
40	4	美丽	12.547533818120982
40	5	的	0.43970923328721767
40	6	草	13.33130895371604
40	7	。	4.850724726959648
41	1	雨水	18.11525992813304
41	2	清洗	20.06223047971174
41	3	了	3.5890866161919845
41	4	高	9.528406265954182
41	5	的	15.552571323580317
41	6	大楼	13.496316546875391
41	7	。	5.3598819524476795
42	1	雨水	18.11525992813304
42	2	灌溉	17.26902803455219
42	3	了	3.4377665179991794
42	4	高	10.001202483395716
42	5	的	5.130619399152671
42	6	大楼	13.819149290567722
42	7	。	12.351183028070864
43	1	我	4.99411842796918
43	2	听从	19.53536021525909
43	3	了	3.9467385019006116
43	4	老师	13.693897956093796
43	5	的	0.9290044111624383
43	6	中肯	16.913094438785983
43	7	的	11.209343529613157
43	8	建议	11.89942784913464
43	9	。	0.4598129758144154
44	1	我	4.99411842796918
44	2	安装	16.631805137726793
44	3	了	0.8670387864110047
44	4	老师	16.19211263093193
44	5	的	1.4448499792855358
44	6	中肯	17.03561469086491
44	7	的	9.062137646940045
44	8	建议	14.627192487458501
44	9	。	0.7612538440760233
45	1	警官	18.918211813003822
45	2	疏散	18.24944675456048
45	3	了	2.3829345403079714
45	4	紧张	12.911375913506767
45	5	的	1.7143832616166534
45	6	人群	9.194788061259096
45	7	。	2.70634231873192
46	1	警官	18.918211813003822
46	2	解除	15.377403414354433
46	3	了	1.161808811966381
46	4	紧张	11.758476090125825
46	5	的	0.48856279523766233
46	6	人群	11.613765770004768
46	7	。	2.200627609122563
47	1	他	5.875246519186047
47	2	卖	14.220111454413999
47	3	过	4.97673970112967
47	4	一些	8.900780280168664
47	5	便宜	14.153668997643265
47	6	的	1.3512999275090678
47	7	化肥	16.382142230631963
47	8	。	1.7245117725128267
48	1	他	5.875246519186047
48	2	摘	18.883371873843533
48	3	过	7.744766368671151
48	4	一些	10.973272760919123
48	5	便宜	14.829249970547586
48	6	的	0.6421999656701232
48	7	化肥	16.692207886656043
48	8	。	3.0080004475779987
49	1	她	8.104505787808032
49	2	戴	13.919229908694538
49	3	过	9.39391331561285
49	4	白色	14.499250859006722
49	5	的	2.9716661721811093
49	6	耳机	15.810113877044166
49	7	。	14.104476304794474
50	1	她	8.104505787808032
50	2	穿	12.563713703798163
50	3	过	5.410119201834739
50	4	白色	15.872858916481682
50	5	的	4.344520253891417
50	6	耳机	15.945300268804651
50	7	。	13.168621833596085
51	1	他	5.875246519186047
51	2	在	4.425331197267101
51	3	学校	10.137560471000501
51	4	里	4.894247664100508
51	5	吃	9.472518840961449
51	6	过	4.047438619666686
51	7	好吃	18.009537183930497
51	8	的	0.5731033055530119
51	9	饭	8.982892910767923
51	10	。	2.8741990193992564
52	1	他	5.875246519186047
52	2	在	4.425331197267101
52	3	学校	10.137560471000501
52	4	里	4.894247664100508
52	5	讲	8.154729274079152
52	6	过	5.603718963747646
52	7	好吃	18.658680368263255
52	8	的	0.5769496011384021
52	9	饭	11.258326964121402
52	10	。	2.3502357362024213
53	1	他	5.875246519186047
53	2	见	12.980321933111593
53	3	过	3.183724498895426
53	4	热心	18.579736466053088
53	5	的	2.6106803370993745
53	6	店长	17.37204291377806
53	7	。	10.795502132118294
54	1	他	5.875246519186047
54	2	去	10.278804886416829
54	3	过	5.776056425709601
54	4	热心	17.91392277150699
54	5	的	2.4443360953750712
54	6	店长	19.479227180253282
54	7	。	14.245795878907437
55	1	我	4.99411842796918
55	2	听	10.114644308226778
55	3	过	0.9085933630177063
55	4	这些	9.284997361560926
55	5	熟悉	14.741541131530973
55	6	的	2.309463532968813
55	7	声音	8.417605044291236
55	8	。	2.7704147863911146
56	1	我	4.99411842796918
56	2	见	11.768495553549869
56	3	过	1.1005785078603694
56	4	这些	8.806891077562025
56	5	熟悉	14.122219124332545
56	6	的	1.5749696173219476
56	7	声音	7.372874899646909
56	8	。	2.1783691287203766
57	1	爷爷	17.69084095066319
57	2	安装	17.34725474151708
57	3	过	7.119616454894803
57	4	复杂	14.44613944048509
57	5	的	0.12027117676267096
57	6	机器	11.136421471216543
57	7	。	4.596779130747649
58	1	爷爷	17.69084095066319
58	2	种植	18.691056475371123
58	3	过	9.384360658267902
58	4	复杂	14.714553762238111
58	5	的	0.39451857405874335
58	6	机器	10.852597092483322
58	7	。	2.4410866217993146
59	1	她	8.104505787808032
59	2	说	2.324384723727352
59	3	过	8.13126218173465
59	4	这	5.277624008825814
59	5	些	12.392227759159493
59	6	真诚	16.798883172383874
59	7	的	0.5867042013973887
59	8	话	4.1163870345428535
59	9	。	3.0670445674154365
60	1	她	8.104505787808032
60	2	吃	12.705194816147907
60	3	过	4.150736563338089
60	4	这	6.519934945268631
60	5	些	9.920233327703091
60	6	真诚	16.295752776798288
60	7	的	0.7063355478772522
60	8	话	4.482903512459728
60	9	。	3.058013756803007
61	1	母亲	13.396838395785652
61	2	买	11.806740065389894
61	3	了	1.7726913782954163
61	4	彩色	17.16175222166491
61	5	的	5.576412180766894
61	6	纸	12.685257025323047
61	7	。	6.346175989548065
62	1	母亲	13.396838395785652
62	2	喝	11.12620949485706
62	3	了	3.0474571361486618
62	4	彩色	16.224615119884554
62	5	的	5.991610455937689
62	6	纸	12.88942718335737
62	7	。	5.856356414877894
