sentence_id	token_id	token	surprisal
1	1	那	7.603471398067407
1	2	家	8.694624781171521
1	3	老板	10.755170616175839
1	4	投资	14.577024365704066
1	5	的	9.25661460305956
1	6	饭店	16.61516089888157
1	7	很	9.236829593469153
1	8	受	11.260687142082318
1	9	欢迎	3.7962854525348035
1	10	。	4.87963474557661
2	1	那	7.603471398067407
2	2	个	7.276531145873394
2	3	老板	11.291468155235062
2	4	投资	15.296357881511398
2	5	的	4.666986225290472
2	6	饭店	13.696999948412298
2	7	很	7.9315469883644525
2	8	受	10.926458603820791
2	9	欢迎	3.721159727673367
2	10	。	1.4637651698267717
3	1	那	7.603471398067407
3	2	幅	12.996952059303537
3	3	朋友	9.89266538233586
3	4	喜欢	10.004528397403224
3	5	的	6.520151301862164
3	6	画	14.6035345842253
3	7	吸引	13.692034264557606
3	8	了	0.7345810061940483
3	9	我	2.5846794057346045
3	10	。	2.7149658530569383
4	1	那	7.603471398067407
4	2	个	7.276531145873394
4	3	朋友	8.705854080479934
4	4	喜欢	10.143829680827942
4	5	的	7.398422926063482
4	6	画	15.701882218790693
4	7	吸引	14.164167471116954
4	8	了	0.6705000801855192
4	9	我	2.0933870248069724
4	10	。	3.314857938838827
5	1	那	7.603471398067407
5	2	件	8.032792174652286
5	3	老师	15.495955803601946
5	4	收藏	14.981775246461094
5	5	的	0.6038587380470091
5	6	艺术品	18.214799685726824
5	7	获	15.064898152253917
5	8	了	4.528110813426096
5	9	奖	12.785103693451433
5	10	。	1.9108041369026978
6	1	那	7.603471398067407
6	2	个	7.276531145873394
6	3	老师	11.185370080535659
6	4	收藏	17.032136164767984
6	5	的	2.625303712183147
6	6	艺术品	17.866859499773703
6	7	获	14.36187993687362
6	8	了	4.60719778722715
6	9	奖	11.70944724559628
6	10	。	4.161261311025186
7	1	那	7.603471398067407
7	2	只	6.59812670734113
7	3	店长	22.67823556198418
7	4	喜欢	11.161518295911257
7	5	的	7.144240110799515
7	6	宠物	15.929117987165135
7	7	生病	16.305359937174714
7	8	了	3.6718677456061073
7	9	。	2.0947757930190107
8	1	那	7.603471398067407
8	2	个	7.276531145873394
8	3	店长	20.664217534473256
8	4	喜欢	10.904211247481548
8	5	的	3.8807215360087
8	6	宠物	15.698915329221649
8	7	生病	16.239195980754587
8	8	了	3.4220303483565147
8	9	。	9.242798799292814
9	1	那	7.603471398067407
9	2	首	11.418029311936925
9	3	明星	14.335283266681301
9	4	唱	14.766844818211261
9	5	的	3.9425224504510297
9	6	歌	9.725937354054459
9	7	很	8.921037250110437
9	8	好听	15.101136733518373
9	9	。	1.700159103260546
10	1	那	7.603471398067407
10	2	个	7.276531145873394
10	3	明星	14.96400826166234
10	4	唱	14.938081859782685
10	5	的	4.341883883253814
10	6	歌	10.176330432146308
10	7	很	8.184189109447345
10	8	好听	14.7977114710351
10	9	。	9.396049920616733
11	1	那	7.603471398067407
11	2	所	13.335865167855788
11	3	老人	13.073036810194179
11	4	去	10.60192053925892
11	5	的	7.713069405407111
11	6	学校	8.719329902229369
11	7	关闭	14.586427782572947
11	8	了	4.043838190538537
11	9	。	4.5819619343774605
12	1	那	7.603471398067407
12	2	个	7.276531145873394
12	3	老人	13.04217883006823
12	4	去	9.208829016690071
12	5	的	8.020014740149435
12	6	学校	8.382150099836508
12	7	关闭	14.862829442472531
12	8	了	3.7457000209712987
12	9	。	3.657626025854185
13	1	那	7.603471398067407
13	2	件	8.032792174652286
13	3	司机	15.853802587160937
13	4	带	10.047308284203556
13	5	的	5.203896089778418
13	6	行李	15.291215642404367
13	7	丢	16.18890409045335
13	8	了	2.010463252079731
13	9	。	6.372432494545436
14	1	那	7.603471398067407
14	2	个	7.276531145873394
14	3	司机	13.741773834852559
14	4	带	9.066301160869049
14	5	的	7.2630350354125
14	6	行李	16.10394279204543
14	7	丢	12.436922540421072
14	8	了	2.698246351604908
14	9	。	5.718626280246497
15	1	那	7.603471398067407
15	2	本	10.168766640040351
15	3	作家	14.074329491001944
15	4	写	9.737758153898948
15	5	的	2.655750938727536
15	6	书	4.285364492626044
15	7	很	9.524434162988094
15	8	受	9.744986873765853
15	9	欢迎	3.679526118471813
15	10	。	3.3591789805445273
16	1	那	7.603471398067407
16	2	个	7.276531145873394
16	3	作家	14.704611108766478
16	4	写	9.662292696369523
16	5	的	3.363313614975006
16	6	书	6.122909531573335
16	7	很	8.607268828809168
16	8	受	10.144459962262353
16	9	欢迎	3.1934803890578394
16	10	。	3.5375289532627647
17	1	那	7.603471398067407
17	2	辆	10.104499395972665
17	3	朋友	14.475934881136965
17	4	开	10.214034745866932
17	5	的	4.9051650670011995
17	6	车	5.848731747386928
17	7	坏	14.688630947122363
17	8	了	1.528630821620638
17	9	。	2.4485100086709366
18	1	那	7.603471398067407
18	2	个	7.276531145873394
18	3	朋友	8.705854080479934
18	4	开	11.426781537100297
18	5	的	6.45666188424903
18	6	车	10.792061761225646
18	7	坏	14.977262026685665
18	8	了	2.833152938396964
18	9	。	1.7875677296865433
19	1	那	7.603471398067407
19	2	份	10.011204364568501
19	3	孩子	15.060128275065662
19	4	做	9.20511269724485
19	5	的	1.0352289159566936
19	6	作业	13.833510579713739
19	7	获	14.83865551681054
19	8	了	4.264625884347353
19	9	奖	13.208264037426332
19	10	。	2.90673118842048
20	1	那	7.603471398067407
20	2	个	7.276531145873394
20	3	孩子	6.0185809958046725
20	4	做	8.846252444936237
20	5	的	3.3737959301796643
20	6	作业	17.48253834771689
20	7	获	18.367005930015665
20	8	了	5.94290258534501
20	9	奖	12.074157348025025
20	10	。	2.6860939204608627
21	1	那	7.603471398067407
21	2	份	10.011204364568501
21	3	老板	13.27367342037838
21	4	制定	15.4753268271777
21	5	的	5.105711008229932
21	6	合同	12.825829749493884
21	7	到期	20.187960852783874
21	8	了	6.30474091664783
21	9	。	0.43910864103368397
22	1	那	7.603471398067407
22	2	个	7.276531145873394
22	3	老板	11.291468155235062
22	4	制定	16.488679828573993
22	5	的	9.838931030457893
22	6	合同	14.8600045758469
22	7	到期	20.565618967493222
22	8	了	8.35180289979084
22	9	。	1.0169425339258993
23	1	那	7.603471398067407
23	2	间	14.866227700002101
23	3	朋友	9.211861351294903
23	4	开	11.256819897643624
23	5	的	6.235033688465016
23	6	工厂	16.835021011390616
23	7	倒闭	14.478211756008164
23	8	了	7.230007288281982
23	9	。	2.1105082494386096
24	1	那	7.603471398067407
24	2	个	7.276531145873394
24	3	朋友	8.705854080479934
24	4	开	11.426781537100297
24	5	的	6.45666188424903
24	6	工厂	16.379612947451854
24	7	倒闭	15.642683135228225
24	8	了	6.338721380829156
24	9	。	1.786123269139594
25	1	那	7.603471398067407
25	2	张	10.014420034744559
25	3	孩子	7.359496782618621
25	4	照	16.09003922161368
25	5	的	11.737201031831724
25	6	照片	11.363588370016146
25	7	丢	13.734893049100052
25	8	了	1.7306361292293388
25	9	。	4.105420430199075
26	1	那	7.603471398067407
26	2	个	7.276531145873394
26	3	孩子	6.0185809958046725
26	4	照	16.660838495079894
26	5	的	11.709282517909926
26	6	照片	12.157465067050126
26	7	丢	13.709686051279967
26	8	了	1.7474508805884454
26	9	。	4.07921788441152
27	1	那	7.603471398067407
27	2	台	12.723889451436369
27	3	老师	9.47680290425642
27	4	用	8.532103838757099
27	5	的	6.471851367655603
27	6	手机	15.365533529254385
27	7	很	5.5909086378973285
27	8	好用	15.32277378915063
27	9	。	3.089524333116458
28	1	那	7.603471398067407
28	2	个	7.276531145873394
28	3	老师	11.185370080535659
28	4	用	8.601441279216026
28	5	的	4.936407699791303
28	6	手机	13.330245602046162
28	7	很	5.6677208121499305
28	8	好用	15.098690721421058
28	9	。	5.893611596242081
29	1	那	7.603471398067407
29	2	朵	20.619534516281703
29	3	邻居	10.446645118121044
29	4	种	16.520528830098414
29	5	的	6.034742489609506
29	6	花	12.050757041885554
29	7	很	8.152061530972432
29	8	好看	13.146064262810896
29	9	。	3.3445108326403385
30	1	那	7.603471398067407
30	2	个	7.276531145873394
30	3	邻居	12.494355940711102
30	4	种	17.078792878627265
30	5	的	3.902805516338674
30	6	花	14.407060556638513
30	7	很	7.387055054220873
30	8	好看	13.784642051197252
30	9	。	3.2401821159396604
31	1	那	7.603471398067407
31	2	台	12.723889451436369
31	3	科学家	12.404423861523142
31	4	做	10.624960295595223
31	5	的	4.663144724244816
31	6	电视	12.833700577217627
31	7	坏	15.199408146642021
31	8	了	4.3697873361603286
31	9	。	1.9521127099224884
32	1	那	7.603471398067407
32	2	个	7.276531145873394
32	3	科学家	14.26621465755586
32	4	做	9.573538950425657
32	5	的	3.7325888428303884
32	6	电视	14.561602725927926
32	7	坏	15.333499764501724
32	8	了	4.456250612242954
32	9	。	2.9894446179372807
33	1	那	7.603471398067407
33	2	栋	11.546184517453144
33	3	男人	9.743270409997717
33	4	买	9.602790560386083
33	5	的	6.068128637998477
33	6	房子	7.335001712143352
33	7	起火	13.408389750371612
33	8	了	5.7771140914195485
33	9	。	2.0796432756729644
34	1	那	7.603471398067407
34	2	个	7.276531145873394
34	3	男人	6.670488308934811
34	4	买	11.109320197249922
34	5	的	5.9234492360498265
34	6	房子	8.228971720615192
34	7	起火	15.755699006278007
34	8	了	5.542810497764435
34	9	。	1.915392552817039
35	1	那	7.603471398067407
35	2	条	10.205222673795104
35	3	朋友	14.423837202542337
35	4	给	7.629389969492507
35	5	的	7.8927652143167535
35	6	建议	11.040050594698386
35	7	很	8.086107885305708
35	8	真诚	11.304690922158002
35	9	。	1.5602582462520616
36	1	那	7.603471398067407
36	2	个	7.276531145873394
36	3	朋友	8.705854080479934
36	4	给	7.5318270229227515
36	5	的	8.77184534648752
36	6	建议	13.131597609634987
36	7	很	9.354775238684724
36	8	真诚	11.445675217752445
36	9	。	3.159535682974308
37	1	那	7.603471398067407
37	2	支	12.596548003091288
37	3	老师	10.155174430371254
37	4	用	7.972512851553478
37	5	的	6.3531706599469615
37	6	笔	16.47090079699118
37	7	坏	14.71335402256171
37	8	了	4.501231181909233
37	9	。	3.7240756450769936
38	1	那	7.603471398067407
38	2	个	7.276531145873394
38	3	老师	11.185370080535659
38	4	用	8.601441279216026
38	5	的	4.936407699791303
38	6	笔	16.06850396320244
38	7	坏	14.449387237623817
38	8	了	2.3794808900149036
38	9	。	6.230453730442903
39	1	那	7.603471398067407
39	2	只	6.59812670734113
39	3	女人	16.312575695901373
39	4	丢	16.117628268087383
39	5	的	5.0775428836278
39	6	鞋子	19.291611243255645
39	7	被	9.846719329177901
39	8	找到	11.028852861633837
39	9	了	1.6644493770214126
39	10	。	2.3762217208047076
40	1	那	7.603471398067407
40	2	个	7.276531145873394
40	3	女人	9.055209142351192
40	4	丢	15.866695612925447
40	5	的	4.837545502580326
40	6	鞋子	19.340149059420668
40	7	被	10.474638096629711
40	8	找到	11.39234524554395
40	9	了	2.3324874024437463
40	10	。	3.1632060578404406
41	1	那	7.603471398067407
41	2	条	10.205222673795104
41	3	邻居	13.881455332479419
41	4	养	15.423655212063558
41	5	的	3.5193608122710387
41	6	狗	11.925164316125851
41	7	生病	15.469970017752374
41	8	了	2.0305657746213512
41	9	。	3.7131883778576764
42	1	那	7.603471398067407
42	2	个	7.276531145873394
42	3	邻居	12.494355940711102
42	4	养	15.513082977487048
42	5	的	3.88764584814907
42	6	狗	12.984266080146178
42	7	生病	15.48495670404047
42	8	了	2.2941430093124495
42	9	。	4.4799967906562586
43	1	那	7.603471398067407
43	2	座	11.099220064086156
43	3	老人	10.507854675540315
43	4	修	16.001390338199553
43	5	的	5.715550747371928
43	6	桥	16.148546547048184
43	7	帮助	14.984390296675059
43	8	了	3.5745563519558488
43	9	我	3.2764250274259723
43	10	。	2.4950647732193687
44	1	那	7.603471398067407
44	2	个	7.276531145873394
44	3	老人	13.04217883006823
44	4	修	16.38444035448364
44	5	的	4.559331602121468
44	6	桥	16.871674474235455
44	7	帮助	14.811411089766068
44	8	了	3.187915990711687
44	9	我	2.4588249550414503
44	10	。	2.68833335892964
45	1	那	7.603471398067407
45	2	篇	9.127553258235347
45	3	学生	14.904979746011623
45	4	准备	11.888698670814584
45	5	的	5.513577814469031
45	6	报告	7.38277969292168
45	7	感动	15.948244570839414
45	8	了	2.374211594487349
45	9	我	8.605307715194371
45	10	。	3.423169923910507
46	1	那	7.603471398067407
46	2	个	7.276531145873394
46	3	学生	10.107315535573317
46	4	准备	10.429428299555731
46	5	的	9.678756487965927
46	6	报告	14.404744264032892
46	7	感动	19.684880692042746
46	8	了	9.159768881553163
46	9	我	7.253851152188361
46	10	。	3.9659057987487785
47	1	那	7.603471398067407
47	2	封	12.884621661322166
47	3	朋友	9.078722071173353
47	4	写	9.554802722835067
47	5	的	4.064133233345558
47	6	信	13.17785165953891
47	7	很	10.010424353122481
47	8	真诚	12.39193225191643
47	9	。	1.54938668979365
48	1	那	7.603471398067407
48	2	个	7.276531145873394
48	3	朋友	8.705854080479934
48	4	写	9.752336876204694
48	5	的	4.466510545871742
48	6	信	13.634594905701654
48	7	很	9.532263914873148
48	8	真诚	12.126157596073604
48	9	。	1.3274383059264636
49	1	那	7.603471398067407
49	2	堂	21.369909739024436
49	3	老师	9.520981650288636
49	4	教	11.606005252010355
49	5	的	6.467246418130891
49	6	课	16.721464976633214
49	7	获	16.507006685582695
49	8	了	9.650045988224363
49	9	奖	12.841340691455443
49	10	。	2.8897032662223268
50	1	那	7.603471398067407
50	2	个	7.276531145873394
50	3	老师	11.185370080535659
50	4	教	12.247143426628014
50	5	的	6.283752686915122
50	6	课	13.39100921170791
50	7	获	16.40504695011041
50	8	了	5.115797930431242
50	9	奖	13.509547946558484
50	10	。	3.8185840094472496
51	1	那	7.603471398067407
51	2	块	12.864618893622085
51	3	医生	12.344988750940985
51	4	喜欢	9.878585980070305
51	5	的	5.822921116841037
51	6	手表	15.504399104113162
51	7	丢	15.296499765793186
51	8	了	1.3927682876101386
51	9	。	5.292546460313218
52	1	那	7.603471398067407
52	2	个	7.276531145873394
52	3	医生	12.332395853136603
52	4	喜欢	9.994720756533336
52	5	的	3.6914762141689295
52	6	手表	16.050493943508073
52	7	丢	15.71568137463884
52	8	了	1.3330246124236993
52	9	。	6.650990998866035
53	1	那	7.603471398067407
53	2	篇	9.127553258235347
53	3	学生	14.904979746011623
53	4	写	7.470318375139023
53	5	的	1.1975513527131696
53	6	论文	12.00387286476439
53	7	感动	14.284397652575883
53	8	了	3.221402832031714
53	9	我	8.954932125611208
53	10	。	3.0162696588958084
54	1	那	7.603471398067407
54	2	个	7.276531145873394
54	3	学生	10.107315535573317
54	4	写	9.380108171461877
54	5	的	4.051223642035055
54	6	论文	12.440798489391227
54	7	感动	15.090594756225286
54	8	了	3.4231501973672778
54	9	我	8.720498718700895
54	10	。	3.5351671916918974
55	1	那	7.603471398067407
55	2	场	8.280061978641172
55	3	演员	14.489724448373002
55	4	准备	10.556893657603865
55	5	的	8.16684199851587
55	6	表演	11.098655844591711
55	7	很	9.533962872931099
55	8	受	10.333106082784568
55	9	欢迎	3.3830317138115475
55	10	。	3.1768148594921826
56	1	那	7.603471398067407
56	2	个	7.276531145873394
56	3	演员	13.745767333026741
56	4	准备	9.793379892423442
56	5	的	9.550703211732205
56	6	表演	13.523335648842249
56	7	很	8.21742359429863
56	8	受	10.861722358087846
56	9	欢迎	3.1385228783309174
56	10	。	4.439901171757924
57	1	那	7.603471398067407
57	2	间	14.866227700002101
57	3	警察	11.841325582944929
57	4	工作	13.183824634080544
57	5	的	5.25834551907797
57	6	办公室	17.19764559221617
57	7	起火	11.476177909092542
57	8	了	7.008849149773326
57	9	。	1.7225720648001612
58	1	那	7.603471398067407
58	2	个	7.276531145873394
58	3	警察	13.280364355370235
58	4	工作	13.074726100473214
58	5	的	3.9135716835791996
58	6	办公室	14.578482441371818
58	7	起火	14.344646670239513
58	8	了	3.7088209703041315
58	9	。	2.7261876175087707
59	1	那	7.603471398067407
59	2	首	11.418029311936925
59	3	孩子	10.137686877267392
59	4	写	10.039863831196726
59	5	的	3.999665559511868
59	6	诗	14.318137402160076
59	7	很	7.69257183415214
59	8	有趣	7.515298673971529
59	9	。	2.133986339641609
60	1	那	7.603471398067407
60	2	个	7.276531145873394
60	3	孩子	6.0185809958046725
60	4	写	10.606850499205638
60	5	的	3.9659078552528193
60	6	诗	17.07377666632305
60	7	很	6.5232274315830665
60	8	有趣	7.795422528642412
60	9	。	2.706481746915003
61	1	那	7.603471398067407
61	2	家	8.694624781171521
61	3	朋友	9.747029256282048
61	4	去	9.153648151838663
61	5	的	8.976163861298197
61	6	银行	13.016974677198036
61	7	帮助	11.663806593777672
61	8	了	5.032126238155726
61	9	我	2.056685545426731
61	10	。	3.9040566651508186
62	1	那	7.603471398067407
62	2	个	7.276531145873394
62	3	朋友	8.705854080479934
62	4	去	8.780839533628445
62	5	的	8.906080173414523
62	6	银行	14.368527407651392
62	7	帮助	11.307314830860442
62	8	了	4.582296370539055
62	9	我	2.2231147104133697
62	10	。	3.4566786019939855
