sentence_id	token_id	token	surprisal
1	1	那	7.24457066948
1	2	位	6.65064052038
1	3	教授	11.5179245634
1	4	写	12.5124376002
1	5	了	3.01986762614
1	6	读者	14.8887167719
1	7	喜欢	13.3925760656
1	8	的	4.32639958127
1	9	书	11.0806729064
1	10	的	4.1857367086
1	11	内容	10.2123336098
1	12	。	2.65837579704
2	1	那	7.24457066948
2	2	位	6.65064052038
2	3	教授	11.5179245634
2	4	打	12.001687051
2	5	了	3.56029950947
2	6	读者	14.7853846296
2	7	喜欢	13.3925760656
2	8	的	4.32639958127
2	9	书	11.0806729064
2	10	的	4.1857367086
2	11	内容	10.2123336098
2	12	。	2.65837579704
3	1	弟弟	17.2728785911
3	2	启动	14.0541555884
3	3	了	3.76727264749
3	4	父亲	14.9595064281
3	5	买	12.2547835471
3	6	的	4.34009268099
3	7	车	12.2754748309
3	8	。	3.668444827
4	1	弟弟	17.2728785911
4	2	认识	13.0392601243
4	3	了	4.98231772039
4	4	父亲	14.9595064281
4	5	买	12.2547835471
4	6	的	4.34009268099
4	7	车	12.2754748309
4	8	。	3.668444827
5	1	他	5.68454970002
5	2	拿	13.5627153789
5	3	了	3.56792024225
5	4	桌子	17.6982160987
5	5	上	4.86128323408
5	6	的	3.50829144202
5	7	妈妈	14.2126699715
5	8	放	12.9072788136
5	9	的	4.69281155924
5	10	筷子	20.7859693641
5	11	。	6.17905515912
6	1	他	5.68454970002
6	2	听	14.3299285021
6	3	了	4.47395587466
6	4	桌子	17.7608608777
6	5	上	4.86128323408
6	6	的	3.50829144202
6	7	妈妈	14.2126699715
6	8	放	12.9072788136
6	9	的	4.69281155924
6	10	筷子	20.7859693641
6	11	。	6.17905515912
7	1	她	8.22619364393
7	2	终于	14.027357381
7	3	实现	12.0570211709
7	4	了	3.0838823351
7	5	她	9.47370755587
7	6	设立	12.9339543691
7	7	的	3.13982570695
7	8	理想	11.8997300983
7	9	。	4.34323163671
8	1	她	8.22619364393
8	2	终于	14.027357381
8	3	购买	12.883523154
8	4	了	4.18970872955
8	5	她	9.60295085732
8	6	设立	12.9339543691
8	7	的	3.13982570695
8	8	理想	11.8997300983
8	9	。	4.34323163671
9	1	我	5.40226247496
9	2	修理	13.9707443616
9	3	了	5.75437018677
9	4	这个	7.49686763544
9	5	父亲	13.3011432935
9	6	使用	11.5436318188
9	7	的	3.33607621442
9	8	电脑	11.2711861078
9	9	。	7.35262844145
10	1	我	5.40226247496
10	2	阅读	16.0073774489
10	3	了	7.78033094833
10	4	这个	7.49686763544
10	5	父亲	13.3011432935
10	6	使用	11.5436318188
10	7	的	3.33607621442
10	8	电脑	11.2711861078
10	9	。	7.35262844145
11	1	我	5.40226247496
11	2	邀请	14.7313793023
11	3	过	10.4577686722
11	4	母亲	13.9527704931
11	5	认识	12.9499065379
11	6	的	4.61789543888
11	7	我	12.1919378051
11	8	的	4.40295268945
11	9	朋友	6.21127834564
11	10	。	4.25945349098
12	1	我	5.40226247496
12	2	打开	13.9707443616
12	3	过	10.6524627297
12	4	母亲	13.9527704931
12	5	认识	12.9499065379
12	6	的	4.61789543888
12	7	我	12.1919378051
12	8	的	4.40295268945
12	9	朋友	6.21127834564
12	10	。	4.25945349098
13	1	记者	9.64333460554
13	2	采访	7.13665706478
13	3	了	6.25045097294
13	4	人民	11.1065344352
13	5	喜爱	10.9056776721
13	6	的	1.30403005389
13	7	艺术家	13.6377679086
13	8	。	6.14210828359
14	1	记者	9.64333460554
14	2	制作	13.9887388168
14	3	了	4.83031262038
14	4	人民	11.1065344352
14	5	喜爱	10.9056776721
14	6	的	1.30403005389
14	7	艺术家	13.6377679086
14	8	。	6.14210828359
15	1	他	5.68454970002
15	2	参与	13.6929217451
15	3	了	5.47708226704
15	4	宗教	13.3846622285
15	5	引发	13.2993279864
15	6	的	2.71601850669
15	7	战争	10.9831987094
15	8	。	5.40041620357
16	1	他	5.68454970002
16	2	建造	12.5855903505
16	3	了	6.16757094434
16	4	宗教	13.2151688622
16	5	引发	13.2993279864
16	6	的	2.71601850669
16	7	战争	10.9831987094
16	8	。	5.40041620357
17	1	她	8.22619364393
17	2	批评	13.9453478821
17	3	了	8.30185723924
17	4	她	9.51602537009
17	5	爱	13.1773785383
17	6	的	3.82284504515
17	7	儿子	10.8834569266
17	8	。	6.92255563404
18	1	她	8.22619364393
18	2	改正	19.3423880297
18	3	了	4.0539280724
18	4	她	9.51602537009
18	5	爱	13.1773785383
18	6	的	3.82284504515
18	7	儿子	10.8834569266
18	8	。	6.92255563404
19	1	我	5.40226247496
19	2	结束	13.0991658634
19	3	了	2.8779067282
19	4	我	7.6293137871
19	5	正在	12.19202826
19	6	进行	4.44780253668
19	7	的	2.65442376735
19	8	谈话	11.9381404513
19	9	。	4.34323163671
20	1	我	5.40226247496
20	2	表扬	19.0059237936
20	3	了	2.6315199394
20	4	我	7.27680322312
20	5	正在	12.19202826
20	6	进行	4.44780253668
20	7	的	2.65442376735
20	8	谈话	11.9381404513
20	9	。	4.34323163671
21	1	他	5.68454970002
21	2	买	12.5855903505
21	3	了	3.54232813615
21	4	这些	10.0061228734
21	5	我	11.6119402492
21	6	喜欢	8.24100262672
21	7	的	4.12084180903
21	8	笔	15.7464005526
21	9	。	7.86128323408
22	1	他	5.68454970002
22	2	种	13.6629537753
22	3	了	12.0955882987
22	4	这些	9.82152903315
22	5	我	11.6119402492
22	6	喜欢	8.24100262672
22	7	的	4.12084180903
22	8	笔	15.7464005526
22	9	。	7.86128323408
23	1	他	5.68454970002
23	2	提出	10.9657213845
23	3	了	3.25752944114
23	4	很多	8.07500609233
23	5	他	9.99401142595
23	6	不	6.61873240031
23	7	理解	10.913501119
23	8	的	3.92089142878
23	9	问题	7.97435187144
23	10	。	1.95737022968
24	1	他	5.68454970002
24	2	申请	13.9045339805
24	3	了	6.36524571626
24	4	很多	8.19827821243
24	5	他	9.99401142595
24	6	不	6.61873240031
24	7	理解	10.913501119
24	8	的	3.92089142878
24	9	问题	7.97435187144
24	10	。	1.95737022968
25	1	这	5.42617318975
25	2	款	14.2110148361
25	3	药	14.7520109427
25	4	治疗	13.7848123491
25	5	了	8.2439470625
25	6	医生	14.9595064281
25	7	诊断	16.3851654809
25	8	的	5.22385463139
25	9	他	10.7099824147
25	10	的	4.29817312072
25	11	疾病	12.8645612988
25	12	。	7.41918265215
26	1	这	5.42617318975
26	2	款	14.2110148361
26	3	药	14.7520109427
26	4	缓解	14.572099758
26	5	了	6.91190939102
26	6	医生	14.9595064281
26	7	诊断	16.3851654809
26	8	的	5.22385463139
26	9	他	10.7099824147
26	10	的	4.29817312072
26	11	疾病	12.8645612988
26	12	。	7.41918265215
27	1	我	5.40226247496
27	2	看	8.12424987611
27	3	着	5.5680121207
27	4	我	6.35125464147
27	5	想念	13.6984453418
27	6	的	5.95078545756
27	7	奶奶	15.7464005526
27	8	的	5.78779316397
27	9	面容	17.490738328
27	10	。	6.2501972723
28	1	我	5.40226247496
28	2	听	10.4651366031
28	3	着	5.96940186584
28	4	我	6.49454999273
28	5	想念	13.6984453418
28	6	的	5.95078545756
28	7	奶奶	15.7464005526
28	8	的	5.78779316397
28	9	面容	17.490738328
28	10	。	6.2501972723
29	1	学者	14.4027222395
29	2	发现	11.6607911011
29	3	了	3.03837489381
29	4	这个	7.75316358865
29	5	古人	20.8578012472
29	6	留下	13.0799094649
29	7	的	1.94490487969
29	8	规律	13.302676601
29	9	。	6.55090729414
30	1	学者	14.4027222395
30	2	发明	15.4618590345
30	3	了	4.47951720356
30	4	这个	7.49686763544
30	5	古人	20.8578012472
30	6	留下	13.0799094649
30	7	的	1.94490487969
30	8	规律	13.302676601
30	9	。	6.55090729414
31	1	母亲	13.530230446
31	2	准备	12.0953408084
31	3	了	5.33375401712
31	4	儿子	14.3295372652
31	5	喜欢	13.3585591864
31	6	的	4.32639958127
31	7	晚饭	17.490738328
31	8	。	6.09611419882
32	1	母亲	13.530230446
32	2	责备	17.8701376232
32	3	了	7.77228092327
32	4	儿子	14.0939683866
32	5	喜欢	13.3585591864
32	6	的	4.32639958127
32	7	晚饭	17.490738328
32	8	。	6.09611419882
33	1	孩子	13.530230446
33	2	培养	10.1466864258
33	3	了	4.18157661859
33	4	这个	7.49686763544
33	5	母亲	13.5002988056
33	6	欣赏	14.8715916788
33	7	的	4.34139792145
33	8	特长	14.8713192398
33	9	。	4.34125023703
34	1	孩子	13.530230446
34	2	改正	18.8567309266
34	3	了	4.0539280724
34	4	这个	7.49686763544
34	5	母亲	13.5002988056
34	6	欣赏	14.8715916788
34	7	的	4.34139792145
34	8	特长	14.8713192398
34	9	。	4.34125023703
35	1	政府	10.1803412015
35	2	设立	10.6911483317
35	3	了	2.7387248307
35	4	媒体	13.4317693912
35	5	提倡	15.2521504015
35	6	的	3.1491551409
35	7	项目	10.3715877574
35	8	。	3.11730280413
36	1	政府	10.1803412015
36	2	引发	13.4188121491
36	3	了	2.31491706927
36	4	媒体	13.3169739982
36	5	提倡	15.2521504015
36	6	的	3.1491551409
36	7	项目	10.3715877574
36	8	。	3.11730280413
37	1	我	5.40226247496
37	2	回忆	13.9707443616
37	3	了	7.30185678396
37	4	同学	14.6328944927
37	5	提到	13.5659895782
37	6	的	2.31266262749
37	7	之前	11.6731259647
37	8	的	4.24051456189
37	9	经历	11.6840715558
37	10	。	2.68135806462
38	1	我	5.40226247496
38	2	帮助	13.9707443616
38	3	了	6.79206102283
38	4	同学	14.6328944927
38	5	提到	13.5659895782
38	6	的	2.31266262749
38	7	之前	11.6731259647
38	8	的	4.24051456189
38	9	经历	11.6840715558
38	10	。	2.68135806462
39	1	花园	17.0873852131
39	2	长满	18.5917943723
39	3	了	4.0539280724
39	4	爷爷	18.869558104
39	5	种	12.3359992682
39	6	的	8.24261719333
39	7	草	17.490738328
39	8	。	6.12453873307
40	1	花园	17.0873852131
40	2	吸引	12.4931725767
40	3	了	3.60824494767
40	4	爷爷	19.0956550021
40	5	种	12.3359992682
40	6	的	8.24261719333
40	7	草	17.490738328
40	8	。	6.12453873307
41	1	雨水	17.4857881102
41	2	清洗	20.7940430119
41	3	了	7.7771194071
41	4	父亲	14.9595064281
41	5	建造	13.5594903951
41	6	的	3.40383378764
41	7	大楼	13.9531507396
41	8	。	8.683287544
42	1	雨水	17.4857881102
42	2	灌溉	16.8995317494
42	3	了	7.81364305978
42	4	父亲	14.9595064281
42	5	建造	13.5594903951
42	6	的	3.40383378764
42	7	大楼	13.9531507396
42	8	。	8.683287544
43	1	我	5.40226247496
43	2	听从	21.9943224194
43	3	了	7.76489077871
43	4	母亲	11.1065344352
43	5	认同	14.3368223793
43	6	的	3.19408750455
43	7	老师	12.1919378051
43	8	的	4.91235576398
43	9	建议	10.9282783582
43	10	。	3.00234599731
44	1	我	5.40226247496
44	2	安装	16.1744642269
44	3	了	3.1491551409
44	4	母亲	11.1065344352
44	5	认同	14.3368223793
44	6	的	3.19408750455
44	7	老师	12.1919378051
44	8	的	4.91235576398
44	9	建议	10.9282783582
44	10	。	3.00234599731
45	1	警官	21.9325597527
45	2	疏散	15.8880219543
45	3	了	7.8832724325
45	4	他	6.96353183293
45	5	看到	11.2142595491
45	6	的	2.53587796965
45	7	人群	12.6090517946
45	8	。	4.39678422032
46	1	警官	21.9325597527
46	2	解除	13.7979881936
46	3	了	2.86778063466
46	4	他	7.10650047761
46	5	看到	11.2142595491
46	6	的	2.53587796965
46	7	人群	12.6090517946
46	8	。	4.39678422032
47	1	他	5.68454970002
47	2	卖	13.8698899945
47	3	过	10.8333498432
47	4	一些	7.76319981254
47	5	奶奶	15.9021951974
47	6	买	12.2421205337
47	7	了	3.54232813615
47	8	的	8.80625649145
47	9	化肥	17.5730912846
47	10	。	6.70663399869
48	1	他	5.68454970002
48	2	摘	22.0612387313
48	3	过	10.4712453784
48	4	一些	7.76319981254
48	5	奶奶	15.9021951974
48	6	买	12.2421205337
48	7	了	3.54232813615
48	8	的	8.80625649145
48	9	化肥	17.5730912846
48	10	。	6.70663399869
49	1	她	8.22619364393
49	2	戴	14.9377040343
49	3	过	11.2851776283
49	4	我	8.99675134104
49	5	买	13.1979512049
49	6	的	4.34009268099
49	7	耳机	21.1456715613
49	8	。	6.12501290591
50	1	她	8.22619364393
50	2	穿	14.2068503659
50	3	过	5.24186318377
50	4	我	8.99675134104
50	5	买	13.1979512049
50	6	的	4.34009268099
50	7	耳机	21.1456715613
50	8	。	6.12501290591
51	1	他	5.68454970002
51	2	在	4.45785806399
51	3	学校	9.97291233155
51	4	里	5.58319795236
51	5	吃	11.7542168072
51	6	过	5.54968634352
51	7	厨师	21.3102733247
51	8	做	10.5601373421
51	9	的	3.80588651553
51	10	饭	18.100962351
51	11	。	6.48326509748
52	1	他	5.68454970002
52	2	在	4.45785806399
52	3	学校	9.97291233155
52	4	里	5.58319795236
52	5	讲	12.6200100533
52	6	过	5.65216764694
52	7	厨师	21.3102733247
52	8	做	10.5601373421
52	9	的	3.80588651553
52	10	饭	18.100962351
52	11	。	6.48326509748
53	1	他	5.68454970002
53	2	见	12.5855903505
53	3	过	1.53587755131
53	4	我	9.14835994861
53	5	认识	9.83374448112
53	6	的	2.53587796965
53	7	店长	21.4289463008
53	8	。	6.17688771797
54	1	他	5.68454970002
54	2	去	9.37298044426
54	3	过	6.47202296384
54	4	我	9.24819581042
54	5	认识	9.83374448112
54	6	的	2.53587796965
54	7	店长	21.4289463008
54	8	。	6.17688771797
55	1	我	5.40226247496
55	2	听	10.4651366031
55	3	过	3.52694137738
55	4	这些	8.25196487837
55	5	孩子	9.79743235752
55	6	制造	13.1286903642
55	7	的	2.72898364359
55	8	声音	10.656502839
55	9	。	3.58825027974
56	1	我	5.40226247496
56	2	见	12.2264062143
56	3	过	3.70778008083
56	4	这些	8.40357361535
56	5	孩子	9.79743235752
56	6	制造	13.1286903642
56	7	的	2.72898364359
56	8	声音	10.656502839
56	9	。	3.58825027974
57	1	爷爷	17.3832007517
57	2	安装	14.9144265508
57	3	过	10.5743079921
57	4	他	7.10809563902
57	5	设计	12.9774269428
57	6	的	3.76144575095
57	7	机器	13.2733456593
57	8	。	7.14625792547
58	1	爷爷	17.3832007517
58	2	种植	15.4434334361
58	3	过	10.8392028059
58	4	他	7.10809563902
58	5	设计	12.9774269428
58	6	的	3.76144575095
58	7	机器	13.2733456593
58	8	。	7.14625792547
59	1	她	8.22619364393
59	2	说	2.2863386695
59	3	过	7.19279397835
59	4	这	6.56648465312
59	5	些	15.0472944852
59	6	我	10.0360600841
59	7	听	9.34497925797
59	8	过	3.52694137738
59	9	的	4.02370851916
59	10	话	10.0609948591
59	11	。	4.3649171997
60	1	她	8.22619364393
60	2	吃	12.8840618075
60	3	过	5.54968634352
60	4	这	6.17269058463
60	5	些	15.0472944852
60	6	我	10.0360600841
60	7	听	9.34497925797
60	8	过	3.52694137738
60	9	的	4.02370851916
60	10	话	10.0609948591
60	11	。	4.3649171997
61	1	母亲	13.530230446
61	2	买	12.1661379182
61	3	了	3.54232813615
61	4	她	9.70061866959
61	5	用	10.9193977197
61	6	过	6.75935657466
61	7	的	3.85780480954
61	8	纸	17.684169027
61	9	。	6.58639344028
62	1	母亲	13.530230446
62	2	喝	13.5318683564
62	3	了	4.05893745147
62	4	她	9.51602537009
62	5	用	10.9193977197
62	6	过	6.75935657466
62	7	的	3.85780480954
62	8	纸	17.684169027
62	9	。	6.58639344028
