sentence_id	token_id	token	surprisal
1	1	那	7.24457066948
1	2	位	6.65064052038
1	3	教授	11.5179245634
1	4	写	12.5124376002
1	5	了	3.01986762614
1	6	令	12.2618678246
1	7	人	0.681358295982
1	8	感动	5.86126646057
1	9	的	3.29207947197
1	10	书	11.0806729064
1	11	的	4.1857367086
1	12	内容	10.2123336098
1	13	。	2.65837579704
2	1	那	7.24457066948
2	2	位	6.65064052038
2	3	教授	11.5179245634
2	4	打	12.001687051
2	5	了	3.56029950947
2	6	令	12.1585362084
2	7	人	0.681358295982
2	8	感动	5.86126646057
2	9	的	3.29207947197
2	10	书	11.0806729064
2	11	的	4.1857367086
2	12	内容	10.2123336098
2	13	。	2.65837579704
3	1	弟弟	17.2728785911
3	2	启动	14.0541555884
3	3	了	3.76727264749
3	4	配备	16.832266463
3	5	音响	18.1509934755
3	6	的	4.37585604748
3	7	车	11.915772194
3	8	。	3.668444827
4	1	弟弟	17.2728785911
4	2	认识	13.0392601243
4	3	了	4.98231772039
4	4	配备	16.832266463
4	5	音响	18.1509934755
4	6	的	4.37585604748
4	7	车	11.915772194
4	8	。	3.668444827
5	1	他	5.68454970002
5	2	拿	13.5627153789
5	3	了	3.56792024225
5	4	桌子	17.6982160987
5	5	上	4.86128323408
5	6	的	3.50829144202
5	7	吸引	15.8325385288
5	8	他	9.18321049029
5	9	目光	18.9156421659
5	10	的	5.64387638765
5	11	筷子	20.7859693641
5	12	。	6.17905515912
6	1	他	5.68454970002
6	2	听	14.3299285021
6	3	了	4.47395587466
6	4	桌子	17.7608608777
6	5	上	4.86128323408
6	6	的	3.50829144202
6	7	吸引	15.8325385288
6	8	他	9.18321049029
6	9	目光	18.9156421659
6	10	的	5.64387638765
6	11	筷子	20.7859693641
6	12	。	6.17905515912
7	1	她	8.22619364393
7	2	终于	14.027357381
7	3	实现	12.0570211709
7	4	了	3.0838823351
7	5	激励	14.9171891721
7	6	她	10.9658633465
7	7	学习	12.813593076
7	8	的	3.59913299861
7	9	理想	11.8676924901
7	10	。	4.34323163671
8	1	她	8.22619364393
8	2	终于	14.027357381
8	3	购买	12.883523154
8	4	了	4.18970872955
8	5	激励	15.0464325463
8	6	她	10.9658633465
8	7	学习	12.813593076
8	8	的	3.59913299861
8	9	理想	11.8676924901
8	10	。	4.34323163671
9	1	我	5.40226247496
9	2	修理	13.9707443616
9	3	了	5.75437018677
9	4	这个	7.49686763544
9	5	计算	14.3473606752
9	6	公式	7.30185678396
9	7	的	4.37585604748
9	8	电脑	11.2289245305
9	9	。	7.35262844145
10	1	我	5.40226247496
10	2	阅读	16.0073774489
10	3	了	7.78033094833
10	4	这个	7.49686763544
10	5	计算	14.3473606752
10	6	公式	7.30185678396
10	7	的	4.37585604748
10	8	电脑	11.2289245305
10	9	。	7.35262844145
11	1	我	5.40226247496
11	2	邀请	14.7313793023
11	3	过	10.4577686722
11	4	我	8.99675134104
11	5	的	4.34338098842
11	6	认识	12.5077786483
11	7	明星	15.1461623989
11	8	的	3.81900464849
11	9	朋友	9.92965235423
11	10	。	4.40927822999
12	1	我	5.40226247496
12	2	打开	13.9707443616
12	3	过	10.6524627297
12	4	我	8.99675134104
12	5	的	4.34338098842
12	6	认识	12.5077786483
12	7	明星	15.1461623989
12	8	的	3.81900464849
12	9	朋友	9.92965235423
12	10	。	4.40927822999
13	1	记者	9.64333460554
13	2	采访	7.13665706478
13	3	了	6.25045097294
13	4	获得	11.919590525
13	5	大奖	10.0762981259
13	6	的	4.37585604748
13	7	艺术家	13.6377679086
13	8	。	6.14210828359
14	1	记者	9.64333460554
14	2	制作	13.9887388168
14	3	了	4.83031262038
14	4	获得	11.919590525
14	5	大奖	10.0762981259
14	6	的	4.37585604748
14	7	艺术家	13.6377679086
14	8	。	6.14210828359
15	1	他	5.68454970002
15	2	参与	13.6929217451
15	3	了	5.47708226704
15	4	伤害	15.1289994733
15	5	了	4.8268248656
15	6	很多	8.24807430648
15	7	家庭	10.4855522571
15	8	的	3.69831590382
15	9	战争	11.0075230352
15	10	。	5.40041620357
16	1	他	5.68454970002
16	2	建造	12.5855903505
16	3	了	6.16757094434
16	4	伤害	14.9595064281
16	5	了	4.8268248656
16	6	很多	8.24807430648
16	7	家庭	10.4855522571
16	8	的	3.69831590382
16	9	战争	11.0075230352
16	10	。	5.40041620357
17	1	她	8.22619364393
17	2	批评	13.9453478821
17	3	了	8.30185723924
17	4	打	14.9595064281
17	5	游戏	9.82211397869
17	6	的	7.63889320898
17	7	儿子	10.8834569266
17	8	。	6.92255563404
18	1	她	8.22619364393
18	2	改正	19.3423880297
18	3	了	4.0539280724
18	4	打	14.9595064281
18	5	游戏	9.82211397869
18	6	的	7.63889320898
18	7	儿子	10.8834569266
18	8	。	6.92255563404
19	1	我	5.40226247496
19	2	结束	13.0991658634
19	3	了	2.8779067282
19	4	令	11.9478065223
19	5	人	0.681358295982
19	6	开心	16.2394951695
19	7	的	2.77718554905
19	8	谈话	12.0649288348
19	9	。	4.34323163671
20	1	我	5.40226247496
20	2	表扬	19.0059237936
20	3	了	2.6315199394
20	4	令	11.5952958946
20	5	人	0.681358295982
20	6	开心	16.2394951695
20	7	的	2.77718554905
20	8	谈话	12.0649288348
20	9	。	4.34323163671
21	1	他	5.68454970002
21	2	买	12.5855903505
21	3	了	3.54232813615
21	4	这些	10.0061228734
21	5	可以	10.3134407929
21	6	带来	12.2815465115
21	7	好运	7.76080161533
21	8	的	5.72498303252
21	9	笔	15.7464005526
21	10	。	7.86128323408
22	1	他	5.68454970002
22	2	种	13.6629537753
22	3	了	12.0955882987
22	4	这些	9.82152903315
22	5	可以	10.3134407929
22	6	带来	12.2815465115
22	7	好运	7.76080161533
22	8	的	5.72498303252
22	9	笔	15.7464005526
22	10	。	7.86128323408
23	1	他	5.68454970002
23	2	提出	10.9657213845
23	3	了	3.25752944114
23	4	很多	8.07500609233
23	5	引	15.960391081
23	6	人	0.72330896328
23	7	思考	14.34342273
23	8	的	3.38238374544
23	9	问题	7.80388209481
23	10	。	1.95737022968
24	1	他	5.68454970002
24	2	申请	13.9045339805
24	3	了	6.36524571626
24	4	很多	8.19827821243
24	5	引	15.960391081
24	6	人	0.72330896328
24	7	思考	14.34342273
24	8	的	3.38238374544
24	9	问题	7.80388209481
24	10	。	1.95737022968
25	1	这	5.42617318975
25	2	款	14.2110148361
25	3	药	14.7520109427
25	4	治疗	13.7848123491
25	5	了	8.2439470625
25	6	困扰	15.7383259111
25	7	了	8.14589011027
25	8	他	6.96353183293
25	9	的	1.9407372129
25	10	疾病	12.8645612988
25	11	。	7.41918265215
26	1	这	5.42617318975
26	2	款	14.2110148361
26	3	药	14.7520109427
26	4	缓解	14.572099758
26	5	了	6.91190939102
26	6	困扰	15.7383259111
26	7	了	8.14589011027
26	8	他	6.96353183293
26	9	的	1.9407372129
26	10	疾病	12.8645612988
26	11	。	7.41918265215
27	1	我	5.40226247496
27	2	看	8.12424987611
27	3	着	5.5680121207
27	4	奶奶	15.9994289517
27	5	的	5.78779316397
27	6	令	14.1265325812
27	7	我	5.40547162921
27	8	熟悉	14.7110876966
27	9	的	1.9250545608
27	10	面容	17.490738328
27	11	。	6.2501972723
28	1	我	5.40226247496
28	2	听	10.4651366031
28	3	着	5.96940186584
28	4	奶奶	16.1427221043
28	5	的	5.78779316397
28	6	令	14.1265325812
28	7	我	5.40547162921
28	8	熟悉	14.7110876966
28	9	的	1.9250545608
28	10	面容	17.490738328
28	11	。	6.2501972723
29	1	学者	14.4027222395
29	2	发现	11.6607911011
29	3	了	3.03837489381
29	4	这个	7.75316358865
29	5	解开	16.6608913285
29	6	难题	15.68901484
29	7	的	4.83315274564
29	8	规律	13.2733456593
29	9	。	6.55090729414
30	1	学者	14.4027222395
30	2	发明	15.4618590345
30	3	了	4.47951720356
30	4	这个	7.49686763544
30	5	解开	16.6608913285
30	6	难题	15.68901484
30	7	的	4.83315274564
30	8	规律	13.2733456593
30	9	。	6.55090729414
31	1	母亲	13.530230446
31	2	准备	12.0953408084
31	3	了	5.33375401712
31	4	符合	13.9380771598
31	5	孩子	12.2127028415
31	6	胃口	21.6593260356
31	7	的	3.63889302926
31	8	晚饭	17.490738328
31	9	。	6.09611419882
32	1	母亲	13.530230446
32	2	责备	17.8701376232
32	3	了	7.77228092327
32	4	符合	13.7025082957
32	5	孩子	12.2127028415
32	6	胃口	21.6593260356
32	7	的	3.63889302926
32	8	晚饭	17.490738328
32	9	。	6.09611419882
33	1	孩子	13.530230446
33	2	培养	10.1466864258
33	3	了	4.18157661859
33	4	这个	7.49686763544
33	5	可以	10.2490044012
33	6	锻炼	16.1679785282
33	7	身体	5.86128323408
33	8	的	4.8268248656
33	9	特长	15.2413967863
33	10	。	4.34125023703
34	1	孩子	13.530230446
34	2	改正	18.8567309266
34	3	了	4.0539280724
34	4	这个	7.49686763544
34	5	可以	10.2490044012
34	6	锻炼	16.1679785282
34	7	身体	5.86128323408
34	8	的	4.8268248656
34	9	特长	15.2413967863
34	10	。	4.34125023703
35	1	政府	10.1803412015
35	2	设立	10.6911483317
35	3	了	2.7387248307
35	4	帮助	13.4317693912
35	5	老人	14.1907108794
35	6	的	2.98204389519
35	7	项目	10.3715877574
35	8	。	3.11730280413
36	1	政府	10.1803412015
36	2	引发	13.4188121491
36	3	了	2.31491706927
36	4	帮助	13.3169739982
36	5	老人	14.1907108794
36	6	的	2.98204389519
36	7	项目	10.3715877574
36	8	。	3.11730280413
37	1	我	5.40226247496
37	2	回忆	13.9707443616
37	3	了	7.30185678396
37	4	之前	14.9595064281
37	5	的	4.24051456189
37	6	令	14.1265325812
37	7	我	5.40547162921
37	8	难过	17.0246185359
37	9	的	6.07319216982
37	10	经历	11.6840715558
37	11	。	2.68135806462
38	1	我	5.40226247496
38	2	帮助	13.9707443616
38	3	了	6.79206102283
38	4	之前	14.9595064281
38	5	的	4.24051456189
38	6	令	14.1265325812
38	7	我	5.40547162921
38	8	难过	17.0246185359
38	9	的	6.07319216982
38	10	经历	11.6840715558
38	11	。	2.68135806462
39	1	花园	17.0873852131
39	2	长满	18.5917943723
39	3	了	4.0539280724
39	4	影响	12.340082875
39	5	花朵	18.4967770345
39	6	成长	13.6617910705
39	7	的	2.56642517412
39	8	草	17.490738328
39	9	。	6.12453873307
40	1	花园	17.0873852131
40	2	吸引	12.4931725767
40	3	了	3.60824494767
40	4	影响	12.5661795997
40	5	花朵	18.4967770345
40	6	成长	13.6617910705
40	7	的	2.56642517412
40	8	草	17.490738328
40	9	。	6.12453873307
41	1	雨水	17.4857881102
41	2	清洗	20.7940430119
41	3	了	7.7771194071
41	4	位于	14.9595064281
41	5	市中心	15.0796876304
41	6	的	2.59327526382
41	7	大楼	13.6377679086
41	8	。	8.683287544
42	1	雨水	17.4857881102
42	2	灌溉	16.8995317494
42	3	了	7.81364305978
42	4	位于	14.9595064281
42	5	市中心	15.0796876304
42	6	的	2.59327526382
42	7	大楼	13.6377679086
42	8	。	8.683287544
43	1	我	5.40226247496
43	2	听从	21.9943224194
43	3	了	7.76489077871
43	4	老师	12.9816975135
43	5	的	4.71577585628
43	6	给	13.7427629524
43	7	了	4.72186467294
43	8	我	4.42051952446
43	9	信心	15.198303722
43	10	的	3.47659044073
43	11	建议	10.9546253139
43	12	。	3.00234599731
44	1	我	5.40226247496
44	2	安装	16.1744642269
44	3	了	3.1491551409
44	4	老师	12.9816975135
44	5	的	4.71577585628
44	6	给	13.7427629524
44	7	了	4.72186467294
44	8	我	4.42051952446
44	9	信心	15.198303722
44	10	的	3.47659044073
44	11	建议	10.9546253139
44	12	。	3.00234599731
45	1	警官	21.9325597527
45	2	疏散	15.8880219543
45	3	了	7.8832724325
45	4	破坏	13.4725183316
45	5	了	2.9052277662
45	6	现场	11.1028817758
45	7	的	5.00599048651
45	8	人群	12.3743514968
45	9	。	4.39678422032
46	1	警官	21.9325597527
46	2	解除	13.7979881936
46	3	了	2.86778063466
46	4	破坏	13.6154871052
46	5	了	2.9052277662
46	6	现场	11.1028817758
46	7	的	5.00599048651
46	8	人群	12.3743514968
46	9	。	4.39678422032
47	1	他	5.68454970002
47	2	卖	13.8698899945
47	3	过	10.8333498432
47	4	一些	7.76319981254
47	5	帮助	9.85841377621
47	6	蔬菜	15.1389739874
47	7	成熟	7.14139094959
47	8	的	2.00305713368
47	9	化肥	17.490738328
47	10	。	6.70663399869
48	1	他	5.68454970002
48	2	摘	22.0612387313
48	3	过	10.4712453784
48	4	一些	7.76319981254
48	5	帮助	9.85841377621
48	6	蔬菜	15.1389739874
48	7	成熟	7.14139094959
48	8	的	2.00305713368
48	9	化肥	17.490738328
48	10	。	6.70663399869
49	1	她	8.22619364393
49	2	戴	14.9377040343
49	3	过	11.2851776283
49	4	导致	13.864032242
49	5	她	10.9573926319
49	6	头痛	17.9642601268
49	7	的	1.75643668805
49	8	耳机	20.7859693641
49	9	。	6.12501290591
50	1	她	8.22619364393
50	2	穿	14.2068503659
50	3	过	5.24186318377
50	4	导致	13.864032242
50	5	她	10.9573926319
50	6	头痛	17.9642601268
50	7	的	1.75643668805
50	8	耳机	20.7859693641
50	9	。	6.12501290591
51	1	他	5.68454970002
51	2	在	4.45785806399
51	3	学校	9.97291233155
51	4	里	5.58319795236
51	5	吃	11.7542168072
51	6	过	5.54968634352
51	7	满足	15.4044569359
51	8	他	9.6125140721
51	9	要求	13.3439497488
51	10	的	5.49715665792
51	11	饭	17.490738328
51	12	。	6.48326509748
52	1	他	5.68454970002
52	2	在	4.45785806399
52	3	学校	9.97291233155
52	4	里	5.58319795236
52	5	讲	12.6200100533
52	6	过	5.65216764694
52	7	满足	15.4044569359
52	8	他	9.6125140721
52	9	要求	13.3439497488
52	10	的	5.49715665792
52	11	饭	17.490738328
52	12	。	6.48326509748
53	1	他	5.68454970002
53	2	见	12.5855903505
53	3	过	1.53587755131
53	4	经营	11.767780039
53	5	超市	15.4921069961
53	6	的	6.37585664653
53	7	店长	21.4289463008
53	8	。	6.17688771797
54	1	他	5.68454970002
54	2	去	9.37298044426
54	3	过	6.47202296384
54	4	经营	11.8676159335
54	5	超市	15.4921069961
54	6	的	6.37585664653
54	7	店长	21.4289463008
54	8	。	6.17688771797
55	1	我	5.40226247496
55	2	听	10.4651366031
55	3	过	3.52694137738
55	4	这些	8.25196487837
55	5	打扰	21.4950442358
55	6	了	7.78720890095
55	7	邻居	15.3007245545
55	8	的	5.35398455134
55	9	声音	10.656502839
55	10	。	3.58825027974
56	1	我	5.40226247496
56	2	见	12.2264062143
56	3	过	3.70778008083
56	4	这些	8.40357361535
56	5	打扰	21.4950442358
56	6	了	7.78720890095
56	7	邻居	15.3007245545
56	8	的	5.35398455134
56	9	声音	10.656502839
56	10	。	3.58825027974
57	1	爷爷	17.3832007517
57	2	安装	14.9144265508
57	3	过	10.5743079921
57	4	打印	21.953249913
57	5	文件	13.4244638926
57	6	的	4.04598896217
57	7	机器	13.2733456593
57	8	。	7.14625792547
58	1	爷爷	17.3832007517
58	2	种植	15.4434334361
58	3	过	10.8392028059
58	4	打印	21.953249913
58	5	文件	13.4244638926
58	6	的	4.04598896217
58	7	机器	13.2733456593
58	8	。	7.14625792547
59	1	她	8.22619364393
59	2	说	2.2863386695
59	3	过	7.19279397835
59	4	这	6.56648465312
59	5	些	15.0472944852
59	6	伤害	14.340099481
59	7	彼此	14.6452100497
59	8	感情	14.5844107092
59	9	的	3.03195084242
59	10	话	9.86756417919
59	11	。	4.3649171997
60	1	她	8.22619364393
60	2	吃	12.8840618075
60	3	过	5.54968634352
60	4	这	6.17269058463
60	5	些	15.0472944852
60	6	伤害	14.340099481
60	7	彼此	14.6452100497
60	8	感情	14.5844107092
60	9	的	3.03195084242
60	10	话	9.86756417919
60	11	。	4.3649171997
61	1	母亲	13.530230446
61	2	买	12.1661379182
61	3	了	3.54232813615
61	4	包装	15.0076872904
61	5	礼物	16.079129198
61	6	的	4.47951720356
61	7	纸	17.490738328
61	8	。	6.58639344028
62	1	母亲	13.530230446
62	2	喝	13.5318683564
62	3	了	4.05893745147
62	4	包装	14.8230938759
62	5	礼物	16.079129198
62	6	的	4.47951720356
62	7	纸	17.490738328
62	8	。	6.58639344028
