sentence_id	token_id	token	surprisal
1	1	我	5.40226247496
1	2	很	6.28605761094
1	3	喜欢	8.13388799678
1	4	一	8.49010947045
1	5	位	5.51778529981
1	6	新闻	11.4419124459
1	7	提到	13.9860856373
1	8	的	2.31266262749
1	9	明星	13.6878560802
1	10	。	7.20830866626
2	1	我	5.40226247496
2	2	很	6.28605761094
2	3	喜欢	8.13388799678
2	4	一	8.49010947045
2	5	首	8.88461920932
2	6	新闻	12.8737143558
2	7	提到	13.9860856373
2	8	的	2.31266262749
2	9	明星	13.6878560802
2	10	。	7.20830866626
3	1	我	5.40226247496
3	2	很	6.28605761094
3	3	喜欢	8.13388799678
3	4	一	8.49010947045
3	5	首	8.88461920932
3	6	新闻	12.8737143558
3	7	提到	13.9860856373
3	8	的	2.31266262749
3	9	歌曲	13.6878560802
3	10	。	6.69778414236
4	1	我	5.40226247496
4	2	很	6.28605761094
4	3	喜欢	8.13388799678
4	4	一	8.49010947045
4	5	位	5.51778529981
4	6	新闻	11.4419124459
4	7	提到	13.9860856373
4	8	的	2.31266262749
4	9	歌曲	13.6878560802
4	10	。	6.69778414236
5	1	她	8.22619364393
5	2	开车	14.9915653649
5	3	去	5.26378785094
5	4	了	4.4452548595
5	5	一	5.53587713298
5	6	家	5.34548409576
5	7	我	10.3621050097
5	8	推荐	10.5785302809
5	9	过	10.4808185753
5	10	的	4.02370851916
5	11	店	17.684169027
5	12	。	6.00436561505
6	1	她	8.22619364393
6	2	开车	14.9915653649
6	3	去	5.26378785094
6	4	了	4.4452548595
6	5	一	5.53587713298
6	6	座	8.40920527323
6	7	我	10.1739448806
6	8	推荐	10.5785302809
6	9	过	10.4808185753
6	10	的	4.02370851916
6	11	店	17.684169027
6	12	。	6.00436561505
7	1	她	8.22619364393
7	2	开车	14.9915653649
7	3	去	5.26378785094
7	4	了	4.4452548595
7	5	一	5.53587713298
7	6	座	8.40920527323
7	7	我	10.1739448806
7	8	推荐	10.5785302809
7	9	过	10.4808185753
7	10	的	4.02370851916
7	11	山	15.9398317805
7	12	。	6.43767435193
8	1	她	8.22619364393
8	2	开车	14.9915653649
8	3	去	5.26378785094
8	4	了	4.4452548595
8	5	一	5.53587713298
8	6	家	5.34548409576
8	7	我	10.3621050097
8	8	推荐	10.5785302809
8	9	过	10.4808185753
8	10	的	4.02370851916
8	11	山	15.9398317805
8	12	。	6.43767435193
9	1	他	5.68454970002
9	2	有	8.23336268209
9	3	一	4.17540763486
9	4	双	10.0427929058
9	5	我	10.5888485008
9	6	穿	13.1979512049
9	7	坏	14.5762322744
9	8	了	3.26280128515
9	9	的	8.70515095741
9	10	手套	17.3568697565
9	11	。	6.37891988292
10	1	他	5.68454970002
10	2	有	8.23336268209
10	3	一	4.17540763486
10	4	枚	8.98602524017
10	5	我	10.1926918253
10	6	穿	13.1979512049
10	7	坏	14.5762322744
10	8	了	3.26280128515
10	9	的	8.70515095741
10	10	手套	17.3568697565
10	11	。	6.37891988292
11	1	他	5.68454970002
11	2	有	8.23336268209
11	3	一	4.17540763486
11	4	枚	8.98602524017
11	5	我	10.1926918253
11	6	穿	13.1979512049
11	7	坏	14.5762322744
11	8	了	3.26280128515
11	9	的	8.70515095741
11	10	纽扣	20.8683224358
11	11	。	6.16825140755
12	1	他	5.68454970002
12	2	有	8.23336268209
12	3	一	4.17540763486
12	4	双	10.0427929058
12	5	我	10.5888485008
12	6	穿	13.1979512049
12	7	坏	14.5762322744
12	8	了	3.26280128515
12	9	的	8.70515095741
12	10	纽扣	20.8683224358
12	11	。	6.16825140755
13	1	店长	22.5755365723
13	2	拿	12.2764393165
13	3	着	3.25712937998
13	4	一	3.81283610729
13	5	只	7.82901967555
13	6	他	10.7987372829
13	7	买	11.5996117128
13	8	的	4.34009268099
13	9	兔子	18.9860537529
13	10	。	6.17793186143
14	1	店长	22.5755365723
14	2	拿	12.2764393165
14	3	着	3.25712937998
14	4	一	3.81283610729
14	5	根	6.20830119905
14	6	他	9.63339026979
14	7	买	11.5996117128
14	8	的	4.34009268099
14	9	兔子	18.9860537529
14	10	。	6.17793186143
15	1	店长	22.5755365723
15	2	拿	12.2764393165
15	3	着	3.25712937998
15	4	一	3.81283610729
15	5	根	6.20830119905
15	6	他	9.63339026979
15	7	买	11.5996117128
15	8	的	4.34009268099
15	9	萝卜	21.7886485942
15	10	。	6.18342499868
16	1	店长	22.5755365723
16	2	拿	12.2764393165
16	3	着	3.25712937998
16	4	一	3.81283610729
16	5	只	7.82901967555
16	6	他	10.7987372829
16	7	买	11.5996117128
16	8	的	4.34009268099
16	9	萝卜	21.7886485942
16	10	。	6.18342499868
17	1	他	5.68454970002
17	2	认识	12.5855903505
17	3	了	4.98231772039
17	4	一	4.55472553908
17	5	名	5.46583701395
17	6	我	10.2682360484
17	7	知道	7.39128333496
17	8	的	4.86754076233
17	9	男孩	16.1737964256
17	10	。	6.21024184077
18	1	他	5.68454970002
18	2	认识	12.5855903505
18	3	了	4.98231772039
18	4	一	4.55472553908
18	5	本	7.1836762426
18	6	我	10.8935187501
18	7	知道	7.39128333496
18	8	的	4.86754076233
18	9	男孩	16.1737964256
18	10	。	6.21024184077
19	1	他	5.68454970002
19	2	认识	12.5855903505
19	3	了	4.98231772039
19	4	一	4.55472553908
19	5	本	7.1836762426
19	6	我	10.8935187501
19	7	知道	7.39128333496
19	8	的	4.86754076233
19	9	小说	13.1682353466
19	10	。	6.37755537571
20	1	他	5.68454970002
20	2	认识	12.5855903505
20	3	了	4.98231772039
20	4	一	4.55472553908
20	5	名	5.46583701395
20	6	我	10.2682360484
20	7	知道	7.39128333496
20	8	的	4.86754076233
20	9	小说	13.1682353466
20	10	。	6.37755537571
21	1	男人	17.3832007517
21	2	在	5.76902303402
21	3	扫描	20.8210142266
21	4	一	8.41885229976
21	5	篇	7.68475227585
21	6	我	10.1940318711
21	7	发	11.4536128311
21	8	的	5.31907783858
21	9	文章	10.8281582682
21	10	。	3.81064021398
22	1	男人	17.3832007517
22	2	在	5.76902303402
22	3	扫描	20.8210142266
22	4	一	8.41885229976
22	5	张	6.90344511392
22	6	我	10.3099170251
22	7	发	11.4536128311
22	8	的	5.31907783858
22	9	文章	10.8281582682
22	10	。	3.81064021398
23	1	男人	17.3832007517
23	2	在	5.76902303402
23	3	扫描	20.8210142266
23	4	一	8.41885229976
23	5	张	6.90344511392
23	6	我	10.3099170251
23	7	发	11.4536128311
23	8	的	5.31907783858
23	9	图片	13.5463525718
23	10	。	5.21478500437
24	1	男人	17.3832007517
24	2	在	5.76902303402
24	3	扫描	20.8210142266
24	4	一	8.41885229976
24	5	篇	7.68475227585
24	6	我	10.1940318711
24	7	发	11.4536128311
24	8	的	5.31907783858
24	9	图片	13.5463525718
24	10	。	5.21478500437
25	1	演员	17.3832007517
25	2	在	6.80881675471
25	3	看	11.1598714591
25	4	一	5.86783729163
25	5	张	7.38865472225
25	6	她	11.2788899191
25	7	以前	9.90204942534
25	8	拍	13.9782858672
25	9	过	10.7646919748
25	10	的	4.02370851916
25	11	照片	12.1092023272
25	12	。	3.22787448513
26	1	演员	17.3832007517
26	2	在	6.80881675471
26	3	看	11.1598714591
26	4	一	5.86783729163
26	5	位	6.00299560364
26	6	她	11.0859913321
26	7	以前	9.90204942534
26	8	拍	13.9782858672
26	9	过	10.7646919748
26	10	的	4.02370851916
26	11	照片	12.1092023272
26	12	。	3.22787448513
27	1	演员	17.3832007517
27	2	在	6.80881675471
27	3	看	11.1598714591
27	4	一	5.86783729163
27	5	位	6.00299560364
27	6	她	11.0859913321
27	7	以前	9.90204942534
27	8	拍	13.9782858672
27	9	过	10.7646919748
27	10	的	4.02370851916
27	11	老师	12.3853678499
27	12	。	5.20304109414
28	1	演员	17.3832007517
28	2	在	6.80881675471
28	3	看	11.1598714591
28	4	一	5.86783729163
28	5	张	7.38865472225
28	6	她	11.2788899191
28	7	以前	9.90204942534
28	8	拍	13.9782858672
28	9	过	10.7646919748
28	10	的	4.02370851916
28	11	老师	12.3853678499
28	12	。	5.20304109414
29	1	他	5.68454970002
29	2	在	4.45785806399
29	3	修理	16.0149677247
29	4	一	8.50172981632
29	5	辆	7.13679410461
29	6	我	10.1092259109
29	7	使用	11.8179779723
29	8	过	7.04727401431
29	9	的	4.02370851916
29	10	汽车	11.3463254466
29	11	。	5.12083829505
30	1	他	5.68454970002
30	2	在	4.45785806399
30	3	修理	16.0149677247
30	4	一	8.50172981632
30	5	套	7.29737873763
30	6	我	9.94518465641
30	7	使用	11.8179779723
30	8	过	7.04727401431
30	9	的	4.02370851916
30	10	汽车	11.3463254466
30	11	。	5.12083829505
31	1	他	5.68454970002
31	2	在	4.45785806399
31	3	修理	16.0149677247
31	4	一	8.50172981632
31	5	套	7.29737873763
31	6	我	9.94518465641
31	7	使用	11.8179779723
31	8	过	7.04727401431
31	9	的	4.02370851916
31	10	系统	12.546192756
31	11	。	3.00548109834
32	1	他	5.68454970002
32	2	在	4.45785806399
32	3	修理	16.0149677247
32	4	一	8.50172981632
32	5	辆	7.13679410461
32	6	我	10.1092259109
32	7	使用	11.8179779723
32	8	过	7.04727401431
32	9	的	4.02370851916
32	10	系统	12.546192756
32	11	。	3.00548109834
33	1	学生	12.6333025031
33	2	们	18.9302800968
33	3	在	7.68409463884
33	4	写	12.2681890786
33	5	一	5.50473709673
33	6	部	3.12084005204
33	7	他	9.78212373626
33	8	要	7.64848368989
33	9	评价	14.8393920054
33	10	的	7.22385484705
33	11	电影	10.0281003153
33	12	。	6.20830119905
34	1	学生	12.6333025031
34	2	们	18.9302800968
34	3	在	7.68409463884
34	4	写	12.2681890786
34	5	一	5.50473709673
34	6	首	9.52090098877
34	7	他	11.2398913424
34	8	要	7.64848368989
34	9	评价	14.8393920054
34	10	的	7.22385484705
34	11	电影	10.0281003153
34	12	。	6.20830119905
35	1	学生	12.6333025031
35	2	们	18.9302800968
35	3	在	7.68409463884
35	4	写	12.2681890786
35	5	一	5.50473709673
35	6	首	9.52090098877
35	7	他	11.2398913424
35	8	要	7.64848368989
35	9	评价	14.8393920054
35	10	的	7.22385484705
35	11	戏曲	21.4289463008
35	12	。	6.18378677862
36	1	学生	12.6333025031
36	2	们	18.9302800968
36	3	在	7.68409463884
36	4	写	12.2681890786
36	5	一	5.50473709673
36	6	部	3.12084005204
36	7	他	9.78212373626
36	8	要	7.64848368989
36	9	评价	14.8393920054
36	10	的	7.22385484705
36	11	戏曲	21.4289463008
36	12	。	6.18378677862
37	1	我们	6.54306553283
37	2	在	5.54409845446
37	3	看	11.2309346553
37	4	一	5.86783729163
37	5	场	4.23631879636
37	6	很多	11.956742741
37	7	人	3.02653889747
37	8	看	8.12241904332
37	9	的	2.48871333372
37	10	表演	12.4404434161
37	11	。	3.81321752317
38	1	我们	6.54306553283
38	2	在	5.54409845446
38	3	看	11.2309346553
38	4	一	5.86783729163
38	5	块	8.1699616579
38	6	很多	12.2377854367
38	7	人	3.02653889747
38	8	看	8.12241904332
38	9	的	2.48871333372
38	10	表演	12.4404434161
38	11	。	3.81321752317
39	1	我们	6.54306553283
39	2	在	5.54409845446
39	3	看	11.2309346553
39	4	一	5.86783729163
39	5	块	8.1699616579
39	6	很多	12.2377854367
39	7	人	3.02653889747
39	8	看	8.12241904332
39	9	的	2.48871333372
39	10	场地	15.8340808115
39	11	。	5.86128323408
40	1	我们	6.54306553283
40	2	在	5.54409845446
40	3	看	11.2309346553
40	4	一	5.86783729163
40	5	场	4.23631879636
40	6	很多	11.956742741
40	7	人	3.02653889747
40	8	看	8.12241904332
40	9	的	2.48871333372
40	10	场地	15.8340808115
40	11	。	5.86128323408
41	1	他	5.68454970002
41	2	最	10.1125341627
41	3	喜欢	8.87408783515
41	4	一	8.92857428258
41	5	道	8.57911513201
41	6	妈妈	14.3921407905
41	7	做	10.6921772112
41	8	的	3.80588651553
41	9	菜	16.3566254318
41	10	。	5.16757146287
42	1	他	5.68454970002
42	2	最	10.1125341627
42	3	喜欢	8.87408783515
42	4	一	8.92857428258
42	5	瓶	9.80520222743
42	6	妈妈	14.2295793413
42	7	做	10.6921772112
42	8	的	3.80588651553
42	9	菜	16.3566254318
42	10	。	5.16757146287
43	1	他	5.68454970002
43	2	最	10.1125341627
43	3	喜欢	8.87408783515
43	4	一	8.92857428258
43	5	瓶	9.80520222743
43	6	妈妈	14.2295793413
43	7	做	10.6921772112
43	8	的	3.80588651553
43	9	醋	22.0391691496
43	10	。	6.14056750454
44	1	他	5.68454970002
44	2	最	10.1125341627
44	3	喜欢	8.87408783515
44	4	一	8.92857428258
44	5	道	8.57911513201
44	6	妈妈	14.3921407905
44	7	做	10.6921772112
44	8	的	3.80588651553
44	9	醋	22.0391691496
44	10	。	6.14056750454
45	1	她	8.22619364393
45	2	拿	12.1957357099
45	3	了	3.56792024225
45	4	一	3.22787448513
45	5	份	5.59715001608
45	6	她	11.050003053
45	7	准备	11.6463878581
45	8	的	5.62443964053
45	9	饭	17.490738328
45	10	。	6.48326509748
46	1	她	8.22619364393
46	2	拿	12.1957357099
46	3	了	3.56792024225
46	4	一	3.22787448513
46	5	卷	18.823455653
46	6	她	10.9666339937
46	7	准备	11.6463878581
46	8	的	5.62443964053
46	9	饭	17.490738328
46	10	。	6.48326509748
47	1	她	8.22619364393
47	2	拿	12.1957357099
47	3	了	3.56792024225
47	4	一	3.22787448513
47	5	卷	18.823455653
47	6	她	10.9666339937
47	7	准备	11.6463878581
47	8	的	5.62443964053
47	9	纸	17.490738328
47	10	。	6.58639344028
48	1	她	8.22619364393
48	2	拿	12.1957357099
48	3	了	3.56792024225
48	4	一	3.22787448513
48	5	份	5.59715001608
48	6	她	11.050003053
48	7	准备	11.6463878581
48	8	的	5.62443964053
48	9	纸	17.490738328
48	10	。	6.58639344028
49	1	学生	12.6333025031
49	2	们	18.9302800968
49	3	在	7.68409463884
49	4	写	12.2681890786
49	5	一	5.50473709673
49	6	部	3.12084005204
49	7	老师	12.8580524992
49	8	需要	11.3743246872
49	9	的	4.28129091938
49	10	戏剧	13.1839757372
49	11	。	6.35021143711
50	1	学生	12.6333025031
50	2	们	18.9302800968
50	3	在	7.68409463884
50	4	写	12.2681890786
50	5	一	5.50473709673
50	6	篇	8.32103367045
50	7	老师	12.9610312293
50	8	需要	11.3743246872
50	9	的	4.28129091938
50	10	戏剧	13.1839757372
50	11	。	6.35021143711
51	1	学生	12.6333025031
51	2	们	18.9302800968
51	3	在	7.68409463884
51	4	写	12.2681890786
51	5	一	5.50473709673
51	6	篇	8.32103367045
51	7	老师	12.9610312293
51	8	需要	11.3743246872
51	9	的	4.28129091938
51	10	文章	10.7564639338
51	11	。	3.81064021398
52	1	学生	12.6333025031
52	2	们	18.9302800968
52	3	在	7.68409463884
52	4	写	12.2681890786
52	5	一	5.50473709673
52	6	部	3.12084005204
52	7	老师	12.8580524992
52	8	需要	11.3743246872
52	9	的	4.28129091938
52	10	文章	10.7564639338
52	11	。	3.81064021398
53	1	这	5.42617318975
53	2	是	2.32422886306
53	3	一	3.17711423291
53	4	辆	10.9912978499
53	5	她	11.0781988119
53	6	设计	12.8495334575
53	7	的	3.76144575095
53	8	火车	14.1265325812
53	9	。	6.80881675471
54	1	这	5.42617318975
54	2	是	2.32422886306
54	3	一	3.17711423291
54	4	扇	16.7082915319
54	5	她	10.926159037
54	6	设计	12.8495334575
54	7	的	3.76144575095
54	8	火车	14.1265325812
54	9	。	6.80881675471
55	1	这	5.42617318975
55	2	是	2.32422886306
55	3	一	3.17711423291
55	4	扇	16.7082915319
55	5	她	10.926159037
55	6	设计	12.8495334575
55	7	的	3.76144575095
55	8	窗户	15.1551118486
55	9	。	6.21768699162
56	1	这	5.42617318975
56	2	是	2.32422886306
56	3	一	3.17711423291
56	4	辆	10.9912978499
56	5	她	11.0781988119
56	6	设计	12.8495334575
56	7	的	3.76144575095
56	8	窗户	15.1551118486
56	9	。	6.21768699162
57	1	老师	13.530230446
57	2	在	7.47951707482
57	3	责备	17.8326154775
57	4	三	10.4359455512
57	5	名	5.41474575813
57	6	他	11.9337991439
57	7	责备	18.0868615497
57	8	过	10.4517446614
57	9	的	4.02370851916
57	10	学生	10.3642069915
57	11	。	4.29606667676
58	1	老师	13.530230446
58	2	在	7.47951707482
58	3	责备	17.8326154775
58	4	三	10.4359455512
58	5	只	8.89188797777
58	6	他	10.690066557
58	7	责备	18.0868615497
58	8	过	10.4517446614
58	9	的	4.02370851916
58	10	学生	10.3642069915
58	11	。	4.29606667676
59	1	老师	13.530230446
59	2	在	7.47951707482
59	3	责备	17.8326154775
59	4	三	10.4359455512
59	5	只	8.89188797777
59	6	他	10.690066557
59	7	责备	18.0868615497
59	8	过	10.4517446614
59	9	的	4.02370851916
59	10	宠物	17.684169027
59	11	。	6.13941172792
60	1	老师	13.530230446
60	2	在	7.47951707482
60	3	责备	17.8326154775
60	4	三	10.4359455512
60	5	名	5.41474575813
60	6	他	11.9337991439
60	7	责备	18.0868615497
60	8	过	10.4517446614
60	9	的	4.02370851916
60	10	宠物	17.684169027
60	11	。	6.13941172792
61	1	她	8.22619364393
61	2	买	12.8096082639
61	3	过	10.9475455173
61	4	两	6.17269058463
61	5	杯	12.8997400209
61	6	我	9.9572973957
61	7	想要	14.0597788751
61	8	的	2.72330943965
61	9	咖啡	15.8218001677
61	10	。	5.96082094443
62	1	她	8.22619364393
62	2	买	12.8096082639
62	3	过	10.9475455173
62	4	两	6.17269058463
62	5	个	4.12084180903
62	6	我	12.3569682306
62	7	想要	14.3139156869
62	8	的	2.72330943965
62	9	咖啡	15.8218001677
62	10	。	5.96082094443
63	1	她	8.22619364393
63	2	买	12.8096082639
63	3	过	10.9475455173
63	4	两	6.17269058463
63	5	个	4.12084180903
63	6	我	12.3569682306
63	7	想要	14.3139156869
63	8	的	2.72330943965
63	9	杯子	17.5661374988
63	10	。	6.26255731046
64	1	她	8.22619364393
64	2	买	12.8096082639
64	3	过	10.9475455173
64	4	两	6.17269058463
64	5	杯	12.8997400209
64	6	我	9.9572973957
64	7	想要	14.0597788751
64	8	的	2.72330943965
64	9	杯子	17.5661374988
64	10	。	6.26255731046
65	1	孩子	13.530230446
65	2	在	7.5272665286
65	3	卖	15.3772646013
65	4	五	12.0048213025
65	5	台	13.2776730517
65	6	他	9.69455464673
65	7	买	11.5996117128
65	8	的	4.34009268099
65	9	桌子	17.8504403163
65	10	。	4.86128323408
66	1	孩子	13.530230446
66	2	在	7.5272665286
66	3	卖	15.3772646013
66	4	五	12.0048213025
66	5	块	14.7288797312
66	6	他	9.93393461223
66	7	买	11.5996117128
66	8	的	4.34009268099
66	9	桌子	17.8504403163
66	10	。	4.86128323408
67	1	孩子	13.530230446
67	2	在	7.5272665286
67	3	卖	15.3772646013
67	4	五	12.0048213025
67	5	块	14.7288797312
67	6	他	9.93393461223
67	7	买	11.5996117128
67	8	的	4.34009268099
67	9	蛋糕	16.1061034633
67	10	。	5.05392831202
68	1	孩子	13.530230446
68	2	在	7.5272665286
68	3	卖	15.3772646013
68	4	五	12.0048213025
68	5	台	13.2776730517
68	6	他	9.69455464673
68	7	买	11.5996117128
68	8	的	4.34009268099
68	9	蛋糕	16.1061034633
68	10	。	5.05392831202
69	1	妈妈	12.8751226844
69	2	在	6.62227128449
69	3	做	9.28070350749
69	4	一	5.40234911506
69	5	张	7.76852056095
69	6	我	10.3099170251
69	7	正在	11.4536128311
69	8	用	10.3577085905
69	9	的	4.72850241805
69	10	地图	15.1267343815
69	11	。	3.8939409722
70	1	妈妈	12.8751226844
70	2	在	6.62227128449
70	3	做	9.28070350749
70	4	一	5.40234911506
70	5	面	8.9777649814
70	6	我	10.2205483296
70	7	正在	11.4536128311
70	8	用	10.3577085905
70	9	的	4.72850241805
70	10	地图	15.1267343815
70	11	。	3.8939409722
71	1	妈妈	12.8751226844
71	2	在	6.62227128449
71	3	做	9.28070350749
71	4	一	5.40234911506
71	5	面	8.9777649814
71	6	我	10.2205483296
71	7	正在	11.4536128311
71	8	用	10.3577085905
71	9	的	4.72850241805
71	10	镜子	17.7461532935
71	11	。	6.72396240178
72	1	妈妈	12.8751226844
72	2	在	6.62227128449
72	3	做	9.28070350749
72	4	一	5.40234911506
72	5	张	7.76852056095
72	6	我	10.3099170251
72	7	正在	11.4536128311
72	8	用	10.3577085905
72	9	的	4.72850241805
72	10	镜子	17.7461532935
72	11	。	6.72396240178
73	1	爸爸	11.4732915686
73	2	买	8.09186244542
73	3	了	3.54232813615
73	4	一	3.00328615951
73	5	栋	8.57141557194
73	6	他	7.90434054996
73	7	听说	15.0883158023
73	8	过	2.53697608757
73	9	的	4.14136671193
73	10	房子	11.0768871565
73	11	。	3.23938626807
74	1	爸爸	11.4732915686
74	2	买	8.09186244542
74	3	了	3.54232813615
74	4	一	3.00328615951
74	5	条	5.74162049732
74	6	他	9.89336424762
74	7	听说	15.0883158023
74	8	过	2.53697608757
74	9	的	4.14136671193
74	10	房子	11.0768871565
74	11	。	3.23938626807
75	1	爸爸	11.4732915686
75	2	买	8.09186244542
75	3	了	3.54232813615
75	4	一	3.00328615951
75	5	条	5.74162049732
75	6	他	9.89336424762
75	7	听说	15.0883158023
75	8	过	2.53697608757
75	9	的	4.14136671193
75	10	沙发	17.684169027
75	11	。	6.52849261681
76	1	爸爸	11.4732915686
76	2	买	8.09186244542
76	3	了	3.54232813615
76	4	一	3.00328615951
76	5	栋	8.57141557194
76	6	他	7.90434054996
76	7	听说	15.0883158023
76	8	过	2.53697608757
76	9	的	4.14136671193
76	10	沙发	17.684169027
76	11	。	6.52849261681
77	1	我	5.40226247496
77	2	想	4.35957571387
77	3	种	13.5214374659
77	4	一	8.28241435424
77	5	朵	14.0225957445
77	6	她	10.9364631469
77	7	研究	11.6171742982
77	8	过	7.75643604464
77	9	的	4.02370851916
77	10	玫瑰	20.9793984431
77	11	。	6.14525196907
78	1	我	5.40226247496
78	2	想	4.35957571387
78	3	种	13.5214374659
78	4	一	8.28241435424
78	5	颗	7.92603068267
78	6	她	11.1557601271
78	7	研究	11.6171742982
78	8	过	7.75643604464
78	9	的	4.02370851916
78	10	玫瑰	20.9793984431
78	11	。	6.14525196907
79	1	我	5.40226247496
79	2	想	4.35957571387
79	3	种	13.5214374659
79	4	一	8.28241435424
79	5	颗	7.92603068267
79	6	她	11.1557601271
79	7	研究	11.6171742982
79	8	过	7.75643604464
79	9	的	4.02370851916
79	10	种子	14.3199635637
79	11	。	6.25233040543
80	1	我	5.40226247496
80	2	想	4.35957571387
80	3	种	13.5214374659
80	4	一	8.28241435424
80	5	朵	14.0225957445
80	6	她	10.9364631469
80	7	研究	11.6171742982
80	8	过	7.75643604464
80	9	的	4.02370851916
80	10	种子	14.3199635637
80	11	。	6.25233040543
81	1	我	5.40226247496
81	2	经常	10.4651366031
81	3	去	10.6500977285
81	4	一	9.68463324983
81	5	家	6.07822392177
81	6	他	10.0127892433
81	7	去年	13.3439497488
81	8	去	10.859718233
81	9	过	6.47202296384
81	10	的	4.27515376204
81	11	医院	14.3199635637
81	12	。	6.38870597591
82	1	我	5.40226247496
82	2	经常	10.4651366031
82	3	去	10.6500977285
82	4	一	9.68463324983
82	5	座	7.27946977908
82	6	他	9.86501515339
82	7	去年	13.3439497488
82	8	去	10.859718233
82	9	过	6.47202296384
82	10	的	4.27515376204
82	11	医院	14.3199635637
82	12	。	6.38870597591
83	1	我	5.40226247496
83	2	经常	10.4651366031
83	3	去	10.6500977285
83	4	一	9.68463324983
83	5	座	7.27946977908
83	6	他	9.86501515339
83	7	去年	13.3439497488
83	8	去	10.859718233
83	9	过	6.47202296384
83	10	的	4.27515376204
83	11	城市	10.9589523021
83	12	。	3.53933819794
84	1	我	5.40226247496
84	2	经常	10.4651366031
84	3	去	10.6500977285
84	4	一	9.68463324983
84	5	家	6.07822392177
84	6	他	10.0127892433
84	7	去年	13.3439497488
84	8	去	10.859718233
84	9	过	6.47202296384
84	10	的	4.27515376204
84	11	城市	10.9589523021
84	12	。	3.53933819794
85	1	我	5.40226247496
85	2	拜访	13.9707443616
85	3	了	7.88473206578
85	4	这	6.2985415751
85	5	一	2.62190926118
85	6	所	8.85098151834
85	7	我	10.6538494716
85	8	怀念	17.0246185359
85	9	的	5.67876493449
85	10	高中	14.1265325812
85	11	。	7.41148031664
86	1	我	5.40226247496
86	2	拜访	13.9707443616
86	3	了	7.88473206578
86	4	这	6.2985415751
86	5	一	2.62190926118
86	6	位	5.921136623
86	7	我	11.5560703296
86	8	怀念	17.0246185359
86	9	的	5.67876493449
86	10	高中	14.1265325812
86	11	。	7.41148031664
87	1	我	5.40226247496
87	2	拜访	13.9707443616
87	3	了	7.88473206578
87	4	这	6.2985415751
87	5	一	2.62190926118
87	6	位	5.921136623
87	7	我	11.5560703296
87	8	怀念	17.0246185359
87	9	的	5.67876493449
87	10	老师	12.1919378051
87	11	。	5.20304109414
88	1	我	5.40226247496
88	2	拜访	13.9707443616
88	3	了	7.88473206578
88	4	这	6.2985415751
88	5	一	2.62190926118
88	6	所	8.85098151834
88	7	我	10.6538494716
88	8	怀念	17.0246185359
88	9	的	5.67876493449
88	10	老师	12.1919378051
88	11	。	5.20304109414
89	1	他	5.68454970002
89	2	在	4.45785806399
89	3	读	13.6720555904
89	4	一	5.60443490093
89	5	条	6.55159326447
89	6	网友	15.2455230531
89	7	写	12.1934864458
89	8	的	3.09589684315
89	9	评论	11.4784778203
89	10	。	4.70580343125
90	1	他	5.68454970002
90	2	在	4.45785806399
90	3	读	13.6720555904
90	4	一	5.60443490093
90	5	首	9.26143904429
90	6	网友	16.6348484906
90	7	写	12.1934864458
90	8	的	3.09589684315
90	9	评论	11.4784778203
90	10	。	4.70580343125
91	1	他	5.68454970002
91	2	在	4.45785806399
91	3	读	13.6720555904
91	4	一	5.60443490093
91	5	首	9.26143904429
91	6	网友	16.6348484906
91	7	写	12.1934864458
91	8	的	3.09589684315
91	9	诗歌	21.5132507954
91	10	。	3.05392855165
92	1	他	5.68454970002
92	2	在	4.45785806399
92	3	读	13.6720555904
92	4	一	5.60443490093
92	5	条	6.55159326447
92	6	网友	15.2455230531
92	7	写	12.1934864458
92	8	的	3.09589684315
92	9	诗歌	21.5132507954
92	10	。	3.05392855165
93	1	她	8.22619364393
93	2	从来	10.4513977798
93	3	没	5.07836429551
93	4	见	10.4070760223
93	5	过	3.70778008083
93	6	一	5.0425628286
93	7	头	8.6826151615
93	8	他	9.92241878001
93	9	画	15.2554027311
93	10	的	3.33357817038
93	11	老虎	18.626351539
93	12	。	6.14091869402
94	1	她	8.22619364393
94	2	从来	10.4513977798
94	3	没	5.07836429551
94	4	见	10.4070760223
94	5	过	3.70778008083
94	6	一	5.0425628286
94	7	双	9.84262268935
94	8	他	10.2799189296
94	9	画	15.2554027311
94	10	的	3.33357817038
94	11	老虎	18.626351539
94	12	。	6.14091869402
95	1	她	8.22619364393
95	2	从来	10.4513977798
95	3	没	5.07836429551
95	4	见	10.4070760223
95	5	过	3.70778008083
95	6	一	5.0425628286
95	7	双	9.84262268935
95	8	他	10.2799189296
95	9	画	15.2554027311
95	10	的	3.33357817038
95	11	眼睛	12.3527626627
95	12	。	4.34323163671
96	1	她	8.22619364393
96	2	从来	10.4513977798
96	3	没	5.07836429551
96	4	见	10.4070760223
96	5	过	3.70778008083
96	6	一	5.0425628286
96	7	头	8.6826151615
96	8	他	9.92241878001
96	9	画	15.2554027311
96	10	的	3.33357817038
96	11	眼睛	12.3527626627
96	12	。	4.34323163671
97	1	我	5.40226247496
97	2	还	6.84275979653
97	3	没有	4.22204744687
97	4	检查	13.8219100565
97	5	一	8.48019464824
97	6	份	6.70263431757
97	7	他	9.69615502725
97	8	刚刚	11.5996117128
97	9	在	5.7920611827
97	10	看	11.1598714591
97	11	的	5.50465063449
97	12	作业	13.3610254908
97	13	。	2.55641456478
98	1	我	5.40226247496
98	2	还	6.84275979653
98	3	没有	4.22204744687
98	4	检查	13.8219100565
98	5	一	8.48019464824
98	6	行	10.6583893353
98	7	他	8.89941881226
98	8	刚刚	11.5996117128
98	9	在	5.7920611827
98	10	看	11.1598714591
98	11	的	5.50465063449
98	12	作业	13.3610254908
98	13	。	2.55641456478
99	1	我	5.40226247496
99	2	还	6.84275979653
99	3	没有	4.22204744687
99	4	检查	13.8219100565
99	5	一	8.48019464824
99	6	行	10.6583893353
99	7	他	8.89941881226
99	8	刚刚	11.5996117128
99	9	在	5.7920611827
99	10	看	11.1598714591
99	11	的	5.50465063449
99	12	公式	17.5784183555
99	13	。	6.22949655572
100	1	我	5.40226247496
100	2	还	6.84275979653
100	3	没有	4.22204744687
100	4	检查	13.8219100565
100	5	一	8.48019464824
100	6	份	6.70263431757
100	7	他	9.69615502725
100	8	刚刚	11.5996117128
100	9	在	5.7920611827
100	10	看	11.1598714591
100	11	的	5.50465063449
100	12	公式	17.5784183555
100	13	。	6.22949655572
101	1	孩子	13.530230446
101	2	听到	13.5701081136
101	3	了	4.54080678674
101	4	一	4.55472553908
101	5	首	8.40920527323
101	6	他	11.2398913424
101	7	熟悉	13.3439497488
101	8	的	1.9250545608
101	9	歌曲	13.6377679086
101	10	。	6.69778414236
102	1	孩子	13.530230446
102	2	听到	13.5701081136
102	3	了	4.54080678674
102	4	一	4.55472553908
102	5	张	6.082888908
102	6	他	9.53028583237
102	7	熟悉	13.3439497488
102	8	的	1.9250545608
102	9	歌曲	13.6377679086
102	10	。	6.69778414236
103	1	孩子	13.530230446
103	2	听到	13.5701081136
103	3	了	4.54080678674
103	4	一	4.55472553908
103	5	张	6.082888908
103	6	他	9.53028583237
103	7	熟悉	13.3439497488
103	8	的	1.9250545608
103	9	专辑	14.8713192398
103	10	。	6.51336017028
104	1	孩子	13.530230446
104	2	听到	13.5701081136
104	3	了	4.54080678674
104	4	一	4.55472553908
104	5	首	8.40920527323
104	6	他	11.2398913424
104	7	熟悉	13.3439497488
104	8	的	1.9250545608
104	9	专辑	14.8713192398
104	10	。	6.51336017028
105	1	护士	18.9441611079
105	2	做	10.5071994355
105	3	了	3.66963086644
105	4	一	3.72708721424
105	5	次	5.50003179032
105	6	她	10.9891174032
105	7	需要	9.02696405115
105	8	做	7.09577433905
105	9	的	3.12084005204
105	10	检查	12.9629858638
105	11	。	3.00428828585
106	1	护士	18.9441611079
106	2	做	10.5071994355
106	3	了	3.66963086644
106	4	一	3.72708721424
106	5	篇	6.72346424842
106	6	她	11.1610103843
106	7	需要	9.02696405115
106	8	做	7.09577433905
106	9	的	3.12084005204
106	10	检查	12.9629858638
106	11	。	3.00428828585
107	1	护士	18.9441611079
107	2	做	10.5071994355
107	3	了	3.66963086644
107	4	一	3.72708721424
107	5	篇	6.72346424842
107	6	她	11.1610103843
107	7	需要	9.02696405115
107	8	做	7.09577433905
107	9	的	3.12084005204
107	10	报告	11.5564678682
107	11	。	3.26632149078
108	1	护士	18.9441611079
108	2	做	10.5071994355
108	3	了	3.66963086644
108	4	一	3.72708721424
108	5	次	5.50003179032
108	6	她	10.9891174032
108	7	需要	9.02696405115
108	8	做	7.09577433905
108	9	的	3.12084005204
108	10	报告	11.5564678682
108	11	。	3.26632149078
109	1	这里	9.72995676039
109	2	是	1.59995966742
109	3	两	5.07004300724
109	4	台	9.13938833707
109	5	厂家	16.1582821658
109	6	刚	12.9687986246
109	7	接到	14.6619862856
109	8	的	5.82104284712
109	9	电视	11.6840715558
109	10	。	7.09821691125
110	1	这里	9.72995676039
110	2	是	1.59995966742
110	3	两	5.07004300724
110	4	份	9.13938833707
110	5	厂家	16.1079261925
110	6	刚	12.9687986246
110	7	接到	14.6619862856
110	8	的	5.82104284712
110	9	电视	11.6840715558
110	10	。	7.09821691125
111	1	这里	9.72995676039
111	2	是	1.59995966742
111	3	两	5.07004300724
111	4	份	9.13938833707
111	5	厂家	16.1079261925
111	6	刚	12.9687986246
111	7	接到	14.6619862856
111	8	的	5.82104284712
111	9	订单	14.1265325812
111	10	。	6.05392879127
112	1	这里	9.72995676039
112	2	是	1.59995966742
112	3	两	5.07004300724
112	4	台	9.13938833707
112	5	厂家	16.1582821658
112	6	刚	12.9687986246
112	7	接到	14.6619862856
112	8	的	5.82104284712
112	9	订单	14.1265325812
112	10	。	6.05392879127
113	1	他	5.68454970002
113	2	很	10.1833373043
113	3	欣赏	12.1459081719
113	4	一	8.46009148511
113	5	处	7.4781019191
113	6	他	9.97345336856
113	7	今天	10.7245293501
113	8	见到	14.9544072723
113	9	的	3.15515352955
113	10	景点	14.8713192398
113	11	。	3.75643639559
114	1	他	5.68454970002
114	2	很	10.1833373043
114	3	欣赏	12.1459081719
114	4	一	8.46009148511
114	5	位	5.51778529981
114	6	他	9.80808859782
114	7	今天	10.7245293501
114	8	见到	14.9544072723
114	9	的	3.15515352955
114	10	景点	14.8713192398
114	11	。	3.75643639559
115	1	他	5.68454970002
115	2	很	10.1833373043
115	3	欣赏	12.1459081719
115	4	一	8.46009148511
115	5	位	5.51778529981
115	6	他	9.80808859782
115	7	今天	10.7245293501
115	8	见到	14.9544072723
115	9	的	3.15515352955
115	10	领导	11.2289245305
115	11	。	9.56130945807
116	1	他	5.68454970002
116	2	很	10.1833373043
116	3	欣赏	12.1459081719
116	4	一	8.46009148511
116	5	处	7.4781019191
116	6	他	9.97345336856
116	7	今天	10.7245293501
116	8	见到	14.9544072723
116	9	的	3.15515352955
116	10	领导	11.2289245305
116	11	。	9.56130945807
117	1	那里	14.7637787328
117	2	有	5.54770298155
117	3	一	3.12084005204
117	4	支	6.57003321502
117	5	司令	16.5838533124
117	6	安排	12.8542657442
117	7	的	3.24698292962
117	8	舰队	17.5463990357
117	9	。	5.22385463139
118	1	那里	14.7637787328
118	2	有	5.54770298155
118	3	一	3.12084005204
118	4	艘	7.79555891332
118	5	司令	16.8061363349
118	6	安排	12.8542657442
118	7	的	3.24698292962
118	8	舰队	17.5463990357
118	9	。	5.22385463139
119	1	那里	14.7637787328
119	2	有	5.54770298155
119	3	一	3.12084005204
119	4	艘	7.79555891332
119	5	司令	16.8061363349
119	6	安排	12.8542657442
119	7	的	3.24698292962
119	8	渔船	14.1821935969
119	9	。	6.2751772263
120	1	那里	14.7637787328
120	2	有	5.54770298155
120	3	一	3.12084005204
120	4	支	6.57003321502
120	5	司令	16.5838533124
120	6	安排	12.8542657442
120	7	的	3.24698292962
120	8	渔船	14.1821935969
120	9	。	6.2751772263
