sentence_id	token_id	token	surprisal
1	1	那	7.24457066948
1	2	位	6.65064052038
1	3	教授	11.5179245634
1	4	写	12.5124376002
1	5	了	3.01986762614
1	6	精彩	15.6260773244
1	7	的	2.09698271469
1	8	书	11.1409932997
1	9	的	4.1857367086
1	10	内容	10.2123336098
1	11	。	2.65837579704
2	1	那	7.24457066948
2	2	位	6.65064052038
2	3	教授	11.5179245634
2	4	打	12.001687051
2	5	了	3.56029950947
2	6	精彩	15.5227453181
2	7	的	2.09698271469
2	8	书	11.1409932997
2	9	的	4.1857367086
2	10	内容	10.2123336098
2	11	。	2.65837579704
3	1	弟弟	17.2728785911
3	2	启动	14.0541555884
3	3	了	3.76727264749
3	4	昂贵	14.8230938759
3	5	的	1.25430417673
3	6	车	11.915772194
3	7	。	3.668444827
4	1	弟弟	17.2728785911
4	2	认识	13.0392601243
4	3	了	4.98231772039
4	4	昂贵	14.8230938759
4	5	的	1.25430417673
4	6	车	11.915772194
4	7	。	3.668444827
5	1	他	5.68454970002
5	2	拿	13.5627153789
5	3	了	3.56792024225
5	4	桌子	17.6982160987
5	5	上	4.86128323408
5	6	的	3.50829144202
5	7	好看	16.9775952889
5	8	的	2.43450888563
5	9	筷子	20.7859693641
5	10	。	6.17905515912
6	1	他	5.68454970002
6	2	听	14.3299285021
6	3	了	4.47395587466
6	4	桌子	17.7608608777
6	5	上	4.86128323408
6	6	的	3.50829144202
6	7	好看	16.9775952889
6	8	的	2.43450888563
6	9	筷子	20.7859693641
6	10	。	6.17905515912
7	1	她	8.22619364393
7	2	终于	14.027357381
7	3	实现	12.0570211709
7	4	了	3.0838823351
7	5	重要	10.1672864482
7	6	的	3.99530952553
7	7	理想	12.1511305076
7	8	。	4.34323163671
8	1	她	8.22619364393
8	2	终于	14.027357381
8	3	购买	12.883523154
8	4	了	4.18970872955
8	5	重要	10.2965290652
8	6	的	3.99530952553
8	7	理想	12.1511305076
8	8	。	4.34323163671
9	1	我	5.40226247496
9	2	修理	13.9707443616
9	3	了	5.75437018677
9	4	这个	7.49686763544
9	5	新	8.63511058836
9	6	的	3.0214200934
9	7	电脑	11.4290088249
9	8	。	7.35262844145
10	1	我	5.40226247496
10	2	阅读	16.0073774489
10	3	了	7.78033094833
10	4	这个	7.49686763544
10	5	新	8.63511058836
10	6	的	3.0214200934
10	7	电脑	11.4290088249
10	8	。	7.35262844145
11	1	我	5.40226247496
11	2	邀请	14.7313793023
11	3	过	10.4577686722
11	4	我	8.99675134104
11	5	的	4.34338098842
11	6	优秀	13.1376791878
11	7	的	2.19731343469
11	8	朋友	9.92965235423
11	9	。	4.40927822999
12	1	我	5.40226247496
12	2	打开	13.9707443616
12	3	过	10.6524627297
12	4	我	8.99675134104
12	5	的	4.34338098842
12	6	优秀	13.1376791878
12	7	的	2.19731343469
12	8	朋友	9.92965235423
12	9	。	4.40927822999
13	1	记者	9.64333460554
13	2	采访	7.13665706478
13	3	了	6.25045097294
13	4	有名	15.2093189653
13	5	的	0.680394550715
13	6	艺术家	13.6933732748
13	7	。	6.14210828359
14	1	记者	9.64333460554
14	2	制作	13.9887388168
14	3	了	4.83031262038
14	4	有名	15.2093189653
14	5	的	0.680394550715
14	6	艺术家	13.6933732748
14	7	。	6.14210828359
15	1	他	5.68454970002
15	2	参与	13.6929217451
15	3	了	5.47708226704
15	4	危险	14.1457452495
15	5	的	2.44592948204
15	6	战争	11.148069025
15	7	。	5.40041620357
16	1	他	5.68454970002
16	2	建造	12.5855903505
16	3	了	6.16757094434
16	4	危险	13.9762520457
16	5	的	2.44592948204
16	6	战争	11.148069025
16	7	。	5.40041620357
17	1	她	8.22619364393
17	2	批评	13.9453478821
17	3	了	8.30185723924
17	4	淘气	21.6721531307
17	5	的	3.05392855165
17	6	儿子	10.8834569266
17	7	。	6.92255563404
18	1	她	8.22619364393
18	2	改正	19.3423880297
18	3	了	4.0539280724
18	4	淘气	21.6721531307
18	5	的	3.05392855165
18	6	儿子	10.8834569266
18	7	。	6.92255563404
19	1	我	5.40226247496
19	2	结束	13.0991658634
19	3	了	2.8779067282
19	4	很	8.64456155152
19	5	长	4.50798284844
19	6	的	1.68447596724
19	7	谈话	11.9993768534
19	8	。	4.34323163671
20	1	我	5.40226247496
20	2	表扬	19.0059237936
20	3	了	2.6315199394
20	4	很	8.29205058741
20	5	长	4.50798284844
20	6	的	1.68447596724
20	7	谈话	11.9993768534
20	8	。	4.34323163671
21	1	他	5.68454970002
21	2	买	12.5855903505
21	3	了	3.54232813615
21	4	这些	10.0061228734
21	5	红色	15.631385527
21	6	的	3.52197145391
21	7	笔	15.7464005526
21	8	。	7.86128323408
22	1	他	5.68454970002
22	2	种	13.6629537753
22	3	了	12.0955882987
22	4	这些	9.82152903315
22	5	红色	15.631385527
22	6	的	3.52197145391
22	7	笔	15.7464005526
22	8	。	7.86128323408
23	1	他	5.68454970002
23	2	提出	10.9657213845
23	3	了	3.25752944114
23	4	很多	8.07500609233
23	5	重要	12.3657848239
23	6	的	2.30983288896
23	7	问题	7.95372877983
23	8	。	1.7671987868
24	1	他	5.68454970002
24	2	申请	13.9045339805
24	3	了	6.36524571626
24	4	很多	8.19827821243
24	5	重要	12.3657848239
24	6	的	2.30983288896
24	7	问题	7.95372877983
24	8	。	1.7671987868
25	1	这	5.42617318975
25	2	款	14.2110148361
25	3	药	14.7520109427
25	4	治疗	13.7848123491
25	5	了	8.2439470625
25	6	他	6.96353183293
25	7	的	1.9407372129
25	8	严重	11.3526457018
25	9	的	2.34761171494
25	10	疾病	12.8161908874
25	11	。	7.41918265215
26	1	这	5.42617318975
26	2	款	14.2110148361
26	3	药	14.7520109427
26	4	缓解	14.572099758
26	5	了	6.91190939102
26	6	他	6.96353183293
26	7	的	1.9407372129
26	8	严重	11.3526457018
26	9	的	2.34761171494
26	10	疾病	12.8161908874
26	11	。	7.41918265215
27	1	我	5.40226247496
27	2	看	8.12424987611
27	3	着	5.5680121207
27	4	奶奶	15.9994289517
27	5	的	5.78779316397
27	6	亲切	12.5337904168
27	7	的	6.9869474573
27	8	面容	17.490738328
27	9	。	6.2501972723
28	1	我	5.40226247496
28	2	听	10.4651366031
28	3	着	5.96940186584
28	4	奶奶	16.1427221043
28	5	的	5.78779316397
28	6	亲切	12.5337904168
28	7	的	6.9869474573
28	8	面容	17.490738328
28	9	。	6.2501972723
29	1	学者	14.4027222395
29	2	发现	11.6607911011
29	3	了	3.03837489381
29	4	这个	7.75316358865
29	5	有趣	14.5221776332
29	6	的	1.31266298586
29	7	规律	13.8681286169
29	8	。	6.55090729414
30	1	学者	14.4027222395
30	2	发明	15.4618590345
30	3	了	4.47951720356
30	4	这个	7.49686763544
30	5	有趣	14.5221776332
30	6	的	1.31266298586
30	7	规律	13.8681286169
30	8	。	6.55090729414
31	1	母亲	13.530230446
31	2	准备	12.0953408084
31	3	了	5.33375401712
31	4	美味	19.6554650135
31	5	的	5.56483519094
31	6	晚饭	17.490738328
31	7	。	6.09611419882
32	1	母亲	13.530230446
32	2	责备	17.8701376232
32	3	了	7.77228092327
32	4	美味	19.4198961079
32	5	的	5.56483519094
32	6	晚饭	17.490738328
32	7	。	6.09611419882
33	1	孩子	13.530230446
33	2	培养	10.1466864258
33	3	了	4.18157661859
33	4	这个	7.49686763544
33	5	流行	13.7314212929
33	6	的	4.10784657103
33	7	特长	14.8713192398
33	8	。	4.34125023703
34	1	孩子	13.530230446
34	2	改正	18.8567309266
34	3	了	4.0539280724
34	4	这个	7.49686763544
34	5	流行	13.7314212929
34	6	的	4.10784657103
34	7	特长	14.8713192398
34	8	。	4.34125023703
35	1	政府	10.1803412015
35	2	设立	10.6911483317
35	3	了	2.7387248307
35	4	最新	13.4317693912
35	5	的	2.43315874379
35	6	项目	10.5180531834
35	7	。	3.11730280413
36	1	政府	10.1803412015
36	2	引发	13.4188121491
36	3	了	2.31491706927
36	4	最新	13.3169739982
36	5	的	2.43315874379
36	6	项目	10.5180531834
36	7	。	3.11730280413
37	1	我	5.40226247496
37	2	回忆	13.9707443616
37	3	了	7.30185678396
37	4	之前	14.9595064281
37	5	的	4.24051456189
37	6	可怕	14.1265325812
37	7	的	1.9554184299
37	8	经历	11.9549975725
37	9	。	2.68135806462
38	1	我	5.40226247496
38	2	帮助	13.9707443616
38	3	了	6.79206102283
38	4	之前	14.9595064281
38	5	的	4.24051456189
38	6	可怕	14.1265325812
38	7	的	1.9554184299
38	8	经历	11.9549975725
38	9	。	2.68135806462
39	1	花园	17.0873852131
39	2	长满	18.5917943723
39	3	了	4.0539280724
39	4	美丽	14.6935529324
39	5	的	1.67352754008
39	6	草	17.7462214877
39	7	。	6.12453873307
40	1	花园	17.0873852131
40	2	吸引	12.4931725767
40	3	了	3.60824494767
40	4	美丽	14.9196494336
40	5	的	1.67352754008
40	6	草	17.7462214877
40	7	。	6.12453873307
41	1	雨水	17.4857881102
41	2	清洗	20.7940430119
41	3	了	7.7771194071
41	4	高	13.2151688622
41	5	的	4.11866628713
41	6	大楼	13.6756305619
41	7	。	8.683287544
42	1	雨水	17.4857881102
42	2	灌溉	16.8995317494
42	3	了	7.81364305978
42	4	高	13.2151688622
42	5	的	4.11866628713
42	6	大楼	13.6756305619
42	7	。	8.683287544
43	1	我	5.40226247496
43	2	听从	21.9943224194
43	3	了	7.76489077871
43	4	老师	12.9816975135
43	5	的	4.71577585628
43	6	中肯	20.890962813
43	7	的	5.62027719902
43	8	建议	10.8232832748
43	9	。	3.00234599731
44	1	我	5.40226247496
44	2	安装	16.1744642269
44	3	了	3.1491551409
44	4	老师	12.9816975135
44	5	的	4.71577585628
44	6	中肯	20.890962813
44	7	的	5.62027719902
44	8	建议	10.8232832748
44	9	。	3.00234599731
45	1	警官	21.9325597527
45	2	疏散	15.8880219543
45	3	了	7.8832724325
45	4	紧张	13.2151688622
45	5	的	2.93237670132
45	6	人群	12.3285439054
45	7	。	4.39678422032
46	1	警官	21.9325597527
46	2	解除	13.7979881936
46	3	了	2.86778063466
46	4	紧张	13.3581363253
46	5	的	2.93237670132
46	6	人群	12.3285439054
46	7	。	4.39678422032
47	1	他	5.68454970002
47	2	卖	13.8698899945
47	3	过	10.8333498432
47	4	一些	7.76319981254
47	5	便宜	14.0325877932
47	6	的	2.69634805554
47	7	化肥	17.490738328
47	8	。	6.70663399869
48	1	他	5.68454970002
48	2	摘	22.0612387313
48	3	过	10.4712453784
48	4	一些	7.76319981254
48	5	便宜	14.0325877932
48	6	的	2.69634805554
48	7	化肥	17.490738328
48	8	。	6.70663399869
49	1	她	8.22619364393
49	2	戴	14.9377040343
49	3	过	11.2851776283
49	4	白色	15.7840941629
49	5	的	6.22385463139
49	6	耳机	20.7859693641
49	7	。	6.12501290591
50	1	她	8.22619364393
50	2	穿	14.2068503659
50	3	过	5.24186318377
50	4	白色	15.7840941629
50	5	的	6.22385463139
50	6	耳机	20.7859693641
50	7	。	6.12501290591
51	1	他	5.68454970002
51	2	在	4.45785806399
51	3	学校	9.97291233155
51	4	里	5.58319795236
51	5	吃	11.7542168072
51	6	过	5.54968634352
51	7	好吃	18.3218745874
51	8	的	1.75643668805
51	9	饭	17.490738328
51	10	。	6.48326509748
52	1	他	5.68454970002
52	2	在	4.45785806399
52	3	学校	9.97291233155
52	4	里	5.58319795236
52	5	讲	12.6200100533
52	6	过	5.65216764694
52	7	好吃	18.3218745874
52	8	的	1.75643668805
52	9	饭	17.490738328
52	10	。	6.48326509748
53	1	他	5.68454970002
53	2	见	12.5855903505
53	3	过	1.53587755131
53	4	热心	17.2649712507
53	5	的	2.43450888563
53	6	店长	21.4289463008
53	7	。	6.17688771797
54	1	他	5.68454970002
54	2	去	9.37298044426
54	3	过	6.47202296384
54	4	热心	17.3648086892
54	5	的	2.43450888563
54	6	店长	21.4289463008
54	7	。	6.17688771797
55	1	我	5.40226247496
55	2	听	10.4651366031
55	3	过	3.52694137738
55	4	这些	8.25196487837
55	5	熟悉	14.3416265539
55	6	的	1.9250545608
55	7	声音	10.656502839
55	8	。	3.58825027974
56	1	我	5.40226247496
56	2	见	12.2264062143
56	3	过	3.70778008083
56	4	这些	8.40357361535
56	5	熟悉	14.3416265539
56	6	的	1.9250545608
56	7	声音	10.656502839
56	8	。	3.58825027974
57	1	爷爷	17.3832007517
57	2	安装	14.9144265508
57	3	过	10.5743079921
57	4	复杂	13.7272775796
57	5	的	1.69926148148
57	6	机器	13.3528788784
57	7	。	7.14625792547
58	1	爷爷	17.3832007517
58	2	种植	15.4434334361
58	3	过	10.8392028059
58	4	复杂	13.7272775796
58	5	的	1.69926148148
58	6	机器	13.3528788784
58	7	。	7.14625792547
59	1	她	8.22619364393
59	2	说	2.2863386695
59	3	过	7.19279397835
59	4	这	6.56648465312
59	5	些	15.0472944852
59	6	真诚	15.8410301278
59	7	的	1.45274326701
59	8	话	9.86756417919
59	9	。	4.3649171997
60	1	她	8.22619364393
60	2	吃	12.8840618075
60	3	过	5.54968634352
60	4	这	6.17269058463
60	5	些	15.0472944852
60	6	真诚	15.8410301278
60	7	的	1.45274326701
60	8	话	9.86756417919
60	9	。	4.3649171997
61	1	母亲	13.530230446
61	2	买	12.1661379182
61	3	了	3.54232813615
61	4	彩色	19.05415176
61	5	的	5.78277186512
61	6	纸	17.490738328
61	7	。	6.58639344028
62	1	母亲	13.530230446
62	2	喝	13.5318683564
62	3	了	4.05893745147
62	4	彩色	18.869558104
62	5	的	5.78277186512
62	6	纸	17.490738328
62	7	。	6.58639344028
