sentence_id	token_id	token	surprisal
1	1	那	7.244570669477668
1	2	家	10.2051002169278
1	3	认识	13.789047913620289
1	4	我	8.835288924134767
1	5	的	4.343380988419607
1	6	老板	11.73584548209864
1	7	在	6.85730264938092
1	8	市中心	13.6329271146234
1	9	投资	10.93107019300799
1	10	的	3.6139455660964055
1	11	饭店	15.950569915494793
1	12	很	7.141390949594229
1	13	受	7.883659774656071
1	14	欢迎	2.005481677612571
1	15	。	3.2663214907757383
2	1	那	7.244570669477668
2	2	个	8.628634968332754
2	3	认识	11.619161600444375
2	4	我	8.835288924134767
2	5	的	4.343380988419607
2	6	老板	11.73584548209864
2	7	在	6.85730264938092
2	8	市中心	13.6329271146234
2	9	投资	10.93107019300799
2	10	的	3.6139455660964055
2	11	饭店	15.950569915494793
2	12	很	7.141390949594229
2	13	受	7.883659774656071
2	14	欢迎	2.005481677612571
2	15	。	3.2663214907757383
3	1	那	7.244570669477668
3	2	幅	17.63625872598741
3	3	帮助	12.502778792922875
3	4	过	10.826858440332847
3	5	我	8.996751341042456
3	6	的	4.343380988419607
3	7	朋友	6.21127834564056
3	8	非常	11.626277890721065
3	9	喜欢	8.182699405288211
3	10	的	4.326399581265754
3	11	画	14.96611164044961
3	12	吸引	12.618152187708771
3	13	了	3.6082449476658303
3	14	我	7.502899579865009
3	15	。	5.227874755460674
4	1	那	7.244570669477668
4	2	个	8.628634968332754
4	3	帮助	14.238581275059124
4	4	过	10.826858440332847
4	5	我	8.996751341042456
4	6	的	4.343380988419607
4	7	朋友	6.21127834564056
4	8	非常	11.626277890721065
4	9	喜欢	8.182699405288211
4	10	的	4.326399581265754
4	11	画	14.96611164044961
4	12	吸引	12.618152187708771
4	13	了	3.6082449476658303
4	14	我	7.502899579865009
4	15	。	5.227874755460674
5	1	那	7.244570669477668
5	2	件	6.505957946202351
5	3	教	16.064121782420873
5	4	过	7.513360433869209
5	5	我	8.996751341042456
5	6	的	4.343380988419607
5	7	老师	12.34695401045495
5	8	为	9.420435616982099
5	9	他	6.818788955023756
5	10	的	2.4757565503396726
5	11	学生	10.419990630576212
5	12	收藏	15.64972049440981
5	13	的	2.084463496427797
5	14	艺术品	17.79757045935374
5	15	获	13.314376188190742
5	16	了	8.18321132896842
5	17	奖	14.95950642810952
5	18	。	3.602454961408842
6	1	那	7.244570669477668
6	2	个	8.628634968332754
6	3	教	14.004450783842227
6	4	过	7.513360433869209
6	5	我	8.996751341042456
6	6	的	4.343380988419607
6	7	老师	12.34695401045495
6	8	为	9.420435616982099
6	9	他	6.818788955023756
6	10	的	2.4757565503396726
6	11	学生	10.419990630576212
6	12	收藏	15.64972049440981
6	13	的	2.084463496427797
6	14	艺术品	17.79757045935374
6	15	获	13.314376188190742
6	16	了	8.18321132896842
6	17	奖	14.95950642810952
6	18	。	3.602454961408842
7	1	那	7.244570669477668
7	2	只	9.33001875113259
7	3	认识	13.904846178629281
7	4	我	8.835288924134767
7	5	的	4.343380988419607
7	6	店长	21.58396141563498
7	7	特别	11.768612358557583
7	8	喜欢	7.3887052506050335
7	9	的	4.326399581265754
7	10	宠物	17.49073832801889
7	11	生病	16.29071746696888
7	12	了	3.6315186877889243
7	13	。	4.690081394065324
8	1	那	7.244570669477668
8	2	个	8.628634968332754
8	3	认识	11.619161600444375
8	4	我	8.835288924134767
8	5	的	4.343380988419607
8	6	店长	21.58396141563498
8	7	特别	11.768612358557583
8	8	喜欢	7.3887052506050335
8	9	的	4.326399581265754
8	10	宠物	17.49073832801889
8	11	生病	16.29071746696888
8	12	了	3.6315186877889243
8	13	。	4.690081394065324
9	1	那	7.244570669477668
9	2	首	9.33001875113259
9	3	热爱	16.60889335189367
9	4	艺术	12.616781424966128
9	5	的	3.2267436043769364
9	6	明星	13.674501172527384
9	7	在	7.787704537119309
9	8	商场	15.294835496988552
9	9	唱	14.211968373960639
9	10	的	3.2453512141512766
9	11	歌	13.637767908579976
9	12	很	10.470950903648378
9	13	好听	21.768700638758734
9	14	。	6.3230145647127145
10	1	那	7.244570669477668
10	2	个	8.628634968332754
10	3	热爱	14.238581275059124
10	4	艺术	12.616781424966128
10	5	的	3.2267436043769364
10	6	明星	13.674501172527384
10	7	在	7.787704537119309
10	8	商场	15.294835496988552
10	9	唱	14.211968373960639
10	10	的	3.2453512141512766
10	11	歌	13.637767908579976
10	12	很	10.470950903648378
10	13	好听	21.768700638758734
10	14	。	6.3230145647127145
11	1	那	7.244570669477668
11	2	所	11.03826794868159
11	3	学习	11.823768778329375
11	4	历史	11.997857852494501
11	5	的	3.1730876791238427
11	6	老人	12.856630766015833
11	7	在	6.605397532032106
11	8	冬天	15.377264601303624
11	9	去	10.592413364664829
11	10	的	6.472022963838252
11	11	学校	11.334816756239649
11	12	关闭	13.874820969736927
11	13	了	3.2109208276163432
11	14	。	4.172627361448557
12	1	那	7.244570669477668
12	2	个	8.628634968332754
12	3	学习	12.840908823523167
12	4	历史	11.997857852494501
12	5	的	3.1730876791238427
12	6	老人	12.856630766015833
12	7	在	6.605397532032106
12	8	冬天	15.377264601303624
12	9	去	10.592413364664829
12	10	的	6.472022963838252
12	11	学校	11.334816756239649
12	12	关闭	13.874820969736927
12	13	了	3.2109208276163432
12	14	。	4.172627361448557
13	1	那	7.244570669477668
13	2	件	6.505957946202351
13	3	帮助	14.733197788673293
13	4	过	10.826858440332847
13	5	我	8.996751341042456
13	6	的	4.343380988419607
13	7	司机	14.281547948033344
13	8	给	7.487226586062583
13	9	朋友	9.644981931002794
13	10	带	9.52966189874483
13	11	的	6.710633617479938
13	12	行李	17.49073832801889
13	13	丢	14.767692708532282
13	14	了	3.89394097219855
13	15	。	4.172627361448557
14	1	那	7.244570669477668
14	2	个	8.628634968332754
14	3	帮助	14.238581275059124
14	4	过	10.826858440332847
14	5	我	8.996751341042456
14	6	的	4.343380988419607
14	7	司机	14.281547948033344
14	8	给	7.487226586062583
14	9	朋友	9.644981931002794
14	10	带	9.52966189874483
14	11	的	6.710633617479938
14	12	行李	17.49073832801889
14	13	丢	14.767692708532282
14	14	了	3.89394097219855
14	15	。	4.172627361448557
15	1	那	7.244570669477668
15	2	本	7.732044672686124
15	3	学习	14.490600430000944
15	4	文学	13.71874927058489
15	5	的	5.719912176840504
15	6	作家	12.740840138879532
15	7	为	9.296596926190178
15	8	我	8.478955633089253
15	9	写	10.76798832546406
15	10	的	2.120840052035761
15	11	书	11.164977713955926
15	12	很	10.992526278502298
15	13	受	7.883659774656071
15	14	欢迎	2.005481677612571
15	15	。	3.2663214907757383
16	1	那	7.244570669477668
16	2	个	8.628634968332754
16	3	学习	12.840908823523167
16	4	文学	13.71874927058489
16	5	的	5.719912176840504
16	6	作家	12.740840138879532
16	7	为	9.296596926190178
16	8	我	8.478955633089253
16	9	写	10.76798832546406
16	10	的	2.120840052035761
16	11	书	11.164977713955926
16	12	很	10.992526278502298
16	13	受	7.883659774656071
16	14	欢迎	2.005481677612571
16	15	。	3.2663214907757383
17	1	那	7.244570669477668
17	2	辆	7.441362989247178
17	3	支持	12.413591386598664
17	4	环保	14.208066799387813
17	5	的	5.801445298443544
17	6	朋友	9.929652354231457
17	7	昨天	12.474230376597003
17	8	开	12.666568703824625
17	9	的	5.055705492103041
17	10	车	11.915772194038441
17	11	坏	14.365434442865116
17	12	了	3.26280128515083
17	13	。	4.256115377128145
18	1	那	7.244570669477668
18	2	个	8.628634968332754
18	3	支持	12.494243439796364
18	4	环保	14.208066799387813
18	5	的	5.801445298443544
18	6	朋友	9.929652354231457
18	7	昨天	12.474230376597003
18	8	开	12.666568703824625
18	9	的	5.055705492103041
18	10	车	11.915772194038441
18	11	坏	14.365434442865116
18	12	了	3.26280128515083
18	13	。	4.256115377128145
19	1	那	7.244570669477668
19	2	份	7.732044672686124
19	3	喜欢	13.292958601147033
19	4	书	13.174765425295138
19	5	的	3.7885527328643493
19	6	孩子	9.946135026881109
19	7	在	7.882786102552657
19	8	学校	9.933783622330626
19	9	做	10.860646379964706
19	10	的	3.805886515531384
19	11	作业	13.883569596747357
19	12	获	13.904619601444315
19	13	了	8.18321132896842
19	14	奖	14.95950642810952
19	15	。	3.602454961408842
20	1	那	7.244570669477668
20	2	个	8.628634968332754
20	3	喜欢	13.50532495193682
20	4	书	13.174765425295138
20	5	的	3.7885527328643493
20	6	孩子	9.946135026881109
20	7	在	7.882786102552657
20	8	学校	9.933783622330626
20	9	做	10.860646379964706
20	10	的	3.805886515531384
20	11	作业	13.883569596747357
20	12	获	13.904619601444315
20	13	了	8.18321132896842
20	14	奖	14.95950642810952
20	15	。	3.602454961408842
21	1	那	7.244570669477668
21	2	份	7.732044672686124
21	3	认识	12.858978235059586
21	4	我	8.835288924134767
21	5	的	4.343380988419607
21	6	老板	11.73584548209864
21	7	给	10.658991967942354
21	8	员工	13.51536284746358
21	9	制定	13.108127444801347
21	10	的	3.455113939469678
21	11	合同	12.98266290995491
21	12	到期	18.96532491137163
21	13	了	7.753657626957027
21	14	。	4.172627361448557
22	1	那	7.244570669477668
22	2	个	8.628634968332754
22	3	认识	11.619161600444375
22	4	我	8.835288924134767
22	5	的	4.343380988419607
22	6	老板	11.73584548209864
22	7	给	10.658991967942354
22	8	员工	13.51536284746358
22	9	制定	13.108127444801347
22	10	的	3.455113939469678
22	11	合同	12.98266290995491
22	12	到期	18.96532491137163
22	13	了	7.753657626957027
22	14	。	4.172627361448557
23	1	那	7.244570669477668
23	2	间	13.165162899641032
23	3	帮助	12.842469833519452
23	4	过	10.826858440332847
23	5	我	8.996751341042456
23	6	的	4.343380988419607
23	7	朋友	6.21127834564056
23	8	在	5.290285036099622
23	9	公园	12.757844468128457
23	10	旁边	14.897335243070302
23	11	开	7.0539285995711225
23	12	的	5.055705492103041
23	13	工厂	12.98266290995491
23	14	倒闭	8.053928216174244
23	15	了	5.053928312023453
23	16	。	4.172627361448557
24	1	那	7.244570669477668
24	2	个	8.628634968332754
24	3	帮助	14.238581275059124
24	4	过	10.826858440332847
24	5	我	8.996751341042456
24	6	的	4.343380988419607
24	7	朋友	6.21127834564056
24	8	在	5.290285036099622
24	9	公园	12.757844468128457
24	10	旁边	14.897335243070302
24	11	开	7.0539285995711225
24	12	的	5.055705492103041
24	13	工厂	12.98266290995491
24	14	倒闭	8.053928216174244
24	15	了	5.053928312023453
24	16	。	4.172627361448557
25	1	那	7.244570669477668
25	2	张	7.732044672686124
25	3	喜欢	13.687273243030889
25	4	艺术	12.652319229549414
25	5	的	3.2267436043769364
25	6	孩子	9.904297000566189
25	7	在	7.882786102552657
25	8	公园	12.757844468128457
25	9	照	16.188831491869344
25	10	的	5.692446691455132
25	11	照片	11.915772194038441
25	12	丢	15.0774601848241
25	13	了	3.89394097219855
25	14	。	4.172627361448557
26	1	那	7.244570669477668
26	2	个	8.628634968332754
26	3	喜欢	13.50532495193682
26	4	艺术	12.652319229549414
26	5	的	3.2267436043769364
26	6	孩子	9.904297000566189
26	7	在	7.882786102552657
26	8	公园	12.757844468128457
26	9	照	16.188831491869344
26	10	的	5.692446691455132
26	11	照片	11.915772194038441
26	12	丢	15.0774601848241
26	13	了	3.89394097219855
26	14	。	4.172627361448557
27	1	那	7.244570669477668
27	2	台	13.57492821369772
27	3	教	13.842440588773195
27	4	过	7.513360433869209
27	5	我	8.996751341042456
27	6	的	4.343380988419607
27	7	老师	12.34695401045495
27	8	经常	13.151972644565438
27	9	用	8.835288924134767
27	10	的	4.728502418048946
27	11	手机	12.447353889645704
27	12	很	10.250245461005804
27	13	好用	19.609080817327406
27	14	。	6.514649678915306
28	1	那	7.244570669477668
28	2	个	8.628634968332754
28	3	教	14.004450783842227
28	4	过	7.513360433869209
28	5	我	8.996751341042456
28	6	的	4.343380988419607
28	7	老师	12.34695401045495
28	8	经常	13.151972644565438
28	9	用	8.835288924134767
28	10	的	4.728502418048946
28	11	手机	12.447353889645704
28	12	很	10.250245461005804
28	13	好用	19.609080817327406
28	14	。	6.514649678915306
29	1	那	7.244570669477668
29	2	朵	22.476145547385222
29	3	关心	13.147711221990692
29	4	他	10.036039484217252
29	5	的	3.593190119782888
29	6	邻居	12.315659431521357
29	7	在	7.768017633880556
29	8	家	9.195711345516544
29	9	种	13.366400061862196
29	10	的	8.242617193331753
29	11	花	14.12653258123755
29	12	很	10.929751692685498
29	13	好看	17.874187964096382
29	14	。	3.3095911293054647
30	1	那	7.244570669477668
30	2	个	8.628634968332754
30	3	关心	13.345715929920456
30	4	他	10.036039484217252
30	5	的	3.593190119782888
30	6	邻居	12.315659431521357
30	7	在	7.768017633880556
30	8	家	9.195711345516544
30	9	种	13.366400061862196
30	10	的	8.242617193331753
30	11	花	14.12653258123755
30	12	很	10.929751692685498
30	13	好看	17.874187964096382
30	14	。	3.3095911293054647
