sentence_id	token_id	token	surprisal
1	1	随着	9.27442432564
1	2	政府	10.6791850812
1	3	发展	12.3381752055
1	4	，	3.5790421299
1	5	经济	7.96214319288
1	6	变	13.9033539464
1	7	好	8.33933206447
1	8	了	4.37383654135
1	9	。	2.82746332873
2	1	随着	9.27442432564
2	2	政府	10.6791850812
2	3	发展	12.3381752055
2	4	。	4.32889434862
3	1	随着	9.27442432564
3	2	互联网	14.9652230124
3	3	的	3.39016365926
3	4	出现	13.5463525718
3	5	，	0.779954153988
3	6	生活	11.7199644626
3	7	质量	8.04129897152
3	8	提高	12.7215275227
3	9	了	3.99577114377
3	10	。	4.23881877466
4	1	随着	9.27442432564
4	2	互联网	14.9652230124
4	3	的	3.39016365926
4	4	出现	13.5463525718
4	5	。	5.43939177956
5	1	随着	9.27442432564
5	2	一阵	21.0289704269
5	3	铃声	18.5558607167
5	4	，	4.0539280724
5	5	火车	14.4340826606
5	6	开	12.1326412693
5	7	了	2.49234315486
5	8	。	4.58604273342
6	1	随着	9.27442432564
6	2	一阵	21.0289704269
6	3	铃声	18.5558607167
6	4	。	6.1404708152
7	1	随着	9.27442432564
7	2	他	9.90556115892
7	3	的	3.59319011978
7	4	年龄	11.9189976612
7	5	增长	8.717149872
7	6	，	3.78096883219
7	7	他	6.68400948846
7	8	更	10.4547423866
7	9	有	5.48306827621
7	10	自信	14.2103192387
7	11	了	8.32760013478
7	12	。	4.17262736145
8	1	随着	9.27442432564
8	2	他	9.90556115892
8	3	的	3.59319011978
8	4	年龄	11.9189976612
8	5	增长	8.717149872
8	6	。	4.46515971185
9	1	随着	9.27442432564
9	2	冬天	16.5821990452
9	3	的	5.86128323408
9	4	到来	12.3527626627
9	5	，	2.2663207967
9	6	树木	22.0748980169
9	7	凋零	21.4064358093
9	8	了	7.73303788958
9	9	。	4.17262736145
10	1	随着	9.27442432564
10	2	冬天	16.5821990452
10	3	的	5.86128323408
10	4	到来	12.3527626627
10	5	。	1.77995390627
11	1	随着	9.27442432564
11	2	科技	9.54753063821
11	3	发展	5.02447933505
11	4	，	3.81012854204
11	5	电脑	13.6508202516
11	6	功能	13.6814630922
11	7	变得	14.3983488053
11	8	更	3.3600970631
11	9	多	2.83380491876
11	10	了	5.67635996901
11	11	。	2.55363534705
12	1	随着	9.27442432564
12	2	科技	9.54753063821
12	3	发展	5.02447933505
12	4	。	4.55998078068
13	1	自从	10.8387067972
13	2	见	13.0700349624
13	3	了	5.91854343445
13	4	他	7.14389532528
13	5	，	5.5702655723
13	6	她	8.73856321483
13	7	一直	9.32699680864
13	8	在	2.88371403471
13	9	写信	17.9510650099
13	10	。	4.37585604748
14	1	自从	10.8387067972
14	2	见	13.0700349624
14	3	了	5.91854343445
14	4	他	7.14389532528
14	5	。	4.34473962741
15	1	自从	10.8387067972
15	2	修	14.9580730079
15	3	了	7.86254314688
15	4	公路	13.2063318445
15	5	，	4.11267987168
15	6	农村	14.4873388294
15	7	经济	4.60113621791
15	8	变	13.8848795494
15	9	好	8.33933206447
15	10	了	4.37383654135
15	11	。	2.82746332873
16	1	自从	10.8387067972
16	2	修	14.9580730079
16	3	了	7.86254314688
16	4	公路	13.2063318445
16	5	。	4.9034047866
17	1	自从	10.8387067972
17	2	离开	12.5034404191
17	3	家乡	8.96082130386
17	4	，	7.00812594034
17	5	她	8.54980230969
17	6	一直	9.32699680864
17	7	想念	18.2895999665
17	8	父母	13.3896154991
17	9	。	8.80881626947
18	1	自从	10.8387067972
18	2	离开	12.5034404191
18	3	家乡	8.96082130386
18	4	。	6.51085433286
19	1	自从	10.8387067972
19	2	他	7.57749113072
19	3	开始	9.97974272662
19	4	读书	11.3893205813
19	5	，	2.00387277025
19	6	他	6.73812591051
19	7	的	3.80003993313
19	8	成绩	11.3141183687
19	9	提高	12.8328753149
19	10	了	3.99577114377
19	11	。	4.23881877466
20	1	自从	10.8387067972
20	2	他	7.57749113072
20	3	开始	9.97974272662
20	4	读书	11.3893205813
20	5	。	5.21648333413
21	1	自从	10.8387067972
21	2	他	7.57749113072
21	3	获得	13.3439497488
21	4	大奖	10.0762981259
21	5	，	4.37585604748
21	6	他	6.63981365652
21	7	不	5.87496556736
21	8	学习	12.5055261074
21	9	了	8.03538263743
21	10	。	4.17262736145
22	1	自从	10.8387067972
22	2	他	7.57749113072
22	3	获得	13.3439497488
22	4	大奖	10.0762981259
22	5	。	4.37585604748
23	1	自从	10.8387067972
23	2	她	10.9324237322
23	3	认识	11.6463878581
23	4	了	4.98231772039
23	5	老师	12.9816975135
23	6	，	3.92505401294
23	7	她	8.61772980501
23	8	努力	11.9464205448
23	9	训练	13.6949888944
23	10	。	3.14477314003
24	1	自从	10.8387067972
24	2	她	10.9324237322
24	3	认识	11.6463878581
24	4	了	4.98231772039
24	5	老师	12.9816975135
24	6	。	5.00646110036
25	1	自从	10.8387067972
25	2	她	10.9324237322
25	3	参与	12.5843405355
25	4	了	5.47708226704
25	5	活动	11.8325374764
25	6	，	2.6023994129
25	7	她	8.64353883177
25	8	认识	11.9464205448
25	9	了	4.98231772039
25	10	很多	7.88410175108
25	11	人	4.66844501044
25	12	。	5.05477155224
26	1	自从	10.8387067972
26	2	她	10.9324237322
26	3	参与	12.5843405355
26	4	了	5.47708226704
26	5	活动	11.8325374764
26	6	。	2.62817130199
27	1	自从	10.8387067972
27	2	她	10.9324237322
27	3	学习	12.813593076
27	4	了	8.03538263743
27	5	外语	18.869558104
27	6	，	5.62753460131
27	7	她	8.54980230969
27	8	看	11.9464205448
27	9	了	4.42551580089
27	10	很多	7.9512783022
27	11	电影	12.6610078581
27	12	。	7.17597554642
28	1	自从	10.8387067972
28	2	她	10.9324237322
28	3	学习	12.813593076
28	4	了	8.03538263743
28	5	外语	18.869558104
28	6	。	6.34186827278
29	1	因为	7.71839355362
29	2	喝	13.9813304355
29	3	了	4.05893745147
29	4	酒	14.3143941175
29	5	，	2.5888358496
29	6	他	6.72246068766
29	7	摔	16.6767680531
29	8	了	3.89455513196
29	9	。	4.17262736145
30	1	因为	7.71839355362
30	2	喝	13.9813304355
30	3	了	4.05893745147
30	4	酒	14.3143941175
30	5	。	5.80144529844
31	1	因为	7.71839355362
31	2	他	5.81704455857
31	3	要	7.65366254726
31	4	迟到	21.6884513273
31	5	了	3.05392855165
31	6	，	4.0062784005
31	7	他	5.95480488093
31	8	结束	12.6267865001
31	9	了	2.8779067282
31	10	谈话	15.3120170479
31	11	。	3.89917624795
32	1	因为	7.71839355362
32	2	他	5.81704455857
32	3	要	7.65366254726
32	4	迟到	21.6884513273
32	5	了	3.05392855165
32	6	。	4.17262736145
33	1	因为	7.71839355362
33	2	他	5.81704455857
33	3	没有	8.39218047712
33	4	练习	15.7414555003
33	5	题目	18.0554394713
33	6	，	4.37585604748
33	7	他	6.63981365652
33	8	没有	8.60022219494
33	9	成功	10.9020494253
33	10	。	4.33073255133
34	1	因为	7.71839355362
34	2	他	5.81704455857
34	3	没有	8.39218047712
34	4	练习	15.7414555003
34	5	题目	18.0554394713
34	6	。	6.12364718671
35	1	因为	7.71839355362
35	2	疾病	12.2543549285
35	3	，	3.41041091231
35	4	她	8.54980230969
35	5	拒绝	11.9464205448
35	6	了	4.22885448781
35	7	演出	14.9595064281
35	8	。	3.02447839592
36	1	因为	7.71839355362
36	2	疾病	12.2543549285
36	3	。	7.26338250435
37	1	因为	7.71839355362
37	2	听	12.2543549285
37	3	着	5.85964873313
37	4	音乐	12.404459908
37	5	，	4.39112385567
37	6	她	8.54980230969
37	7	错过	18.2642922465
37	8	了	4.63889320898
37	9	广播	14.0939683866
37	10	。	6.62574193526
38	1	因为	7.71839355362
38	2	听	12.2543549285
38	3	着	5.85964873313
38	4	音乐	12.404459908
38	5	。	5.98909804926
39	1	尽管	9.38722712129
39	2	领导	12.3636216177
39	3	已经	10.288887753
39	4	离去	16.5928289783
39	5	，	2.75643620062
39	6	工人	15.1788692102
39	7	还	6.1922330701
39	8	在	4.80432544465
39	9	工作	10.2894080013
39	10	。	3.68308391362
40	1	尽管	9.38722712129
40	2	领导	12.3636216177
40	3	已经	10.288887753
40	4	离去	16.5928289783
40	5	。	1.52288597738
41	1	尽管	9.38722712129
41	2	他	6.51315854156
41	3	年纪	15.1694440958
41	4	小	11.7031875627
41	5	，	4.52021713928
41	6	他	6.70454700272
41	7	有	7.01306884608
41	8	能力	7.68476711769
41	9	。	2.9324725181
42	1	尽管	9.38722712129
42	2	他	6.51315854156
42	3	年纪	15.1694440958
42	4	小	11.7031875627
42	5	。	6.34998546967
43	1	尽管	9.38722712129
43	2	她	9.34371043681
43	3	会	9.90204942534
43	4	开车	13.0776839221
43	5	，	4.38870537149
43	6	她	8.54980230969
43	7	今天	11.9464205448
43	8	没有	11.3893205813
43	9	开车	14.3880445375
43	10	。	5.26378785094
44	1	尽管	9.38722712129
44	2	她	9.34371043681
44	3	会	9.90204942534
44	4	开车	13.0776839221
44	5	。	5.26378785094
45	1	尽管	9.38722712129
45	2	作家	13.8033294106
45	3	很	10.4257990864
45	4	年轻	12.1010533623
45	5	，	5.75643620062
45	6	他	6.63981365652
45	7	写	11.1712105467
45	8	了	3.01986762614
45	9	很多	8.55067357047
45	10	作品	10.4855522571
45	11	。	3.60061791344
46	1	尽管	9.38722712129
46	2	作家	13.8033294106
46	3	很	10.4257990864
46	4	年轻	12.1010533623
46	5	。	8.37585640691
47	1	尽管	9.38722712129
47	2	父亲	13.3730497408
47	3	不	8.72635324664
47	4	同意	8.64970923036
47	5	他	6.80083087078
47	6	唱歌	17.5638075255
47	7	，	3.11694605136
47	8	他	6.63981365652
47	9	还是	8.60022219494
47	10	买	12.3285194178
47	11	了	3.54232813615
47	12	吉他	19.05415176
47	13	。	6.22317761496
48	1	尽管	9.38722712129
48	2	父亲	13.3730497408
48	3	不	8.72635324664
48	4	同意	8.64970923036
48	5	他	6.80083087078
48	6	唱歌	17.5638075255
48	7	。	6.28403032015
49	1	尽管	9.38722712129
49	2	经济	10.5760956749
49	3	不	8.00646147135
49	4	好	7.353034775
49	5	，	1.48184278079
49	6	他	6.95593641283
49	7	还是	8.60022219494
49	8	关心	13.3866597596
49	9	慈善	15.1725043719
49	10	。	6.36832223751
50	1	尽管	9.38722712129
50	2	经济	10.5760956749
50	3	不	8.00646147135
50	4	好	7.353034775
50	5	。	4.04135465069
51	1	如果	7.11262356692
51	2	她	11.6492158773
51	3	做	11.6463878581
51	4	完	8.89803337783
51	5	作业	14.3206429561
51	6	，	2.37538586402
51	7	她	8.54980230969
51	8	去	9.32699680864
51	9	健身房	16.5884223036
51	10	。	6.14139115327
52	1	如果	7.11262356692
52	2	她	11.6492158773
52	3	做	11.6463878581
52	4	完	8.89803337783
52	5	作业	14.3206429561
52	6	。	2.55641456478
53	1	如果	7.11262356692
53	2	她们	11.8255783714
53	3	照	15.8981068028
53	4	了	7.8606503368
53	5	相	13.4993403796
53	6	，	7.96082130386
53	7	她们	12.3548083701
53	8	就	5.15680106694
53	9	留下	13.9019363517
53	10	了	2.10119448954
53	11	回忆	15.1231165858
53	12	。	3.93765079136
54	1	如果	7.11262356692
54	2	她们	11.8255783714
54	3	照	15.8981068028
54	4	了	7.8606503368
54	5	相	13.4993403796
54	6	。	6.88717257146
55	1	如果	7.11262356692
55	2	培养	14.6876904559
55	3	了	4.18157661859
55	4	信心	14.9595064281
55	5	，	3.0277196665
55	6	她	8.54980230969
55	7	可以	9.32699680864
55	8	实现	9.6621227555
55	9	梦想	15.7801440224
55	10	。	3.68243696449
56	1	如果	7.11262356692
56	2	培养	14.6876904559
56	3	了	4.18157661859
56	4	信心	14.9595064281
56	5	。	2.84669168502
57	1	如果	7.11262356692
57	2	他	5.76606326196
57	3	不	4.50931651206
57	4	尝试	12.5333695709
57	5	，	4.44461008197
57	6	他	6.63981365652
57	7	将	6.06144855835
57	8	失去	13.38787303
57	9	机会	13.7454430359
57	10	。	3.82769191724
58	1	如果	7.11262356692
58	2	他	5.76606326196
58	3	不	4.50931651206
58	4	尝试	12.5333695709
58	5	。	6.06447906059
59	1	如果	7.11262356692
59	2	她	11.6492158773
59	3	来	8.28218124367
59	4	，	4.67484646179
59	5	母亲	11.4704976365
59	6	会	10.446075325
59	7	准备	13.0776839221
59	8	水果	15.9700008016
59	9	。	4.39705350567
60	1	如果	7.11262356692
60	2	她	11.6492158773
60	3	来	8.28218124367
60	4	。	5.66414981707
