sentence_id	token_id	token	surprisal
1	1	记者	9.64333460554
1	2	采访	7.13665706478
1	3	了	6.25045097294
1	4	研发	14.9595064281
1	5	帮助	12.811278844
1	6	老人	14.1907108794
1	7	的	2.98204389519
1	8	产品	10.2087632577
1	9	。	3.71855284964
2	1	记者	9.64333460554
2	2	采访	7.13665706478
2	3	了	6.25045097294
2	4	研发	14.9595064281
2	5	帮助	12.811278844
2	6	老人	14.1907108794
2	7	的	2.98204389519
2	8	产品	10.2087632577
2	9	的	6.05943913087
2	10	科学家	13.5594966655
2	11	。	6.51324156174
3	1	他	5.68454970002
3	2	认识	12.5855903505
3	3	了	4.98231772039
3	4	写	12.4763523298
3	5	介绍	12.938244056
3	6	名人	17.0980868172
3	7	的	4.11694505008
3	8	书	11.0806729064
3	9	。	4.06437551148
4	1	他	5.68454970002
4	2	认识	12.5855903505
4	3	了	4.98231772039
4	4	写	12.4763523298
4	5	介绍	12.938244056
4	6	名人	17.0980868172
4	7	的	4.11694505008
4	8	书	11.0806729064
4	9	的	4.1857367086
4	10	老师	12.2705080791
4	11	。	5.20304109414
5	1	他	5.68454970002
5	2	拍	15.0857162592
5	3	下	7.60851718766
5	4	了	5.68841616097
5	5	获得	12.101393121
5	6	代表	11.7649490194
5	7	实力	14.1233946351
5	8	的	3.92399767778
5	9	大奖	17.490738328
5	10	。	4.37585604748
6	1	他	5.68454970002
6	2	拍	15.0857162592
6	3	下	7.60851718766
6	4	了	5.68841616097
6	5	获得	12.101393121
6	6	代表	11.7649490194
6	7	实力	14.1233946351
6	8	的	3.92399767778
6	9	大奖	17.490738328
6	10	的	4.37585604748
6	11	艺术品	17.7975704594
6	12	。	6.13356363377
7	1	我们	6.54306553283
7	2	参加	13.6201900675
7	3	了	2.99178277205
7	4	吸引	13.1708592654
7	5	学习	13.0726401839
7	6	历史	11.9978578525
7	7	的	3.17308767912
7	8	学生	10.286567154
7	9	。	4.29606667676
8	1	我们	6.54306553283
8	2	参加	13.6201900675
8	3	了	2.99178277205
8	4	吸引	13.1708592654
8	5	学习	13.0726401839
8	6	历史	11.9978578525
8	7	的	3.17308767912
8	8	学生	10.286567154
8	9	的	3.98194108166
8	10	活动	10.1580358491
8	11	。	2.55363534705
9	1	他	5.68454970002
9	2	想起	12.5855903505
9	3	了	2.78591996864
9	4	写	12.4763523298
9	5	过	4.21973573193
9	6	宣传	14.0473301459
9	7	环保	14.162111264
9	8	的	5.80144529844
9	9	歌	13.6377679086
9	10	。	6.80881675471
10	1	他	5.68454970002
10	2	想起	12.5855903505
10	3	了	2.78591996864
10	4	写	12.4763523298
10	5	过	4.21973573193
10	6	宣传	14.0473301459
10	7	环保	14.162111264
10	8	的	5.80144529844
10	9	歌	13.6377679086
10	10	的	6.80881675471
10	11	同学	11.6840715558
10	12	。	6.26378840522
11	1	司机	15.9456146357
11	2	启动	13.8642936264
11	3	了	3.76727264749
11	4	装有	18.869558104
11	5	支持	11.4615377449
11	6	互联网	14.9513517453
11	7	功能	13.4157011359
11	8	的	3.69559849035
11	9	音响	17.7975704594
11	10	。	6.14028559687
12	1	司机	15.9456146357
12	2	启动	13.8642936264
12	3	了	3.76727264749
12	4	装有	18.869558104
12	5	支持	11.4615377449
12	6	互联网	14.9513517453
12	7	功能	13.4157011359
12	8	的	3.69559849035
12	9	音响	17.7975704594
12	10	的	4.37585604748
12	11	车	11.915772194
12	12	。	3.668444827
13	1	爸爸	11.4732915686
13	2	买	8.09186244542
13	3	了	3.54232813615
13	4	带	12.6878433246
13	5	配备	17.2014568832
13	6	保险	14.2041844615
13	7	的	6.16757094434
13	8	家具	15.7464005526
13	9	。	6.11320708674
14	1	爸爸	11.4732915686
14	2	买	8.09186244542
14	3	了	3.54232813615
14	4	带	12.6878433246
14	5	配备	17.2014568832
14	6	保险	14.2041844615
14	7	的	6.16757094434
14	8	家具	15.7464005526
14	9	的	5.37585604748
14	10	房子	10.8834569266
14	11	。	3.23938626807
15	1	他	5.68454970002
15	2	损失	14.8994893315
15	3	了	8.14139156063
15	4	买	14.9595064281
15	5	治疗	14.395570393
15	6	疾病	7.96082130386
15	7	的	2.51348373122
15	8	药	15.7464005526
15	9	。	7.41148031664
16	1	他	5.68454970002
16	2	损失	14.8994893315
16	3	了	8.14139156063
16	4	买	14.9595064281
16	5	治疗	14.395570393
16	6	疾病	7.96082130386
16	7	的	2.51348373122
16	8	药	15.7464005526
16	9	的	7.41148031664
16	10	现金	12.98266291
16	11	。	2.42051859762
17	1	我	5.40226247496
17	2	拜访	13.9707443616
17	3	了	7.88473206578
17	4	去	10.8415313306
17	5	过	6.47202296384
17	6	支持	12.2575500708
17	7	贸易	12.4228523256
17	8	的	4.66383747219
17	9	中国	8.951537555
17	10	。	7.44276638994
18	1	我	5.40226247496
18	2	拜访	13.9707443616
18	3	了	7.88473206578
18	4	去	10.8415313306
18	5	过	6.47202296384
18	6	支持	12.2575500708
18	7	贸易	12.4228523256
18	8	的	4.66383747219
18	9	中国	8.951537555
18	10	的	4.70433734073
18	11	邻居	12.3394030906
18	12	。	7.17315774147
19	1	爷爷	17.3832007517
19	2	中止	17.7458856226
19	3	了	7.86067649239
19	4	引发	13.2063318445
19	5	伤害	14.8598303512
19	6	亲情	17.3150007887
19	7	的	5.05392831202
19	8	争吵	17.490738328
19	9	。	6.4011012677
20	1	爷爷	17.3832007517
20	2	中止	17.7458856226
20	3	了	7.86067649239
20	4	引发	13.2063318445
20	5	伤害	14.8598303512
20	6	亲情	17.3150007887
20	7	的	5.05392831202
20	8	争吵	17.490738328
20	9	的	5.8524521731
20	10	谈话	11.7952761676
20	11	。	4.34323163671
21	1	她	8.22619364393
21	2	提到	14.305727954
21	3	了	2.70932553494
21	4	看	12.3560028513
21	5	着	5.21475285832
21	6	带来	12.1282162326
21	7	欢乐	16.6231029881
21	8	的	1.90139718606
21	9	电视	11.6840715558
21	10	。	7.09821691125
22	1	她	8.22619364393
22	2	提到	14.305727954
22	3	了	2.70932553494
22	4	看	12.3560028513
22	5	着	5.21475285832
22	6	带来	12.1282162326
22	7	欢乐	16.6231029881
22	8	的	1.90139718606
22	9	电视	11.6840715558
22	10	的	4.5796638178
22	11	女儿	11.915772194
22	12	。	5.50411036291
23	1	医生	14.0189953436
23	2	表扬	17.8435389451
23	3	了	2.6315199394
23	4	帮助	13.2151688622
23	5	种	12.7276323506
23	6	菜	12.0955882987
23	7	的	5.16757146287
23	8	老人	12.7408401389
23	9	。	6.50055028896
24	1	医生	14.0189953436
24	2	表扬	17.8435389451
24	3	了	2.6315199394
24	4	帮助	13.2151688622
24	5	种	12.7276323506
24	6	菜	12.0955882987
24	7	的	5.16757146287
24	8	老人	12.7408401389
24	9	的	3.21175998605
24	10	孩子	9.86756417919
24	11	。	3.60460424514
25	1	她	8.22619364393
25	2	介绍	12.1957357099
25	3	了	2.80354906748
25	4	生产	15.1269434371
25	5	装有	19.1681714431
25	6	音响	17.7773061821
25	7	的	4.37585604748
25	8	电视	11.6840715558
25	9	。	7.09821691125
26	1	她	8.22619364393
26	2	介绍	12.1957357099
26	3	了	2.80354906748
26	4	生产	15.1269434371
26	5	装有	19.1681714431
26	6	音响	17.7773061821
26	7	的	4.37585604748
26	8	电视	11.6840715558
26	9	的	4.5796638178
26	10	工厂	12.98266291
26	11	。	6.30959112931
27	1	我	5.40226247496
27	2	洗	16.4681435942
27	3	了	6.22385463139
27	4	陪伴	16.5824043092
27	5	过	10.4327704114
27	6	卖	13.1189240282
27	7	衣服	8.89941881226
27	8	的	3.0083130533
27	9	母亲	11.2289245305
27	10	。	3.58825027974
28	1	我	5.40226247496
28	2	洗	16.4681435942
28	3	了	6.22385463139
28	4	陪伴	16.5824043092
28	5	过	10.4327704114
28	6	卖	13.1189240282
28	7	衣服	8.89941881226
28	8	的	3.0083130533
28	9	母亲	11.2289245305
28	10	的	4.81088153998
28	11	衣服	12.98266291
28	12	。	5.22441599816
29	1	学生	12.6333025031
29	2	们	18.9302800968
29	3	写	12.2132384554
29	4	着	4.84963290357
29	5	困扰	15.8207025752
29	6	努力	12.7113750345
29	7	学习	6.29705357422
29	8	的	3.59913299861
29	9	他们	13.3457618882
29	10	。	7.81954029575
30	1	学生	12.6333025031
30	2	们	18.9302800968
30	3	写	12.2132384554
30	4	着	4.84963290357
30	5	困扰	15.8207025752
30	6	努力	12.7113750345
30	7	学习	6.29705357422
30	8	的	3.59913299861
30	9	他们	13.3457618882
30	10	的	3.95545312044
30	11	作业	13.3245740357
30	12	。	2.55641456478
31	1	店长	22.5755365723
31	2	拿	12.2764393165
31	3	着	3.25712937998
31	4	开	12.3668070643
31	5	通往	16.6522822655
31	6	仓库	16.6402658988
31	7	的	5.96082094443
31	8	大门	11.915772194
31	9	。	5.03042213423
32	1	店长	22.5755365723
32	2	拿	12.2764393165
32	3	着	3.25712937998
32	4	开	12.3668070643
32	5	通往	16.6522822655
32	6	仓库	16.6402658988
32	7	的	5.96082094443
32	8	大门	11.915772194
32	9	的	6.04134799948
32	10	钥匙	13.2733456593
32	11	。	2.00548167761
33	1	有人	17.3832007517
33	2	听	12.5949781058
33	3	着	5.85964873313
33	4	打扰	21.6308736213
33	5	了	7.78720890095
33	6	写	12.4763523298
33	7	书	13.7603977777
33	8	的	3.78855273286
33	9	邻居	12.2705080791
33	10	。	7.17315774147
34	1	有人	17.3832007517
34	2	听	12.5949781058
34	3	着	5.85964873313
34	4	打扰	21.6308736213
34	5	了	7.78720890095
34	6	写	12.4763523298
34	7	书	13.7603977777
34	8	的	3.78855273286
34	9	邻居	12.2705080791
34	10	的	5.42881941685
34	11	音乐	10.9462443312
34	12	。	5.91681839012
35	1	我	5.40226247496
35	2	观察	13.9707443616
35	3	着	10.6405809531
35	4	经营	12.1455355435
35	5	卖	12.9316147814
35	6	食品	13.8057418524
35	7	的	6.39705289775
35	8	商店	15.7464005526
35	9	。	6.69778414236
36	1	我	5.40226247496
36	2	观察	13.9707443616
36	3	着	10.6405809531
36	4	经营	12.1455355435
36	5	卖	12.9316147814
36	6	食品	13.8057418524
36	7	的	6.39705289775
36	8	商店	15.7464005526
36	9	的	6.69778414236
36	10	男人	11.5808291254
36	11	。	3.42051936998
37	1	学生	12.6333025031
37	2	们	18.9302800968
37	3	读	13.3198220885
37	4	着	10.4240567489
37	5	描述	14.5412351854
37	6	启发	15.9176490075
37	7	读者	14.3703099558
37	8	的	3.06941433786
37	9	故事	9.77917216968
37	10	。	3.47279991787
38	1	学生	12.6333025031
38	2	们	18.9302800968
38	3	读	13.3198220885
38	4	着	10.4240567489
38	5	描述	14.5412351854
38	6	启发	15.9176490075
38	7	读者	14.3703099558
38	8	的	3.06941433786
38	9	故事	9.77917216968
38	10	的	6.46661447055
38	11	书	11.0806729064
38	12	。	4.06437551148
39	1	教练	16.6417088793
39	2	创办	14.5774567404
39	3	过	10.789401252
39	4	教	14.334750278
39	5	治疗	14.0872758247
39	6	失眠	19.0628533612
39	7	的	4.0539280724
39	8	动作	11.6840715558
39	9	。	3.00328615951
40	1	教练	16.6417088793
40	2	创办	14.5774567404
40	3	过	10.789401252
40	4	教	14.334750278
40	5	治疗	14.0872758247
40	6	失眠	19.0628533612
40	7	的	4.0539280724
40	8	动作	11.6840715558
40	9	的	7.42098215357
40	10	健身房	17.490738328
40	11	。	6.14139115327
41	1	我	5.40226247496
41	2	喜欢	8.61061687814
41	3	过	10.6029241566
41	4	给	11.1442402646
41	5	我	4.55508431494
41	6	克服	15.4408091297
41	7	困难	6.80881675471
41	8	的	3.23086200112
41	9	信心	11.7957813157
41	10	。	1.38828634488
42	1	我	5.40226247496
42	2	喜欢	8.61061687814
42	3	过	10.6029241566
42	4	给	11.1442402646
42	5	我	4.55508431494
42	6	克服	15.4408091297
42	7	困难	6.80881675471
42	8	的	3.23086200112
42	9	信心	11.7957813157
42	10	的	4.11924308024
42	11	音乐	11.077586329
42	12	。	5.91681839012
43	1	她	8.22619364393
43	2	开	12.1957357099
43	3	过	9.27309910292
43	4	容纳	16.8635016159
43	5	很多	11.8626715493
43	6	学习	12.9476116189
43	7	舞蹈	15.487725908
43	8	的	4.89455534652
43	9	人	6.97951061677
43	10	。	4.50189376671
44	1	她	8.22619364393
44	2	开	12.1957357099
44	3	过	9.27309910292
44	4	容纳	16.8635016159
44	5	很多	11.8626715493
44	6	学习	12.9476116189
44	7	舞蹈	15.487725908
44	8	的	4.89455534652
44	9	人	6.97951061677
44	10	的	6.22860158123
44	11	车	11.9707533951
44	12	。	3.668444827
45	1	他	5.68454970002
45	2	修理	17.2160645814
45	3	过	10.5215847649
45	4	丢失	16.6505920698
45	5	了	2.75643620062
45	6	处理	13.2151688622
45	7	程序	13.618709024
45	8	的	4.02635951456
45	9	芯片	17.7975704594
45	10	。	5.37585604748
46	1	他	5.68454970002
46	2	修理	17.2160645814
46	3	过	10.5215847649
46	4	丢失	16.6505920698
46	5	了	2.75643620062
46	6	处理	13.2151688622
46	7	程序	13.618709024
46	8	的	4.02635951456
46	9	芯片	17.7975704594
46	10	的	5.37585604748
46	11	电脑	11.2289245305
46	12	。	7.35262844145
47	1	他	5.68454970002
47	2	讲	12.5855903505
47	3	过	5.7456625449
47	4	介绍	12.8538609145
47	5	写	13.2049430382
47	6	诗	16.2376278267
47	7	的	6.22385463139
47	8	画家	17.490738328
47	9	。	6.14722102371
48	1	他	5.68454970002
48	2	讲	12.5855903505
48	3	过	5.7456625449
48	4	介绍	12.8538609145
48	5	写	13.2049430382
48	6	诗	16.2376278267
48	7	的	6.22385463139
48	8	画家	17.490738328
48	9	的	3.47951704263
48	10	课	12.98266291
48	11	。	3.3432314903
49	1	我	5.40226247496
49	2	邀请	14.7313793023
49	3	过	10.4577686722
49	4	喜欢	13.8356228465
49	5	唱	14.2985841288
49	6	歌	15.3801786777
49	7	的	6.80881675471
49	8	明星	13.6377679086
49	9	。	7.20830866626
50	1	我	5.40226247496
50	2	邀请	14.7313793023
50	3	过	10.4577686722
50	4	喜欢	13.8356228465
50	5	唱	14.2985841288
50	6	歌	15.3801786777
50	7	的	6.80881675471
50	8	明星	13.6377679086
50	9	的	3.8441017915
50	10	朋友	9.92965235423
50	11	。	4.40927822999
51	1	她	8.22619364393
51	2	申请	13.34530102
51	3	过	10.7197963276
51	4	减轻	14.9746495323
51	5	困扰	15.8351911636
51	6	父母	13.4165169069
51	7	的	2.80256433666
51	8	负担	12.5337904168
51	9	。	2.59044417833
52	1	她	8.22619364393
52	2	申请	13.34530102
52	3	过	10.7197963276
52	4	减轻	14.9746495323
52	5	困扰	15.8351911636
52	6	父母	13.4165169069
52	7	的	2.80256433666
52	8	负担	12.5337904168
52	9	的	4.36905155109
52	10	奖金	14.8713192398
52	11	。	3.57500604211
53	1	她	8.22619364393
53	2	去	9.57631218729
53	3	卖	12.8438447936
53	4	陪伴	16.6856385205
53	5	孩子	12.0761780437
53	6	的	2.98507459804
53	7	礼物	12.7281843465
53	8	。	3.69950989792
54	1	她	8.22619364393
54	2	去	9.57631218729
54	3	卖	12.8438447936
54	4	陪伴	16.6856385205
54	5	孩子	12.0761780437
54	6	的	2.98507459804
54	7	礼物	12.7281843465
54	8	的	4.57459225934
54	9	商店	15.7464005526
54	10	。	6.69778414236
55	1	弟弟	17.2728785911
55	2	需要	11.4171389405
55	3	用于	14.4163986049
55	4	锻炼	15.9180339533
55	5	记忆力	21.5091417868
55	6	的	5.58644127055
55	7	游戏	11.915772194
55	8	。	4.34323163671
56	1	弟弟	17.2728785911
56	2	需要	11.4171389405
56	3	用于	14.4163986049
56	4	锻炼	15.9180339533
56	5	记忆力	21.5091417868
56	6	的	5.58644127055
56	7	游戏	11.915772194
56	8	的	8.13457464699
56	9	钱	10.1707769462
56	10	。	5.20188038688
57	1	他	5.68454970002
57	2	很	10.1833373043
57	3	欣赏	12.1459081719
57	4	写	12.2261815474
57	5	吸引	13.1364159469
57	6	读者	9.18321049029
57	7	的	3.06941433786
57	8	小说	12.7408401389
57	9	。	6.37755537571
58	1	他	5.68454970002
58	2	很	10.1833373043
58	3	欣赏	12.1459081719
58	4	写	12.2261815474
58	5	吸引	13.1364159469
58	6	读者	9.18321049029
58	7	的	3.06941433786
58	8	小说	12.7408401389
58	9	的	3.90449972382
58	10	作家	12.7408401389
58	11	。	3.7058036195
59	1	我	5.40226247496
59	2	经常	10.4651366031
59	3	去	10.6500977285
59	4	提供	11.1574216418
59	5	帮助	6.211188557
59	6	残疾人	19.2467390621
59	7	的	5.62698123886
59	8	停车位	21.4289463008
59	9	。	6.14067336135
60	1	我	5.40226247496
60	2	经常	10.4651366031
60	3	去	10.6500977285
60	4	提供	11.1574216418
60	5	帮助	6.211188557
60	6	残疾人	19.2467390621
60	7	的	5.62698123886
60	8	停车位	21.4289463008
60	9	的	5.59202333456
60	10	医院	14.1265325812
60	11	。	6.38870597591
