sentence_id	token_id	token	surprisal
1	1	记者	9.64333460554
1	2	采访	7.13665706478
1	3	了	6.25045097294
1	4	研发	14.9595064281
1	5	产品	11.999109894
1	6	并且	12.9578402116
1	7	获	13.2393994568
1	8	了	8.18321132897
1	9	奖	14.9595064281
1	10	。	3.60245496141
2	1	记者	9.64333460554
2	2	采访	7.13665706478
2	3	了	6.25045097294
2	4	研发	14.9595064281
2	5	产品	11.999109894
2	6	并且	12.9578402116
2	7	获	13.2393994568
2	8	了	8.18321132897
2	9	奖	14.9595064281
2	10	的	4.23235238772
2	11	科学家	13.3587207275
2	12	。	6.51324156174
3	1	他	5.68454970002
3	2	认识	12.5855903505
3	3	了	4.98231772039
3	4	写	12.4763523298
3	5	书	13.7603977777
3	6	并且	12.964464534
3	7	教	13.6811414754
3	8	课	15.1184533516
3	9	。	5.30959055714
4	1	他	5.68454970002
4	2	认识	12.5855903505
4	3	了	4.98231772039
4	4	写	12.4763523298
4	5	书	13.7603977777
4	6	并且	12.964464534
4	7	教	13.6811414754
4	8	课	15.1184533516
4	9	的	3.68972224239
4	10	老师	12.1919378051
4	11	。	5.20304109414
5	1	他	5.68454970002
5	2	拍	15.0857162592
5	3	下	7.60851718766
5	4	了	5.68841616097
5	5	获得	12.101393121
5	6	大奖	10.0762981259
5	7	并且	12.3940884492
5	8	吸引	12.3984234203
5	9	游客	9.18321049029
5	10	。	7.98466631454
6	1	他	5.68454970002
6	2	拍	15.0857162592
6	3	下	7.60851718766
6	4	了	5.68841616097
6	5	获得	12.101393121
6	6	大奖	10.0762981259
6	7	并且	12.3940884492
6	8	吸引	12.3984234203
6	9	游客	9.18321049029
6	10	的	3.76727264749
6	11	艺术品	17.7975704594
6	12	。	6.13356363377
7	1	我们	6.54306553283
7	2	参加	13.6201900675
7	3	了	2.99178277205
7	4	吸引	13.1708592654
7	5	学生	9.18321049029
7	6	并且	12.6893090586
7	7	受到	10.4289672569
7	8	好评	16.8479987845
7	9	。	0.836536305022
8	1	我们	6.54306553283
8	2	参加	13.6201900675
8	3	了	2.99178277205
8	4	吸引	13.1708592654
8	5	学生	9.18321049029
8	6	并且	12.6893090586
8	7	受到	10.4289672569
8	8	好评	16.8479987845
8	9	的	6.55503751303
8	10	活动	10.062468766
8	11	。	2.55363534705
9	1	他	5.68454970002
9	2	想起	12.5855903505
9	3	了	2.78591996864
9	4	写	12.4763523298
9	5	过	4.21973573193
9	6	歌	15.7840941629
9	7	而且	14.3075305673
9	8	写	12.1319877532
9	9	过	4.21973573193
9	10	书	9.87183340333
9	11	。	4.01581334078
10	1	他	5.68454970002
10	2	想起	12.5855903505
10	3	了	2.78591996864
10	4	写	12.4763523298
10	5	过	4.21973573193
10	6	歌	15.7840941629
10	7	而且	14.3075305673
10	8	写	12.1319877532
10	9	过	4.21973573193
10	10	书	9.87183340333
10	11	的	3.85498884882
10	12	同学	11.7626412759
10	13	。	6.26378840522
11	1	司机	15.9456146357
11	2	启动	13.8642936264
11	3	了	3.76727264749
11	4	装有	18.869558104
11	5	音响	17.7773061821
11	6	并且	12.463871733
11	7	配备	16.4597542127
11	8	屏幕	17.2448811482
11	9	。	5.51336082925
12	1	司机	15.9456146357
12	2	启动	13.8642936264
12	3	了	3.76727264749
12	4	装有	18.869558104
12	5	音响	17.7773061821
12	6	并且	12.463871733
12	7	配备	16.4597542127
12	8	屏幕	17.2448811482
12	9	的	5.83307008817
12	10	车	11.915772194
12	11	。	3.668444827
13	1	爸爸	11.4732915686
13	2	买	8.09186244542
13	3	了	3.54232813615
13	4	带	12.6878433246
13	5	家具	17.886913914
13	6	还	9.22494736772
13	7	配	16.8860184838
13	8	保险	13.8872857166
13	9	。	6.16757094434
14	1	爸爸	11.4732915686
14	2	买	8.09186244542
14	3	了	3.54232813615
14	4	带	12.6878433246
14	5	家具	17.886913914
14	6	还	9.22494736772
14	7	配	16.8860184838
14	8	保险	13.8872857166
14	9	的	6.16757094434
14	10	房子	10.8834569266
14	11	。	3.23938626807
15	1	他	5.68454970002
15	2	损失	14.8994893315
15	3	了	8.14139156063
15	4	买	14.9595064281
15	5	药	9.63889378407
15	6	和	7.41148031664
15	7	买	12.1124701176
15	8	菜	6.2746867909
15	9	。	5.16757146287
16	1	他	5.68454970002
16	2	损失	14.8994893315
16	3	了	8.14139156063
16	4	买	14.9595064281
16	5	药	9.63889378407
16	6	和	7.41148031664
16	7	买	12.1124701176
16	8	菜	6.2746867909
16	9	的	5.16757146287
16	10	现金	12.98266291
16	11	。	2.42051859762
17	1	我	5.40226247496
17	2	拜访	13.9707443616
17	3	了	7.88473206578
17	4	去	10.8415313306
17	5	过	6.47202296384
17	6	中国	10.1232784529
17	7	并且	12.767464145
17	8	去	10.4690182418
17	9	过	6.47202296384
17	10	美国	8.50340942474
17	11	。	7.56847170344
18	1	我	5.40226247496
18	2	拜访	13.9707443616
18	3	了	7.88473206578
18	4	去	10.8415313306
18	5	过	6.47202296384
18	6	中国	10.1232784529
18	7	并且	12.767464145
18	8	去	10.4690182418
18	9	过	6.47202296384
18	10	美国	8.50340942474
18	11	的	4.00743434376
18	12	邻居	12.2846966942
18	13	。	7.17315774147
19	1	爷爷	17.3832007517
19	2	中止	17.7458856226
19	3	了	7.86067649239
19	4	引发	13.2063318445
19	5	争吵	17.858818246
19	6	并且	12.7246870516
19	7	伤害	14.1462236084
19	8	亲情	17.3150007887
19	9	。	6.10800627608
20	1	爷爷	17.3832007517
20	2	中止	17.7458856226
20	3	了	7.86067649239
20	4	引发	13.2063318445
20	5	争吵	17.858818246
20	6	并且	12.7246870516
20	7	伤害	14.1462236084
20	8	亲情	17.3150007887
20	9	的	5.05392831202
20	10	谈话	11.7952761676
20	11	。	4.34323163671
21	1	她	8.22619364393
21	2	提到	14.305727954
21	3	了	2.70932553494
21	4	看	12.3560028513
21	5	着	5.21475285832
21	6	电视	9.64174101892
21	7	和	7.92430332645
21	8	听	12.6658035185
21	9	着	5.85964873313
21	10	歌	15.4617177494
21	11	。	6.80881675471
22	1	她	8.22619364393
22	2	提到	14.305727954
22	3	了	2.70932553494
22	4	看	12.3560028513
22	5	着	5.21475285832
22	6	电视	9.64174101892
22	7	和	7.92430332645
22	8	听	12.6658035185
22	9	着	5.85964873313
22	10	歌	15.4617177494
22	11	的	6.80881675471
22	12	女儿	11.915772194
22	13	。	5.50411036291
23	1	医生	14.0189953436
23	2	表扬	17.8435389451
23	3	了	2.6315199394
23	4	帮助	13.2151688622
23	5	老人	14.1907108794
23	6	并且	12.5944185749
23	7	关心	13.0224051158
23	8	同学	14.7631672169
23	9	。	6.26378840522
24	1	医生	14.0189953436
24	2	表扬	17.8435389451
24	3	了	2.6315199394
24	4	帮助	13.2151688622
24	5	老人	14.1907108794
24	6	并且	12.5944185749
24	7	关心	13.0224051158
24	8	同学	14.7631672169
24	9	的	5.38870537149
24	10	孩子	9.86756417919
24	11	。	3.60460424514
25	1	她	8.22619364393
25	2	介绍	12.1957357099
25	3	了	2.80354906748
25	4	生产	15.1269434371
25	5	电视	12.871376318
25	6	并且	12.9927652693
25	7	安装	14.8368067887
25	8	电视	12.4169547086
25	9	。	7.04921764179
26	1	她	8.22619364393
26	2	介绍	12.1957357099
26	3	了	2.80354906748
26	4	生产	15.1269434371
26	5	电视	12.871376318
26	6	并且	12.9927652693
26	7	安装	14.8368067887
26	8	电视	12.4169547086
26	9	的	4.53066479044
26	10	工厂	12.98266291
26	11	。	6.30959112931
27	1	我	5.40226247496
27	2	洗	16.4681435942
27	3	了	6.22385463139
27	4	陪伴	16.5824043092
27	5	过	10.4327704114
27	6	母亲	13.9527704931
27	7	也	8.53375865664
27	8	陪伴	17.3203121329
27	9	过	10.4327704114
27	10	我	8.99675134104
27	11	。	7.50248853741
28	1	我	5.40226247496
28	2	洗	16.4681435942
28	3	了	6.22385463139
28	4	陪伴	16.5824043092
28	5	过	10.4327704114
28	6	母亲	13.9527704931
28	7	也	8.53375865664
28	8	陪伴	17.3203121329
28	9	过	10.4327704114
28	10	我	8.99675134104
28	11	的	4.34338098842
28	12	衣服	13.1376791878
28	13	。	5.22441599816
29	1	学生	12.6333025031
29	2	们	18.9302800968
29	3	写	12.2132384554
29	4	着	4.84963290357
29	5	困扰	15.8207025752
29	6	他们	10.5811621565
29	7	还	7.27280033694
29	8	困扰	16.5504998171
29	9	家长	14.3173799561
29	10	。	7.63889320898
30	1	学生	12.6333025031
30	2	们	18.9302800968
30	3	写	12.2132384554
30	4	着	4.84963290357
30	5	困扰	15.8207025752
30	6	他们	10.5811621565
30	7	还	7.27280033694
30	8	困扰	16.5504998171
30	9	家长	14.3173799561
30	10	的	3.78591837665
30	11	作业	13.2733456593
30	12	。	2.55641456478
31	1	店长	22.5755365723
31	2	拿	12.2764393165
31	3	着	3.25712937998
31	4	开	12.3668070643
31	5	大门	15.7857843423
31	6	和	7.79956181794
31	7	开	12.2387829181
31	8	仓库	17.1150532358
31	9	。	6.16822339435
32	1	店长	22.5755365723
32	2	拿	12.2764393165
32	3	着	3.25712937998
32	4	开	12.3668070643
32	5	大门	15.7857843423
32	6	和	7.79956181794
32	7	开	12.2387829181
32	8	仓库	17.1150532358
32	9	的	5.96082094443
32	10	钥匙	13.2733456593
32	11	。	2.00548167761
33	1	有人	17.3832007517
33	2	听	12.5949781058
33	3	着	5.85964873313
33	4	打扰	21.6308736213
33	5	了	7.78720890095
33	6	邻居	15.3007245545
33	7	而且	13.9681180281
33	8	触发	20.6848122098
33	9	了	7.7642605116
33	10	警报	14.9595064281
33	11	。	7.72396209677
34	1	有人	17.3832007517
34	2	听	12.5949781058
34	3	着	5.85964873313
34	4	打扰	21.6308736213
34	5	了	7.78720890095
34	6	邻居	15.3007245545
34	7	而且	13.9681180281
34	8	触发	20.6848122098
34	9	了	7.7642605116
34	10	警报	14.9595064281
34	11	的	7.17531186646
34	12	音乐	10.9462443312
34	13	。	5.91681839012
35	1	我	5.40226247496
35	2	观察	13.9707443616
35	3	着	10.6405809531
35	4	经营	12.1455355435
35	5	商店	15.4921069961
35	6	还	9.22007366267
35	7	经营	13.0631867596
35	8	餐厅	15.8321134485
35	9	。	6.57749002846
36	1	我	5.40226247496
36	2	观察	13.9707443616
36	3	着	10.6405809531
36	4	经营	12.1455355435
36	5	商店	15.4921069961
36	6	还	9.22007366267
36	7	经营	13.0631867596
36	8	餐厅	15.8321134485
36	9	的	6.57749002846
36	10	男人	11.5808291254
36	11	。	3.42051936998
37	1	学生	12.6333025031
37	2	们	18.9302800968
37	3	读	13.3198220885
37	4	着	10.4240567489
37	5	描述	14.5412351854
37	6	故事	13.4809183215
37	7	并且	12.7747331107
37	8	带来	11.9402768926
37	9	乐趣	19.3086597653
37	10	。	2.89455363003
38	1	学生	12.6333025031
38	2	们	18.9302800968
38	3	读	13.3198220885
38	4	着	10.4240567489
38	5	描述	14.5412351854
38	6	故事	13.4809183215
38	7	并且	12.7747331107
38	8	带来	11.9402768926
38	9	乐趣	19.3086597653
38	10	的	5.66252665392
38	11	书	11.0806729064
38	12	。	4.06437551148
39	1	教练	16.6417088793
39	2	创办	14.5774567404
39	3	过	10.789401252
39	4	教	14.334750278
39	5	动作	14.9513659144
39	6	并且	12.603699802
39	7	辅导	14.3210406465
39	8	孩子	12.1029001795
39	9	。	4.8478856502
40	1	教练	16.6417088793
40	2	创办	14.5774567404
40	3	过	10.789401252
40	4	教	14.334750278
40	5	动作	14.9513659144
40	6	并且	12.603699802
40	7	辅导	14.3210406465
40	8	孩子	12.1029001795
40	9	的	2.98507459804
40	10	健身房	17.6851306859
40	11	。	6.14139115327
41	1	我	5.40226247496
41	2	喜欢	8.61061687814
41	3	过	10.6029241566
41	4	给	11.1442402646
41	5	我	4.55508431494
41	6	信心	14.6661129196
41	7	并且	13.0460198281
41	8	帮助	10.4289672569
41	9	过	10.8268584403
41	10	我	8.99675134104
41	11	。	7.50248853741
42	1	我	5.40226247496
42	2	喜欢	8.61061687814
42	3	过	10.6029241566
42	4	给	11.1442402646
42	5	我	4.55508431494
42	6	信心	14.6661129196
42	7	并且	13.0460198281
42	8	帮助	10.4289672569
42	9	过	10.8268584403
42	10	我	8.99675134104
42	11	的	4.34338098842
42	12	音乐	11.101260314
42	13	。	5.91681839012
43	1	她	8.22619364393
43	2	开	12.1957357099
43	3	过	9.27309910292
43	4	容纳	16.8635016159
43	5	很多	11.8626715493
43	6	人	3.02653889747
43	7	并且	13.4212166024
43	8	通过	10.9242384944
43	9	安全	12.1172809208
43	10	测试	15.426698428
43	11	。	6.29910153339
44	1	她	8.22619364393
44	2	开	12.1957357099
44	3	过	9.27309910292
44	4	容纳	16.8635016159
44	5	很多	11.8626715493
44	6	人	3.02653889747
44	7	并且	13.4212166024
44	8	通过	10.9242384944
44	9	安全	12.1172809208
44	10	测试	15.426698428
44	11	的	6.57749002846
44	12	车	11.915772194
44	13	。	3.668444827
45	1	他	5.68454970002
45	2	修理	17.2160645814
45	3	过	10.5215847649
45	4	丢失	16.6505920698
45	5	了	2.75643620062
45	6	芯片	18.0407775387
45	7	还	9.20082333583
45	8	丢失	17.0715117864
45	9	了	2.75643620062
45	10	屏幕	17.1346649914
45	11	。	5.51336082925
46	1	他	5.68454970002
46	2	修理	17.2160645814
46	3	过	10.5215847649
46	4	丢失	16.6505920698
46	5	了	2.75643620062
46	6	芯片	18.0407775387
46	7	还	9.20082333583
46	8	丢失	17.0715117864
46	9	了	2.75643620062
46	10	屏幕	17.1346649914
46	11	的	5.83307008817
46	12	电脑	11.2289245305
46	13	。	7.35262844145
47	1	他	5.68454970002
47	2	讲	12.5855903505
47	3	过	5.7456625449
47	4	介绍	12.8538609145
47	5	画家	17.3109964686
47	6	并且	12.4708071694
47	7	介绍	12.2002508961
47	8	博物馆	14.1489149453
47	9	。	8.94874607533
48	1	他	5.68454970002
48	2	讲	12.5855903505
48	3	过	5.7456625449
48	4	介绍	12.8538609145
48	5	画家	17.3109964686
48	6	并且	12.4708071694
48	7	介绍	12.2002508961
48	8	博物馆	14.1489149453
48	9	的	3.81077281681
48	10	课	13.0207184055
48	11	。	3.3432314903
49	1	我	5.40226247496
49	2	邀请	14.7313793023
49	3	过	10.4577686722
49	4	喜欢	13.8356228465
49	5	明星	14.4734011741
49	6	而且	14.0375424445
49	7	喜欢	13.2101630968
49	8	作家	13.6826446117
49	9	。	5.73828886366
50	1	我	5.40226247496
50	2	邀请	14.7313793023
50	3	过	10.4577686722
50	4	喜欢	13.8356228465
50	5	明星	14.4734011741
50	6	而且	14.0375424445
50	7	喜欢	13.2101630968
50	8	作家	13.6826446117
50	9	的	5.73828886366
50	10	朋友	9.92965235423
50	11	。	4.40927822999
51	1	她	8.22619364393
51	2	申请	13.34530102
51	3	过	10.7197963276
51	4	减轻	14.9746495323
51	5	她	11.2805348222
51	6	负担	14.3883566748
51	7	同时	12.535368827
51	8	缓解	14.8373515047
51	9	她	11.0125726937
51	10	压力	12.8863899246
51	11	。	3.37378016027
52	1	她	8.22619364393
52	2	申请	13.34530102
52	3	过	10.7197963276
52	4	减轻	14.9746495323
52	5	她	11.2805348222
52	6	负担	14.3883566748
52	7	同时	12.535368827
52	8	缓解	14.8373515047
52	9	她	11.0125726937
52	10	压力	12.8863899246
52	11	的	4.73135232611
52	12	奖金	14.8713192398
52	13	。	3.57500604211
53	1	她	8.22619364393
53	2	去	9.57631218729
53	3	卖	12.8438447936
53	4	礼物	16.2872357918
53	5	并且	12.5576741883
53	6	回收	13.9903197335
53	7	报纸	14.0893399329
53	8	。	6.73585679947
54	1	她	8.22619364393
54	2	去	9.57631218729
54	3	卖	12.8438447936
54	4	礼物	16.2872357918
54	5	并且	12.5576741883
54	6	回收	13.9903197335
54	7	报纸	14.0893399329
54	8	的	3.52324695635
54	9	商店	15.7464005526
54	10	。	6.69778414236
55	1	弟弟	17.2728785911
55	2	需要	11.4171389405
55	3	用于	14.4163986049
55	4	游戏	13.7876858178
55	5	和	7.63889320898
55	6	买	12.1124701176
55	7	书	5.13081424015
55	8	。	3.89241367857
56	1	弟弟	17.2728785911
56	2	需要	11.4171389405
56	3	用于	14.4163986049
56	4	游戏	13.7876858178
56	5	和	7.63889320898
56	6	买	12.1124701176
56	7	书	5.13081424015
56	8	的	3.73158898678
56	9	钱	10.2493466135
56	10	。	5.20188038688
57	1	他	5.68454970002
57	2	很	10.1833373043
57	3	欣赏	12.1459081719
57	4	写	12.2261815474
57	5	小说	9.35771218728
57	6	并且	12.8139296233
57	7	做	8.6846296881
57	8	慈善	11.7762853294
57	9	。	6.36832223751
58	1	他	5.68454970002
58	2	很	10.1833373043
58	3	欣赏	12.1459081719
58	4	写	12.2261815474
58	5	小说	9.35771218728
58	6	并且	12.8139296233
58	7	做	8.6846296881
58	8	慈善	11.7762853294
58	9	的	5.81967164135
58	10	作家	12.7408401389
58	11	。	3.7058036195
59	1	我	5.40226247496
59	2	经常	10.4651366031
59	3	去	10.6500977285
59	4	提供	11.1574216418
59	5	停车位	21.935056024
59	6	并且	12.4642589243
59	7	帮助	10.4289672569
59	8	残疾人	18.9663007003
59	9	。	6.17563157108
60	1	我	5.40226247496
60	2	经常	10.4651366031
60	3	去	10.6500977285
60	4	提供	11.1574216418
60	5	停车位	21.935056024
60	6	并且	12.4642589243
60	7	帮助	10.4289672569
60	8	残疾人	18.9663007003
60	9	的	5.62698123886
60	10	医院	14.1265325812
60	11	。	6.38870597591
