sentence_id	token_id	token	surprisal
1	1	他	5.68454970002
1	2	喜欢	12.5855903505
1	3	那	9.07629828166
1	4	家	9.7421319104
1	5	亲切	17.0379972509
1	6	的	5.86128323408
1	7	老板	11.5808291254
1	8	投资	10.8347588193
1	9	的	3.6139455661
1	10	饭店	15.9505699155
1	11	。	7.14139094959
2	1	他	5.68454970002
2	2	喜欢	12.5855903505
2	3	那	9.07629828166
2	4	个	4.81901829075
2	5	亲切	15.8990797674
2	6	的	5.86128323408
2	7	老板	11.5808291254
2	8	投资	10.8347588193
2	9	的	3.6139455661
2	10	饭店	15.9505699155
2	11	。	7.14139094959
3	1	她	8.22619364393
3	2	在	4.95084212345
3	3	看	11.1945653303
3	4	那	11.3113179471
3	5	幅	17.1732897003
3	6	聪明	15.6521960816
3	7	的	2.20095779958
3	8	朋友	9.92965235423
3	9	喜欢	13.6675854527
3	10	的	4.32639958127
3	11	画	14.9661116404
3	12	。	6.27831593576
4	1	她	8.22619364393
4	2	在	4.95084212345
4	3	看	11.1945653303
4	4	那	11.3113179471
4	5	个	4.81901829075
4	6	聪明	13.8173671056
4	7	的	2.20095779958
4	8	朋友	9.92965235423
4	9	喜欢	13.6675854527
4	10	的	4.32639958127
4	11	画	14.9661116404
4	12	。	6.27831593576
5	1	我	5.40226247496
5	2	欣赏	16.0073774489
5	3	那	11.1127739175
5	4	件	6.04298892645
5	5	细心	19.145133631
5	6	的	2.24186332025
5	7	老师	12.1919378051
5	8	收藏	15.5754754797
5	9	的	2.08446349643
5	10	艺术品	17.7975704594
5	11	。	6.13356363377
6	1	我	5.40226247496
6	2	欣赏	16.0073774489
6	3	那	11.1127739175
6	4	个	4.81901829075
6	5	细心	13.8173671056
6	6	的	2.24186332025
6	7	老师	12.1919378051
6	8	收藏	15.5754754797
6	9	的	2.08446349643
6	10	艺术品	17.7975704594
6	11	。	6.13356363377
7	1	他	5.68454970002
7	2	打	11.710507874
7	3	了	3.56029950947
7	4	那	10.07926504
7	5	只	8.93421335004
7	6	负责	13.6051085208
7	7	的	3.69764468105
7	8	店长	21.4970604323
7	9	喜欢	13.3003148145
7	10	的	4.32639958127
7	11	宠物	17.490738328
7	12	。	6.13941172792
8	1	他	5.68454970002
8	2	打	11.710507874
8	3	了	3.56029950947
8	4	那	10.07926504
8	5	个	4.88618174333
8	6	负责	13.8173671056
8	7	的	3.69764468105
8	8	店长	21.4970604323
8	9	喜欢	13.3003148145
8	10	的	4.32639958127
8	11	宠物	17.490738328
8	12	。	6.13941172792
9	1	我	5.40226247496
9	2	在	5.6442782398
9	3	思念	21.1068091871
9	4	那	11.0606080904
9	5	首	8.86705010653
9	6	有名	16.6088933519
9	7	的	0.680394550715
9	8	明星	13.6933732748
9	9	唱	14.3592330507
9	10	的	3.24535121415
9	11	歌	13.6377679086
9	12	。	6.80881675471
10	1	我	5.40226247496
10	2	在	5.6442782398
10	3	思念	21.1068091871
10	4	那	11.0606080904
10	5	个	4.81901829075
10	6	有名	13.8173671056
10	7	的	0.680394550715
10	8	明星	13.6933732748
10	9	唱	14.3592330507
10	10	的	3.24535121415
10	11	歌	13.6377679086
10	12	。	6.80881675471
11	1	她	8.22619364393
11	2	拜访	16.0886993262
11	3	了	7.88473206578
11	4	那	9.51602537009
11	5	所	10.6424628731
11	6	富有	15.3780532365
11	7	的	6.44624741216
11	8	老人	12.7408401389
11	9	去	10.910980808
11	10	的	6.47202296384
11	11	学校	11.3348167562
11	12	。	4.99530975562
12	1	她	8.22619364393
12	2	拜访	16.0886993262
12	3	了	7.88473206578
12	4	那	9.51602537009
12	5	个	4.88618174333
12	6	富有	13.8173671056
12	7	的	6.44624741216
12	8	老人	12.7408401389
12	9	去	10.910980808
12	10	的	6.47202296384
12	11	学校	11.3348167562
12	12	。	4.99530975562
13	1	他	5.68454970002
13	2	检查	14.6735483425
13	3	了	6.73585679947
13	4	那	9.51602537009
13	5	件	6.11015231645
13	6	紧张	15.5098086941
13	7	的	2.93237670132
13	8	司机	14.2631385134
13	9	带	12.4954717087
13	10	的	6.71063361748
13	11	行李	17.490738328
13	12	。	6.0754319588
14	1	他	5.68454970002
14	2	检查	14.6735483425
14	3	了	6.73585679947
14	4	那	9.51602537009
14	5	个	4.88618174333
14	6	紧张	13.0289233328
14	7	的	2.93237670132
14	8	司机	14.2631385134
14	9	带	12.4954717087
14	10	的	6.71063361748
14	11	行李	17.490738328
14	12	。	6.0754319588
15	1	我	5.40226247496
15	2	听说	10.4651366031
15	3	过	2.53697608757
15	4	那	9.98949148388
15	5	本	7.26907620266
15	6	有名	16.8098081342
15	7	的	0.680394550715
15	8	作家	12.7964452005
15	9	写	8.44545809328
15	10	的	3.09589684315
15	11	书	11.164977714
15	12	。	4.06437551148
16	1	我	5.40226247496
16	2	听说	10.4651366031
16	3	过	2.53697608757
16	4	那	9.98949148388
16	5	个	4.81901829075
16	6	有名	13.8173671056
16	7	的	0.680394550715
16	8	作家	12.7964452005
16	9	写	8.44545809328
16	10	的	3.09589684315
16	11	书	11.164977714
16	12	。	4.06437551148
17	1	她	8.22619364393
17	2	撞	17.9905531811
17	3	了	2.89455363003
17	4	那	9.51602537009
17	5	辆	4.23631879636
17	6	熟悉	15.2073183135
17	7	的	1.9250545608
17	8	朋友	9.92965235423
17	9	开	12.5761496348
17	10	的	5.0557054921
17	11	车	11.915772194
17	12	。	3.668444827
18	1	她	8.22619364393
18	2	撞	17.9905531811
18	3	了	2.89455363003
18	4	那	9.51602537009
18	5	个	4.88618174333
18	6	熟悉	13.8173671056
18	7	的	1.9250545608
18	8	朋友	9.92965235423
18	9	开	12.5761496348
18	10	的	5.0557054921
18	11	车	11.915772194
18	12	。	3.668444827
19	1	我们	6.54306553283
19	2	认可	13.6201900675
19	3	了	7.90273838322
19	4	那	9.51602537009
19	5	份	7.33623951444
19	6	淘气	21.4105841879
19	7	的	3.05392855165
19	8	孩子	9.86756417919
19	9	做	10.5022066054
19	10	的	3.80588651553
19	11	作业	13.8835695967
19	12	。	2.55641456478
20	1	我们	6.54306553283
20	2	认可	13.6201900675
20	3	了	7.90273838322
20	4	那	9.51602537009
20	5	个	4.88618174333
20	6	淘气	13.8173671056
20	7	的	3.05392855165
20	8	孩子	9.86756417919
20	9	做	10.5022066054
20	10	的	3.80588651553
20	11	作业	13.8835695967
20	12	。	2.55641456478
21	1	他们	7.26059859028
21	2	接受	12.2731942569
21	3	了	4.02212428863
21	4	那	9.56661209686
21	5	份	7.33623951444
21	6	严格	13.5376118714
21	7	的	2.19135629659
21	8	老板	11.5808291254
21	9	制定	13.047067108
21	10	的	3.45511393947
21	11	合同	12.98266291
21	12	。	3.3432314903
22	1	他们	7.26059859028
22	2	接受	12.2731942569
22	3	了	4.02212428863
22	4	那	9.56661209686
22	5	个	4.88618174333
22	6	严格	13.8173671056
22	7	的	2.19135629659
22	8	老板	11.5808291254
22	9	制定	13.047067108
22	10	的	3.45511393947
22	11	合同	12.98266291
22	12	。	3.3432314903
23	1	他	5.68454970002
23	2	离开	10.4769567085
23	3	了	3.5173370545
23	4	那	4.23631879636
23	5	间	12.7693575258
23	6	负责	12.9405501954
23	7	的	3.69764468105
23	8	朋友	9.99776802001
23	9	开	12.5761496348
23	10	的	5.0557054921
23	11	工厂	12.98266291
23	12	。	6.30959112931
24	1	他	5.68454970002
24	2	离开	10.4769567085
24	3	了	3.5173370545
24	4	那	4.23631879636
24	5	个	4.88618174333
24	6	负责	13.8173671056
24	7	的	3.69764468105
24	8	朋友	9.99776802001
24	9	开	12.5761496348
24	10	的	5.0557054921
24	11	工厂	12.98266291
24	12	。	6.30959112931
25	1	她	8.22619364393
25	2	找	13.1186263087
25	3	了	4.56821916808
25	4	那	10.0889030048
25	5	张	7.33623951444
25	6	聪明	16.0048935203
25	7	的	2.20095779958
25	8	孩子	9.86756417919
25	9	照	16.5266954128
25	10	的	5.69244669146
25	11	照片	11.915772194
25	12	。	3.22787448513
26	1	她	8.22619364393
26	2	找	13.1186263087
26	3	了	4.56821916808
26	4	那	10.0889030048
26	5	个	4.88618174333
26	6	聪明	13.8173671056
26	7	的	2.20095779958
26	8	孩子	9.86756417919
26	9	照	16.5266954128
26	10	的	5.69244669146
26	11	照片	11.915772194
26	12	。	3.22787448513
27	1	我	5.40226247496
27	2	需要	8.61061687814
27	3	那	11.386216766
27	4	台	13.1119604142
27	5	负责	12.6095962926
27	6	的	3.69764468105
27	7	老师	12.2600543931
27	8	用	7.6760970468
27	9	的	4.72850241805
27	10	手机	12.4473538896
27	11	。	5.89667505762
28	1	我	5.40226247496
28	2	需要	8.61061687814
28	3	那	11.386216766
28	4	个	4.81901829075
28	5	负责	13.8173671056
28	6	的	3.69764468105
28	7	老师	12.2600543931
28	8	用	7.6760970468
28	9	的	4.72850241805
28	10	手机	12.4473538896
28	11	。	5.89667505762
29	1	他	5.68454970002
29	2	在	4.45785806399
29	3	画	15.4163929266
29	4	那	11.2101600207
29	5	朵	22.0131768389
29	6	细心	16.8874582953
29	7	的	2.24186332025
29	8	邻居	12.1919378051
29	9	种	12.4517002106
29	10	的	8.24261719333
29	11	花	14.1265325812
29	12	。	9.27558623614
30	1	他	5.68454970002
30	2	在	4.45785806399
30	3	画	15.4163929266
30	4	那	11.2101600207
30	5	个	4.81901829075
30	6	细心	13.8173671056
30	7	的	2.24186332025
30	8	邻居	12.1919378051
30	9	种	12.4517002106
30	10	的	8.24261719333
30	11	花	14.1265325812
30	12	。	9.27558623614
31	1	她	8.22619364393
31	2	在	4.95084212345
31	3	介绍	12.3992952531
31	4	那	12.0915353126
31	5	台	13.1119604142
31	6	优秀	14.3634750358
31	7	的	2.07705747162
31	8	科学家	13.2733456593
31	9	做	10.9066137171
31	10	的	3.80588651553
31	11	电视	12.2942952444
31	12	。	7.09821691125
32	1	她	8.22619364393
32	2	在	4.95084212345
32	3	介绍	12.3992952531
32	4	那	12.0915353126
32	5	个	4.81901829075
32	6	优秀	14.1042723624
32	7	的	2.07705747162
32	8	科学家	13.2733456593
32	9	做	10.9066137171
32	10	的	3.80588651553
32	11	电视	12.2942952444
32	12	。	7.09821691125
33	1	我	5.40226247496
33	2	见	12.2264062143
33	3	过	3.70778008083
33	4	那	10.023442594
33	5	栋	8.12226346329
33	6	富有	15.252546827
33	7	的	6.44624741216
33	8	男人	11.5808291254
33	9	买	12.193412792
33	10	的	4.34009268099
33	11	房子	4.12084180903
33	12	。	3.23938626807
34	1	我	5.40226247496
34	2	见	12.2264062143
34	3	过	3.70778008083
34	4	那	10.023442594
34	5	个	4.81901829075
34	6	富有	13.8173671056
34	7	的	6.44624741216
34	8	男人	11.5808291254
34	9	买	12.193412792
34	10	的	4.34009268099
34	11	房子	4.12084180903
34	12	。	3.23938626807
35	1	我	5.40226247496
35	2	拒绝	13.9707443616
35	3	了	4.22885448781
35	4	那	9.51602537009
35	5	条	7.33623951444
35	6	紧张	13.4292650216
35	7	的	2.93237670132
35	8	朋友	10.0662578087
35	9	给	7.03808367918
35	10	的	7.85054191272
35	11	建议	10.8232832748
35	12	。	3.00234599731
36	1	我	5.40226247496
36	2	拒绝	13.9707443616
36	3	了	4.22885448781
36	4	那	9.51602537009
36	5	个	4.88618174333
36	6	紧张	13.0289233328
36	7	的	2.93237670132
36	8	朋友	10.0662578087
36	9	给	7.03808367918
36	10	的	7.85054191272
36	11	建议	10.8232832748
36	12	。	3.00234599731
37	1	他	5.68454970002
37	2	在	4.45785806399
37	3	看	11.1989998572
37	4	那	11.3113179471
37	5	支	15.2335290497
37	6	负责	12.459853529
37	7	的	3.69764468105
37	8	老师	12.2600543931
37	9	用	7.6760970468
37	10	的	4.72850241805
37	11	笔	16.0018163848
37	12	。	7.86128323408
38	1	他	5.68454970002
38	2	在	4.45785806399
38	3	看	11.1989998572
38	4	那	11.3113179471
38	5	个	4.81901829075
38	6	负责	13.8173671056
38	7	的	3.69764468105
38	8	老师	12.2600543931
38	9	用	7.6760970468
38	10	的	4.72850241805
38	11	笔	16.0018163848
38	12	。	7.86128323408
39	1	她	8.22619364393
39	2	在	4.95084212345
39	3	找	13.6676201827
39	4	那	11.5542001104
39	5	只	8.86705010653
39	6	内向	20.2041955935
39	7	的	3.05392855165
39	8	女人	12.1919378051
39	9	丢	15.3403265985
39	10	的	5.84814326096
39	11	鞋子	15.7464005526
39	12	。	6.17910115459
40	1	她	8.22619364393
40	2	在	4.95084212345
40	3	找	13.6676201827
40	4	那	11.5542001104
40	5	个	4.81901829075
40	6	内向	18.9494799908
40	7	的	3.05392855165
40	8	女人	12.1919378051
40	9	丢	15.3403265985
40	10	的	5.84814326096
40	11	鞋子	15.7464005526
40	12	。	6.17910115459
41	1	我	5.40226247496
41	2	讨厌	12.2264062143
41	3	那	11.1832522572
41	4	条	7.26907620266
41	5	孤独	16.5123290344
41	6	的	3.63151868779
41	7	邻居	12.1919378051
41	8	养	14.7862383808
41	9	的	4.95344624627
41	10	狗	15.7464005526
41	11	。	5.16757146287
42	1	我	5.40226247496
42	2	讨厌	12.2264062143
42	3	那	11.1832522572
42	4	个	4.81901829075
42	5	孤独	16.1119892798
42	6	的	3.63151868779
42	7	邻居	12.1919378051
42	8	养	14.7862383808
42	9	的	4.95344624627
42	10	狗	15.7464005526
42	11	。	5.16757146287
43	1	他	5.68454970002
43	2	发现	10.1833373043
43	3	了	3.0888388906
43	4	那	9.77232034904
43	5	座	9.8092944687
43	6	幽默	16.0860745039
43	7	的	3.63151868779
43	8	老人	12.7408401389
43	9	修	15.2787683295
43	10	的	6.51336017028
43	11	桥	17.490738328
43	12	。	5.11694505008
44	1	他	5.68454970002
44	2	发现	10.1833373043
44	3	了	3.0888388906
44	4	那	9.77232034904
44	5	个	4.88618174333
44	6	幽默	15.8990797674
44	7	的	3.63151868779
44	8	老人	12.7408401389
44	9	修	15.2787683295
44	10	的	6.51336017028
44	11	桥	17.490738328
44	12	。	5.11694505008
45	1	她	8.22619364393
45	2	评价	15.2959232838
45	3	了	4.60443490093
45	4	那	9.51602537009
45	5	篇	7.04555787979
45	6	认真	14.6294634158
45	7	的	2.63281593764
45	8	学生	10.1707769462
45	9	准备	12.4127045812
45	10	的	5.62443964053
45	11	报告	10.9462443312
45	12	。	3.26632149078
46	1	她	8.22619364393
46	2	评价	15.2959232838
46	3	了	4.60443490093
46	4	那	9.51602537009
46	5	个	4.88618174333
46	6	认真	13.8173671056
46	7	的	2.63281593764
46	8	学生	10.1707769462
46	9	准备	12.4127045812
46	10	的	5.62443964053
46	11	报告	10.9462443312
46	12	。	3.26632149078
47	1	我	5.40226247496
47	2	在	5.6442782398
47	3	等	5.2924359132
47	4	那	11.6277248188
47	5	封	11.4864701034
47	6	亲切	16.0522833237
47	7	的	5.86128323408
47	8	朋友	9.92965235423
47	9	写	9.65750380091
47	10	的	3.09589684315
47	11	信	14.2108372806
47	12	。	5.71436360709
48	1	我	5.40226247496
48	2	在	5.6442782398
48	3	等	5.2924359132
48	4	那	11.6277248188
48	5	个	4.81901829075
48	6	亲切	15.8990797674
48	7	的	5.86128323408
48	8	朋友	9.92965235423
48	9	写	9.65750380091
48	10	的	3.09589684315
48	11	信	14.2108372806
48	12	。	5.71436360709
49	1	他	5.68454970002
49	2	提到	14.8649609631
49	3	了	2.70932553494
49	4	那	9.53194563572
49	5	堂	19.8280830151
49	6	有名	14.9621454378
49	7	的	0.680394550715
49	8	老师	12.2475437568
49	9	教	9.42043561698
49	10	的	7.51336043387
49	11	课	12.98266291
49	12	。	3.3432314903
50	1	他	5.68454970002
50	2	提到	14.8649609631
50	3	了	2.70932553494
50	4	那	9.53194563572
50	5	个	4.88618174333
50	6	有名	13.8173671056
50	7	的	0.680394550715
50	8	老师	12.2475437568
50	9	教	9.42043561698
50	10	的	7.51336043387
50	11	课	12.98266291
50	12	。	3.3432314903
51	1	她	8.22619364393
51	2	推荐	16.2111554734
51	3	了	6.14139115327
51	4	那	9.51602537009
51	5	块	14.6303313968
51	6	细心	17.1628320495
51	7	的	2.24186332025
51	8	医生	12.98266291
51	9	喜欢	13.4423744042
51	10	的	4.32639958127
51	11	手表	15.7464005526
51	12	。	6.30215161051
52	1	她	8.22619364393
52	2	推荐	16.2111554734
52	3	了	6.14139115327
52	4	那	9.51602537009
52	5	个	4.88618174333
52	6	细心	13.8173671056
52	7	的	2.24186332025
52	8	医生	12.98266291
52	9	喜欢	13.4423744042
52	10	的	4.32639958127
52	11	手表	15.7464005526
52	12	。	6.30215161051
53	1	我	5.40226247496
53	2	选择	11.3513239483
53	3	了	2.12084005204
53	4	那	9.5501024053
53	5	篇	7.04555787979
53	6	优秀	15.3013535825
53	7	的	2.07705747162
53	8	学生	10.1707769462
53	9	写	12.6230757206
53	10	的	3.09589684315
53	11	论文	13.3576499838
53	12	。	6.23087202404
54	1	我	5.40226247496
54	2	选择	11.3513239483
54	3	了	2.12084005204
54	4	那	9.5501024053
54	5	个	4.88618174333
54	6	优秀	14.1042723624
54	7	的	2.07705747162
54	8	学生	10.1707769462
54	9	写	12.6230757206
54	10	的	3.09589684315
54	11	论文	13.3576499838
54	12	。	6.23087202404
55	1	她	8.22619364393
55	2	喜欢	14.027357381
55	3	那	9.07629828166
55	4	场	6.9783946513
55	5	专业	12.7255427484
55	6	的	3.7093247801
55	7	演员	14.2039279703
55	8	准备	12.2566143639
55	9	的	5.62443964053
55	10	表演	12.3527626627
55	11	。	3.81321752317
56	1	她	8.22619364393
56	2	喜欢	14.027357381
56	3	那	9.07629828166
56	4	个	4.81901829075
56	5	专业	12.0730292598
56	6	的	3.7093247801
56	7	演员	14.2039279703
56	8	准备	12.2566143639
56	9	的	5.62443964053
56	10	表演	12.3527626627
56	11	。	3.81321752317
57	1	他	5.68454970002
57	2	称赞	14.3299285021
57	3	了	7.77342060478
57	4	那	9.51602537009
57	5	间	12.7693575258
57	6	勇敢	16.1394066266
57	7	的	1.45274326701
57	8	警察	11.9448510371
57	9	工作	10.318296616
57	10	的	3.22664096375
57	11	办公室	12.1045587476
57	12	。	5.96639305005
58	1	他	5.68454970002
58	2	称赞	14.3299285021
58	3	了	7.77342060478
58	4	那	9.51602537009
58	5	个	4.88618174333
58	6	勇敢	15.5492506211
58	7	的	1.45274326701
58	8	警察	11.9448510371
58	9	工作	10.318296616
58	10	的	3.22664096375
58	11	办公室	12.1045587476
58	12	。	5.96639305005
59	1	我	5.40226247496
59	2	听说	10.4651366031
59	3	过	2.53697608757
59	4	那	9.98949148388
59	5	首	8.86705010653
59	6	聪明	17.2717223112
59	7	的	2.20095779958
59	8	孩子	9.86756417919
59	9	写	12.8190456571
59	10	的	3.09589684315
59	11	诗	17.5750430026
59	12	。	6.22385463139
60	1	我	5.40226247496
60	2	听说	10.4651366031
60	3	过	2.53697608757
60	4	那	9.98949148388
60	5	个	4.81901829075
60	6	聪明	13.8173671056
60	7	的	2.20095779958
60	8	孩子	9.86756417919
60	9	写	12.8190456571
60	10	的	3.09589684315
60	11	诗	17.5750430026
60	12	。	6.22385463139
61	1	我	5.40226247496
61	2	选择	11.3513239483
61	3	了	2.12084005204
61	4	那	9.5501024053
61	5	家	9.8092944687
61	6	细心	17.8031669372
61	7	的	2.24186332025
61	8	朋友	9.92965235423
61	9	去	10.9545906701
61	10	的	6.47202296384
61	11	银行	12.3738598123
61	12	。	3.99530952553
62	1	我	5.40226247496
62	2	选择	11.3513239483
62	3	了	2.12084005204
62	4	那	9.5501024053
62	5	个	4.88618174333
62	6	细心	13.8173671056
62	7	的	2.24186332025
62	8	朋友	9.92965235423
62	9	去	10.9545906701
62	10	的	6.47202296384
62	11	银行	12.3738598123
62	12	。	3.99530952553
