sentence_id	token_id	token	surprisal
1	1	那	7.24457066948
1	2	位	6.65064052038
1	3	教授	11.5179245634
1	4	写	12.5124376002
1	5	了	3.01986762614
1	6	书	14.0614897043
1	7	的	3.78855273286
1	8	内容	10.2123336098
1	9	。	2.65837579704
2	1	那	7.24457066948
2	2	位	6.65064052038
2	3	教授	11.5179245634
2	4	打	12.001687051
2	5	了	3.56029950947
2	6	书	13.9581577331
2	7	的	3.78855273286
2	8	内容	10.2123336098
2	9	。	2.65837579704
3	1	弟弟	17.2728785911
3	2	启动	14.0541555884
3	3	了	3.76727264749
3	4	车	13.2151688622
3	5	。	4.32639958127
4	1	弟弟	17.2728785911
4	2	认识	13.0392601243
4	3	了	4.98231772039
4	4	车	13.2151688622
4	5	。	4.32639958127
5	1	他	5.68454970002
5	2	拿	13.5627153789
5	3	了	3.56792024225
5	4	桌子	17.6982160987
5	5	上	4.86128323408
5	6	的	3.50829144202
5	7	筷子	20.8721066857
5	8	。	6.17905515912
6	1	他	5.68454970002
6	2	听	14.3299285021
6	3	了	4.47395587466
6	4	桌子	17.7608608777
6	5	上	4.86128323408
6	6	的	3.50829144202
6	7	筷子	20.8721066857
6	8	。	6.17905515912
7	1	她	8.22619364393
7	2	终于	14.027357381
7	3	实现	12.0570211709
7	4	了	3.0838823351
7	5	理想	14.5323708098
7	6	。	4.8939409722
8	1	她	8.22619364393
8	2	终于	14.027357381
8	3	购买	12.883523154
8	4	了	4.18970872955
8	5	理想	14.6616142031
8	6	。	4.8939409722
9	1	我	5.40226247496
9	2	修理	13.9707443616
9	3	了	5.75437018677
9	4	这个	7.49686763544
9	5	电脑	12.8525041217
9	6	。	7.27537434116
10	1	我	5.40226247496
10	2	阅读	16.0073774489
10	3	了	7.78033094833
10	4	这个	7.49686763544
10	5	电脑	12.8525041217
10	6	。	7.27537434116
11	1	我	5.40226247496
11	2	邀请	14.7313793023
11	3	过	10.4577686722
11	4	我	8.99675134104
11	5	的	4.34338098842
11	6	朋友	6.21127834564
11	7	。	4.25945349098
12	1	我	5.40226247496
12	2	打开	13.9707443616
12	3	过	10.6524627297
12	4	我	8.99675134104
12	5	的	4.34338098842
12	6	朋友	6.21127834564
12	7	。	4.25945349098
13	1	记者	9.64333460554
13	2	采访	7.13665706478
13	3	了	6.25045097294
13	4	艺术家	14.9595064281
13	5	。	6.14210828359
14	1	记者	9.64333460554
14	2	制作	13.9887388168
14	3	了	4.83031262038
14	4	艺术家	14.9595064281
14	5	。	6.14210828359
15	1	他	5.68454970002
15	2	参与	13.6929217451
15	3	了	5.47708226704
15	4	战争	12.50957615
15	5	。	5.10492971781
16	1	他	5.68454970002
16	2	建造	12.5855903505
16	3	了	6.16757094434
16	4	战争	12.340082875
16	5	。	5.10492971781
17	1	她	8.22619364393
17	2	批评	13.9453478821
17	3	了	8.30185723924
17	4	儿子	14.0939683866
17	5	。	6.80144545936
18	1	她	8.22619364393
18	2	改正	19.3423880297
18	3	了	4.0539280724
18	4	儿子	14.0939683866
18	5	。	6.80144545936
19	1	我	5.40226247496
19	2	结束	13.0991658634
19	3	了	2.8779067282
19	4	谈话	15.3120170479
19	5	。	3.89917624795
20	1	我	5.40226247496
20	2	表扬	19.0059237936
20	3	了	2.6315199394
20	4	谈话	14.9595064281
20	5	。	3.89917624795
21	1	他	5.68454970002
21	2	买	12.5855903505
21	3	了	3.54232813615
21	4	这些	10.0061228734
21	5	笔	14.7161536109
21	6	。	7.86128323408
22	1	他	5.68454970002
22	2	种	13.6629537753
22	3	了	12.0955882987
22	4	这些	9.82152903315
22	5	笔	14.7161536109
22	6	。	7.86128323408
23	1	他	5.68454970002
23	2	提出	10.9657213845
23	3	了	3.25752944114
23	4	很多	8.07500609233
23	5	问题	7.12134600298
23	6	。	3.5157581532
24	1	他	5.68454970002
24	2	申请	13.9045339805
24	3	了	6.36524571626
24	4	很多	8.19827821243
24	5	问题	7.12134600298
24	6	。	3.5157581532
25	1	这	5.42617318975
25	2	款	14.2110148361
25	3	药	14.7520109427
25	4	治疗	13.7848123491
25	5	了	8.2439470625
25	6	他	6.96353183293
25	7	的	1.9407372129
25	8	疾病	12.8645612988
25	9	。	7.41918265215
26	1	这	5.42617318975
26	2	款	14.2110148361
26	3	药	14.7520109427
26	4	缓解	14.572099758
26	5	了	6.91190939102
26	6	他	6.96353183293
26	7	的	1.9407372129
26	8	疾病	12.8645612988
26	9	。	7.41918265215
27	1	我	5.40226247496
27	2	看	8.12424987611
27	3	着	5.5680121207
27	4	奶奶	15.9994289517
27	5	的	5.78779316397
27	6	面容	17.490738328
27	7	。	6.2501972723
28	1	我	5.40226247496
28	2	听	10.4651366031
28	3	着	5.96940186584
28	4	奶奶	16.1427221043
28	5	的	5.78779316397
28	6	面容	17.490738328
28	7	。	6.2501972723
29	1	学者	14.4027222395
29	2	发现	11.6607911011
29	3	了	3.03837489381
29	4	这个	7.75316358865
29	5	规律	12.8525041217
29	6	。	5.86128323408
30	1	学者	14.4027222395
30	2	发明	15.4618590345
30	3	了	4.47951720356
30	4	这个	7.49686763544
30	5	规律	12.8525041217
30	6	。	5.86128323408
31	1	母亲	13.530230446
31	2	准备	12.0953408084
31	3	了	5.33375401712
31	4	晚饭	18.2763468181
31	5	。	6.09611419882
32	1	母亲	13.530230446
32	2	责备	17.8701376232
32	3	了	7.77228092327
32	4	晚饭	18.0407775387
32	5	。	6.09611419882
33	1	孩子	13.530230446
33	2	培养	10.1466864258
33	3	了	4.18157661859
33	4	这个	7.49686763544
33	5	特长	20.8578012472
33	6	。	4.0539280724
34	1	孩子	13.530230446
34	2	改正	18.8567309266
34	3	了	4.0539280724
34	4	这个	7.49686763544
34	5	特长	20.8578012472
34	6	。	4.0539280724
35	1	政府	10.1803412015
35	2	设立	10.6911483317
35	3	了	2.7387248307
35	4	项目	13.4317693912
35	5	。	3.99404715816
36	1	政府	10.1803412015
36	2	引发	13.4188121491
36	3	了	2.31491706927
36	4	项目	13.3169739982
36	5	。	3.99404715816
37	1	我	5.40226247496
37	2	回忆	13.9707443616
37	3	了	7.30185678396
37	4	之前	14.9595064281
37	5	的	4.24051456189
37	6	经历	11.6840715558
37	7	。	2.68135806462
38	1	我	5.40226247496
38	2	帮助	13.9707443616
38	3	了	6.79206102283
38	4	之前	14.9595064281
38	5	的	4.24051456189
38	6	经历	11.6840715558
38	7	。	2.68135806462
39	1	花园	17.0873852131
39	2	长满	18.5917943723
39	3	了	4.0539280724
39	4	草	18.869558104
39	5	。	6.12453873307
40	1	花园	17.0873852131
40	2	吸引	12.4931725767
40	3	了	3.60824494767
40	4	草	19.0956550021
40	5	。	6.12453873307
41	1	雨水	17.4857881102
41	2	清洗	20.7940430119
41	3	了	7.7771194071
41	4	大楼	14.9595064281
41	5	。	8.683287544
42	1	雨水	17.4857881102
42	2	灌溉	16.8995317494
42	3	了	7.81364305978
42	4	大楼	14.9595064281
42	5	。	8.683287544
43	1	我	5.40226247496
43	2	听从	21.9943224194
43	3	了	7.76489077871
43	4	老师	12.9816975135
43	5	的	4.71577585628
43	6	建议	10.9282783582
43	7	。	3.00234599731
44	1	我	5.40226247496
44	2	安装	16.1744642269
44	3	了	3.1491551409
44	4	老师	12.9816975135
44	5	的	4.71577585628
44	6	建议	10.9282783582
44	7	。	3.00234599731
45	1	警官	21.9325597527
45	2	疏散	15.8880219543
45	3	了	7.8832724325
45	4	人群	14.9595064281
45	5	。	4.56379073273
46	1	警官	21.9325597527
46	2	解除	13.7979881936
46	3	了	2.86778063466
46	4	人群	15.1024750499
46	5	。	4.56379073273
47	1	他	5.68454970002
47	2	卖	13.8698899945
47	3	过	10.8333498432
47	4	一些	7.76319981254
47	5	化肥	17.2359172143
47	6	。	6.70663399869
48	1	他	5.68454970002
48	2	摘	22.0612387313
48	3	过	10.4712453784
48	4	一些	7.76319981254
48	5	化肥	17.2359172143
48	6	。	6.70663399869
49	1	她	8.22619364393
49	2	戴	14.9377040343
49	3	过	11.2851776283
49	4	耳机	21.3102733247
49	5	。	6.12501290591
50	1	她	8.22619364393
50	2	穿	14.2068503659
50	3	过	5.24186318377
50	4	耳机	21.3102733247
50	5	。	6.12501290591
51	1	他	5.68454970002
51	2	在	4.45785806399
51	3	学校	9.97291233155
51	4	里	5.58319795236
51	5	吃	11.7542168072
51	6	过	5.54968634352
51	7	饭	11.6161712562
51	8	。	6.48326509748
52	1	他	5.68454970002
52	2	在	4.45785806399
52	3	学校	9.97291233155
52	4	里	5.58319795236
52	5	讲	12.6200100533
52	6	过	5.65216764694
52	7	饭	11.6161712562
52	8	。	6.48326509748
53	1	他	5.68454970002
53	2	见	12.5855903505
53	3	过	1.53587755131
53	4	店长	22.1048579602
53	5	。	6.17688771797
54	1	他	5.68454970002
54	2	去	9.37298044426
54	3	过	6.47202296384
54	4	店长	22.2046955104
54	5	。	6.17688771797
55	1	我	5.40226247496
55	2	听	10.4651366031
55	3	过	3.52694137738
55	4	这些	8.25196487837
55	5	声音	8.92234668311
55	6	。	4.14915462895
56	1	我	5.40226247496
56	2	见	12.2264062143
56	3	过	3.70778008083
56	4	这些	8.40357361535
56	5	声音	8.92234668311
56	6	。	4.14915462895
57	1	爷爷	17.3832007517
57	2	安装	14.9144265508
57	3	过	10.5743079921
57	4	机器	14.9746495323
57	5	。	7.00812594034
58	1	爷爷	17.3832007517
58	2	种植	15.4434334361
58	3	过	10.8392028059
58	4	机器	14.9746495323
58	5	。	7.00812594034
59	1	她	8.22619364393
59	2	说	2.2863386695
59	3	过	7.19279397835
59	4	这	6.56648465312
59	5	些	15.0472944852
59	6	话	8.48019464824
59	7	。	6.24186318377
60	1	她	8.22619364393
60	2	吃	12.8840618075
60	3	过	5.54968634352
60	4	这	6.17269058463
60	5	些	15.0472944852
60	6	话	8.48019464824
60	7	。	6.24186318377
61	1	母亲	13.530230446
61	2	买	12.1661379182
61	3	了	3.54232813615
61	4	纸	15.8004631374
61	5	。	6.58639344028
62	1	母亲	13.530230446
62	2	喝	13.5318683564
62	3	了	4.05893745147
62	4	纸	15.6158697551
62	5	。	6.58639344028
