sentence_id	token_id	token	surprisal
1	1	那	7.24457066948
1	2	家	10.2051002169
1	3	认识	13.7890479136
1	4	我	8.83528892413
1	5	的	4.34338098842
1	6	老板	11.7358454821
1	7	投资	10.8347588193
1	8	的	3.6139455661
1	9	饭店	15.9505699155
1	10	很	7.14139094959
1	11	受	7.88365977466
1	12	欢迎	2.00548167761
1	13	。	3.26632149078
2	1	那	7.24457066948
2	2	个	8.62863496833
2	3	认识	11.6191616004
2	4	我	8.83528892413
2	5	的	4.34338098842
2	6	老板	11.7358454821
2	7	投资	10.8347588193
2	8	的	3.6139455661
2	9	饭店	15.9505699155
2	10	很	7.14139094959
2	11	受	7.88365977466
2	12	欢迎	2.00548167761
2	13	。	3.26632149078
3	1	那	7.24457066948
3	2	幅	17.636258726
3	3	帮助	12.5027787929
3	4	过	10.8268584403
3	5	我	8.99675134104
3	6	的	4.34338098842
3	7	朋友	6.21127834564
3	8	喜欢	13.5177609281
3	9	的	4.32639958127
3	10	画	14.9661116404
3	11	吸引	12.6181521877
3	12	了	3.60824494767
3	13	我	7.50289957987
3	14	。	5.22787475546
4	1	那	7.24457066948
4	2	个	8.62863496833
4	3	帮助	14.2385812751
4	4	过	10.8268584403
4	5	我	8.99675134104
4	6	的	4.34338098842
4	7	朋友	6.21127834564
4	8	喜欢	13.5177609281
4	9	的	4.32639958127
4	10	画	14.9661116404
4	11	吸引	12.6181521877
4	12	了	3.60824494767
4	13	我	7.50289957987
4	14	。	5.22787475546
5	1	那	7.24457066948
5	2	件	6.5059579462
5	3	教	16.0641217824
5	4	过	7.51336043387
5	5	我	8.99675134104
5	6	的	4.34338098842
5	7	老师	12.3469540105
5	8	收藏	15.5754754797
5	9	的	2.08446349643
5	10	艺术品	17.7975704594
5	11	获	13.3143761882
5	12	了	8.18321132897
5	13	奖	14.9595064281
5	14	。	3.60245496141
6	1	那	7.24457066948
6	2	个	8.62863496833
6	3	教	14.0044507838
6	4	过	7.51336043387
6	5	我	8.99675134104
6	6	的	4.34338098842
6	7	老师	12.3469540105
6	8	收藏	15.5754754797
6	9	的	2.08446349643
6	10	艺术品	17.7975704594
6	11	获	13.3143761882
6	12	了	8.18321132897
6	13	奖	14.9595064281
6	14	。	3.60245496141
7	1	那	7.24457066948
7	2	只	9.33001875113
7	3	认识	13.9048461786
7	4	我	8.83528892413
7	5	的	4.34338098842
7	6	店长	21.5839614156
7	7	喜欢	13.3003148145
7	8	的	4.32639958127
7	9	宠物	17.490738328
7	10	生病	16.290717467
7	11	了	3.63151868779
7	12	。	4.69008139407
8	1	那	7.24457066948
8	2	个	8.62863496833
8	3	认识	11.6191616004
8	4	我	8.83528892413
8	5	的	4.34338098842
8	6	店长	21.5839614156
8	7	喜欢	13.3003148145
8	8	的	4.32639958127
8	9	宠物	17.490738328
8	10	生病	16.290717467
8	11	了	3.63151868779
8	12	。	4.69008139407
9	1	那	7.24457066948
9	2	首	9.33001875113
9	3	热爱	16.6088933519
9	4	艺术	12.616781425
9	5	的	3.22674360438
9	6	明星	13.6745011725
9	7	唱	14.3592330507
9	8	的	3.24535121415
9	9	歌	13.6377679086
9	10	很	10.4709509036
9	11	好听	21.7687006388
9	12	。	6.32301456471
10	1	那	7.24457066948
10	2	个	8.62863496833
10	3	热爱	14.2385812751
10	4	艺术	12.616781425
10	5	的	3.22674360438
10	6	明星	13.6745011725
10	7	唱	14.3592330507
10	8	的	3.24535121415
10	9	歌	13.6377679086
10	10	很	10.4709509036
10	11	好听	21.7687006388
10	12	。	6.32301456471
11	1	那	7.24457066948
11	2	所	11.0382679487
11	3	学习	11.8237687783
11	4	历史	11.9978578525
11	5	的	3.17308767912
11	6	老人	12.856630766
11	7	去	10.910980808
11	8	的	6.47202296384
11	9	学校	11.3348167562
11	10	关闭	13.8748209697
11	11	了	3.21092082762
11	12	。	4.17262736145
12	1	那	7.24457066948
12	2	个	8.62863496833
12	3	学习	12.8409088235
12	4	历史	11.9978578525
12	5	的	3.17308767912
12	6	老人	12.856630766
12	7	去	10.910980808
12	8	的	6.47202296384
12	9	学校	11.3348167562
12	10	关闭	13.8748209697
12	11	了	3.21092082762
12	12	。	4.17262736145
13	1	那	7.24457066948
13	2	件	6.5059579462
13	3	帮助	14.7331977887
13	4	过	10.8268584403
13	5	我	8.99675134104
13	6	的	4.34338098842
13	7	司机	14.281547948
13	8	带	12.4954717087
13	9	的	6.71063361748
13	10	行李	17.490738328
13	11	丢	14.7676927085
13	12	了	3.8939409722
13	13	。	4.17262736145
14	1	那	7.24457066948
14	2	个	8.62863496833
14	3	帮助	14.2385812751
14	4	过	10.8268584403
14	5	我	8.99675134104
14	6	的	4.34338098842
14	7	司机	14.281547948
14	8	带	12.4954717087
14	9	的	6.71063361748
14	10	行李	17.490738328
14	11	丢	14.7676927085
14	12	了	3.8939409722
14	13	。	4.17262736145
15	1	那	7.24457066948
15	2	本	7.73204467269
15	3	学习	14.49060043
15	4	文学	13.7187492706
15	5	的	5.71991217684
15	6	作家	12.7408401389
15	7	写	8.44545809328
15	8	的	3.09589684315
15	9	书	11.164977714
15	10	很	10.9925262785
15	11	受	7.88365977466
15	12	欢迎	2.00548167761
15	13	。	3.26632149078
16	1	那	7.24457066948
16	2	个	8.62863496833
16	3	学习	12.8409088235
16	4	文学	13.7187492706
16	5	的	5.71991217684
16	6	作家	12.7408401389
16	7	写	8.44545809328
16	8	的	3.09589684315
16	9	书	11.164977714
16	10	很	10.9925262785
16	11	受	7.88365977466
16	12	欢迎	2.00548167761
16	13	。	3.26632149078
17	1	那	7.24457066948
17	2	辆	7.44136298925
17	3	支持	12.4135913866
17	4	环保	14.2080667994
17	5	的	5.80144529844
17	6	朋友	9.92965235423
17	7	开	12.5761496348
17	8	的	5.0557054921
17	9	车	11.915772194
17	10	坏	14.3654344429
17	11	了	3.26280128515
17	12	。	4.25611537713
18	1	那	7.24457066948
18	2	个	8.62863496833
18	3	支持	12.4942434398
18	4	环保	14.2080667994
18	5	的	5.80144529844
18	6	朋友	9.92965235423
18	7	开	12.5761496348
18	8	的	5.0557054921
18	9	车	11.915772194
18	10	坏	14.3654344429
18	11	了	3.26280128515
18	12	。	4.25611537713
19	1	那	7.24457066948
19	2	份	7.73204467269
19	3	喜欢	13.2929586011
19	4	书	13.1747654253
19	5	的	3.78855273286
19	6	孩子	9.94613502688
19	7	做	10.5022066054
19	8	的	3.80588651553
19	9	作业	13.8835695967
19	10	获	13.9046196014
19	11	了	8.18321132897
19	12	奖	14.9595064281
19	13	。	3.60245496141
20	1	那	7.24457066948
20	2	个	8.62863496833
20	3	喜欢	13.5053249519
20	4	书	13.1747654253
20	5	的	3.78855273286
20	6	孩子	9.94613502688
20	7	做	10.5022066054
20	8	的	3.80588651553
20	9	作业	13.8835695967
20	10	获	13.9046196014
20	11	了	8.18321132897
20	12	奖	14.9595064281
20	13	。	3.60245496141
21	1	那	7.24457066948
21	2	份	7.73204467269
21	3	认识	12.8589782351
21	4	我	8.83528892413
21	5	的	4.34338098842
21	6	老板	11.7358454821
21	7	制定	13.047067108
21	8	的	3.45511393947
21	9	合同	12.98266291
21	10	到期	18.9653249114
21	11	了	7.75365762696
21	12	。	4.17262736145
22	1	那	7.24457066948
22	2	个	8.62863496833
22	3	认识	11.6191616004
22	4	我	8.83528892413
22	5	的	4.34338098842
22	6	老板	11.7358454821
22	7	制定	13.047067108
22	8	的	3.45511393947
22	9	合同	12.98266291
22	10	到期	18.9653249114
22	11	了	7.75365762696
22	12	。	4.17262736145
23	1	那	7.24457066948
23	2	间	13.1651628996
23	3	帮助	12.8424698335
23	4	过	10.8268584403
23	5	我	8.99675134104
23	6	的	4.34338098842
23	7	朋友	6.21127834564
23	8	开	12.4263246797
23	9	的	5.0557054921
23	10	工厂	12.98266291
23	11	倒闭	8.05392821617
23	12	了	5.05392831202
23	13	。	4.17262736145
24	1	那	7.24457066948
24	2	个	8.62863496833
24	3	帮助	14.2385812751
24	4	过	10.8268584403
24	5	我	8.99675134104
24	6	的	4.34338098842
24	7	朋友	6.21127834564
24	8	开	12.4263246797
24	9	的	5.0557054921
24	10	工厂	12.98266291
24	11	倒闭	8.05392821617
24	12	了	5.05392831202
24	13	。	4.17262736145
25	1	那	7.24457066948
25	2	张	7.73204467269
25	3	喜欢	13.687273243
25	4	艺术	12.6523192295
25	5	的	3.22674360438
25	6	孩子	9.90429700057
25	7	照	16.5266954128
25	8	的	5.69244669146
25	9	照片	11.915772194
25	10	丢	15.0774601848
25	11	了	3.8939409722
25	12	。	4.17262736145
26	1	那	7.24457066948
26	2	个	8.62863496833
26	3	喜欢	13.5053249519
26	4	艺术	12.6523192295
26	5	的	3.22674360438
26	6	孩子	9.90429700057
26	7	照	16.5266954128
26	8	的	5.69244669146
26	9	照片	11.915772194
26	10	丢	15.0774601848
26	11	了	3.8939409722
26	12	。	4.17262736145
27	1	那	7.24457066948
27	2	台	13.5749282137
27	3	教	13.8424405888
27	4	过	7.51336043387
27	5	我	8.99675134104
27	6	的	4.34338098842
27	7	老师	12.3469540105
27	8	用	7.6760970468
27	9	的	4.72850241805
27	10	手机	12.4473538896
27	11	很	10.250245461
27	12	好用	19.6090808173
27	13	。	6.51464967892
28	1	那	7.24457066948
28	2	个	8.62863496833
28	3	教	14.0044507838
28	4	过	7.51336043387
28	5	我	8.99675134104
28	6	的	4.34338098842
28	7	老师	12.3469540105
28	8	用	7.6760970468
28	9	的	4.72850241805
28	10	手机	12.4473538896
28	11	很	10.250245461
28	12	好用	19.6090808173
28	13	。	6.51464967892
29	1	那	7.24457066948
29	2	朵	22.4761455474
29	3	关心	13.147711222
29	4	他	10.0360394842
29	5	的	3.59319011978
29	6	邻居	12.3156594315
29	7	种	12.4517002106
29	8	的	8.24261719333
29	9	花	14.1265325812
29	10	很	10.9297516927
29	11	好看	17.8741879641
29	12	。	3.30959112931
30	1	那	7.24457066948
30	2	个	8.62863496833
30	3	关心	13.3457159299
30	4	他	10.0360394842
30	5	的	3.59319011978
30	6	邻居	12.3156594315
30	7	种	12.4517002106
30	8	的	8.24261719333
30	9	花	14.1265325812
30	10	很	10.9297516927
30	11	好看	17.8741879641
30	12	。	3.30959112931
31	1	那	7.24457066948
31	2	台	13.5749282137
31	3	鼓励	13.0629830372
31	4	她	11.1127991572
31	5	的	3.39318000106
31	6	科学家	13.363396733
31	7	做	10.9066137171
31	8	的	3.80588651553
31	9	电视	12.2942952444
31	10	坏	14.6014720204
31	11	了	3.26280128515
31	12	。	4.25611537713
32	1	那	7.24457066948
32	2	个	8.62863496833
32	3	鼓励	13.2249938139
32	4	她	11.1127991572
32	5	的	3.39318000106
32	6	科学家	13.363396733
32	7	做	10.9066137171
32	8	的	3.80588651553
32	9	电视	12.2942952444
32	10	坏	14.6014720204
32	11	了	3.26280128515
32	12	。	4.25611537713
33	1	那	7.24457066948
33	2	栋	8.58523213677
33	3	认识	13.1637734276
33	4	父亲	13.6557211881
33	5	的	2.81644666419
33	6	男人	11.6155015908
33	7	买	12.193412792
33	8	的	4.34009268099
33	9	房子	4.12084180903
33	10	起火	16.191964536
33	11	了	8.34590649358
33	12	。	4.17262736145
34	1	那	7.24457066948
34	2	个	8.62863496833
34	3	认识	11.6191616004
34	4	父亲	13.6557211881
34	5	的	2.81644666419
34	6	男人	11.6155015908
34	7	买	12.193412792
34	8	的	4.34009268099
34	9	房子	4.12084180903
34	10	起火	16.191964536
34	11	了	8.34590649358
34	12	。	4.17262736145
35	1	那	7.24457066948
35	2	条	7.73204467269
35	3	关心	13.3248434266
35	4	我	8.54578272628
35	5	的	4.34338098842
35	6	朋友	6.21127834564
35	7	给	6.88825926983
35	8	的	7.85054191272
35	9	建议	10.8232832748
35	10	很	10.9525733169
35	11	真诚	12.1010533623
35	12	。	6.69653041078
36	1	那	7.24457066948
36	2	个	8.62863496833
36	3	关心	13.3457159299
36	4	我	8.54578272628
36	5	的	4.34338098842
36	6	朋友	6.21127834564
36	7	给	6.88825926983
36	8	的	7.85054191272
36	9	建议	10.8232832748
36	10	很	10.9525733169
36	11	真诚	12.1010533623
36	12	。	6.69653041078
37	1	那	7.24457066948
37	2	支	15.6964979166
37	3	教	13.692698421
37	4	数学	16.2786301199
37	5	的	3.89455513196
37	6	老师	12.1919378051
37	7	用	7.6760970468
37	8	的	4.72850241805
37	9	笔	16.0018163848
37	10	坏	14.1180897987
37	11	了	3.26280128515
37	12	。	4.25611537713
38	1	那	7.24457066948
38	2	个	8.62863496833
38	3	教	14.0044507838
38	4	数学	16.2786301199
38	5	的	3.89455513196
38	6	老师	12.1919378051
38	7	用	7.6760970468
38	8	的	4.72850241805
38	9	笔	16.0018163848
38	10	坏	14.1180897987
38	11	了	3.26280128515
38	12	。	4.25611537713
39	1	那	7.24457066948
39	2	只	9.33001875113
39	3	撞	18.302023566
39	4	了	2.89455363003
39	5	我	7.27680322312
39	6	的	1.67854103039
39	7	女人	12.3469540105
39	8	丢	15.3403265985
39	9	的	5.84814326096
39	10	鞋子	15.7464005526
39	11	被	9.66276343422
39	12	找到	12.6677181821
39	13	了	3.04482767829
39	14	。	5.44277002941
40	1	那	7.24457066948
40	2	个	8.62863496833
40	3	撞	17.4685208464
40	4	了	2.89455363003
40	5	我	7.27680322312
40	6	的	1.67854103039
40	7	女人	12.3469540105
40	8	丢	15.3403265985
40	9	的	5.84814326096
40	10	鞋子	15.7464005526
40	11	被	9.66276343422
40	12	找到	12.6677181821
40	13	了	3.04482767829
40	14	。	5.44277002941
41	1	那	7.24457066948
41	2	条	7.73204467269
41	3	打扰	21.6020779866
41	4	了	7.78720890095
41	5	我	7.27680322312
41	6	的	1.67854103039
41	7	邻居	12.3469540105
41	8	养	14.7862383808
41	9	的	4.95344624627
41	10	狗	15.7464005526
41	11	生病	16.2633813518
41	12	了	3.63151868779
41	13	。	4.69008139407
42	1	那	7.24457066948
42	2	个	8.62863496833
42	3	打扰	21.6229504716
42	4	了	7.78720890095
42	5	我	7.27680322312
42	6	的	1.67854103039
42	7	邻居	12.3469540105
42	8	养	14.7862383808
42	9	的	4.95344624627
42	10	狗	15.7464005526
42	11	生病	16.2633813518
42	12	了	3.63151868779
42	13	。	4.69008139407
43	1	那	7.24457066948
43	2	座	10.2051002169
43	3	写	12.1929310943
43	4	过	4.21973573193
43	5	书	9.87183340333
43	6	的	3.85498884882
43	7	老人	12.8194095487
43	8	修	15.2787683295
43	9	的	6.51336017028
43	10	桥	17.490738328
43	11	帮助	12.7121870492
43	12	了	6.79206102283
43	13	我	7.27680322312
43	14	。	5.22787475546
44	1	那	7.24457066948
44	2	个	8.62863496833
44	3	写	12.4271499777
44	4	过	4.21973573193
44	5	书	9.87183340333
44	6	的	3.85498884882
44	7	老人	12.8194095487
44	8	修	15.2787683295
44	9	的	6.51336017028
44	10	桥	17.490738328
44	11	帮助	12.7121870492
44	12	了	6.79206102283
44	13	我	7.27680322312
44	14	。	5.22787475546
45	1	那	7.24457066948
45	2	篇	7.44136298925
45	3	获	14.338578805
45	4	奖	8.18321132897
45	5	的	4.23235238772
45	6	学生	10.2561530896
45	7	准备	12.4127045812
45	8	的	5.62443964053
45	9	报告	10.9462443312
45	10	感动	15.0124254048
45	11	了	7.09832227563
45	12	我	7.27680322312
45	13	。	5.22787475546
46	1	那	7.24457066948
46	2	个	8.62863496833
46	3	获	14.2385812751
46	4	奖	8.18321132897
46	5	的	4.23235238772
46	6	学生	10.2561530896
46	7	准备	12.4127045812
46	8	的	5.62443964053
46	9	报告	10.9462443312
46	10	感动	15.0124254048
46	11	了	7.09832227563
46	12	我	7.27680322312
46	13	。	5.22787475546
47	1	那	7.24457066948
47	2	封	11.9494380186
47	3	依赖	14.3763404691
47	4	我	10.0291339091
47	5	的	4.34338098842
47	6	朋友	6.21127834564
47	7	写	9.50767950619
47	8	的	3.09589684315
47	9	信	14.2108372806
47	10	很	10.5476418425
47	11	真诚	12.1010533623
47	12	。	6.69653041078
48	1	那	7.24457066948
48	2	个	8.62863496833
48	3	依赖	14.6443500684
48	4	我	10.0291339091
48	5	的	4.34338098842
48	6	朋友	6.21127834564
48	7	写	9.50767950619
48	8	的	3.09589684315
48	9	信	14.2108372806
48	10	很	10.5476418425
48	11	真诚	12.1010533623
48	12	。	6.69653041078
49	1	那	7.24457066948
49	2	堂	20.2238865306
49	3	教	13.8064802004
49	4	过	7.51336043387
49	5	我	8.99675134104
49	6	的	4.34338098842
49	7	老师	12.3469540105
49	8	教	9.42043561698
49	9	的	7.51336043387
49	10	课	12.98266291
49	11	获	13.8053078644
49	12	了	8.18321132897
49	13	奖	14.9595064281
49	14	。	3.60245496141
50	1	那	7.24457066948
50	2	个	8.62863496833
50	3	教	14.0044507838
50	4	过	7.51336043387
50	5	我	8.99675134104
50	6	的	4.34338098842
50	7	老师	12.3469540105
50	8	教	9.42043561698
50	9	的	7.51336043387
50	10	课	12.98266291
50	11	获	13.8053078644
50	12	了	8.18321132897
50	13	奖	14.9595064281
50	14	。	3.60245496141
51	1	那	7.24457066948
51	2	块	15.0261348693
51	3	喜欢	13.5826931438
51	4	音乐	13.421332293
51	5	的	3.0335518129
51	6	医生	12.98266291
51	7	喜欢	13.4423744042
51	8	的	4.32639958127
51	9	手表	15.7464005526
51	10	丢	14.994411589
51	11	了	3.8939409722
51	12	。	4.17262736145
52	1	那	7.24457066948
52	2	个	8.62863496833
52	3	喜欢	13.5053249519
52	4	音乐	13.421332293
52	5	的	3.0335518129
52	6	医生	12.98266291
52	7	喜欢	13.4423744042
52	8	的	4.32639958127
52	9	手表	15.7464005526
52	10	丢	14.994411589
52	11	了	3.8939409722
52	12	。	4.17262736145
53	1	那	7.24457066948
53	2	篇	7.44136298925
53	3	获	14.338578805
53	4	奖	8.18321132897
53	5	的	4.23235238772
53	6	学生	10.2561530896
53	7	写	12.6230757206
53	8	的	3.09589684315
53	9	论文	13.3576499838
53	10	感动	14.5566414292
53	11	了	7.09832227563
53	12	我	7.27680322312
53	13	。	5.22787475546
54	1	那	7.24457066948
54	2	个	8.62863496833
54	3	获	14.2385812751
54	4	奖	8.18321132897
54	5	的	4.23235238772
54	6	学生	10.2561530896
54	7	写	12.6230757206
54	8	的	3.09589684315
54	9	论文	13.3576499838
54	10	感动	14.5566414292
54	11	了	7.09832227563
54	12	我	7.27680322312
54	13	。	5.22787475546
55	1	那	7.24457066948
55	2	场	7.44136298925
55	3	参加	11.4216558328
55	4	过	5.87677010765
55	5	比赛	13.6409121276
55	6	的	4.91520466463
55	7	演员	14.1265325812
55	8	准备	12.2566143639
55	9	的	5.62443964053
55	10	表演	12.3527626627
55	11	很	10.5939832369
55	12	受	7.88365977466
55	13	欢迎	2.00548167761
55	14	。	3.26632149078
56	1	那	7.24457066948
56	2	个	8.62863496833
56	3	参加	12.4942434398
56	4	过	5.87677010765
56	5	比赛	13.6409121276
56	6	的	4.91520466463
56	7	演员	14.1265325812
56	8	准备	12.2566143639
56	9	的	5.62443964053
56	10	表演	12.3527626627
56	11	很	10.5939832369
56	12	受	7.88365977466
56	13	欢迎	2.00548167761
56	14	。	3.26632149078
57	1	那	7.24457066948
57	2	间	13.1651628996
57	3	救	14.0225371607
57	4	过	11.0695204971
57	5	我	8.99675134104
57	6	的	4.34338098842
57	7	警察	11.9502918535
57	8	工作	10.318296616
57	9	的	3.22664096375
57	10	办公室	12.1045587476
57	11	起火	15.8627473067
57	12	了	8.34590649358
57	13	。	4.17262736145
58	1	那	7.24457066948
58	2	个	8.62863496833
58	3	救	13.85359522
58	4	过	11.0695204971
58	5	我	8.99675134104
58	6	的	4.34338098842
58	7	警察	11.9502918535
58	8	工作	10.318296616
58	9	的	3.22664096375
58	10	办公室	12.1045587476
58	11	起火	15.8627473067
58	12	了	8.34590649358
58	13	。	4.17262736145
59	1	那	7.24457066948
59	2	首	9.33001875113
59	3	打	13.3651773073
59	4	游戏	9.82211397869
59	5	的	7.63889320898
59	6	孩子	9.86756417919
59	7	写	12.8190456571
59	8	的	3.09589684315
59	9	诗	17.5750430026
59	10	很	10.1585926025
59	11	有趣	7.88365977466
59	12	。	2.00548167761
60	1	那	7.24457066948
60	2	个	8.62863496833
60	3	打	14.2385812751
60	4	游戏	9.82211397869
60	5	的	7.63889320898
60	6	孩子	9.86756417919
60	7	写	12.8190456571
60	8	的	3.09589684315
60	9	诗	17.5750430026
60	10	很	10.1585926025
60	11	有趣	7.88365977466
60	12	。	2.00548167761
61	1	那	7.24457066948
61	2	家	10.2051002169
61	3	依赖	15.3620543886
61	4	我	10.0291339091
61	5	的	4.34338098842
61	6	朋友	6.21127834564
61	7	去	10.8047652533
61	8	的	6.47202296384
61	9	银行	12.3738598123
61	10	帮助	12.8105583505
61	11	了	6.79206102283
61	12	我	7.27680322312
61	13	。	5.22787475546
62	1	那	7.24457066948
62	2	个	8.62863496833
62	3	依赖	14.6443500684
62	4	我	10.0291339091
62	5	的	4.34338098842
62	6	朋友	6.21127834564
62	7	去	10.8047652533
62	8	的	6.47202296384
62	9	银行	12.3738598123
62	10	帮助	12.8105583505
62	11	了	6.79206102283
62	12	我	7.27680322312
62	13	。	5.22787475546
