sentence_id	token_id	token	surprisal
1	1	我	5.40226247496
1	2	很	6.28605761094
1	3	喜欢	8.13388799678
1	4	一	8.49010947045
1	5	位	5.51778529981
1	6	国内	11.9746302554
1	7	的	3.61746988035
1	8	明星	13.7324667416
1	9	。	7.20830866626
2	1	我	5.40226247496
2	2	很	6.28605761094
2	3	喜欢	8.13388799678
2	4	一	8.49010947045
2	5	首	8.88461920932
2	6	国内	13.4064330524
2	7	的	3.61746988035
2	8	明星	13.7324667416
2	9	。	7.20830866626
3	1	我	5.40226247496
3	2	很	6.28605761094
3	3	喜欢	8.13388799678
3	4	一	8.49010947045
3	5	首	8.88461920932
3	6	国内	13.4064330524
3	7	的	3.61746988035
3	8	歌曲	13.7324667416
3	9	。	6.69778414236
4	1	我	5.40226247496
4	2	很	6.28605761094
4	3	喜欢	8.13388799678
4	4	一	8.49010947045
4	5	位	5.51778529981
4	6	国内	11.9746302554
4	7	的	3.61746988035
4	8	歌曲	13.7324667416
4	9	。	6.69778414236
5	1	她	8.22619364393
5	2	开车	14.9915653649
5	3	去	5.26378785094
5	4	了	4.4452548595
5	5	一	5.53587713298
5	6	家	5.34548409576
5	7	郊外	21.1765849762
5	8	的	5.62947732821
5	9	店	17.490738328
5	10	。	6.00436561505
6	1	她	8.22619364393
6	2	开车	14.9915653649
6	3	去	5.26378785094
6	4	了	4.4452548595
6	5	一	5.53587713298
6	6	座	8.40920527323
6	7	郊外	20.9884243888
6	8	的	5.62947732821
6	9	店	17.490738328
6	10	。	6.00436561505
7	1	她	8.22619364393
7	2	开车	14.9915653649
7	3	去	5.26378785094
7	4	了	4.4452548595
7	5	一	5.53587713298
7	6	座	8.40920527323
7	7	郊外	20.9884243888
7	8	的	5.62947732821
7	9	山	15.7464005526
7	10	。	6.43767435193
8	1	她	8.22619364393
8	2	开车	14.9915653649
8	3	去	5.26378785094
8	4	了	4.4452548595
8	5	一	5.53587713298
8	6	家	5.34548409576
8	7	郊外	21.1765849762
8	8	的	5.62947732821
8	9	山	15.7464005526
8	10	。	6.43767435193
9	1	他	5.68454970002
9	2	有	8.23336268209
9	3	一	4.17540763486
9	4	双	10.0427929058
9	5	蓝色	19.2437096911
9	6	的	2.89455363003
9	7	手套	17.2745165078
9	8	。	6.37891988292
10	1	他	5.68454970002
10	2	有	8.23336268209
10	3	一	4.17540763486
10	4	枚	8.98602524017
10	5	蓝色	18.8475533026
10	6	的	2.89455363003
10	7	手套	17.2745165078
10	8	。	6.37891988292
11	1	他	5.68454970002
11	2	有	8.23336268209
11	3	一	4.17540763486
11	4	枚	8.98602524017
11	5	蓝色	18.8475533026
11	6	的	2.89455363003
11	7	纽扣	20.7859693641
11	8	。	6.16825140755
12	1	他	5.68454970002
12	2	有	8.23336268209
12	3	一	4.17540763486
12	4	双	10.0427929058
12	5	蓝色	19.2437096911
12	6	的	2.89455363003
12	7	纽扣	20.7859693641
12	8	。	6.16825140755
13	1	店长	22.5755365723
13	2	拿	12.2764393165
13	3	着	3.25712937998
13	4	一	3.81283610729
13	5	只	7.82901967555
13	6	便宜	15.2073641614
13	7	的	2.69634805554
13	8	兔子	18.626351539
13	9	。	6.17793186143
14	1	店长	22.5755365723
14	2	拿	12.2764393165
14	3	着	3.25712937998
14	4	一	3.81283610729
14	5	根	6.20830119905
14	6	便宜	14.0420156905
14	7	的	2.69634805554
14	8	兔子	18.626351539
14	9	。	6.17793186143
15	1	店长	22.5755365723
15	2	拿	12.2764393165
15	3	着	3.25712937998
15	4	一	3.81283610729
15	5	根	6.20830119905
15	6	便宜	14.0420156905
15	7	的	2.69634805554
15	8	萝卜	21.4289463008
15	9	。	6.18342499868
16	1	店长	22.5755365723
16	2	拿	12.2764393165
16	3	着	3.25712937998
16	4	一	3.81283610729
16	5	只	7.82901967555
16	6	便宜	15.2073641614
16	7	的	2.69634805554
16	8	萝卜	21.4289463008
16	9	。	6.18342499868
17	1	他	5.68454970002
17	2	认识	12.5855903505
17	3	了	4.98231772039
17	4	一	4.55472553908
17	5	名	5.46583701395
17	6	幸运	15.5565374813
17	7	的	1.79377989525
17	8	男孩	15.8860530812
17	9	。	6.21024184077
18	1	他	5.68454970002
18	2	认识	12.5855903505
18	3	了	4.98231772039
18	4	一	4.55472553908
18	5	本	7.1836762426
18	6	幸运	16.181818718
18	7	的	1.79377989525
18	8	男孩	15.8860530812
18	9	。	6.21024184077
19	1	他	5.68454970002
19	2	认识	12.5855903505
19	3	了	4.98231772039
19	4	一	4.55472553908
19	5	本	7.1836762426
19	6	幸运	16.181818718
19	7	的	1.79377989525
19	8	小说	12.8804923461
19	9	。	6.37755537571
20	1	他	5.68454970002
20	2	认识	12.5855903505
20	3	了	4.98231772039
20	4	一	4.55472553908
20	5	名	5.46583701395
20	6	幸运	15.5565374813
20	7	的	1.79377989525
20	8	小说	12.8804923461
20	9	。	6.37755537571
21	1	男人	17.3832007517
21	2	在	5.76902303402
21	3	扫描	20.8210142266
21	4	一	8.41885229976
21	5	篇	7.68475227585
21	6	很	10.3648983769
21	7	短	12.1010533623
21	8	的	3.03770537283
21	9	文章	11.0915425534
21	10	。	3.81064021398
22	1	男人	17.3832007517
22	2	在	5.76902303402
22	3	扫描	20.8210142266
22	4	一	8.41885229976
22	5	张	6.90344511392
22	6	很	10.4807835276
22	7	短	12.1010533623
22	8	的	3.03770537283
22	9	文章	11.0915425534
22	10	。	3.81064021398
23	1	男人	17.3832007517
23	2	在	5.76902303402
23	3	扫描	20.8210142266
23	4	一	8.41885229976
23	5	张	6.90344511392
23	6	很	10.4807835276
23	7	短	12.1010533623
23	8	的	3.03770537283
23	9	图片	13.8097369086
23	10	。	5.21478500437
24	1	男人	17.3832007517
24	2	在	5.76902303402
24	3	扫描	20.8210142266
24	4	一	8.41885229976
24	5	篇	7.68475227585
24	6	很	10.3648983769
24	7	短	12.1010533623
24	8	的	3.03770537283
24	9	图片	13.8097369086
24	10	。	5.21478500437
25	1	演员	17.3832007517
25	2	在	6.80881675471
25	3	看	11.1598714591
25	4	一	5.86783729163
25	5	张	7.38865472225
25	6	干净	15.7110900183
25	7	的	2.59661359429
25	8	旧	11.915772194
25	9	照片	14.6984332593
25	10	。	3.97512547933
26	1	演员	17.3832007517
26	2	在	6.80881675471
26	3	看	11.1598714591
26	4	一	5.86783729163
26	5	位	6.00299560364
26	6	干净	15.5181911241
26	7	的	2.59661359429
26	8	旧	11.915772194
26	9	照片	14.6984332593
26	10	。	3.97512547933
27	1	演员	17.3832007517
27	2	在	6.80881675471
27	3	看	11.1598714591
27	4	一	5.86783729163
27	5	位	6.00299560364
27	6	干净	15.5181911241
27	7	的	2.59661359429
27	8	老师	12.1919378051
27	9	。	5.20304109414
28	1	演员	17.3832007517
28	2	在	6.80881675471
28	3	看	11.1598714591
28	4	一	5.86783729163
28	5	张	7.38865472225
28	6	干净	15.7110900183
28	7	的	2.59661359429
28	8	老师	12.1919378051
28	9	。	5.20304109414
29	1	他	5.68454970002
29	2	在	4.45785806399
29	3	修理	16.0149677247
29	4	一	8.50172981632
29	5	辆	7.13679410461
29	6	倒霉	17.9353056574
29	7	的	2.6315199394
29	8	汽车	11.1528954242
29	9	。	5.12083829505
30	1	他	5.68454970002
30	2	在	4.45785806399
30	3	修理	16.0149677247
30	4	一	8.50172981632
30	5	套	7.29737873763
30	6	倒霉	17.7712663044
30	7	的	2.6315199394
30	8	汽车	11.1528954242
30	9	。	5.12083829505
31	1	他	5.68454970002
31	2	在	4.45785806399
31	3	修理	16.0149677247
31	4	一	8.50172981632
31	5	套	7.29737873763
31	6	倒霉	17.7712663044
31	7	的	2.6315199394
31	8	系统	12.3527626627
31	9	。	3.00548109834
32	1	他	5.68454970002
32	2	在	4.45785806399
32	3	修理	16.0149677247
32	4	一	8.50172981632
32	5	辆	7.13679410461
32	6	倒霉	17.9353056574
32	7	的	2.6315199394
32	8	系统	12.3527626627
32	9	。	3.00548109834
33	1	学生	12.6333025031
33	2	们	18.9302800968
33	3	在	7.68409463884
33	4	写	12.2681890786
33	5	一	5.50473709673
33	6	部	3.12084005204
33	7	精彩	14.5699089775
33	8	的	2.09698271469
33	9	电影	10.0884205638
33	10	。	6.20830119905
34	1	学生	12.6333025031
34	2	们	18.9302800968
34	3	在	7.68409463884
34	4	写	12.2681890786
34	5	一	5.50473709673
34	6	首	9.52090098877
34	7	精彩	16.0276770856
34	8	的	2.09698271469
34	9	电影	10.0884205638
34	10	。	6.20830119905
35	1	学生	12.6333025031
35	2	们	18.9302800968
35	3	在	7.68409463884
35	4	写	12.2681890786
35	5	一	5.50473709673
35	6	首	9.52090098877
35	7	精彩	16.0276770856
35	8	的	2.09698271469
35	9	戏曲	21.4892655998
35	10	。	6.18378677862
36	1	学生	12.6333025031
36	2	们	18.9302800968
36	3	在	7.68409463884
36	4	写	12.2681890786
36	5	一	5.50473709673
36	6	部	3.12084005204
36	7	精彩	14.5699089775
36	8	的	2.09698271469
36	9	戏曲	21.4892655998
36	10	。	6.18378677862
37	1	我们	6.54306553283
37	2	在	5.54409845446
37	3	看	11.2309346553
37	4	一	5.86783729163
37	5	场	4.23631879636
37	6	神奇	15.9855498765
37	7	的	2.27468497582
37	8	他	10.7099824147
37	9	的	4.29817312072
37	10	表演	12.4764838737
37	11	。	3.81321752317
38	1	我们	6.54306553283
38	2	在	5.54409845446
38	3	看	11.2309346553
38	4	一	5.86783729163
38	5	块	8.1699616579
38	6	神奇	16.2665931577
38	7	的	2.27468497582
38	8	他	10.7099824147
38	9	的	4.29817312072
38	10	表演	12.4764838737
38	11	。	3.81321752317
39	1	我们	6.54306553283
39	2	在	5.54409845446
39	3	看	11.2309346553
39	4	一	5.86783729163
39	5	块	8.1699616579
39	6	神奇	16.2665931577
39	7	的	2.27468497582
39	8	他	10.7099824147
39	9	的	4.29817312072
39	10	场地	15.8701224152
39	11	。	5.86128323408
40	1	我们	6.54306553283
40	2	在	5.54409845446
40	3	看	11.2309346553
40	4	一	5.86783729163
40	5	场	4.23631879636
40	6	神奇	15.9855498765
40	7	的	2.27468497582
40	8	他	10.7099824147
40	9	的	4.29817312072
40	10	场地	15.8701224152
40	11	。	5.86128323408
41	1	他	5.68454970002
41	2	最	10.1125341627
41	3	喜欢	8.87408783515
41	4	一	8.92857428258
41	5	道	8.57911513201
41	6	美味	19.3471620942
41	7	的	5.56483519094
41	8	菜	15.7464005526
41	9	。	5.16757146287
42	1	他	5.68454970002
42	2	最	10.1125341627
42	3	喜欢	8.87408783515
42	4	一	8.92857428258
42	5	瓶	9.80520222743
42	6	美味	19.1846006112
42	7	的	5.56483519094
42	8	菜	15.7464005526
42	9	。	5.16757146287
43	1	他	5.68454970002
43	2	最	10.1125341627
43	3	喜欢	8.87408783515
43	4	一	8.92857428258
43	5	瓶	9.80520222743
43	6	美味	19.1846006112
43	7	的	5.56483519094
43	8	醋	21.4289463008
43	9	。	6.14056750454
44	1	他	5.68454970002
44	2	最	10.1125341627
44	3	喜欢	8.87408783515
44	4	一	8.92857428258
44	5	道	8.57911513201
44	6	美味	19.3471620942
44	7	的	5.56483519094
44	8	醋	21.4289463008
44	9	。	6.14056750454
45	1	她	8.22619364393
45	2	拿	12.1957357099
45	3	了	3.56792024225
45	4	一	3.22787448513
45	5	份	5.59715001608
45	6	今天	10.8100733862
45	7	的	4.22770851308
45	8	饭	17.6772073353
45	9	。	6.48326509748
46	1	她	8.22619364393
46	2	拿	12.1957357099
46	3	了	3.56792024225
46	4	一	3.22787448513
46	5	卷	18.823455653
46	6	今天	10.7267040254
46	7	的	4.22770851308
46	8	饭	17.6772073353
46	9	。	6.48326509748
47	1	她	8.22619364393
47	2	拿	12.1957357099
47	3	了	3.56792024225
47	4	一	3.22787448513
47	5	卷	18.823455653
47	6	今天	10.7267040254
47	7	的	4.22770851308
47	8	纸	17.6772073353
47	9	。	6.58639344028
48	1	她	8.22619364393
48	2	拿	12.1957357099
48	3	了	3.56792024225
48	4	一	3.22787448513
48	5	份	5.59715001608
48	6	今天	10.8100733862
48	7	的	4.22770851308
48	8	纸	17.6772073353
48	9	。	6.58639344028
49	1	学生	12.6333025031
49	2	们	18.9302800968
49	3	在	7.68409463884
49	4	写	12.2681890786
49	5	一	5.50473709673
49	6	部	3.12084005204
49	7	复杂	13.3225370268
49	8	的	1.69926148148
49	9	戏剧	13.0621968149
49	10	。	6.35021143711
50	1	学生	12.6333025031
50	2	们	18.9302800968
50	3	在	7.68409463884
50	4	写	12.2681890786
50	5	一	5.50473709673
50	6	篇	8.32103367045
50	7	复杂	13.4255157265
50	8	的	1.69926148148
50	9	戏剧	13.0621968149
50	10	。	6.35021143711
51	1	学生	12.6333025031
51	2	们	18.9302800968
51	3	在	7.68409463884
51	4	写	12.2681890786
51	5	一	5.50473709673
51	6	篇	8.32103367045
51	7	复杂	13.4255157265
51	8	的	1.69926148148
51	9	文章	10.6346853911
51	10	。	3.81064021398
52	1	学生	12.6333025031
52	2	们	18.9302800968
52	3	在	7.68409463884
52	4	写	12.2681890786
52	5	一	5.50473709673
52	6	部	3.12084005204
52	7	复杂	13.3225370268
52	8	的	1.69926148148
52	9	文章	10.6346853911
52	10	。	3.81064021398
53	1	这	5.42617318975
53	2	是	2.32422886306
53	3	一	3.17711423291
53	4	架	10.7020402474
53	5	红色	15.7174973996
53	6	的	3.52197145391
53	7	火车	14.1265325812
53	8	。	6.80881675471
54	1	这	5.42617318975
54	2	是	2.32422886306
54	3	一	3.17711423291
54	4	扇	16.7082915319
54	5	红色	15.4808145757
54	6	的	3.52197145391
54	7	火车	14.1265325812
54	8	。	6.80881675471
55	1	这	5.42617318975
55	2	是	2.32422886306
55	3	一	3.17711423291
55	4	扇	16.7082915319
55	5	红色	15.4808145757
55	6	的	3.52197145391
55	7	窗户	15.1551118486
55	8	。	6.21768699162
56	1	这	5.42617318975
56	2	是	2.32422886306
56	3	一	3.17711423291
56	4	架	10.7020402474
56	5	红色	15.7174973996
56	6	的	3.52197145391
56	7	窗户	15.1551118486
56	8	。	6.21768699162
57	1	老师	13.530230446
57	2	在	7.47951707482
57	3	责备	17.8326154775
57	4	三	10.4359455512
57	5	名	5.41474575813
57	6	淘气	21.7416314451
57	7	的	3.05392855165
57	8	学生	10.1707769462
57	9	。	4.29606667676
58	1	老师	13.530230446
58	2	在	7.47951707482
58	3	责备	17.8326154775
58	4	三	10.4359455512
58	5	只	8.89188797777
58	6	淘气	22.4564529646
58	7	的	3.05392855165
58	8	学生	10.1707769462
58	9	。	4.29606667676
59	1	老师	13.530230446
59	2	在	7.47951707482
59	3	责备	17.8326154775
59	4	三	10.4359455512
59	5	只	8.89188797777
59	6	淘气	22.4564529646
59	7	的	3.05392855165
59	8	宠物	17.490738328
59	9	。	6.13941172792
60	1	老师	13.530230446
60	2	在	7.47951707482
60	3	责备	17.8326154775
60	4	三	10.4359455512
60	5	名	5.41474575813
60	6	淘气	21.7416314451
60	7	的	3.05392855165
60	8	宠物	17.490738328
60	9	。	6.13941172792
61	1	她	8.22619364393
61	2	买	12.8096082639
61	3	过	10.9475455173
61	4	两	6.17269058463
61	5	杯	12.8997400209
61	6	热	14.056994368
61	7	的	2.90340457072
61	8	咖啡	15.7464005526
61	9	。	5.96082094443
62	1	她	8.22619364393
62	2	买	12.8096082639
62	3	过	10.9475455173
62	4	两	6.17269058463
62	5	个	4.12084180903
62	6	热	14.1279171061
62	7	的	2.90340457072
62	8	咖啡	15.7464005526
62	9	。	5.96082094443
63	1	她	8.22619364393
63	2	买	12.8096082639
63	3	过	10.9475455173
63	4	两	6.17269058463
63	5	个	4.12084180903
63	6	热	14.1279171061
63	7	的	2.90340457072
63	8	杯子	17.490738328
63	9	。	6.26255731046
64	1	她	8.22619364393
64	2	买	12.8096082639
64	3	过	10.9475455173
64	4	两	6.17269058463
64	5	杯	12.8997400209
64	6	热	14.056994368
64	7	的	2.90340457072
64	8	杯子	17.490738328
64	9	。	6.26255731046
65	1	孩子	13.530230446
65	2	在	7.5272665286
65	3	卖	15.3772646013
65	4	五	12.0048213025
65	5	台	13.2776730517
65	6	贵	14.8310184969
65	7	的	4.01946982656
65	8	桌子	17.490738328
65	9	。	4.86128323408
66	1	孩子	13.530230446
66	2	在	7.5272665286
66	3	卖	15.3772646013
66	4	五	12.0048213025
66	5	块	14.7288797312
66	6	贵	15.070398765
66	7	的	4.01946982656
66	8	桌子	17.490738328
66	9	。	4.86128323408
67	1	孩子	13.530230446
67	2	在	7.5272665286
67	3	卖	15.3772646013
67	4	五	12.0048213025
67	5	块	14.7288797312
67	6	贵	15.070398765
67	7	的	4.01946982656
67	8	蛋糕	15.7464005526
67	9	。	5.05392831202
68	1	孩子	13.530230446
68	2	在	7.5272665286
68	3	卖	15.3772646013
68	4	五	12.0048213025
68	5	台	13.2776730517
68	6	贵	14.8310184969
68	7	的	4.01946982656
68	8	蛋糕	15.7464005526
68	9	。	5.05392831202
69	1	妈妈	12.8751226844
69	2	在	6.62227128449
69	3	做	9.28070350749
69	4	一	5.40234911506
69	5	张	7.76852056095
69	6	好看	17.2298851185
69	7	的	2.43450888563
69	8	地图	14.8713192398
69	9	。	3.8939409722
70	1	妈妈	12.8751226844
70	2	在	6.62227128449
70	3	做	9.28070350749
70	4	一	5.40234911506
70	5	面	8.9777649814
70	6	好看	17.1405163589
70	7	的	2.43450888563
70	8	地图	14.8713192398
70	9	。	3.8939409722
71	1	妈妈	12.8751226844
71	2	在	6.62227128449
71	3	做	9.28070350749
71	4	一	5.40234911506
71	5	面	8.9777649814
71	6	好看	17.1405163589
71	7	的	2.43450888563
71	8	镜子	17.490738328
71	9	。	6.72396240178
72	1	妈妈	12.8751226844
72	2	在	6.62227128449
72	3	做	9.28070350749
72	4	一	5.40234911506
72	5	张	7.76852056095
72	6	好看	17.2298851185
72	7	的	2.43450888563
72	8	镜子	17.490738328
72	9	。	6.72396240178
73	1	爸爸	11.4732915686
73	2	买	8.09186244542
73	3	了	3.54232813615
73	4	一	3.00328615951
73	5	栋	8.57141557194
73	6	很	10.4056345861
73	7	大	4.25323059719
73	8	的	1.88355113291
73	9	房子	11.0792472475
73	10	。	3.23938626807
74	1	爸爸	11.4732915686
74	2	买	8.09186244542
74	3	了	3.54232813615
74	4	一	3.00328615951
74	5	条	5.74162049732
74	6	很	10.2097405251
74	7	大	4.25323059719
74	8	的	1.88355113291
74	9	房子	11.0792472475
74	10	。	3.23938626807
75	1	爸爸	11.4732915686
75	2	买	8.09186244542
75	3	了	3.54232813615
75	4	一	3.00328615951
75	5	条	5.74162049732
75	6	很	10.2097405251
75	7	大	4.25323059719
75	8	的	1.88355113291
75	9	沙发	17.6865278135
75	10	。	6.52849261681
76	1	爸爸	11.4732915686
76	2	买	8.09186244542
76	3	了	3.54232813615
76	4	一	3.00328615951
76	5	栋	8.57141557194
76	6	很	10.4056345861
76	7	大	4.25323059719
76	8	的	1.88355113291
76	9	沙发	17.6865278135
76	10	。	6.52849261681
77	1	我	5.40226247496
77	2	想	4.35957571387
77	3	种	13.5214374659
77	4	一	8.28241435424
77	5	朵	14.0225957445
77	6	红色	15.4911186122
77	7	的	3.52197145391
77	8	玫瑰	20.7859693641
77	9	。	6.14525196907
78	1	我	5.40226247496
78	2	想	4.35957571387
78	3	种	13.5214374659
78	4	一	8.28241435424
78	5	颗	7.92603068267
78	6	红色	15.7104168838
78	7	的	3.52197145391
78	8	玫瑰	20.7859693641
78	9	。	6.14525196907
79	1	我	5.40226247496
79	2	想	4.35957571387
79	3	种	13.5214374659
79	4	一	8.28241435424
79	5	颗	7.92603068267
79	6	红色	15.7104168838
79	7	的	3.52197145391
79	8	种子	14.1265325812
79	9	。	6.25233040543
80	1	我	5.40226247496
80	2	想	4.35957571387
80	3	种	13.5214374659
80	4	一	8.28241435424
80	5	朵	14.0225957445
80	6	红色	15.4911186122
80	7	的	3.52197145391
80	8	种子	14.1265325812
80	9	。	6.25233040543
81	1	我	5.40226247496
81	2	经常	10.4651366031
81	3	去	10.6500977285
81	4	一	9.68463324983
81	5	家	6.07822392177
81	6	有名	15.3163412144
81	7	的	0.680394550715
81	8	医院	14.1821380829
81	9	。	6.38870597591
82	1	我	5.40226247496
82	2	经常	10.4651366031
82	3	去	10.6500977285
82	4	一	9.68463324983
82	5	座	7.27946977908
82	6	有名	15.1685665957
82	7	的	0.680394550715
82	8	医院	14.1821380829
82	9	。	6.38870597591
83	1	我	5.40226247496
83	2	经常	10.4651366031
83	3	去	10.6500977285
83	4	一	9.68463324983
83	5	座	7.27946977908
83	6	有名	15.1685665957
83	7	的	0.680394550715
83	8	城市	10.8211275426
83	9	。	3.53933819794
84	1	我	5.40226247496
84	2	经常	10.4651366031
84	3	去	10.6500977285
84	4	一	9.68463324983
84	5	家	6.07822392177
84	6	有名	15.3163412144
84	7	的	0.680394550715
84	8	城市	10.8211275426
84	9	。	3.53933819794
85	1	我	5.40226247496
85	2	拜访	13.9707443616
85	3	了	7.88473206578
85	4	这	6.2985415751
85	5	一	2.62190926118
85	6	所	8.85098151834
85	7	重要	12.7166938508
85	8	的	2.30983288896
85	9	美丽	12.2716268904
85	10	的	1.67352754008
85	11	高中	14.3820158292
85	12	。	7.41148031664
86	1	我	5.40226247496
86	2	拜访	13.9707443616
86	3	了	7.88473206578
86	4	这	6.2985415751
86	5	一	2.62190926118
86	6	位	5.921136623
86	7	重要	12.179862509
86	8	的	2.30983288896
86	9	美丽	12.2716268904
86	10	的	1.67352754008
86	11	高中	14.3820158292
86	12	。	7.41148031664
87	1	我	5.40226247496
87	2	拜访	13.9707443616
87	3	了	7.88473206578
87	4	这	6.2985415751
87	5	一	2.62190926118
87	6	位	5.921136623
87	7	重要	12.179862509
87	8	的	2.30983288896
87	9	美丽	12.2716268904
87	10	的	1.67352754008
87	11	老师	12.4474207686
87	12	。	5.20304109414
88	1	我	5.40226247496
88	2	拜访	13.9707443616
88	3	了	7.88473206578
88	4	这	6.2985415751
88	5	一	2.62190926118
88	6	所	8.85098151834
88	7	重要	12.7166938508
88	8	的	2.30983288896
88	9	美丽	12.2716268904
88	10	的	1.67352754008
88	11	老师	12.4474207686
88	12	。	5.20304109414
89	1	他	5.68454970002
89	2	在	4.45785806399
89	3	读	13.6720555904
89	4	一	5.60443490093
89	5	条	6.55159326447
89	6	很	10.1669427552
89	7	长	6.29438560155
89	8	的	1.62952410866
89	9	评论	11.5982741007
89	10	。	4.70580343125
90	1	他	5.68454970002
90	2	在	4.45785806399
90	3	读	13.6720555904
90	4	一	5.60443490093
90	5	首	9.26143904429
90	6	很	11.7196875734
90	7	长	6.29438560155
90	8	的	1.62952410866
90	9	评论	11.5982741007
90	10	。	4.70580343125
91	1	他	5.68454970002
91	2	在	4.45785806399
91	3	读	13.6720555904
91	4	一	5.60443490093
91	5	首	9.26143904429
91	6	很	11.7196875734
91	7	长	6.29438560155
91	8	的	1.62952410866
91	9	诗歌	21.6330472576
91	10	。	3.05392855165
92	1	他	5.68454970002
92	2	在	4.45785806399
92	3	读	13.6720555904
92	4	一	5.60443490093
92	5	条	6.55159326447
92	6	很	10.1669427552
92	7	长	6.29438560155
92	8	的	1.62952410866
92	9	诗歌	21.6330472576
92	10	。	3.05392855165
93	1	她	8.22619364393
93	2	从来	10.4513977798
93	3	没	5.07836429551
93	4	见	10.4070760223
93	5	过	3.70778008083
93	6	一	5.0425628286
93	7	头	8.6826151615
93	8	黄色	18.8862094786
93	9	的	5.58052030604
93	10	老虎	18.626351539
93	11	。	6.14091869402
94	1	她	8.22619364393
94	2	从来	10.4513977798
94	3	没	5.07836429551
94	4	见	10.4070760223
94	5	过	3.70778008083
94	6	一	5.0425628286
94	7	双	9.84262268935
94	8	黄色	19.2437096911
94	9	的	5.58052030604
94	10	老虎	18.626351539
94	11	。	6.14091869402
95	1	她	8.22619364393
95	2	从来	10.4513977798
95	3	没	5.07836429551
95	4	见	10.4070760223
95	5	过	3.70778008083
95	6	一	5.0425628286
95	7	双	9.84262268935
95	8	黄色	19.2437096911
95	9	的	5.58052030604
95	10	眼睛	12.3527626627
95	11	。	4.34323163671
96	1	她	8.22619364393
96	2	从来	10.4513977798
96	3	没	5.07836429551
96	4	见	10.4070760223
96	5	过	3.70778008083
96	6	一	5.0425628286
96	7	头	8.6826151615
96	8	黄色	18.8862094786
96	9	的	5.58052030604
96	10	眼睛	12.3527626627
96	11	。	4.34323163671
97	1	我	5.40226247496
97	2	还	6.84275979653
97	3	没有	4.22204744687
97	4	检查	13.8219100565
97	5	一	8.48019464824
97	6	份	6.70263431757
97	7	很	9.17197494561
97	8	难	4.25323059719
97	9	的	7.78739088004
97	10	作业	13.2733456593
97	11	。	2.55641456478
98	1	我	5.40226247496
98	2	还	6.84275979653
98	3	没有	4.22204744687
98	4	检查	13.8219100565
98	5	一	8.48019464824
98	6	行	10.6583893353
98	7	很	10.426144432
98	8	难	4.25323059719
98	9	的	7.78739088004
98	10	作业	13.2733456593
98	11	。	2.55641456478
99	1	我	5.40226247496
99	2	还	6.84275979653
99	3	没有	4.22204744687
99	4	检查	13.8219100565
99	5	一	8.48019464824
99	6	行	10.6583893353
99	7	很	10.426144432
99	8	难	4.25323059719
99	9	的	7.78739088004
99	10	公式	17.490738328
99	11	。	6.22949655572
100	1	我	5.40226247496
100	2	还	6.84275979653
100	3	没有	4.22204744687
100	4	检查	13.8219100565
100	5	一	8.48019464824
100	6	份	6.70263431757
100	7	很	9.17197494561
100	8	难	4.25323059719
100	9	的	7.78739088004
100	10	公式	17.490738328
100	11	。	6.22949655572
101	1	孩子	13.530230446
101	2	听到	13.5701081136
101	3	了	4.54080678674
101	4	一	4.55472553908
101	5	首	8.40920527323
101	6	熟悉	15.8528596894
101	7	的	1.9250545608
101	8	歌曲	13.6377679086
101	9	。	6.69778414236
102	1	孩子	13.530230446
102	2	听到	13.5701081136
102	3	了	4.54080678674
102	4	一	4.55472553908
102	5	张	6.082888908
102	6	熟悉	14.6139558916
102	7	的	1.9250545608
102	8	歌曲	13.6377679086
102	9	。	6.69778414236
103	1	孩子	13.530230446
103	2	听到	13.5701081136
103	3	了	4.54080678674
103	4	一	4.55472553908
103	5	张	6.082888908
103	6	熟悉	14.6139558916
103	7	的	1.9250545608
103	8	专辑	14.8713192398
103	9	。	6.51336017028
104	1	孩子	13.530230446
104	2	听到	13.5701081136
104	3	了	4.54080678674
104	4	一	4.55472553908
104	5	首	8.40920527323
104	6	熟悉	15.8528596894
104	7	的	1.9250545608
104	8	专辑	14.8713192398
104	9	。	6.51336017028
105	1	护士	18.9441611079
105	2	做	10.5071994355
105	3	了	3.66963086644
105	4	一	3.72708721424
105	5	次	5.50003179032
105	6	必需	17.3231711448
105	7	的	3.11694605136
105	8	检查	12.3527626627
105	9	。	3.00428828585
106	1	护士	18.9441611079
106	2	做	10.5071994355
106	3	了	3.66963086644
106	4	一	3.72708721424
106	5	篇	6.72346424842
106	6	必需	17.4950642239
106	7	的	3.11694605136
106	8	检查	12.3527626627
106	9	。	3.00428828585
107	1	护士	18.9441611079
107	2	做	10.5071994355
107	3	了	3.66963086644
107	4	一	3.72708721424
107	5	篇	6.72346424842
107	6	必需	17.4950642239
107	7	的	3.11694605136
107	8	报告	10.9462443312
107	9	。	3.26632149078
108	1	护士	18.9441611079
108	2	做	10.5071994355
108	3	了	3.66963086644
108	4	一	3.72708721424
108	5	次	5.50003179032
108	6	必需	17.3231711448
108	7	的	3.11694605136
108	8	报告	10.9462443312
108	9	。	3.26632149078
109	1	这里	9.72995676039
109	2	是	1.59995966742
109	3	两	5.07004300724
109	4	台	9.13938833707
109	5	最新	13.9242297476
109	6	的	2.43315874379
109	7	电视	11.830537326
109	8	。	7.09821691125
110	1	这里	9.72995676039
110	2	是	1.59995966742
110	3	两	5.07004300724
110	4	份	9.13938833707
110	5	最新	9.1200180656
110	6	的	2.43315874379
110	7	电视	11.830537326
110	8	。	7.09821691125
111	1	这里	9.72995676039
111	2	是	1.59995966742
111	3	两	5.07004300724
111	4	份	9.13938833707
111	5	最新	9.1200180656
111	6	的	2.43315874379
111	7	订单	14.2729974575
111	8	。	6.05392879127
112	1	这里	9.72995676039
112	2	是	1.59995966742
112	3	两	5.07004300724
112	4	台	9.13938833707
112	5	最新	13.9242297476
112	6	的	2.43315874379
112	7	订单	14.2729974575
112	8	。	6.05392879127
113	1	他	5.68454970002
113	2	很	10.1833373043
113	3	欣赏	12.1459081719
113	4	一	8.46009148511
113	5	处	7.4781019191
113	6	环保	14.2898306561
113	7	的	5.80144529844
113	8	景点	14.8713192398
113	9	。	3.75643639559
114	1	他	5.68454970002
114	2	很	10.1833373043
114	3	欣赏	12.1459081719
114	4	一	8.46009148511
114	5	位	5.51778529981
114	6	环保	14.1244656257
114	7	的	5.80144529844
114	8	景点	14.8713192398
114	9	。	3.75643639559
115	1	他	5.68454970002
115	2	很	10.1833373043
115	3	欣赏	12.1459081719
115	4	一	8.46009148511
115	5	位	5.51778529981
115	6	环保	14.1244656257
115	7	的	5.80144529844
115	8	领导	11.2289245305
115	9	。	9.56130945807
116	1	他	5.68454970002
116	2	很	10.1833373043
116	3	欣赏	12.1459081719
116	4	一	8.46009148511
116	5	处	7.4781019191
116	6	环保	14.2898306561
116	7	的	5.80144529844
116	8	领导	11.2289245305
116	9	。	9.56130945807
117	1	那里	14.7637787328
117	2	有	5.54770298155
117	3	一	3.12084005204
117	4	支	6.57003321502
117	5	海上	15.6237327953
117	6	的	5.86128323408
117	7	舰队	17.490738328
117	8	。	5.22385463139
118	1	那里	14.7637787328
118	2	有	5.54770298155
118	3	一	3.12084005204
118	4	艘	7.79555891332
118	5	海上	15.8460164421
118	6	的	5.86128323408
118	7	舰队	17.490738328
118	8	。	5.22385463139
119	1	那里	14.7637787328
119	2	有	5.54770298155
119	3	一	3.12084005204
119	4	艘	7.79555891332
119	5	海上	15.8460164421
119	6	的	5.86128323408
119	7	渔船	14.1265325812
119	8	。	6.2751772263
120	1	那里	14.7637787328
120	2	有	5.54770298155
120	3	一	3.12084005204
120	4	支	6.57003321502
120	5	海上	15.6237327953
120	6	的	5.86128323408
120	7	渔船	14.1265325812
120	8	。	6.2751772263
