sentence_id	token_id	token	surprisal
1	1	记者	8.239975929260254
1	2	采访	7.785833835601807
1	3	了	1.3304519653320312
1	4	研发	22.37763023376465
1	5	帮助	22.358802795410156
1	6	老人	12.146900177001953
1	7	的	3.2659614086151123
1	8	产品	13.738327980041504
1	9	。	1.5684177875518799
2	1	记者	8.239975929260254
2	2	采访	7.785833835601807
2	3	了	1.3304519653320312
2	4	研发	22.37763023376465
2	5	帮助	22.358802795410156
2	6	老人	12.146900177001953
2	7	的	3.2659614086151123
2	8	产品	13.738327980041504
2	9	的	9.033714294433594
2	10	科学家	11.350541114807129
2	11	。	0.8006678223609924
3	1	他	4.5236897468566895
3	2	认识	16.0583438873291
3	3	了	5.576035022735596
3	4	写	18.138755798339844
3	5	介绍	15.575992584228516
3	6	名人	16.113122940063477
3	7	的	2.8592417240142822
3	8	书	10.177947998046875
3	9	。	3.0908961296081543
4	1	他	4.5236897468566895
4	2	认识	16.0583438873291
4	3	了	5.576035022735596
4	4	写	18.138755798339844
4	5	介绍	15.575992584228516
4	6	名人	16.113122940063477
4	7	的	2.8592417240142822
4	8	书	10.177947998046875
4	9	的	5.464332580566406
4	10	老师	14.03739070892334
4	11	。	2.2827699184417725
5	1	他	4.5236897468566895
5	2	拍	15.364862442016602
5	3	下	11.436038970947266
5	4	了	4.61229944229126
5	5	获得	20.523080825805664
5	6	代表	16.139474868774414
5	7	实力	10.13090991973877
5	8	的	4.402566432952881
5	9	大奖	12.433036804199219
5	10	。	1.1202188730239868
6	1	他	4.5236897468566895
6	2	拍	15.364862442016602
6	3	下	11.436038970947266
6	4	了	4.61229944229126
6	5	获得	20.523080825805664
6	6	代表	16.139474868774414
6	7	实力	10.13090991973877
6	8	的	4.402566432952881
6	9	大奖	12.433036804199219
6	10	的	2.2548229694366455
6	11	艺术品	13.131119728088379
6	12	。	2.1159398555755615
7	1	我们	7.549299240112305
7	2	参加	11.466714859008789
7	3	了	2.9533004760742188
7	4	吸引	16.354215621948242
7	5	学习	11.682197570800781
7	6	历史	16.11981201171875
7	7	的	0.8528463244438171
7	8	学生	8.383145332336426
7	9	。	2.6775341033935547
8	1	我们	7.549299240112305
8	2	参加	11.466714859008789
8	3	了	2.9533004760742188
8	4	吸引	16.354215621948242
8	5	学习	11.682197570800781
8	6	历史	16.11981201171875
8	7	的	0.8528463244438171
8	8	学生	8.383145332336426
8	9	的	3.1902804374694824
8	10	活动	2.0920028686523438
8	11	。	0.6252648234367371
9	1	他	4.5236897468566895
9	2	想起	17.939071655273438
9	3	了	2.2149648666381836
9	4	写	15.8911771774292
9	5	过	7.023166179656982
9	6	宣传	19.434812545776367
9	7	环保	15.669414520263672
9	8	的	2.1855971813201904
9	9	歌	8.987950325012207
9	10	。	1.8036086559295654
10	1	他	4.5236897468566895
10	2	想起	17.939071655273438
10	3	了	2.2149648666381836
10	4	写	15.8911771774292
10	5	过	7.023166179656982
10	6	宣传	19.434812545776367
10	7	环保	15.669414520263672
10	8	的	2.1855971813201904
10	9	歌	8.987950325012207
10	10	的	9.2426118850708
10	11	同学	11.122747421264648
10	12	。	1.374350666999817
11	1	司机	16.78470802307129
11	2	启动	16.588228225708008
11	3	了	2.151466131210327
11	4	装有	13.00709056854248
11	5	支持	20.508207321166992
11	6	互联网	13.90573787689209
11	7	功能	13.364402770996094
11	8	的	0.4845634400844574
11	9	音响	14.65279483795166
11	10	。	8.37454605102539
12	1	司机	16.78470802307129
12	2	启动	16.588228225708008
12	3	了	2.151466131210327
12	4	装有	13.00709056854248
12	5	支持	20.508207321166992
12	6	互联网	13.90573787689209
12	7	功能	13.364402770996094
12	8	的	0.4845634400844574
12	9	音响	14.65279483795166
12	10	的	10.568302154541016
12	11	车	9.90044116973877
12	12	。	2.6292505264282227
13	1	爸爸	13.998507499694824
13	2	买	6.189601898193359
13	3	了	1.7778384685516357
13	4	带	13.31896686553955
13	5	配备	18.690526962280273
13	6	保险	13.569727897644043
13	7	的	4.469427108764648
13	8	家具	9.594558715820312
13	9	。	3.1727633476257324
14	1	爸爸	13.998507499694824
14	2	买	6.189601898193359
14	3	了	1.7778384685516357
14	4	带	13.31896686553955
14	5	配备	18.690526962280273
14	6	保险	13.569727897644043
14	7	的	4.469427108764648
14	8	家具	9.594558715820312
14	9	的	10.937917709350586
14	10	房子	5.8627543449401855
14	11	。	3.531362295150757
15	1	他	4.5236897468566895
15	2	损失	26.197553634643555
15	3	了	1.1930012702941895
15	4	买	15.837400436401367
15	5	治疗	20.65302276611328
15	6	疾病	9.494376182556152
15	7	的	1.1134049892425537
15	8	药	13.836477279663086
15	9	。	1.8241965770721436
16	1	他	4.5236897468566895
16	2	损失	26.197553634643555
16	3	了	1.1930012702941895
16	4	买	15.837400436401367
16	5	治疗	20.65302276611328
16	6	疾病	9.494376182556152
16	7	的	1.1134049892425537
16	8	药	13.836477279663086
16	9	的	11.493412971496582
16	10	现金	9.469355583190918
16	11	。	0.931477963924408
17	1	我	7.963864326477051
17	2	拜访	14.476106643676758
17	3	了	1.6037172079086304
17	4	去	14.693349838256836
17	5	过	9.532793045043945
17	6	支持	20.505569458007812
17	7	贸易	20.34004020690918
17	8	的	2.5730178356170654
17	9	中国	8.642224311828613
17	10	。	6.984692096710205
18	1	我	7.963864326477051
18	2	拜访	14.476106643676758
18	3	了	1.6037172079086304
18	4	去	14.693349838256836
18	5	过	9.532793045043945
18	6	支持	20.505569458007812
18	7	贸易	20.34004020690918
18	8	的	2.5730178356170654
18	9	中国	8.642224311828613
18	10	的	4.292760372161865
18	11	邻居	10.764348030090332
18	12	。	3.2410202026367188
19	1	爷爷	17.78856086730957
19	2	中止	18.019487380981445
19	3	了	0.21553151309490204
19	4	引发	16.143218994140625
19	5	伤害	12.45413589477539
19	6	亲情	15.572453498840332
19	7	的	0.34031355381011963
19	8	争吵	11.875689506530762
19	9	。	1.9816105365753174
20	1	爷爷	17.78856086730957
20	2	中止	18.019487380981445
20	3	了	0.21553151309490204
20	4	引发	16.143218994140625
20	5	伤害	12.45413589477539
20	6	亲情	15.572453498840332
20	7	的	0.34031355381011963
20	8	争吵	11.875689506530762
20	9	的	12.57251262664795
20	10	谈话	13.329817771911621
20	11	。	1.3892700672149658
21	1	她	7.657495975494385
21	2	提到	15.229872703552246
21	3	了	5.312590599060059
21	4	看	15.218504905700684
21	5	着	9.503762245178223
21	6	带来	18.024463653564453
21	7	欢乐	10.723559379577637
21	8	的	0.687213122844696
21	9	电视	10.79294204711914
21	10	。	4.424251556396484
22	1	她	7.657495975494385
22	2	提到	15.229872703552246
22	3	了	5.312590599060059
22	4	看	15.218504905700684
22	5	着	9.503762245178223
22	6	带来	18.024463653564453
22	7	欢乐	10.723559379577637
22	8	的	0.687213122844696
22	9	电视	10.79294204711914
22	10	的	5.941378116607666
22	11	女儿	14.854873657226562
22	12	。	4.336212158203125
23	1	医生	14.275247573852539
23	2	表扬	16.503549575805664
23	3	了	0.08473508805036545
23	4	帮助	12.406472206115723
23	5	种	17.78154945373535
23	6	菜	11.279622077941895
23	7	的	2.4788317680358887
23	8	老人	11.979257583618164
23	9	。	1.3963085412979126
24	1	医生	14.275247573852539
24	2	表扬	16.503549575805664
24	3	了	0.08473508805036545
24	4	帮助	12.406472206115723
24	5	种	17.78154945373535
24	6	菜	11.279622077941895
24	7	的	2.4788317680358887
24	8	老人	11.979257583618164
24	9	的	10.122210502624512
24	10	孩子	9.007957458496094
24	11	。	0.6730315089225769
25	1	她	7.657495975494385
25	2	介绍	7.733509540557861
25	3	了	5.44942569732666
25	4	生产	15.85168743133545
25	5	装有	16.927156448364258
25	6	音响	11.49931812286377
25	7	的	3.2910683155059814
25	8	电视	10.254569053649902
25	9	。	11.267807960510254
26	1	她	7.657495975494385
26	2	介绍	7.733509540557861
26	3	了	5.44942569732666
26	4	生产	15.85168743133545
26	5	装有	16.927156448364258
26	6	音响	11.49931812286377
26	7	的	3.2910683155059814
26	8	电视	10.254569053649902
26	9	的	10.489556312561035
26	10	工厂	10.968158721923828
26	11	。	3.36775279045105
27	1	我	7.963864326477051
27	2	洗	16.704511642456055
27	3	了	2.2061638832092285
27	4	陪伴	21.316965103149414
27	5	过	7.346817970275879
27	6	卖	13.115433692932129
27	7	衣服	5.6836771965026855
27	8	的	0.8326415419578552
27	9	母亲	10.943031311035156
27	10	。	5.205028533935547
28	1	我	7.963864326477051
28	2	洗	16.704511642456055
28	3	了	2.2061638832092285
28	4	陪伴	21.316965103149414
28	5	过	7.346817970275879
28	6	卖	13.115433692932129
28	7	衣服	5.6836771965026855
28	8	的	0.8326415419578552
28	9	母亲	10.943031311035156
28	10	的	8.427156448364258
28	11	衣服	8.388263702392578
28	12	。	4.657997131347656
29	1	学生	14.263710975646973
29	2	们	18.094911575317383
29	3	写	14.079203605651855
29	4	着	5.397924900054932
29	5	困扰	20.670055389404297
29	6	努力	16.690635681152344
29	7	学习	1.4835140705108643
29	8	的	2.525320053100586
29	9	他们	14.062861442565918
29	10	。	1.0360734462738037
30	1	学生	14.263710975646973
30	2	们	18.094911575317383
30	3	写	14.079203605651855
30	4	着	5.397924900054932
30	5	困扰	20.670055389404297
30	6	努力	16.690635681152344
30	7	学习	1.4835140705108643
30	8	的	2.525320053100586
30	9	他们	14.062861442565918
30	10	的	3.3211312294006348
30	11	作业	14.064406394958496
30	12	。	4.4893622398376465
31	1	店长	22.51995086669922
31	2	拿	17.13266944885254
31	3	着	4.435617446899414
31	4	开	12.397910118103027
31	5	通往	17.761564254760742
31	6	仓库	17.05004119873047
31	7	的	0.5219122767448425
31	8	大门	9.655634880065918
31	9	。	3.7591660022735596
32	1	店长	22.51995086669922
32	2	拿	17.13266944885254
32	3	着	4.435617446899414
32	4	开	12.397910118103027
32	5	通往	17.761564254760742
32	6	仓库	17.05004119873047
32	7	的	0.5219122767448425
32	8	大门	9.655634880065918
32	9	的	13.721943855285645
32	10	钥匙	10.731391906738281
32	11	。	0.4853714108467102
33	1	有人	13.593252182006836
33	2	听	8.204985618591309
33	3	着	7.597836971282959
33	4	打扰	18.640100479125977
33	5	了	9.715683937072754
33	6	写	14.87453556060791
33	7	书	12.121197700500488
33	8	的	1.4158085584640503
33	9	邻居	13.531441688537598
33	10	。	8.182344436645508
34	1	有人	13.593252182006836
34	2	听	8.204985618591309
34	3	着	7.597836971282959
34	4	打扰	18.640100479125977
34	5	了	9.715683937072754
34	6	写	14.87453556060791
34	7	书	12.121197700500488
34	8	的	1.4158085584640503
34	9	邻居	13.531441688537598
34	10	的	8.385791778564453
34	11	音乐	15.341306686401367
34	12	。	6.135812759399414
35	1	我	7.963864326477051
35	2	观察	12.176921844482422
35	3	着	7.879045009613037
35	4	经营	16.83110237121582
35	5	卖	16.446508407592773
35	6	食品	8.885722160339355
35	7	的	0.5382900834083557
35	8	商店	7.940938472747803
35	9	。	4.470446586608887
36	1	我	7.963864326477051
36	2	观察	12.176921844482422
36	3	着	7.879045009613037
36	4	经营	16.83110237121582
36	5	卖	16.446508407592773
36	6	食品	8.885722160339355
36	7	的	0.5382900834083557
36	8	商店	7.940938472747803
36	9	的	5.139033317565918
36	10	男人	15.181934356689453
36	11	。	2.4935240745544434
37	1	学生	14.263710975646973
37	2	们	18.094911575317383
37	3	读	13.659506797790527
37	4	着	11.90356159210205
37	5	描述	14.678548812866211
37	6	启发	18.769607543945312
37	7	读者	10.603508949279785
37	8	的	1.017116904258728
37	9	故事	4.757064342498779
37	10	。	1.2364522218704224
38	1	学生	14.263710975646973
38	2	们	18.094911575317383
38	3	读	13.659506797790527
38	4	着	11.90356159210205
38	5	描述	14.678548812866211
38	6	启发	18.769607543945312
38	7	读者	10.603508949279785
38	8	的	1.017116904258728
38	9	故事	4.757064342498779
38	10	的	9.35288143157959
38	11	书	6.285173416137695
38	12	。	1.330243468284607
39	1	教练	13.35072135925293
39	2	创办	16.703880310058594
39	3	过	11.778502464294434
39	4	教	15.773491859436035
39	5	治疗	15.874826431274414
39	6	失眠	17.509984970092773
39	7	的	0.8688333034515381
39	8	动作	11.179777145385742
39	9	。	2.035923480987549
40	1	教练	13.35072135925293
40	2	创办	16.703880310058594
40	3	过	11.778502464294434
40	4	教	15.773491859436035
40	5	治疗	15.874826431274414
40	6	失眠	17.509984970092773
40	7	的	0.8688333034515381
40	8	动作	11.179777145385742
40	9	的	8.79991626739502
40	10	健身房	11.728104591369629
40	11	。	7.907554626464844
41	1	我	7.963864326477051
41	2	喜欢	8.05810546875
41	3	过	7.038812160491943
41	4	给	15.919082641601562
41	5	我	3.034045696258545
41	6	克服	18.39042854309082
41	7	困难	2.84208607673645
41	8	的	2.097125291824341
41	9	信心	10.957512855529785
41	10	。	1.1505701541900635
42	1	我	7.963864326477051
42	2	喜欢	8.05810546875
42	3	过	7.038812160491943
42	4	给	15.919082641601562
42	5	我	3.034045696258545
42	6	克服	18.39042854309082
42	7	困难	2.84208607673645
42	8	的	2.097125291824341
42	9	信心	10.957512855529785
42	10	的	5.877612113952637
42	11	音乐	14.792582511901855
42	12	。	2.3222298622131348
43	1	她	7.657495975494385
43	2	开	12.918431282043457
43	3	过	6.754073619842529
43	4	容纳	18.512407302856445
43	5	很多	14.346607208251953
43	6	学习	15.851308822631836
43	7	舞蹈	10.438236236572266
43	8	的	1.1457068920135498
43	9	人	7.227847576141357
43	10	。	2.4354352951049805
44	1	她	7.657495975494385
44	2	开	12.918431282043457
44	3	过	6.754073619842529
44	4	容纳	18.512407302856445
44	5	很多	14.346607208251953
44	6	学习	15.851308822631836
44	7	舞蹈	10.438236236572266
44	8	的	1.1457068920135498
44	9	人	7.227847576141357
44	10	的	11.331315040588379
44	11	车	10.069077491760254
44	12	。	3.930813789367676
45	1	他	4.5236897468566895
45	2	修理	19.879100799560547
45	3	过	5.940013885498047
45	4	丢失	16.534936904907227
45	5	了	2.474954128265381
45	6	处理	13.505537033081055
45	7	程序	8.209617614746094
45	8	的	6.024322986602783
45	9	芯片	9.685157775878906
45	10	。	3.7241580486297607
46	1	他	4.5236897468566895
46	2	修理	19.879100799560547
46	3	过	5.940013885498047
46	4	丢失	16.534936904907227
46	5	了	2.474954128265381
46	6	处理	13.505537033081055
46	7	程序	8.209617614746094
46	8	的	6.024322986602783
46	9	芯片	9.685157775878906
46	10	的	10.546525955200195
46	11	电脑	9.33281135559082
46	12	。	4.081618785858154
47	1	他	4.5236897468566895
47	2	讲	14.238191604614258
47	3	过	6.4591593742370605
47	4	介绍	16.130842208862305
47	5	写	16.15433120727539
47	6	诗	12.641098976135254
47	7	的	3.2878916263580322
47	8	画家	14.141855239868164
47	9	。	4.205755710601807
48	1	他	4.5236897468566895
48	2	讲	14.238191604614258
48	3	过	6.4591593742370605
48	4	介绍	16.130842208862305
48	5	写	16.15433120727539
48	6	诗	12.641098976135254
48	7	的	3.2878916263580322
48	8	画家	14.141855239868164
48	9	的	5.0865020751953125
48	10	课	13.63909912109375
48	11	。	4.318249225616455
49	1	我	7.963864326477051
49	2	邀请	16.025419235229492
49	3	过	9.386975288391113
49	4	喜欢	16.524314880371094
49	5	唱	11.061847686767578
49	6	歌	5.789470672607422
49	7	的	2.2283897399902344
49	8	明星	12.602599143981934
49	9	。	4.5493550300598145
50	1	我	7.963864326477051
50	2	邀请	16.025419235229492
50	3	过	9.386975288391113
50	4	喜欢	16.524314880371094
50	5	唱	11.061847686767578
50	6	歌	5.789470672607422
50	7	的	2.2283897399902344
50	8	明星	12.602599143981934
50	9	的	6.984475612640381
50	10	朋友	3.619791030883789
50	11	。	4.0032525062561035
51	1	她	7.657495975494385
51	2	申请	17.031373977661133
51	3	过	8.329534530639648
51	4	减轻	15.51963996887207
51	5	困扰	11.462471961975098
51	6	父母	8.861335754394531
51	7	的	0.24509219825267792
51	8	负担	7.766026973724365
51	9	。	1.6119476556777954
52	1	她	7.657495975494385
52	2	申请	17.031373977661133
52	3	过	8.329534530639648
52	4	减轻	15.51963996887207
52	5	困扰	11.462471961975098
52	6	父母	8.861335754394531
52	7	的	0.24509219825267792
52	8	负担	7.766026973724365
52	9	的	7.179315090179443
52	10	奖金	13.196985244750977
52	11	。	2.823366165161133
53	1	她	7.657495975494385
53	2	去	13.43608570098877
53	3	卖	16.1530704498291
53	4	陪伴	20.467830657958984
53	5	孩子	7.429177284240723
53	6	的	1.2614877223968506
53	7	礼物	12.379074096679688
53	8	。	4.25100564956665
54	1	她	7.657495975494385
54	2	去	13.43608570098877
54	3	卖	16.1530704498291
54	4	陪伴	20.467830657958984
54	5	孩子	7.429177284240723
54	6	的	1.2614877223968506
54	7	礼物	12.379074096679688
54	8	的	10.36143684387207
54	9	商店	10.446728706359863
54	10	。	6.342433929443359
55	1	弟弟	18.16460418701172
55	2	需要	15.578721046447754
55	3	用于	14.751585960388184
55	4	锻炼	13.765504837036133
55	5	记忆力	21.62083625793457
55	6	的	4.666950225830078
55	7	游戏	15.697195053100586
55	8	。	3.016545057296753
56	1	弟弟	18.16460418701172
56	2	需要	15.578721046447754
56	3	用于	14.751585960388184
56	4	锻炼	13.765504837036133
56	5	记忆力	21.62083625793457
56	6	的	4.666950225830078
56	7	游戏	15.697195053100586
56	8	的	10.339269638061523
56	9	钱	8.96445083618164
56	10	。	6.407420635223389
57	1	他	4.5236897468566895
57	2	很	11.189192771911621
57	3	欣赏	8.833259582519531
57	4	写	15.499260902404785
57	5	吸引	19.729705810546875
57	6	读者	6.376967906951904
57	7	的	0.3451099991798401
57	8	小说	10.316493034362793
57	9	。	1.0261685848236084
58	1	他	4.5236897468566895
58	2	很	11.189192771911621
58	3	欣赏	8.833259582519531
58	4	写	15.499260902404785
58	5	吸引	19.729705810546875
58	6	读者	6.376967906951904
58	7	的	0.3451099991798401
58	8	小说	10.316493034362793
58	9	的	8.613481521606445
58	10	作家	11.274589538574219
58	11	。	1.086422085762024
59	1	我	7.963864326477051
59	2	经常	9.813947677612305
59	3	去	4.2758564949035645
59	4	提供	14.50796890258789
59	5	帮助	5.8897528648376465
59	6	残疾人	14.405369758605957
59	7	的	4.6350884437561035
59	8	停车位	20.948484420776367
59	9	。	3.4748611450195312
60	1	我	7.963864326477051
60	2	经常	9.813947677612305
60	3	去	4.2758564949035645
60	4	提供	14.50796890258789
60	5	帮助	5.8897528648376465
60	6	残疾人	14.405369758605957
60	7	的	4.6350884437561035
60	8	停车位	20.948484420776367
60	9	的	10.829255104064941
60	10	医院	14.295361518859863
60	11	。	1.763103723526001
