sentence_id	token_id	token	surprisal
1	1	他	4.5236897468566895
1	2	喜欢	13.47642707824707
1	3	那	7.537753105163574
1	4	家	8.424732208251953
1	5	亲切	17.327579498291016
1	6	的	0.46523916721343994
1	7	老板	13.194273948669434
1	8	投资	21.053543090820312
1	9	的	3.778637647628784
1	10	饭店	8.038677215576172
1	11	。	1.988598346710205
2	1	他	4.5236897468566895
2	2	喜欢	13.47642707824707
2	3	那	7.537753105163574
2	4	个	5.443412780761719
2	5	亲切	15.611416816711426
2	6	的	0.26597651839256287
2	7	老板	14.032156944274902
2	8	投资	22.116859436035156
2	9	的	2.6211349964141846
2	10	饭店	8.661336898803711
2	11	。	1.8943407535552979
3	1	她	7.657495975494385
3	2	在	4.58152437210083
3	3	看	13.3944091796875
3	4	那	9.984333992004395
3	5	幅	7.173285484313965
3	6	聪明	15.010025978088379
3	7	的	0.22617918252944946
3	8	朋友	14.203463554382324
3	9	喜欢	17.202192306518555
3	10	的	3.231438159942627
3	11	画	11.200207710266113
3	12	。	4.041683197021484
4	1	她	7.657495975494385
4	2	在	4.58152437210083
4	3	看	13.3944091796875
4	4	那	9.984333992004395
4	5	个	6.315962791442871
4	6	聪明	15.710329055786133
4	7	的	0.1879933923482895
4	8	朋友	6.627631187438965
4	9	喜欢	16.27545928955078
4	10	的	3.342423915863037
4	11	画	14.851160049438477
4	12	。	3.2837212085723877
5	1	我	7.963864326477051
5	2	欣赏	14.913275718688965
5	3	那	6.6411871910095215
5	4	件	2.7291481494903564
5	5	细心	18.387678146362305
5	6	的	0.2155553549528122
5	7	老师	10.298608779907227
5	8	收藏	17.249738693237305
5	9	的	0.302402138710022
5	10	艺术品	11.256575584411621
5	11	。	2.1984057426452637
6	1	我	7.963864326477051
6	2	欣赏	14.913275718688965
6	3	那	6.6411871910095215
6	4	个	5.217719078063965
6	5	细心	15.171106338500977
6	6	的	0.33189910650253296
6	7	老师	6.819883823394775
6	8	收藏	18.38028907775879
6	9	的	0.4450776278972626
6	10	艺术品	12.517621040344238
6	11	。	2.345336437225342
7	1	他	4.5236897468566895
7	2	打	13.803452491760254
7	3	了	2.48286771774292
7	4	那	9.291496276855469
7	5	只	10.752034187316895
7	6	负责	16.494367599487305
7	7	的	1.2661632299423218
7	8	店长	19.79155731201172
7	9	喜欢	12.812572479248047
7	10	的	5.300596714019775
7	11	宠物	15.773547172546387
7	12	。	3.5463080406188965
8	1	他	4.5236897468566895
8	2	打	13.803452491760254
8	3	了	2.48286771774292
8	4	那	9.291496276855469
8	5	个	5.061220169067383
8	6	负责	17.48470687866211
8	7	的	1.791671872138977
8	8	店长	21.406991958618164
8	9	喜欢	14.450784683227539
8	10	的	3.746067523956299
8	11	宠物	16.780681610107422
8	12	。	3.094006299972534
9	1	我	7.963864326477051
9	2	在	5.732231140136719
9	3	思念	19.63886833190918
9	4	那	8.349112510681152
9	5	首	7.151918888092041
9	6	有名	15.723734855651855
9	7	的	0.04469077289104462
9	8	明星	16.112873077392578
9	9	唱	13.086292266845703
9	10	的	1.7851743698120117
9	11	歌	2.316384792327881
9	12	。	4.971317768096924
10	1	我	7.963864326477051
10	2	在	5.732231140136719
10	3	思念	19.63886833190918
10	4	那	8.349112510681152
10	5	个	4.709845066070557
10	6	有名	13.718572616577148
10	7	的	0.0573309101164341
10	8	明星	14.195323944091797
10	9	唱	15.336259841918945
10	10	的	1.094831943511963
10	11	歌	2.919973373413086
10	12	。	4.408317565917969
11	1	她	7.657495975494385
11	2	拜访	16.99188995361328
11	3	了	1.4334031343460083
11	4	那	10.954051971435547
11	5	所	4.993984699249268
11	6	富有	15.53464412689209
11	7	的	6.9160332679748535
11	8	老人	10.550928115844727
11	9	去	12.974579811096191
11	10	的	3.4677205085754395
11	11	学校	5.786381721496582
11	12	。	2.645237922668457
12	1	她	7.657495975494385
12	2	拜访	16.99188995361328
12	3	了	1.4334031343460083
12	4	那	10.954051971435547
12	5	个	3.2075541019439697
12	6	富有	17.111730575561523
12	7	的	10.359357833862305
12	8	老人	10.233840942382812
12	9	去	14.08481216430664
12	10	的	5.735508918762207
12	11	学校	7.933927059173584
12	12	。	2.3597004413604736
13	1	他	4.5236897468566895
13	2	检查	16.891067504882812
13	3	了	0.2686673700809479
13	4	那	12.299675941467285
13	5	件	5.724494934082031
13	6	紧张	17.257837295532227
13	7	的	0.997495174407959
13	8	司机	18.13603973388672
13	9	带	11.062679290771484
13	10	的	1.6555320024490356
13	11	行李	8.185624122619629
13	12	。	2.8225111961364746
14	1	他	4.5236897468566895
14	2	检查	16.891067504882812
14	3	了	0.2686673700809479
14	4	那	12.299675941467285
14	5	个	5.771609783172607
14	6	紧张	15.416186332702637
14	7	的	0.6576963663101196
14	8	司机	13.800827026367188
14	9	带	10.684182167053223
14	10	的	1.3970838785171509
14	11	行李	7.577690124511719
14	12	。	2.615873336791992
15	1	我	7.963864326477051
15	2	听说	10.388404846191406
15	3	过	1.3185195922851562
15	4	那	7.204336166381836
15	5	本	4.143182277679443
15	6	有名	17.680883407592773
15	7	的	0.019464153796434402
15	8	作家	12.234228134155273
15	9	写	11.590723991394043
15	10	的	2.2112743854522705
15	11	书	4.238282203674316
15	12	。	4.880223751068115
16	1	我	7.963864326477051
16	2	听说	10.388404846191406
16	3	过	1.3185195922851562
16	4	那	7.204336166381836
16	5	个	5.374985218048096
16	6	有名	15.191422462463379
16	7	的	0.024921352043747902
16	8	作家	13.454166412353516
16	9	写	11.943504333496094
16	10	的	3.109168767929077
16	11	书	4.7778120040893555
16	12	。	5.076616287231445
17	1	她	7.657495975494385
17	2	撞	19.910917282104492
17	3	了	3.165743112564087
17	4	那	7.849021911621094
17	5	辆	7.176995754241943
17	6	熟悉	16.147689819335938
17	7	的	0.1100073903799057
17	8	朋友	11.140953063964844
17	9	开	12.145917892456055
17	10	的	3.6483402252197266
17	11	车	5.449746608734131
17	12	。	4.5828094482421875
18	1	她	7.657495975494385
18	2	撞	19.910917282104492
18	3	了	3.165743112564087
18	4	那	7.849021911621094
18	5	个	4.857433319091797
18	6	熟悉	16.410110473632812
18	7	的	0.17220376431941986
18	8	朋友	6.417114734649658
18	9	开	13.572092056274414
18	10	的	2.5305659770965576
18	11	车	6.888665199279785
18	12	。	4.283747673034668
19	1	我们	7.549299240112305
19	2	认可	17.0119571685791
19	3	了	3.243496894836426
19	4	那	7.194957256317139
19	5	份	4.954078674316406
19	6	淘气	20.797868728637695
19	7	的	0.22124473750591278
19	8	孩子	12.69699478149414
19	9	做	14.444193840026855
19	10	的	0.9103323817253113
19	11	作业	10.84256362915039
19	12	。	4.248598098754883
20	1	我们	7.549299240112305
20	2	认可	17.0119571685791
20	3	了	3.243496894836426
20	4	那	7.194957256317139
20	5	个	4.38433313369751
20	6	淘气	19.79480743408203
20	7	的	0.17768383026123047
20	8	孩子	6.601325511932373
20	9	做	13.997551918029785
20	10	的	1.1505013704299927
20	11	作业	11.740479469299316
20	12	。	4.307744979858398
21	1	他们	7.319622993469238
21	2	接受	12.071130752563477
21	3	了	2.182339906692505
21	4	那	9.495553016662598
21	5	份	3.9413537979125977
21	6	严格	12.84300422668457
21	7	的	0.5266336798667908
21	8	老板	19.94095802307129
21	9	制定	15.64961051940918
21	10	的	0.5388312935829163
21	11	合同	8.441605567932129
21	12	。	1.835153579711914
22	1	他们	7.319622993469238
22	2	接受	12.071130752563477
22	3	了	2.182339906692505
22	4	那	9.495553016662598
22	5	个	5.1894001960754395
22	6	严格	15.486300468444824
22	7	的	0.4326266050338745
22	8	老板	20.014251708984375
22	9	制定	16.665849685668945
22	10	的	1.3038280010223389
22	11	合同	9.382115364074707
22	12	。	2.4196484088897705
23	1	他	4.5236897468566895
23	2	离开	12.509121894836426
23	3	了	6.636505126953125
23	4	那	8.543258666992188
23	5	间	9.483026504516602
23	6	负责	17.219873428344727
23	7	的	4.154157638549805
23	8	朋友	8.627256393432617
23	9	开	14.169071197509766
23	10	的	5.365719795227051
23	11	工厂	11.039216995239258
23	12	。	2.09502911567688
24	1	他	4.5236897468566895
24	2	离开	12.509121894836426
24	3	了	6.636505126953125
24	4	那	8.543258666992188
24	5	个	4.646187782287598
24	6	负责	15.39094352722168
24	7	的	3.5748403072357178
24	8	朋友	6.875960350036621
24	9	开	14.887395858764648
24	10	的	4.186356067657471
24	11	工厂	9.546216011047363
24	12	。	1.8480620384216309
25	1	她	7.657495975494385
25	2	找	18.6863956451416
25	3	了	1.7982474565505981
25	4	那	9.815699577331543
25	5	张	4.54111909866333
25	6	聪明	13.961518287658691
25	7	的	0.07343995571136475
25	8	孩子	11.17261791229248
25	9	照	18.466875076293945
25	10	的	8.537339210510254
25	11	照片	4.432485103607178
25	12	。	3.2955129146575928
26	1	她	7.657495975494385
26	2	找	18.6863956451416
26	3	了	1.7982474565505981
26	4	那	9.815699577331543
26	5	个	3.8462817668914795
26	6	聪明	13.043994903564453
26	7	的	0.1073390543460846
26	8	孩子	3.1492581367492676
26	9	照	19.011306762695312
26	10	的	8.636027336120605
26	11	照片	8.241839408874512
26	12	。	2.907719612121582
27	1	我	7.963864326477051
27	2	需要	8.390127182006836
27	3	那	8.505487442016602
27	4	台	9.018202781677246
27	5	负责	15.811173439025879
27	6	的	1.7401400804519653
27	7	老师	10.336233139038086
27	8	用	8.706482887268066
27	9	的	5.354793071746826
27	10	手机	9.580644607543945
27	11	。	8.31528377532959
28	1	我	7.963864326477051
28	2	需要	8.390127182006836
28	3	那	8.505487442016602
28	4	个	4.948049068450928
28	5	负责	10.460745811462402
28	6	的	1.071362853050232
28	7	老师	11.865084648132324
28	8	用	9.092041969299316
28	9	的	5.22433614730835
28	10	手机	10.018942832946777
28	11	。	8.34426498413086
29	1	他	4.5236897468566895
29	2	在	5.075404167175293
29	3	画	15.949695587158203
29	4	那	10.523185729980469
29	5	朵	11.106877326965332
29	6	细心	16.013723373413086
29	7	的	1.4562782049179077
29	8	邻居	12.244414329528809
29	9	种	16.733314514160156
29	10	的	9.994973182678223
29	11	花	12.495322227478027
29	12	。	7.818106174468994
30	1	他	4.5236897468566895
30	2	在	5.075404167175293
30	3	画	15.949695587158203
30	4	那	10.523185729980469
30	5	个	5.53175163269043
30	6	细心	14.384170532226562
30	7	的	0.7811196446418762
30	8	邻居	10.734163284301758
30	9	种	16.140722274780273
30	10	的	7.705810070037842
30	11	花	14.03185749053955
30	12	。	7.622668743133545
31	1	她	7.657495975494385
31	2	在	4.58152437210083
31	3	介绍	7.981308937072754
31	4	那	12.243440628051758
31	5	台	10.612226486206055
31	6	优秀	13.74655818939209
31	7	的	1.1879278421401978
31	8	科学家	10.9404935836792
31	9	做	15.54758358001709
31	10	的	2.4859538078308105
31	11	电视	13.13043212890625
31	12	。	8.038189888000488
32	1	她	7.657495975494385
32	2	在	4.58152437210083
32	3	介绍	7.981308937072754
32	4	那	12.243440628051758
32	5	个	6.8690266609191895
32	6	优秀	12.098052024841309
32	7	的	1.77504563331604
32	8	科学家	9.11638355255127
32	9	做	15.291487693786621
32	10	的	3.3428590297698975
32	11	电视	14.733064651489258
32	12	。	7.6321797370910645
33	1	我	7.963864326477051
33	2	见	12.589377403259277
33	3	过	0.06682482361793518
33	4	那	4.780856132507324
33	5	栋	7.599894046783447
33	6	富有	14.03059196472168
33	7	的	9.10013198852539
33	8	男人	11.862689018249512
33	9	买	14.697078704833984
33	10	的	1.7805416584014893
33	11	房子	4.467583656311035
33	12	。	2.7806975841522217
34	1	我	7.963864326477051
34	2	见	12.589377403259277
34	3	过	0.06682482361793518
34	4	那	4.780856132507324
34	5	个	5.679170608520508
34	6	富有	17.257461547851562
34	7	的	6.081993103027344
34	8	男人	11.285211563110352
34	9	买	14.923746109008789
34	10	的	2.2106423377990723
34	11	房子	7.4432148933410645
34	12	。	2.8057844638824463
35	1	我	7.963864326477051
35	2	拒绝	12.875228881835938
35	3	了	2.8783345222473145
35	4	那	5.09196138381958
35	5	条	6.438147068023682
35	6	紧张	14.216198921203613
35	7	的	0.7574788331985474
35	8	朋友	14.161994934082031
35	9	给	5.428314685821533
35	10	的	10.422609329223633
35	11	建议	7.608083724975586
35	12	。	1.6688616275787354
36	1	我	7.963864326477051
36	2	拒绝	12.875228881835938
36	3	了	2.8783345222473145
36	4	那	5.09196138381958
36	5	个	3.806870937347412
36	6	紧张	15.299362182617188
36	7	的	0.34835225343704224
36	8	朋友	11.763657569885254
36	9	给	6.688345432281494
36	10	的	9.523733139038086
36	11	建议	7.159106731414795
36	12	。	2.186725616455078
37	1	他	4.5236897468566895
37	2	在	5.075404167175293
37	3	看	13.44593620300293
37	4	那	9.18532657623291
37	5	支	12.908595085144043
37	6	负责	20.121164321899414
37	7	的	3.244619131088257
37	8	老师	10.793095588684082
37	9	用	9.702290534973145
37	10	的	6.459251403808594
37	11	笔	13.746247291564941
37	12	。	10.517953872680664
38	1	他	4.5236897468566895
38	2	在	5.075404167175293
38	3	看	13.44593620300293
38	4	那	9.18532657623291
38	5	个	6.527568340301514
38	6	负责	17.14133071899414
38	7	的	2.0105676651000977
38	8	老师	10.485922813415527
38	9	用	9.323209762573242
38	10	的	5.008733749389648
38	11	笔	13.802199363708496
38	12	。	7.964061737060547
39	1	她	7.657495975494385
39	2	在	4.58152437210083
39	3	找	14.31432056427002
39	4	那	10.79959774017334
39	5	只	9.920424461364746
39	6	内向	17.567808151245117
39	7	的	7.585902690887451
39	8	女人	7.7548322677612305
39	9	丢	16.31012535095215
39	10	的	9.562437057495117
39	11	鞋子	16.97128677368164
39	12	。	7.140016555786133
40	1	她	7.657495975494385
40	2	在	4.58152437210083
40	3	找	14.31432056427002
40	4	那	10.79959774017334
40	5	个	4.139247417449951
40	6	内向	19.77294921875
40	7	的	6.950180530548096
40	8	女人	6.619674205780029
40	9	丢	16.14022445678711
40	10	的	7.554148197174072
40	11	鞋子	17.97920036315918
40	12	。	6.035621166229248
41	1	我	7.963864326477051
41	2	讨厌	14.394640922546387
41	3	那	5.393122673034668
41	4	条	8.452644348144531
41	5	孤独	13.780941009521484
41	6	的	0.24166418612003326
41	7	邻居	9.30970287322998
41	8	养	21.65464973449707
41	9	的	3.3461947441101074
41	10	狗	9.602229118347168
41	11	。	1.9526501893997192
42	1	我	7.963864326477051
42	2	讨厌	14.394640922546387
42	3	那	5.393122673034668
42	4	个	6.374271392822266
42	5	孤独	15.129487991333008
42	6	的	0.5305494666099548
42	7	邻居	9.877996444702148
42	8	养	21.62864112854004
42	9	的	3.1954314708709717
42	10	狗	10.792974472045898
42	11	。	2.46563720703125
43	1	他	4.5236897468566895
43	2	发现	12.934946060180664
43	3	了	6.9502434730529785
43	4	那	10.720022201538086
43	5	座	3.240973472595215
43	6	幽默	16.691375732421875
43	7	的	0.5393127799034119
43	8	老人	8.11971664428711
43	9	修	17.002925872802734
43	10	的	5.558515548706055
43	11	桥	11.50197696685791
43	12	。	1.080949068069458
44	1	他	4.5236897468566895
44	2	发现	12.934946060180664
44	3	了	6.9502434730529785
44	4	那	10.720022201538086
44	5	个	6.615473747253418
44	6	幽默	16.68120574951172
44	7	的	0.2027926743030548
44	8	老人	8.825861930847168
44	9	修	18.308244705200195
44	10	的	4.892717361450195
44	11	桥	13.202408790588379
44	12	。	1.5623422861099243
45	1	她	7.657495975494385
45	2	评价	13.395596504211426
45	3	了	4.605073928833008
45	4	那	10.493420600891113
45	5	篇	11.395867347717285
45	6	认真	11.027767181396484
45	7	的	2.707735300064087
45	8	学生	15.053346633911133
45	9	准备	15.113497734069824
45	10	的	2.607189893722534
45	11	报告	8.134193420410156
45	12	。	0.9309566020965576
46	1	她	7.657495975494385
46	2	评价	13.395596504211426
46	3	了	4.605073928833008
46	4	那	10.493420600891113
46	5	个	6.656272888183594
46	6	认真	12.991557121276855
46	7	的	1.5331995487213135
46	8	学生	13.034499168395996
46	9	准备	13.666592597961426
46	10	的	3.069948434829712
46	11	报告	13.933773040771484
46	12	。	1.107769250869751
47	1	我	7.963864326477051
47	2	在	5.732231140136719
47	3	等	10.163969993591309
47	4	那	8.503883361816406
47	5	封	9.495115280151367
47	6	亲切	14.08858871459961
47	7	的	1.611098051071167
47	8	朋友	12.33315372467041
47	9	写	10.967658996582031
47	10	的	3.756193161010742
47	11	信	3.591794729232788
47	12	。	6.8054304122924805
48	1	我	7.963864326477051
48	2	在	5.732231140136719
48	3	等	10.163969993591309
48	4	那	8.503883361816406
48	5	个	4.171819686889648
48	6	亲切	17.026691436767578
48	7	的	1.0904983282089233
48	8	朋友	7.9943108558654785
48	9	写	11.310563087463379
48	10	的	3.9533438682556152
48	11	信	5.526156902313232
48	12	。	5.910720348358154
49	1	他	4.5236897468566895
49	2	提到	16.005388259887695
49	3	了	5.224550724029541
49	4	那	10.025009155273438
49	5	堂	13.223370552062988
49	6	有名	16.241987228393555
49	7	的	0.05931541323661804
49	8	老师	12.978498458862305
49	9	教	13.562215805053711
49	10	的	2.965195417404175
49	11	课	10.515584945678711
49	12	。	1.6052446365356445
50	1	他	4.5236897468566895
50	2	提到	16.005388259887695
50	3	了	5.224550724029541
50	4	那	10.025009155273438
50	5	个	5.211366653442383
50	6	有名	16.24881935119629
50	7	的	0.026845403015613556
50	8	老师	13.902961730957031
50	9	教	14.148021697998047
50	10	的	2.3969547748565674
50	11	课	10.371330261230469
50	12	。	1.9965704679489136
51	1	她	7.657495975494385
51	2	推荐	16.484243392944336
51	3	了	1.6926231384277344
51	4	那	15.77666187286377
51	5	块	14.38314437866211
51	6	细心	15.35289478302002
51	7	的	0.5311385989189148
51	8	医生	10.57181167602539
51	9	喜欢	14.340880393981934
51	10	的	3.0534889698028564
51	11	手表	14.413064956665039
51	12	。	2.922088623046875
52	1	她	7.657495975494385
52	2	推荐	16.484243392944336
52	3	了	1.6926231384277344
52	4	那	15.77666187286377
52	5	个	7.091360569000244
52	6	细心	13.470000267028809
52	7	的	0.37861964106559753
52	8	医生	9.67525577545166
52	9	喜欢	15.603327751159668
52	10	的	2.8228561878204346
52	11	手表	14.312407493591309
52	12	。	2.762957811355591
53	1	我	7.963864326477051
53	2	选择	10.406889915466309
53	3	了	1.4771219491958618
53	4	那	6.3683762550354
53	5	篇	9.100085258483887
53	6	优秀	14.132499694824219
53	7	的	0.8308020234107971
53	8	学生	12.190404891967773
53	9	写	8.8878173828125
53	10	的	2.9564151763916016
53	11	论文	6.870194911956787
53	12	。	2.198467969894409
54	1	我	7.963864326477051
54	2	选择	10.406889915466309
54	3	了	1.4771219491958618
54	4	那	6.3683762550354
54	5	个	4.2188801765441895
54	6	优秀	14.450587272644043
54	7	的	0.5880632400512695
54	8	学生	6.644948482513428
54	9	写	12.5172119140625
54	10	的	3.54832124710083
54	11	论文	7.466775417327881
54	12	。	2.246976375579834
55	1	她	7.657495975494385
55	2	喜欢	12.255514144897461
55	3	那	8.034551620483398
55	4	场	8.037784576416016
55	5	专业	16.939075469970703
55	6	的	3.7759010791778564
55	7	演员	13.079767227172852
55	8	准备	10.741485595703125
55	9	的	7.27724552154541
55	10	表演	6.197276592254639
55	11	。	1.7153851985931396
56	1	她	7.657495975494385
56	2	喜欢	12.255514144897461
56	3	那	8.034551620483398
56	4	个	5.472132682800293
56	5	专业	12.35841178894043
56	6	的	2.731025218963623
56	7	演员	10.877507209777832
56	8	准备	12.146868705749512
56	9	的	7.445926666259766
56	10	表演	7.106560230255127
56	11	。	1.6904267072677612
57	1	他	4.5236897468566895
57	2	称赞	9.459561347961426
57	3	了	8.487130165100098
57	4	那	10.241192817687988
57	5	间	13.351452827453613
57	6	勇敢	16.38581657409668
57	7	的	1.329729437828064
57	8	警察	14.662771224975586
57	9	工作	9.681819915771484
57	10	的	6.0609917640686035
57	11	办公室	14.581962585449219
57	12	。	1.3501083850860596
58	1	他	4.5236897468566895
58	2	称赞	9.459561347961426
58	3	了	8.487130165100098
58	4	那	10.241192817687988
58	5	个	9.096363067626953
58	6	勇敢	11.335845947265625
58	7	的	0.3806929290294647
58	8	警察	14.247114181518555
58	9	工作	13.29976749420166
58	10	的	6.648627758026123
58	11	办公室	14.3594970703125
58	12	。	0.8544389605522156
59	1	我	7.963864326477051
59	2	听说	10.388404846191406
59	3	过	1.3185195922851562
59	4	那	7.204336166381836
59	5	首	8.770877838134766
59	6	聪明	18.67267417907715
59	7	的	0.08354797959327698
59	8	孩子	5.940617084503174
59	9	写	12.779876708984375
59	10	的	2.405942440032959
59	11	诗	12.782339096069336
59	12	。	5.106741428375244
60	1	我	7.963864326477051
60	2	听说	10.388404846191406
60	3	过	1.3185195922851562
60	4	那	7.204336166381836
60	5	个	5.374985218048096
60	6	聪明	15.788769721984863
60	7	的	0.11280202120542526
60	8	孩子	3.095526695251465
60	9	写	13.310881614685059
60	10	的	2.5110671520233154
60	11	诗	13.488212585449219
60	12	。	5.295355319976807
61	1	我	7.963864326477051
61	2	选择	10.406889915466309
61	3	了	1.4771219491958618
61	4	那	6.3683762550354
61	5	家	6.876870632171631
61	6	细心	16.036149978637695
61	7	的	0.2510600686073303
61	8	朋友	3.3469557762145996
61	9	去	4.771499156951904
61	10	的	8.8951997756958
61	11	银行	9.715727806091309
61	12	。	4.52207088470459
62	1	我	7.963864326477051
62	2	选择	10.406889915466309
62	3	了	1.4771219491958618
62	4	那	6.3683762550354
62	5	个	4.2188801765441895
62	6	细心	14.649029731750488
62	7	的	0.2387077957391739
62	8	朋友	3.860936164855957
62	9	去	5.871695518493652
62	10	的	8.304659843444824
62	11	银行	9.732242584228516
62	12	。	4.62143087387085
