sentence_id	token_id	token	surprisal
1	1	记者	8.239975929260254
1	2	采访	7.785833835601807
1	3	了	1.3304519653320312
1	4	研发	22.37763023376465
1	5	产品	16.773487091064453
1	6	并且	12.562328338623047
1	7	获	15.956483840942383
1	8	了	5.362483978271484
1	9	奖	10.149788856506348
1	10	。	0.8517970442771912
2	1	记者	8.239975929260254
2	2	采访	7.785833835601807
2	3	了	1.3304519653320312
2	4	研发	22.37763023376465
2	5	产品	16.773487091064453
2	6	并且	12.562328338623047
2	7	获	15.956483840942383
2	8	了	5.362483978271484
2	9	奖	10.149788856506348
2	10	的	3.3849170207977295
2	11	科学家	5.864358425140381
2	12	。	0.7652366161346436
3	1	他	4.5236897468566895
3	2	认识	16.0583438873291
3	3	了	5.576035022735596
3	4	写	18.138755798339844
3	5	书	10.725493431091309
3	6	并且	13.153825759887695
3	7	教	11.166803359985352
3	8	课	16.1879940032959
3	9	。	4.691351413726807
4	1	他	4.5236897468566895
4	2	认识	16.0583438873291
4	3	了	5.576035022735596
4	4	写	18.138755798339844
4	5	书	10.725493431091309
4	6	并且	13.153825759887695
4	7	教	11.166803359985352
4	8	课	16.1879940032959
4	9	的	4.815422534942627
4	10	老师	7.444199562072754
4	11	。	3.403301954269409
5	1	他	4.5236897468566895
5	2	拍	15.364862442016602
5	3	下	11.436038970947266
5	4	了	4.61229944229126
5	5	获得	20.523080825805664
5	6	大奖	8.343095779418945
5	7	并且	12.245643615722656
5	8	吸引	10.615538597106934
5	9	游客	15.991089820861816
5	10	。	0.627249538898468
6	1	他	4.5236897468566895
6	2	拍	15.364862442016602
6	3	下	11.436038970947266
6	4	了	4.61229944229126
6	5	获得	20.523080825805664
6	6	大奖	8.343095779418945
6	7	并且	12.245643615722656
6	8	吸引	10.615538597106934
6	9	游客	15.991089820861816
6	10	的	6.252389430999756
6	11	艺术品	12.416308403015137
6	12	。	1.105690360069275
7	1	我们	7.549299240112305
7	2	参加	11.466714859008789
7	3	了	2.9533004760742188
7	4	吸引	16.354215621948242
7	5	学生	11.379310607910156
7	6	并且	14.517783164978027
7	7	受到	11.485204696655273
7	8	好评	11.367472648620605
7	9	。	0.36432427167892456
8	1	我们	7.549299240112305
8	2	参加	11.466714859008789
8	3	了	2.9533004760742188
8	4	吸引	16.354215621948242
8	5	学生	11.379310607910156
8	6	并且	14.517783164978027
8	7	受到	11.485204696655273
8	8	好评	11.367472648620605
8	9	的	4.513459205627441
8	10	活动	4.114653587341309
8	11	。	1.4809380769729614
9	1	他	4.5236897468566895
9	2	想起	17.939071655273438
9	3	了	2.2149648666381836
9	4	写	15.8911771774292
9	5	过	7.023166179656982
9	6	歌	16.38129997253418
9	7	而且	15.704909324645996
9	8	写	2.2966084480285645
9	9	过	3.1885459423065186
9	10	书	9.494624137878418
9	11	。	2.400892972946167
10	1	他	4.5236897468566895
10	2	想起	17.939071655273438
10	3	了	2.2149648666381836
10	4	写	15.8911771774292
10	5	过	7.023166179656982
10	6	歌	16.38129997253418
10	7	而且	15.704909324645996
10	8	写	2.2966084480285645
10	9	过	3.1885459423065186
10	10	书	9.494624137878418
10	11	的	2.2937450408935547
10	12	同学	9.873861312866211
10	13	。	1.699144721031189
11	1	司机	16.78470802307129
11	2	启动	16.588228225708008
11	3	了	2.151466131210327
11	4	装有	13.00709056854248
11	5	音响	10.946703910827637
11	6	并且	15.658753395080566
11	7	配备	6.092712879180908
11	8	屏幕	17.366817474365234
11	9	。	8.783061981201172
12	1	司机	16.78470802307129
12	2	启动	16.588228225708008
12	3	了	2.151466131210327
12	4	装有	13.00709056854248
12	5	音响	10.946703910827637
12	6	并且	15.658753395080566
12	7	配备	6.092712879180908
12	8	屏幕	17.366817474365234
12	9	的	5.948732376098633
12	10	车	9.213075637817383
12	11	。	1.972914457321167
13	1	爸爸	13.998507499694824
13	2	买	6.189601898193359
13	3	了	1.7778384685516357
13	4	带	13.31896686553955
13	5	家具	13.66413402557373
13	6	还	8.819290161132812
13	7	配	18.926532745361328
13	8	保险	15.571788787841797
13	9	。	3.424856662750244
14	1	爸爸	13.998507499694824
14	2	买	6.189601898193359
14	3	了	1.7778384685516357
14	4	带	13.31896686553955
14	5	家具	13.66413402557373
14	6	还	8.819290161132812
14	7	配	18.926532745361328
14	8	保险	15.571788787841797
14	9	的	9.277275085449219
14	10	房子	7.561233043670654
14	11	。	1.553995966911316
15	1	他	4.5236897468566895
15	2	损失	26.197553634643555
15	3	了	1.1930012702941895
15	4	买	15.837400436401367
15	5	药	9.826594352722168
15	6	和	2.9521069526672363
15	7	买	5.905081272125244
15	8	菜	3.978081464767456
15	9	。	1.5839636325836182
16	1	他	4.5236897468566895
16	2	损失	26.197553634643555
16	3	了	1.1930012702941895
16	4	买	15.837400436401367
16	5	药	9.826594352722168
16	6	和	2.9521069526672363
16	7	买	5.905081272125244
16	8	菜	3.978081464767456
16	9	的	2.6371469497680664
16	10	现金	8.571745872497559
16	11	。	0.39555424451828003
17	1	我	7.963864326477051
17	2	拜访	14.476106643676758
17	3	了	1.6037172079086304
17	4	去	14.693349838256836
17	5	过	9.532793045043945
17	6	中国	5.2897186279296875
17	7	并且	16.344810485839844
17	8	去	6.1012701988220215
17	9	过	3.451890468597412
17	10	美国	4.86223030090332
17	11	。	1.9064395427703857
18	1	我	7.963864326477051
18	2	拜访	14.476106643676758
18	3	了	1.6037172079086304
18	4	去	14.693349838256836
18	5	过	9.532793045043945
18	6	中国	5.2897186279296875
18	7	并且	16.344810485839844
18	8	去	6.1012701988220215
18	9	过	3.451890468597412
18	10	美国	4.86223030090332
18	11	的	4.066879749298096
18	12	邻居	10.560660362243652
18	13	。	1.8995792865753174
19	1	爷爷	17.78856086730957
19	2	中止	18.019487380981445
19	3	了	0.21553151309490204
19	4	引发	16.143218994140625
19	5	争吵	14.795991897583008
19	6	并且	9.706198692321777
19	7	伤害	11.516388893127441
19	8	亲情	15.032842636108398
19	9	。	2.43337345123291
20	1	爷爷	17.78856086730957
20	2	中止	18.019487380981445
20	3	了	0.21553151309490204
20	4	引发	16.143218994140625
20	5	争吵	14.795991897583008
20	6	并且	9.706198692321777
20	7	伤害	11.516388893127441
20	8	亲情	15.032842636108398
20	9	的	1.8192620277404785
20	10	谈话	11.412308692932129
20	11	。	1.3041335344314575
21	1	她	7.657495975494385
21	2	提到	15.229872703552246
21	3	了	5.312590599060059
21	4	看	15.218504905700684
21	5	着	9.503762245178223
21	6	电视	6.43597936630249
21	7	和	6.022740364074707
21	8	听	10.820868492126465
21	9	着	9.537731170654297
21	10	歌	15.989995956420898
21	11	。	5.834811210632324
22	1	她	7.657495975494385
22	2	提到	15.229872703552246
22	3	了	5.312590599060059
22	4	看	15.218504905700684
22	5	着	9.503762245178223
22	6	电视	6.43597936630249
22	7	和	6.022740364074707
22	8	听	10.820868492126465
22	9	着	9.537731170654297
22	10	歌	15.989995956420898
22	11	的	1.395040512084961
22	12	女儿	9.818678855895996
22	13	。	3.4338605403900146
23	1	医生	14.275247573852539
23	2	表扬	16.503549575805664
23	3	了	0.08473508805036545
23	4	帮助	12.406472206115723
23	5	老人	10.184520721435547
23	6	并且	13.591408729553223
23	7	关心	14.41316032409668
23	8	同学	10.464123725891113
23	9	。	5.366382122039795
24	1	医生	14.275247573852539
24	2	表扬	16.503549575805664
24	3	了	0.08473508805036545
24	4	帮助	12.406472206115723
24	5	老人	10.184520721435547
24	6	并且	13.591408729553223
24	7	关心	14.41316032409668
24	8	同学	10.464123725891113
24	9	的	1.2958308458328247
24	10	孩子	9.360880851745605
24	11	。	0.8524715304374695
25	1	她	7.657495975494385
25	2	介绍	7.733509540557861
25	3	了	5.44942569732666
25	4	生产	15.85168743133545
25	5	电视	16.090805053710938
25	6	并且	16.56708526611328
25	7	安装	7.56721305847168
25	8	电视	8.900161743164062
25	9	。	8.480854034423828
26	1	她	7.657495975494385
26	2	介绍	7.733509540557861
26	3	了	5.44942569732666
26	4	生产	15.85168743133545
26	5	电视	16.090805053710938
26	6	并且	16.56708526611328
26	7	安装	7.56721305847168
26	8	电视	8.900161743164062
26	9	的	3.97579026222229
26	10	工厂	13.736409187316895
26	11	。	2.792851209640503
27	1	我	7.963864326477051
27	2	洗	16.704511642456055
27	3	了	2.2061638832092285
27	4	陪伴	21.316965103149414
27	5	过	7.346817970275879
27	6	母亲	11.593926429748535
27	7	也	8.709894180297852
27	8	陪伴	14.54893970489502
27	9	过	5.5535888671875
27	10	我	5.189354419708252
27	11	。	5.3393120765686035
28	1	我	7.963864326477051
28	2	洗	16.704511642456055
28	3	了	2.2061638832092285
28	4	陪伴	21.316965103149414
28	5	过	7.346817970275879
28	6	母亲	11.593926429748535
28	7	也	8.709894180297852
28	8	陪伴	14.54893970489502
28	9	过	5.5535888671875
28	10	我	5.189354419708252
28	11	的	0.9769761562347412
28	12	衣服	7.99933385848999
28	13	。	4.105877876281738
29	1	学生	14.263710975646973
29	2	们	18.094911575317383
29	3	写	14.079203605651855
29	4	着	5.397924900054932
29	5	困扰	20.670055389404297
29	6	他们	9.805641174316406
29	7	还	14.08276081085205
29	8	困扰	9.209383010864258
29	9	家长	7.1056413650512695
29	10	。	3.270662546157837
30	1	学生	14.263710975646973
30	2	们	18.094911575317383
30	3	写	14.079203605651855
30	4	着	5.397924900054932
30	5	困扰	20.670055389404297
30	6	他们	9.805641174316406
30	7	还	14.08276081085205
30	8	困扰	9.209383010864258
30	9	家长	7.1056413650512695
30	10	的	0.6187009215354919
30	11	作业	14.866351127624512
30	12	。	2.644392251968384
31	1	店长	22.51995086669922
31	2	拿	17.13266944885254
31	3	着	4.435617446899414
31	4	开	12.397910118103027
31	5	大门	12.749677658081055
31	6	和	7.164991855621338
31	7	开	9.604338645935059
31	8	仓库	12.981440544128418
31	9	。	4.305250644683838
32	1	店长	22.51995086669922
32	2	拿	17.13266944885254
32	3	着	4.435617446899414
32	4	开	12.397910118103027
32	5	大门	12.749677658081055
32	6	和	7.164991855621338
32	7	开	9.604338645935059
32	8	仓库	12.981440544128418
32	9	的	1.7380725145339966
32	10	钥匙	10.807161331176758
32	11	。	0.49189600348472595
33	1	有人	13.593252182006836
33	2	听	8.204985618591309
33	3	着	7.597836971282959
33	4	打扰	18.640100479125977
33	5	了	9.715683937072754
33	6	邻居	11.437653541564941
33	7	而且	16.102779388427734
33	8	触发	19.660255432128906
33	9	了	0.4593137502670288
33	10	警报	8.746790885925293
33	11	。	3.529376983642578
34	1	有人	13.593252182006836
34	2	听	8.204985618591309
34	3	着	7.597836971282959
34	4	打扰	18.640100479125977
34	5	了	9.715683937072754
34	6	邻居	11.437653541564941
34	7	而且	16.102779388427734
34	8	触发	19.660255432128906
34	9	了	0.4593137502670288
34	10	警报	8.746790885925293
34	11	的	8.370262145996094
34	12	音乐	14.910988807678223
34	13	。	5.029476642608643
35	1	我	7.963864326477051
35	2	观察	12.176921844482422
35	3	着	7.879045009613037
35	4	经营	16.83110237121582
35	5	商店	15.374948501586914
35	6	还	9.397686004638672
35	7	经营	10.244410514831543
35	8	餐厅	13.30944538116455
35	9	。	4.939915180206299
36	1	我	7.963864326477051
36	2	观察	12.176921844482422
36	3	着	7.879045009613037
36	4	经营	16.83110237121582
36	5	商店	15.374948501586914
36	6	还	9.397686004638672
36	7	经营	10.244410514831543
36	8	餐厅	13.30944538116455
36	9	的	1.4162766933441162
36	10	男人	15.497464179992676
36	11	。	2.132802963256836
37	1	学生	14.263710975646973
37	2	们	18.094911575317383
37	3	读	13.659506797790527
37	4	着	11.90356159210205
37	5	描述	14.678548812866211
37	6	故事	10.875393867492676
37	7	并且	12.969976425170898
37	8	带来	13.920161247253418
37	9	乐趣	13.253288269042969
37	10	。	0.3844640254974365
38	1	学生	14.263710975646973
38	2	们	18.094911575317383
38	3	读	13.659506797790527
38	4	着	11.90356159210205
38	5	描述	14.678548812866211
38	6	故事	10.875393867492676
38	7	并且	12.969976425170898
38	8	带来	13.920161247253418
38	9	乐趣	13.253288269042969
38	10	的	3.6566884517669678
38	11	书	5.838376045227051
38	12	。	0.7533590793609619
39	1	教练	13.35072135925293
39	2	创办	16.703880310058594
39	3	过	11.778502464294434
39	4	教	15.773491859436035
39	5	动作	11.198661804199219
39	6	并且	13.878742218017578
39	7	辅导	11.234119415283203
39	8	孩子	9.643671035766602
39	9	。	2.077455759048462
40	1	教练	13.35072135925293
40	2	创办	16.703880310058594
40	3	过	11.778502464294434
40	4	教	15.773491859436035
40	5	动作	11.198661804199219
40	6	并且	13.878742218017578
40	7	辅导	11.234119415283203
40	8	孩子	9.643671035766602
40	9	的	2.3825600147247314
40	10	健身房	13.288764953613281
40	11	。	4.031491279602051
41	1	我	7.963864326477051
41	2	喜欢	8.05810546875
41	3	过	7.038812160491943
41	4	给	15.919082641601562
41	5	我	3.034045696258545
41	6	信心	16.146108627319336
41	7	并且	12.087336540222168
41	8	帮助	9.205546379089355
41	9	过	10.729284286499023
41	10	我	2.3609731197357178
41	11	。	4.632532119750977
42	1	我	7.963864326477051
42	2	喜欢	8.05810546875
42	3	过	7.038812160491943
42	4	给	15.919082641601562
42	5	我	3.034045696258545
42	6	信心	16.146108627319336
42	7	并且	12.087336540222168
42	8	帮助	9.205546379089355
42	9	过	10.729284286499023
42	10	我	2.3609731197357178
42	11	的	1.292641520500183
42	12	音乐	12.94920539855957
42	13	。	2.6000983715057373
43	1	她	7.657495975494385
43	2	开	12.918431282043457
43	3	过	6.754073619842529
43	4	容纳	18.512407302856445
43	5	很多	14.346607208251953
43	6	人	1.8921339511871338
43	7	并且	13.559123992919922
43	8	通过	9.768050193786621
43	9	安全	16.3691349029541
43	10	测试	7.89162540435791
43	11	。	4.93903923034668
44	1	她	7.657495975494385
44	2	开	12.918431282043457
44	3	过	6.754073619842529
44	4	容纳	18.512407302856445
44	5	很多	14.346607208251953
44	6	人	1.8921339511871338
44	7	并且	13.559123992919922
44	8	通过	9.768050193786621
44	9	安全	16.3691349029541
44	10	测试	7.89162540435791
44	11	的	5.3145904541015625
44	12	车	9.805960655212402
44	13	。	2.8832106590270996
45	1	他	4.5236897468566895
45	2	修理	19.879100799560547
45	3	过	5.940013885498047
45	4	丢失	16.534936904907227
45	5	了	2.474954128265381
45	6	芯片	12.950872421264648
45	7	还	11.600604057312012
45	8	丢失	10.946812629699707
45	9	了	0.036424003541469574
45	10	屏幕	13.484896659851074
45	11	。	2.258355140686035
46	1	他	4.5236897468566895
46	2	修理	19.879100799560547
46	3	过	5.940013885498047
46	4	丢失	16.534936904907227
46	5	了	2.474954128265381
46	6	芯片	12.950872421264648
46	7	还	11.600604057312012
46	8	丢失	10.946812629699707
46	9	了	0.036424003541469574
46	10	屏幕	13.484896659851074
46	11	的	7.042073726654053
46	12	电脑	8.945144653320312
46	13	。	1.0481630563735962
47	1	他	4.5236897468566895
47	2	讲	14.238191604614258
47	3	过	6.4591593742370605
47	4	介绍	16.130842208862305
47	5	画家	17.5407657623291
47	6	并且	14.370772361755371
47	7	介绍	7.130850315093994
47	8	博物馆	17.196924209594727
47	9	。	8.500395774841309
48	1	他	4.5236897468566895
48	2	讲	14.238191604614258
48	3	过	6.4591593742370605
48	4	介绍	16.130842208862305
48	5	画家	17.5407657623291
48	6	并且	14.370772361755371
48	7	介绍	7.130850315093994
48	8	博物馆	17.196924209594727
48	9	的	0.7551481127738953
48	10	课	14.730005264282227
48	11	。	2.0550055503845215
49	1	我	7.963864326477051
49	2	邀请	16.025419235229492
49	3	过	9.386975288391113
49	4	喜欢	16.524314880371094
49	5	明星	14.422544479370117
49	6	而且	14.741926193237305
49	7	喜欢	2.156858205795288
49	8	作家	10.841029167175293
49	9	。	3.5833349227905273
50	1	我	7.963864326477051
50	2	邀请	16.025419235229492
50	3	过	9.386975288391113
50	4	喜欢	16.524314880371094
50	5	明星	14.422544479370117
50	6	而且	14.741926193237305
50	7	喜欢	2.156858205795288
50	8	作家	10.841029167175293
50	9	的	2.5139687061309814
50	10	朋友	7.953352928161621
50	11	。	4.097110271453857
51	1	她	7.657495975494385
51	2	申请	17.031373977661133
51	3	过	8.329534530639648
51	4	减轻	15.51963996887207
51	5	她	9.408148765563965
51	6	负担	6.8621392250061035
51	7	同时	16.510143280029297
51	8	缓解	12.839397430419922
51	9	她	4.238112449645996
51	10	压力	10.85062026977539
51	11	。	2.2440037727355957
52	1	她	7.657495975494385
52	2	申请	17.031373977661133
52	3	过	8.329534530639648
52	4	减轻	15.51963996887207
52	5	她	9.408148765563965
52	6	负担	6.8621392250061035
52	7	同时	16.510143280029297
52	8	缓解	12.839397430419922
52	9	她	4.238112449645996
52	10	压力	10.85062026977539
52	11	的	1.1599076986312866
52	12	奖金	17.972736358642578
52	13	。	2.18328595161438
53	1	她	7.657495975494385
53	2	去	13.43608570098877
53	3	卖	16.1530704498291
53	4	礼物	12.65661334991455
53	5	并且	9.925766944885254
53	6	回收	14.012475967407227
53	7	报纸	13.292529106140137
53	8	。	2.3608126640319824
54	1	她	7.657495975494385
54	2	去	13.43608570098877
54	3	卖	16.1530704498291
54	4	礼物	12.65661334991455
54	5	并且	9.925766944885254
54	6	回收	14.012475967407227
54	7	报纸	13.292529106140137
54	8	的	4.269205093383789
54	9	商店	11.131016731262207
54	10	。	3.327028512954712
55	1	弟弟	18.16460418701172
55	2	需要	15.578721046447754
55	3	用于	14.751585960388184
55	4	游戏	13.018811225891113
55	5	和	3.720292568206787
55	6	买	10.421233177185059
55	7	书	4.181270122528076
55	8	。	3.5167245864868164
56	1	弟弟	18.16460418701172
56	2	需要	15.578721046447754
56	3	用于	14.751585960388184
56	4	游戏	13.018811225891113
56	5	和	3.720292568206787
56	6	买	10.421233177185059
56	7	书	4.181270122528076
56	8	的	0.784733235836029
56	9	钱	5.220089435577393
56	10	。	4.63648796081543
57	1	他	4.5236897468566895
57	2	很	11.189192771911621
57	3	欣赏	8.833259582519531
57	4	写	15.499260902404785
57	5	小说	7.427055358886719
57	6	并且	14.95664119720459
57	7	做	7.487311363220215
57	8	慈善	14.801685333251953
57	9	。	6.314849376678467
58	1	他	4.5236897468566895
58	2	很	11.189192771911621
58	3	欣赏	8.833259582519531
58	4	写	15.499260902404785
58	5	小说	7.427055358886719
58	6	并且	14.95664119720459
58	7	做	7.487311363220215
58	8	慈善	14.801685333251953
58	9	的	2.421074390411377
58	10	作家	13.089153289794922
58	11	。	0.6387066841125488
59	1	我	7.963864326477051
59	2	经常	9.813947677612305
59	3	去	4.2758564949035645
59	4	提供	14.50796890258789
59	5	停车位	21.071346282958984
59	6	并且	13.913630485534668
59	7	帮助	7.440246105194092
59	8	残疾人	14.512757301330566
59	9	。	5.465944766998291
60	1	我	7.963864326477051
60	2	经常	9.813947677612305
60	3	去	4.2758564949035645
60	4	提供	14.50796890258789
60	5	停车位	21.071346282958984
60	6	并且	13.913630485534668
60	7	帮助	7.440246105194092
60	8	残疾人	14.512757301330566
60	9	的	5.84486198425293
60	10	医院	13.225586891174316
60	11	。	2.643329620361328
