sentence_id	token_id	token	surprisal
1	1	他	4.5236897468566895
1	2	喜欢	13.47642707824707
1	3	那	7.537753105163574
1	4	家	8.424732208251953
1	5	我	9.004990577697754
1	6	采访	13.481705665588379
1	7	过	7.071352005004883
1	8	的	0.6712526082992554
1	9	老板	12.2899751663208
1	10	投资	21.67888832092285
1	11	的	1.3699835538864136
1	12	饭店	9.72197151184082
1	13	。	1.7426233291625977
2	1	他	4.5236897468566895
2	2	喜欢	13.47642707824707
2	3	那	7.537753105163574
2	4	个	5.443412780761719
2	5	我	10.495187759399414
2	6	采访	13.783190727233887
2	7	过	8.743753433227539
2	8	的	0.45389845967292786
2	9	老板	13.249791145324707
2	10	投资	21.776691436767578
2	11	的	1.0597492456436157
2	12	饭店	10.415653228759766
2	13	。	2.1029789447784424
3	1	她	7.657495975494385
3	2	在	4.58152437210083
3	3	看	13.3944091796875
3	4	那	9.984333992004395
3	5	幅	7.173285484313965
3	6	我	12.169987678527832
3	7	介绍	12.78404426574707
3	8	的	0.9945046305656433
3	9	朋友	13.402819633483887
3	10	喜欢	19.194198608398438
3	11	的	1.6679253578186035
3	12	画	12.965429306030273
3	13	。	3.0528106689453125
4	1	她	7.657495975494385
4	2	在	4.58152437210083
4	3	看	13.3944091796875
4	4	那	9.984333992004395
4	5	个	6.315962791442871
4	6	我	11.015421867370605
4	7	介绍	12.968835830688477
4	8	的	1.011061429977417
4	9	朋友	12.311915397644043
4	10	喜欢	17.616758346557617
4	11	的	2.262970447540283
4	12	画	15.966008186340332
4	13	。	2.798541784286499
5	1	我	7.963864326477051
5	2	欣赏	14.913275718688965
5	3	那	6.6411871910095215
5	4	件	2.7291481494903564
5	5	我	10.729829788208008
5	6	喜欢	6.932753562927246
5	7	的	0.2891121208667755
5	8	老师	17.086610794067383
5	9	收藏	17.026187896728516
5	10	的	0.5682222843170166
5	11	艺术品	10.335036277770996
5	12	。	1.5639562606811523
6	1	我	7.963864326477051
6	2	欣赏	14.913275718688965
6	3	那	6.6411871910095215
6	4	个	5.217719078063965
6	5	我	9.188533782958984
6	6	喜欢	7.411362648010254
6	7	的	0.6087536215782166
6	8	老师	12.378558158874512
6	9	收藏	18.2568416595459
6	10	的	0.7192338109016418
6	11	艺术品	11.31422233581543
6	12	。	1.8131366968154907
7	1	他	4.5236897468566895
7	2	打	13.803452491760254
7	3	了	2.48286771774292
7	4	那	9.291496276855469
7	5	只	10.752034187316895
7	6	我	8.915506362915039
7	7	认识	12.307234764099121
7	8	的	1.7422757148742676
7	9	店长	21.005849838256836
7	10	喜欢	12.326985359191895
7	11	的	3.780866861343384
7	12	宠物	16.31271743774414
7	13	。	2.241055965423584
8	1	他	4.5236897468566895
8	2	打	13.803452491760254
8	3	了	2.48286771774292
8	4	那	9.291496276855469
8	5	个	5.061220169067383
8	6	我	10.594538688659668
8	7	认识	11.570940017700195
8	8	的	1.7517509460449219
8	9	店长	21.32929039001465
8	10	喜欢	14.487520217895508
8	11	的	4.007542610168457
8	12	宠物	16.666561126708984
8	13	。	1.9765007495880127
9	1	我	7.963864326477051
9	2	在	5.732231140136719
9	3	思念	19.63886833190918
9	4	那	8.349112510681152
9	5	首	7.151918888092041
9	6	我	10.703059196472168
9	7	见	8.197735786437988
9	8	过	1.3663886785507202
9	9	的	2.310192108154297
9	10	明星	17.614139556884766
9	11	唱	12.386873245239258
9	12	的	0.5657294988632202
9	13	歌	2.543193817138672
9	14	。	3.7471721172332764
10	1	我	7.963864326477051
10	2	在	5.732231140136719
10	3	思念	19.63886833190918
10	4	那	8.349112510681152
10	5	个	4.709845066070557
10	6	我	10.688287734985352
10	7	见	10.704488754272461
10	8	过	0.9575757384300232
10	9	的	1.8034003973007202
10	10	明星	16.571887969970703
10	11	唱	14.310136795043945
10	12	的	0.5248916149139404
10	13	歌	2.9926092624664307
10	14	。	3.4402947425842285
11	1	她	7.657495975494385
11	2	拜访	16.99188995361328
11	3	了	1.4334031343460083
11	4	那	10.954051971435547
11	5	所	4.993984699249268
11	6	我	14.674788475036621
11	7	认识	13.92503833770752
11	8	的	0.07610919326543808
11	9	老人	12.8744478225708
11	10	去	16.30803680419922
11	11	的	2.5237538814544678
11	12	学校	8.278112411499023
11	13	。	2.076552152633667
12	1	她	7.657495975494385
12	2	拜访	16.99188995361328
12	3	了	1.4334031343460083
12	4	那	10.954051971435547
12	5	个	3.2075541019439697
12	6	我	11.203863143920898
12	7	认识	12.072513580322266
12	8	的	0.9610628485679626
12	9	老人	12.962028503417969
12	10	去	16.20136070251465
12	11	的	4.993070602416992
12	12	学校	8.647395133972168
12	13	。	2.284679651260376
13	1	他	4.5236897468566895
13	2	检查	16.891067504882812
13	3	了	0.2686673700809479
13	4	那	12.299675941467285
13	5	件	5.724494934082031
13	6	我	12.410330772399902
13	7	采访	14.777929306030273
13	8	过	7.344408988952637
13	9	的	0.3015803396701813
13	10	司机	14.040745735168457
13	11	带	11.982400894165039
13	12	的	1.0554431676864624
13	13	行李	8.476763725280762
13	14	。	2.8523435592651367
14	1	他	4.5236897468566895
14	2	检查	16.891067504882812
14	3	了	0.2686673700809479
14	4	那	12.299675941467285
14	5	个	5.771609783172607
14	6	我	11.267451286315918
14	7	采访	15.099570274353027
14	8	过	6.780070781707764
14	9	的	0.5261187553405762
14	10	司机	10.733890533447266
14	11	带	11.598556518554688
14	12	的	1.1547495126724243
14	13	行李	7.973799228668213
14	14	。	2.8208794593811035
15	1	我	7.963864326477051
15	2	听说	10.388404846191406
15	3	过	1.3185195922851562
15	4	那	7.204336166381836
15	5	本	4.143182277679443
15	6	我	11.765225410461426
15	7	喜欢	7.435220718383789
15	8	的	1.5213626623153687
15	9	作家	12.114256858825684
15	10	写	11.533791542053223
15	11	的	1.453906536102295
15	12	书	3.347565174102783
15	13	。	3.9876322746276855
16	1	我	7.963864326477051
16	2	听说	10.388404846191406
16	3	过	1.3185195922851562
16	4	那	7.204336166381836
16	5	个	5.374985218048096
16	6	我	9.465286254882812
16	7	喜欢	7.887446880340576
16	8	的	2.0526888370513916
16	9	作家	12.832788467407227
16	10	写	11.919971466064453
16	11	的	1.8850407600402832
16	12	书	3.6069507598876953
16	13	。	4.368530750274658
17	1	她	7.657495975494385
17	2	撞	19.910917282104492
17	3	了	3.165743112564087
17	4	那	7.849021911621094
17	5	辆	7.176995754241943
17	6	我	12.830435752868652
17	7	介绍	15.929848670959473
17	8	的	0.4033055305480957
17	9	朋友	11.968644142150879
17	10	开	13.729337692260742
17	11	的	2.2346363067626953
17	12	车	6.284438133239746
17	13	。	4.61968994140625
18	1	她	7.657495975494385
18	2	撞	19.910917282104492
18	3	了	3.165743112564087
18	4	那	7.849021911621094
18	5	个	4.857433319091797
18	6	我	10.771862030029297
18	7	介绍	15.099809646606445
18	8	的	0.670377254486084
18	9	朋友	10.350532531738281
18	10	开	14.227015495300293
18	11	的	2.2363574504852295
18	12	车	7.583549976348877
18	13	。	4.2801833152771
19	1	我们	7.549299240112305
19	2	认可	17.0119571685791
19	3	了	3.243496894836426
19	4	那	7.194957256317139
19	5	份	4.954078674316406
19	6	他	9.866337776184082
19	7	教	15.425765037536621
19	8	的	2.013728380203247
19	9	孩子	11.30450439453125
19	10	做	12.472481727600098
19	11	的	0.8234949111938477
19	12	作业	9.8488130569458
19	13	。	3.80647349357605
20	1	我们	7.549299240112305
20	2	认可	17.0119571685791
20	3	了	3.243496894836426
20	4	那	7.194957256317139
20	5	个	4.38433313369751
20	6	他	9.240047454833984
20	7	教	14.596195220947266
20	8	的	2.4141948223114014
20	9	孩子	5.102823257446289
20	10	做	12.03124713897705
20	11	的	1.1134579181671143
20	12	作业	10.748435020446777
20	13	。	3.9687438011169434
21	1	他们	7.319622993469238
21	2	接受	12.071130752563477
21	3	了	2.182339906692505
21	4	那	9.495553016662598
21	5	份	3.9413537979125977
21	6	我	9.692230224609375
21	7	采访	10.27529239654541
21	8	过	11.28419303894043
21	9	的	0.9464383125305176
21	10	老板	17.67947769165039
21	11	制定	20.199514389038086
21	12	的	0.44622763991355896
21	13	合同	12.758560180664062
21	14	。	2.2796051502227783
22	1	他们	7.319622993469238
22	2	接受	12.071130752563477
22	3	了	2.182339906692505
22	4	那	9.495553016662598
22	5	个	5.1894001960754395
22	6	我	9.256753921508789
22	7	采访	9.246315956115723
22	8	过	10.089266777038574
22	9	的	1.6730144023895264
22	10	老板	16.452037811279297
22	11	制定	23.142797470092773
22	12	的	0.8972070217132568
22	13	合同	13.567163467407227
22	14	。	2.8264808654785156
23	1	他	4.5236897468566895
23	2	离开	12.509121894836426
23	3	了	6.636505126953125
23	4	那	8.543258666992188
23	5	间	9.483026504516602
23	6	我	12.275874137878418
23	7	尊敬	17.7585506439209
23	8	的	0.08286435157060623
23	9	朋友	4.916886806488037
23	10	开	18.355836868286133
23	11	的	5.703151226043701
23	12	工厂	11.763222694396973
23	13	。	2.1052565574645996
24	1	他	4.5236897468566895
24	2	离开	12.509121894836426
24	3	了	6.636505126953125
24	4	那	8.543258666992188
24	5	个	4.646187782287598
24	6	我	12.139660835266113
24	7	尊敬	18.056795120239258
24	8	的	0.03576783090829849
24	9	朋友	4.193082332611084
24	10	开	18.056814193725586
24	11	的	4.667346000671387
24	12	工厂	10.682560920715332
24	13	。	2.028024196624756
25	1	她	7.657495975494385
25	2	找	18.6863956451416
25	3	了	1.7982474565505981
25	4	那	9.815699577331543
25	5	张	4.54111909866333
25	6	我	11.289371490478516
25	7	教	11.981100082397461
25	8	的	1.9282935857772827
25	9	孩子	10.159210205078125
25	10	照	18.83774185180664
25	11	的	5.96312952041626
25	12	照片	4.345964431762695
25	13	。	2.3338534832000732
26	1	她	7.657495975494385
26	2	找	18.6863956451416
26	3	了	1.7982474565505981
26	4	那	9.815699577331543
26	5	个	3.8462817668914795
26	6	我	10.515340805053711
26	7	教	10.176676750183105
26	8	的	2.0390493869781494
26	9	孩子	4.389268398284912
26	10	照	18.86630630493164
26	11	的	6.1287970542907715
26	12	照片	7.492703914642334
26	13	。	2.3648526668548584
27	1	我	7.963864326477051
27	2	需要	8.390127182006836
27	3	那	8.505487442016602
27	4	台	9.018202781677246
27	5	我们	9.854583740234375
27	6	欣赏	12.334223747253418
27	7	的	2.139976739883423
27	8	老师	14.271659851074219
27	9	用	9.986170768737793
27	10	的	3.7630014419555664
27	11	手机	10.760014533996582
27	12	。	7.049692630767822
28	1	我	7.963864326477051
28	2	需要	8.390127182006836
28	3	那	8.505487442016602
28	4	个	4.948049068450928
28	5	我们	10.111305236816406
28	6	欣赏	12.979881286621094
28	7	的	2.7809600830078125
28	8	老师	13.507185935974121
28	9	用	10.177957534790039
28	10	的	3.9470365047454834
28	11	手机	10.928258895874023
28	12	。	7.442965984344482
29	1	他	4.5236897468566895
29	2	在	5.075404167175293
29	3	画	15.949695587158203
29	4	那	10.523185729980469
29	5	朵	11.106877326965332
29	6	我	10.04961109161377
29	7	关心	21.997817993164062
29	8	的	0.20095740258693695
29	9	邻居	13.868181228637695
29	10	种	17.167850494384766
29	11	的	12.248584747314453
29	12	花	13.229928970336914
29	13	。	6.829069137573242
30	1	他	4.5236897468566895
30	2	在	5.075404167175293
30	3	画	15.949695587158203
30	4	那	10.523185729980469
30	5	个	5.53175163269043
30	6	我	12.47377872467041
30	7	关心	15.685319900512695
30	8	的	0.36838576197624207
30	9	邻居	13.827495574951172
30	10	种	16.1710205078125
30	11	的	9.621800422668457
30	12	花	16.205045700073242
30	13	。	6.166509628295898
31	1	她	7.657495975494385
31	2	在	4.58152437210083
31	3	介绍	7.981308937072754
31	4	那	12.243440628051758
31	5	台	10.612226486206055
31	6	我	18.228975296020508
31	7	尊敬	16.006675720214844
31	8	的	0.06348659098148346
31	9	科学家	10.467530250549316
31	10	做	15.568378448486328
31	11	的	1.8314497470855713
31	12	电视	13.407422065734863
31	13	。	6.984057903289795
32	1	她	7.657495975494385
32	2	在	4.58152437210083
32	3	介绍	7.981308937072754
32	4	那	12.243440628051758
32	5	个	6.8690266609191895
32	6	我	13.171281814575195
32	7	尊敬	15.749887466430664
32	8	的	0.07877707481384277
32	9	科学家	11.895621299743652
32	10	做	14.849199295043945
32	11	的	1.9777202606201172
32	12	电视	13.955158233642578
32	13	。	7.55194091796875
33	1	我	7.963864326477051
33	2	见	12.589377403259277
33	3	过	0.06682482361793518
33	4	那	4.780856132507324
33	5	栋	7.599894046783447
33	6	他	10.781712532043457
33	7	认识	14.466424942016602
33	8	的	1.3375104665756226
33	9	男人	12.010759353637695
33	10	买	14.618132591247559
33	11	的	2.506727695465088
33	12	房子	5.690248012542725
33	13	。	4.349684238433838
34	1	我	7.963864326477051
34	2	见	12.589377403259277
34	3	过	0.06682482361793518
34	4	那	4.780856132507324
34	5	个	5.679170608520508
34	6	他	11.253554344177246
34	7	认识	11.619749069213867
34	8	的	1.4357929229736328
34	9	男人	11.476985931396484
34	10	买	15.17057991027832
34	11	的	2.9949917793273926
34	12	房子	6.807550430297852
34	13	。	4.812738418579102
35	1	我	7.963864326477051
35	2	拒绝	12.875228881835938
35	3	了	2.8783345222473145
35	4	那	5.09196138381958
35	5	条	6.438147068023682
35	6	我	10.587372779846191
35	7	欣赏	17.51038360595703
35	8	的	0.8569138646125793
35	9	朋友	11.547859191894531
35	10	给	6.963563919067383
35	11	的	8.513456344604492
35	12	建议	8.668500900268555
35	13	。	1.4818203449249268
36	1	我	7.963864326477051
36	2	拒绝	12.875228881835938
36	3	了	2.8783345222473145
36	4	那	5.09196138381958
36	5	个	3.806870937347412
36	6	我	10.814126014709473
36	7	欣赏	16.223979949951172
36	8	的	0.9551641941070557
36	9	朋友	9.248603820800781
36	10	给	8.115632057189941
36	11	的	7.961093902587891
36	12	建议	8.247773170471191
36	13	。	2.065798044204712
37	1	他	4.5236897468566895
37	2	在	5.075404167175293
37	3	看	13.44593620300293
37	4	那	9.18532657623291
37	5	支	12.908595085144043
37	6	我	10.631978988647461
37	7	关心	16.060171127319336
37	8	的	0.09443791955709457
37	9	老师	12.416293144226074
37	10	用	10.342719078063965
37	11	的	5.042808532714844
37	12	笔	13.253987312316895
37	13	。	9.732664108276367
38	1	他	4.5236897468566895
38	2	在	5.075404167175293
38	3	看	13.44593620300293
38	4	那	9.18532657623291
38	5	个	6.527568340301514
38	6	我	10.525254249572754
38	7	关心	14.670073509216309
38	8	的	0.21234437823295593
38	9	老师	12.628042221069336
38	10	用	10.05141830444336
38	11	的	4.062444686889648
38	12	笔	13.239566802978516
38	13	。	7.699098587036133
39	1	她	7.657495975494385
39	2	在	4.58152437210083
39	3	找	14.31432056427002
39	4	那	10.79959774017334
39	5	只	9.920424461364746
39	6	我	11.222044944763184
39	7	帮助	13.613359451293945
39	8	过	11.807989120483398
39	9	的	5.101207256317139
39	10	女人	9.602049827575684
39	11	丢	17.917495727539062
39	12	的	10.309268951416016
39	13	鞋子	16.46933937072754
39	14	。	4.147946357727051
40	1	她	7.657495975494385
40	2	在	4.58152437210083
40	3	找	14.31432056427002
40	4	那	10.79959774017334
40	5	个	4.139247417449951
40	6	我	10.369972229003906
40	7	帮助	12.176302909851074
40	8	过	12.318696022033691
40	9	的	3.644990921020508
40	10	女人	8.28041934967041
40	11	丢	17.91392707824707
40	12	的	9.573375701904297
40	13	鞋子	17.144166946411133
40	14	。	3.695775032043457
41	1	我	7.963864326477051
41	2	讨厌	14.394640922546387
41	3	那	5.393122673034668
41	4	条	8.452644348144531
41	5	我	8.814274787902832
41	6	关心	14.51525592803955
41	7	的	0.231647327542305
41	8	邻居	13.237068176269531
41	9	养	20.391082763671875
41	10	的	1.8150453567504883
41	11	狗	11.284119606018066
41	12	。	2.1125307083129883
42	1	我	7.963864326477051
42	2	讨厌	14.394640922546387
42	3	那	5.393122673034668
42	4	个	6.374271392822266
42	5	我	8.441234588623047
42	6	关心	14.898531913757324
42	7	的	0.4132992923259735
42	8	邻居	12.864863395690918
42	9	养	20.681516647338867
42	10	的	2.0061676502227783
42	11	狗	12.008248329162598
42	12	。	2.556630849838257
43	1	他	4.5236897468566895
43	2	发现	12.934946060180664
43	3	了	6.9502434730529785
43	4	那	10.720022201538086
43	5	座	3.240973472595215
43	6	我	16.594192504882812
43	7	采访	17.6444149017334
43	8	过	3.5465030670166016
43	9	的	0.21799540519714355
43	10	老人	10.406206130981445
43	11	修	17.470375061035156
43	12	的	4.5615692138671875
43	13	桥	11.890005111694336
43	14	。	0.9486628174781799
44	1	他	4.5236897468566895
44	2	发现	12.934946060180664
44	3	了	6.9502434730529785
44	4	那	10.720022201538086
44	5	个	6.615473747253418
44	6	我	12.864947319030762
44	7	采访	16.69147491455078
44	8	过	5.589999675750732
44	9	的	0.4625958800315857
44	10	老人	12.823576927185059
44	11	修	18.129779815673828
44	12	的	3.66530442237854
44	13	桥	12.760194778442383
44	14	。	1.4899331331253052
45	1	她	7.657495975494385
45	2	评价	13.395596504211426
45	3	了	4.605073928833008
45	4	那	10.493420600891113
45	5	篇	11.395867347717285
45	6	我	14.797508239746094
45	7	培养	16.321252822875977
45	8	的	2.1955502033233643
45	9	学生	11.063590049743652
45	10	准备	16.12571144104004
45	11	的	2.0761401653289795
45	12	报告	11.451732635498047
45	13	。	0.8732444643974304
46	1	她	7.657495975494385
46	2	评价	13.395596504211426
46	3	了	4.605073928833008
46	4	那	10.493420600891113
46	5	个	6.656272888183594
46	6	我	13.166751861572266
46	7	培养	15.957088470458984
46	8	的	2.334674835205078
46	9	学生	8.088052749633789
46	10	准备	15.558390617370605
46	11	的	2.4314239025115967
46	12	报告	17.96583366394043
46	13	。	0.9517908692359924
47	1	我	7.963864326477051
47	2	在	5.732231140136719
47	3	等	10.163969993591309
47	4	那	8.503883361816406
47	5	封	9.495115280151367
47	6	我	9.431802749633789
47	7	依赖	15.748442649841309
47	8	的	2.1856980323791504
47	9	朋友	9.286322593688965
47	10	写	10.759833335876465
47	11	的	3.6517255306243896
47	12	信	4.468338966369629
47	13	。	4.686206340789795
48	1	我	7.963864326477051
48	2	在	5.732231140136719
48	3	等	10.163969993591309
48	4	那	8.503883361816406
48	5	个	4.171819686889648
48	6	我	6.803781032562256
48	7	依赖	14.567033767700195
48	8	的	2.0748095512390137
48	9	朋友	8.892462730407715
48	10	写	12.211870193481445
48	11	的	4.139386177062988
48	12	信	6.569486141204834
48	13	。	5.324782371520996
49	1	他	4.5236897468566895
49	2	提到	16.005388259887695
49	3	了	5.224550724029541
49	4	那	10.025009155273438
49	5	堂	13.223370552062988
49	6	我	13.212136268615723
49	7	认识	10.106232643127441
49	8	的	0.338702529668808
49	9	老师	16.307167053222656
49	10	教	13.755962371826172
49	11	的	1.8897422552108765
49	12	课	10.843123435974121
49	13	。	1.3270293474197388
50	1	他	4.5236897468566895
50	2	提到	16.005388259887695
50	3	了	5.224550724029541
50	4	那	10.025009155273438
50	5	个	5.211366653442383
50	6	我	11.678268432617188
50	7	认识	8.9976806640625
50	8	过	11.277957916259766
50	9	的	1.109415888786316
50	10	老师	14.620537757873535
50	11	教	13.970754623413086
50	12	的	2.3456685543060303
50	13	课	10.598569869995117
50	14	。	2.358894109725952
51	1	她	7.657495975494385
51	2	推荐	16.484243392944336
51	3	了	1.6926231384277344
51	4	那	15.77666187286377
51	5	块	14.38314437866211
51	6	我	12.783004760742188
51	7	信任	15.22104263305664
51	8	的	0.7086469531059265
51	9	医生	14.373955726623535
51	10	喜欢	17.223482131958008
51	11	的	4.668191909790039
51	12	手表	13.531378746032715
51	13	。	2.811131477355957
52	1	她	7.657495975494385
52	2	推荐	16.484243392944336
52	3	了	1.6926231384277344
52	4	那	15.77666187286377
52	5	个	7.091360569000244
52	6	我	12.373697280883789
52	7	信任	14.70273494720459
52	8	的	0.7816155552864075
52	9	医生	11.179051399230957
52	10	喜欢	17.546062469482422
52	11	的	4.582738876342773
52	12	手表	13.95024585723877
52	13	。	3.0302741527557373
53	1	我	7.963864326477051
53	2	选择	10.406889915466309
53	3	了	1.4771219491958618
53	4	那	6.3683762550354
53	5	篇	9.100085258483887
53	6	她	12.132162094116211
53	7	教	14.676037788391113
53	8	的	0.6000073552131653
53	9	学生	12.783742904663086
53	10	写	8.767428398132324
53	11	的	0.9509153962135315
53	12	论文	7.8821892738342285
53	13	。	2.3041930198669434
54	1	我	7.963864326477051
54	2	选择	10.406889915466309
54	3	了	1.4771219491958618
54	4	那	6.3683762550354
54	5	个	4.2188801765441895
54	6	她	11.451024055480957
54	7	教	11.976066589355469
54	8	的	1.2282145023345947
54	9	学生	6.968302249908447
54	10	写	10.67074203491211
54	11	的	1.6869897842407227
54	12	论文	8.666999816894531
54	13	。	2.6059165000915527
55	1	她	7.657495975494385
55	2	喜欢	12.255514144897461
55	3	那	8.034551620483398
55	4	场	8.037784576416016
55	5	我	13.593441009521484
55	6	听说	12.864471435546875
55	7	过	4.361077785491943
55	8	的	0.41976282000541687
55	9	演员	17.112022399902344
55	10	准备	10.521309852600098
55	11	的	5.939708232879639
55	12	表演	9.314656257629395
55	13	。	2.0038745403289795
56	1	她	7.657495975494385
56	2	喜欢	12.255514144897461
56	3	那	8.034551620483398
56	4	个	5.472132682800293
56	5	我	11.234465599060059
56	6	听说	12.137261390686035
56	7	过	3.7812747955322266
56	8	的	0.7887681722640991
56	9	演员	16.296945571899414
56	10	准备	12.144335746765137
56	11	的	5.825379848480225
56	12	表演	10.12656021118164
56	13	。	2.273531436920166
57	1	他	4.5236897468566895
57	2	称赞	9.459561347961426
57	3	了	8.487130165100098
57	4	那	10.241192817687988
57	5	间	13.351452827453613
57	6	我	13.535673141479492
57	7	采访	15.144097328186035
57	8	过	4.65144157409668
57	9	的	0.6336362957954407
57	10	警察	12.324199676513672
57	11	工作	9.478530883789062
57	12	的	3.2139229774475098
57	13	办公室	11.610310554504395
57	14	。	1.7418715953826904
58	1	他	4.5236897468566895
58	2	称赞	9.459561347961426
58	3	了	8.487130165100098
58	4	那	10.241192817687988
58	5	个	9.096363067626953
58	6	我	13.84813404083252
58	7	采访	14.627847671508789
58	8	过	5.898891925811768
58	9	的	0.6892619132995605
58	10	警察	12.3152494430542
58	11	工作	11.032524108886719
58	12	的	4.053702354431152
58	13	办公室	11.148917198181152
58	14	。	1.2371939420700073
59	1	我	7.963864326477051
59	2	听说	10.388404846191406
59	3	过	1.3185195922851562
59	4	那	7.204336166381836
59	5	首	8.770877838134766
59	6	他	13.142313003540039
59	7	培养	16.171764373779297
59	8	的	1.1413915157318115
59	9	孩子	4.838306903839111
59	10	写	14.50072956085205
59	11	的	0.8699604868888855
59	12	诗	12.757946968078613
59	13	。	4.663725852966309
60	1	我	7.963864326477051
60	2	听说	10.388404846191406
60	3	过	1.3185195922851562
60	4	那	7.204336166381836
60	5	个	5.374985218048096
60	6	他	11.33586311340332
60	7	培养	16.760726928710938
60	8	的	1.1443588733673096
60	9	孩子	4.260081768035889
60	10	写	13.417181015014648
60	11	的	1.0263049602508545
60	12	诗	13.004622459411621
60	13	。	5.02374267578125
61	1	我	7.963864326477051
61	2	选择	10.406889915466309
61	3	了	1.4771219491958618
61	4	那	6.3683762550354
61	5	家	6.876870632171631
61	6	我	7.650232791900635
61	7	依赖	16.003828048706055
61	8	的	2.4421324729919434
61	9	朋友	7.654796123504639
61	10	去	6.069769859313965
61	11	的	9.403559684753418
61	12	银行	9.29090404510498
61	13	。	3.745920419692993
62	1	我	7.963864326477051
62	2	选择	10.406889915466309
62	3	了	1.4771219491958618
62	4	那	6.3683762550354
62	5	个	4.2188801765441895
62	6	我	9.590660095214844
62	7	依赖	16.235170364379883
62	8	的	1.5527207851409912
62	9	朋友	7.849486351013184
62	10	去	6.904239177703857
62	11	的	9.387777328491211
62	12	银行	9.117449760437012
62	13	。	4.043642044067383
