sentence_id	token_id	token	surprisal
1	1	随着	8.378728866577148
1	2	当地	12.19219970703125
1	3	的	5.354012966156006
1	4	政府	10.440918922424316
1	5	发展	8.816472053527832
1	6	，	0.2914319634437561
1	7	经济	10.291817665100098
1	8	变	16.914615631103516
1	9	好	13.293639183044434
1	10	了	1.5273170471191406
1	11	。	3.474935531616211
2	1	随着	8.378728866577148
2	2	当地	12.19219970703125
2	3	的	5.354012966156006
2	4	政府	10.440918922424316
2	5	发展	8.816472053527832
2	6	。	11.375066757202148
3	1	随着	8.378728866577148
3	2	庞大	12.703838348388672
3	3	的	0.4009772539138794
3	4	互联网	15.096468925476074
3	5	的	5.096771717071533
3	6	出现	4.727809906005859
3	7	，	0.08360462635755539
3	8	生活	14.697861671447754
3	9	质量	7.29202938079834
3	10	提高	4.511433124542236
3	11	了	3.721417188644409
3	12	。	3.1304099559783936
4	1	随着	8.378728866577148
4	2	庞大	12.703838348388672
4	3	的	0.4009772539138794
4	4	互联网	15.096468925476074
4	5	的	5.096771717071533
4	6	出现	4.727809906005859
4	7	。	12.511425018310547
5	1	随着	8.378728866577148
5	2	一阵	16.01915168762207
5	3	很	17.95725440979004
5	4	响	11.10568618774414
5	5	的	1.6422752141952515
5	6	铃声	13.93295955657959
5	7	，	1.049146056175232
5	8	火车	14.357977867126465
5	9	开	12.355093002319336
5	10	了	1.583976149559021
5	11	。	5.421698570251465
6	1	随着	8.378728866577148
6	2	一阵	16.01915168762207
6	3	很	17.95725440979004
6	4	响	11.10568618774414
6	5	的	1.6422752141952515
6	6	铃声	13.93295955657959
6	7	。	11.160517692565918
7	1	随着	8.378728866577148
7	2	不	14.333850860595703
7	3	自信	17.263704299926758
7	4	的	1.6169185638427734
7	5	他	10.283306121826172
7	6	的	7.335111618041992
7	7	年龄	8.73020076751709
7	8	增长	8.917391777038574
7	9	，	0.2845984995365143
7	10	他	4.776329040527344
7	11	更	8.231081008911133
7	12	有	3.2644407749176025
7	13	自信	6.341688632965088
7	14	了	8.085479736328125
7	15	。	0.5555899143218994
8	1	随着	8.378728866577148
8	2	不	14.333850860595703
8	3	自信	17.263704299926758
8	4	的	1.6169185638427734
8	5	他	10.283306121826172
8	6	的	7.335111618041992
8	7	年龄	8.73020076751709
8	8	增长	8.917391777038574
8	9	。	7.802464962005615
9	1	随着	8.378728866577148
9	2	寒冷	17.858488082885742
9	3	的	1.2529963254928589
9	4	冬天	5.860701084136963
9	5	的	6.38464879989624
9	6	到来	0.4423915147781372
9	7	，	0.010786229744553566
9	8	树木	15.894196510314941
9	9	凋零	19.148447036743164
9	10	了	12.171259880065918
9	11	。	1.6560343503952026
10	1	随着	8.378728866577148
10	2	寒冷	17.858488082885742
10	3	的	1.2529963254928589
10	4	冬天	5.860701084136963
10	5	的	6.38464879989624
10	6	到来	0.4423915147781372
10	7	。	12.8815279006958
11	1	随着	8.378728866577148
11	2	新兴	11.464578628540039
11	3	的	2.260763168334961
11	4	科技	6.465353488922119
11	5	发展	6.753237724304199
11	6	，	0.7417681217193604
11	7	电脑	8.897307395935059
11	8	功能	11.944069862365723
11	9	变得	11.474467277526855
11	10	更	6.273606300354004
11	11	多	7.966128826141357
11	12	了	2.884702444076538
11	13	。	1.7155507802963257
12	1	随着	8.378728866577148
12	2	新兴	11.464578628540039
12	3	的	2.260763168334961
12	4	科技	6.465353488922119
12	5	发展	6.753237724304199
12	6	。	9.433732986450195
13	1	自从	12.37651252746582
13	2	见	16.32100486755371
13	3	了	3.886126756668091
13	4	聪明	17.85910987854004
13	5	的	0.852625846862793
13	6	他	9.143481254577637
13	7	，	1.0863791704177856
13	8	她	6.47784948348999
13	9	一直	8.106605529785156
13	10	在	3.063018798828125
13	11	写信	15.628640174865723
13	12	。	6.232085227966309
14	1	自从	12.37651252746582
14	2	见	16.32100486755371
14	3	了	3.886126756668091
14	4	聪明	17.85910987854004
14	5	的	0.852625846862793
14	6	他	9.143481254577637
14	7	。	9.085512161254883
15	1	自从	12.37651252746582
15	2	修	18.565391540527344
15	3	了	7.211959362030029
15	4	新	10.80460262298584
15	5	的	4.428495407104492
15	6	公路	4.584068775177002
15	7	，	5.64674711227417
15	8	农村	10.831242561340332
15	9	经济	5.754063606262207
15	10	变	10.944534301757812
15	11	好	13.695247650146484
15	12	了	0.30670562386512756
15	13	。	1.7128055095672607
16	1	自从	12.37651252746582
16	2	修	18.565391540527344
16	3	了	7.211959362030029
16	4	新	10.80460262298584
16	5	的	4.428495407104492
16	6	公路	4.584068775177002
16	7	。	11.53293228149414
17	1	自从	12.37651252746582
17	2	离开	16.4239501953125
17	3	美丽	15.684273719787598
17	4	的	0.171691432595253
17	5	家乡	7.544123649597168
17	6	，	4.927379131317139
17	7	她	8.743180274963379
17	8	一直	6.599893093109131
17	9	想念	15.412351608276367
17	10	父母	7.998601913452148
17	11	。	2.347823143005371
18	1	自从	12.37651252746582
18	2	离开	16.4239501953125
18	3	美丽	15.684273719787598
18	4	的	0.171691432595253
18	5	家乡	7.544123649597168
18	6	。	15.579140663146973
19	1	自从	12.37651252746582
19	2	淘气	21.59122657775879
19	3	的	4.778098106384277
19	4	他	9.24582290649414
19	5	开始	5.211984634399414
19	6	读书	8.111989974975586
19	7	，	1.8191609382629395
19	8	他	3.5023598670959473
19	9	的	3.450155258178711
19	10	成绩	11.378193855285645
19	11	提高	9.92422103881836
19	12	了	0.06980063021183014
19	13	。	8.45862865447998
20	1	自从	12.37651252746582
20	2	淘气	21.59122657775879
20	3	的	4.778098106384277
20	4	他	9.24582290649414
20	5	开始	5.211984634399414
20	6	读书	8.111989974975586
20	7	。	5.916397571563721
21	1	自从	12.37651252746582
21	2	自负	21.65718650817871
21	3	的	2.1185622215270996
21	4	他	13.64385986328125
21	5	获得	8.600951194763184
21	6	大奖	11.404085159301758
21	7	，	8.202009201049805
21	8	他	5.712482929229736
21	9	不	10.184269905090332
21	10	学习	18.188121795654297
21	11	了	10.124493598937988
21	12	。	5.05751371383667
22	1	自从	12.37651252746582
22	2	自负	21.65718650817871
22	3	的	2.1185622215270996
22	4	他	13.64385986328125
22	5	获得	8.600951194763184
22	6	大奖	11.404085159301758
22	7	。	11.106245994567871
23	1	自从	12.37651252746582
23	2	勤奋	21.045635223388672
23	3	的	4.480739593505859
23	4	她	8.979462623596191
23	5	认识	12.071078300476074
23	6	了	5.476663589477539
23	7	老师	13.76724910736084
23	8	，	2.939739942550659
23	9	她	2.94405460357666
23	10	努力	12.97763729095459
23	11	训练	8.701343536376953
23	12	。	4.291708469390869
24	1	自从	12.37651252746582
24	2	勤奋	21.045635223388672
24	3	的	4.480739593505859
24	4	她	8.979462623596191
24	5	认识	12.071078300476074
24	6	了	5.476663589477539
24	7	老师	13.76724910736084
24	8	。	6.0289411544799805
25	1	自从	12.37651252746582
25	2	勇敢	19.58932113647461
25	3	的	2.997093915939331
25	4	她	9.929633140563965
25	5	参与	13.025694847106934
25	6	了	2.9742355346679688
25	7	活动	11.746828079223633
25	8	，	3.282902479171753
25	9	她	1.8494699001312256
25	10	认识	10.95817756652832
25	11	了	4.623271465301514
25	12	很多	7.311152458190918
25	13	人	2.723179578781128
25	14	。	4.020073413848877
26	1	自从	12.37651252746582
26	2	勇敢	19.58932113647461
26	3	的	2.997093915939331
26	4	她	9.929633140563965
26	5	参与	13.025694847106934
26	6	了	2.9742355346679688
26	7	活动	11.746828079223633
26	8	。	8.583953857421875
27	1	自从	12.37651252746582
27	2	聪明	19.101675033569336
27	3	的	0.8151435852050781
27	4	她	7.6314005851745605
27	5	学习	14.079971313476562
27	6	了	7.4672017097473145
27	7	外语	11.160240173339844
27	8	，	4.218448162078857
27	9	她	3.941497564315796
27	10	看	11.752226829528809
27	11	了	1.2977372407913208
27	12	很多	5.485077857971191
27	13	电影	9.14989948272705
27	14	。	3.4983577728271484
28	1	自从	12.37651252746582
28	2	聪明	19.101675033569336
28	3	的	0.8151435852050781
28	4	她	7.6314005851745605
28	5	学习	14.079971313476562
28	6	了	7.4672017097473145
28	7	外语	11.160240173339844
28	8	。	10.208918571472168
29	1	因为	9.901434898376465
29	2	喝	12.900555610656738
29	3	了	4.300879955291748
29	4	美味	16.9977970123291
29	5	的	0.5052070021629333
29	6	酒	8.9533109664917
29	7	，	0.8702689409255981
29	8	他	7.793789386749268
29	9	摔	13.185035705566406
29	10	了	1.055215835571289
29	11	。	5.778636932373047
30	1	因为	9.901434898376465
30	2	喝	12.900555610656738
30	3	了	4.300879955291748
30	4	美味	16.9977970123291
30	5	的	0.5052070021629333
30	6	酒	8.9533109664917
30	7	。	7.977789878845215
31	1	因为	9.901434898376465
31	2	准时	18.877487182617188
31	3	的	4.847808837890625
31	4	他	12.449411392211914
31	5	要	7.446064472198486
31	6	迟到	16.469318389892578
31	7	了	6.947868347167969
31	8	，	6.834776401519775
31	9	他	2.8032307624816895
31	10	结束	16.40369415283203
31	11	了	1.280606746673584
31	12	谈话	12.55396556854248
31	13	。	1.1344634294509888
32	1	因为	9.901434898376465
32	2	准时	18.877487182617188
32	3	的	4.847808837890625
32	4	他	12.449411392211914
32	5	要	7.446064472198486
32	6	迟到	16.469318389892578
32	7	了	6.947868347167969
32	8	。	8.443788528442383
33	1	因为	9.901434898376465
33	2	懒惰	21.429445266723633
33	3	的	0.5645918846130371
33	4	他	8.863986015319824
33	5	没有	4.610360145568848
33	6	练习	14.240463256835938
33	7	题目	19.64685821533203
33	8	，	0.6666441559791565
33	9	他	5.460933208465576
33	10	没有	5.600759506225586
33	11	成功	9.655117988586426
33	12	。	1.8660125732421875
34	1	因为	9.901434898376465
34	2	懒惰	21.429445266723633
34	3	的	0.5645918846130371
34	4	他	8.863986015319824
34	5	没有	4.610360145568848
34	6	练习	14.240463256835938
34	7	题目	19.64685821533203
34	8	。	2.2929904460906982
35	1	因为	9.901434898376465
35	2	严重	16.24611473083496
35	3	的	0.39298543334007263
35	4	疾病	5.033586025238037
35	5	，	2.433565139770508
35	6	她	9.235445976257324
35	7	拒绝	9.54556655883789
35	8	了	1.037498950958252
35	9	演出	19.65476417541504
35	10	。	3.4217820167541504
36	1	因为	9.901434898376465
36	2	严重	16.24611473083496
36	3	的	0.39298543334007263
36	4	疾病	5.033586025238037
36	5	。	11.970158576965332
37	1	因为	9.901434898376465
37	2	听	15.658978462219238
37	3	着	7.494748592376709
37	4	美妙	16.291561126708984
37	5	的	0.09202606976032257
37	6	音乐	7.780905246734619
37	7	，	1.8753172159194946
37	8	她	5.668682098388672
37	9	错过	15.940844535827637
37	10	了	1.1725897789001465
37	11	广播	17.96190643310547
37	12	。	6.330266952514648
38	1	因为	9.901434898376465
38	2	听	15.658978462219238
38	3	着	7.494748592376709
38	4	美妙	16.291561126708984
38	5	的	0.09202606976032257
38	6	音乐	7.780905246734619
38	7	。	7.946320056915283
39	1	尽管	9.394923210144043
39	2	认真	14.790206909179688
39	3	的	7.844045162200928
39	4	领导	12.607739448547363
39	5	已经	5.365664482116699
39	6	离去	18.715131759643555
39	7	，	0.5121818780899048
39	8	工人	16.817758560180664
39	9	还	4.5912861824035645
39	10	在	2.7131452560424805
39	11	工作	7.570359230041504
39	12	。	7.7447190284729
40	1	尽管	9.394923210144043
40	2	认真	14.790206909179688
40	3	的	7.844045162200928
40	4	领导	12.607739448547363
40	5	已经	5.365664482116699
40	6	离去	18.715131759643555
40	7	。	9.535870552062988
41	1	尽管	9.394923210144043
41	2	优秀	20.768388748168945
41	3	的	2.3954458236694336
41	4	他	13.749990463256836
41	5	年纪	14.913558959960938
41	6	小	5.541459083557129
41	7	，	0.10334944725036621
41	8	他	4.1169514656066895
41	9	有	7.066260814666748
41	10	能力	5.4032721519470215
41	11	。	11.30769157409668
42	1	尽管	9.394923210144043
42	2	优秀	20.768388748168945
42	3	的	2.3954458236694336
42	4	他	13.749990463256836
42	5	年纪	14.913558959960938
42	6	小	5.541459083557129
42	7	。	15.476529121398926
43	1	尽管	9.394923210144043
43	2	环保	13.500394821166992
43	3	的	7.268064975738525
43	4	她	19.162153244018555
43	5	会	10.496435165405273
43	6	开车	14.160382270812988
43	7	，	1.6813474893569946
43	8	她	5.562191963195801
43	9	今天	9.44973373413086
43	10	没有	7.049192428588867
43	11	开车	8.454294204711914
43	12	。	6.030052185058594
44	1	尽管	9.394923210144043
44	2	环保	13.500394821166992
44	3	的	7.268064975738525
44	4	她	19.162153244018555
44	5	会	10.496435165405273
44	6	开车	14.160382270812988
44	7	。	8.581466674804688
45	1	尽管	9.394923210144043
45	2	富有	17.91497230529785
45	3	的	8.305253028869629
45	4	作家	15.335405349731445
45	5	很	12.906648635864258
45	6	年轻	7.168622016906738
45	7	，	0.055191729217767715
45	8	他	4.421248912811279
45	9	写	11.600231170654297
45	10	了	2.177899122238159
45	11	很多	5.435643196105957
45	12	作品	5.486331939697266
45	13	。	4.011951446533203
46	1	尽管	9.394923210144043
46	2	富有	17.91497230529785
46	3	的	8.305253028869629
46	4	作家	15.335405349731445
46	5	很	12.906648635864258
46	6	年轻	7.168622016906738
46	7	。	12.527423858642578
47	1	尽管	9.394923210144043
47	2	固执	21.27556610107422
47	3	的	5.582969665527344
47	4	父亲	11.503965377807617
47	5	不	6.52323055267334
47	6	同意	7.914038181304932
47	7	他	2.7483718395233154
47	8	唱歌	17.671215057373047
47	9	，	0.21854521334171295
47	10	他	6.285970687866211
47	11	还是	5.636774063110352
47	12	买	13.158949851989746
47	13	了	2.46634578704834
47	14	吉他	16.09008026123047
47	15	。	4.09876012802124
48	1	尽管	9.394923210144043
48	2	固执	21.27556610107422
48	3	的	5.582969665527344
48	4	父亲	11.503965377807617
48	5	不	6.52323055267334
48	6	同意	7.914038181304932
48	7	他	2.7483718395233154
48	8	唱歌	17.671215057373047
48	9	。	8.701382637023926
49	1	尽管	9.394923210144043
49	2	国内	9.314482688903809
49	3	的	4.41513204574585
49	4	经济	6.845909595489502
49	5	不	6.324820041656494
49	6	好	10.517594337463379
49	7	，	0.06917602568864822
49	8	他	7.368255138397217
49	9	还是	4.932456016540527
49	10	关心	11.31173324584961
49	11	慈善	18.514928817749023
49	12	。	10.057177543640137
50	1	尽管	9.394923210144043
50	2	国内	9.314482688903809
50	3	的	4.41513204574585
50	4	经济	6.845909595489502
50	5	不	6.324820041656494
50	6	好	10.517594337463379
50	7	。	14.042276382446289
51	1	如果	8.869901657104492
51	2	自律	20.45282554626465
51	3	的	5.929113388061523
51	4	她	19.991594314575195
51	5	做	9.482867240905762
51	6	完	7.408015727996826
51	7	作业	14.093847274780273
51	8	，	1.3871545791625977
51	9	她	4.457015514373779
51	10	去	9.36494255065918
51	11	健身房	13.674519538879395
51	12	。	8.35197925567627
52	1	如果	8.869901657104492
52	2	自律	20.45282554626465
52	3	的	5.929113388061523
52	4	她	19.991594314575195
52	5	做	9.482867240905762
52	6	完	7.408015727996826
52	7	作业	14.093847274780273
52	8	。	11.432828903198242
53	1	如果	8.869901657104492
53	2	开心	20.98761558532715
53	3	的	5.4107255935668945
53	4	她们	14.152820587158203
53	5	照	14.27247142791748
53	6	了	6.971162796020508
53	7	相	17.765186309814453
53	8	，	2.1253821849823
53	9	她们	5.862011432647705
53	10	就	4.056692600250244
53	11	留下	13.305792808532715
53	12	了	0.1363590955734253
53	13	回忆	16.171953201293945
53	14	。	2.4378092288970947
54	1	如果	8.869901657104492
54	2	开心	20.98761558532715
54	3	的	5.4107255935668945
54	4	她们	14.152820587158203
54	5	照	14.27247142791748
54	6	了	6.971162796020508
54	7	相	17.765186309814453
54	8	。	8.580084800720215
55	1	如果	8.869901657104492
55	2	培养	14.971723556518555
55	3	了	7.177911758422852
55	4	坚定	16.913902282714844
55	5	的	0.07217791676521301
55	6	信心	5.003097057342529
55	7	，	0.1628607213497162
55	8	她	8.914958000183105
55	9	可以	7.162604808807373
55	10	实现	8.370431900024414
55	11	梦想	8.76701831817627
55	12	。	0.5293003916740417
56	1	如果	8.869901657104492
56	2	培养	14.971723556518555
56	3	了	7.177911758422852
56	4	坚定	16.913902282714844
56	5	的	0.07217791676521301
56	6	信心	5.003097057342529
56	7	。	9.812332153320312
57	1	如果	8.869901657104492
57	2	内向	22.159019470214844
57	3	的	10.340919494628906
57	4	他	8.752253532409668
57	5	不	7.524247646331787
57	6	尝试	12.288885116577148
57	7	，	2.2541675567626953
57	8	他	0.8015680313110352
57	9	将	2.4188287258148193
57	10	失去	6.665651321411133
57	11	机会	3.1067283153533936
57	12	。	1.285961627960205
58	1	如果	8.869901657104492
58	2	内向	22.159019470214844
58	3	的	10.340919494628906
58	4	他	8.752253532409668
58	5	不	7.524247646331787
58	6	尝试	12.288885116577148
58	7	。	10.761449813842773
59	1	如果	8.869901657104492
59	2	可爱	20.32137680053711
59	3	的	0.24059686064720154
59	4	她	9.361343383789062
59	5	来	9.405267715454102
59	6	，	5.141181945800781
59	7	母亲	8.202421188354492
59	8	会	2.96315860748291
59	9	准备	10.638916969299316
59	10	水果	17.303089141845703
59	11	。	4.853649139404297
60	1	如果	8.869901657104492
60	2	她	8.916287422180176
60	3	来	10.789250373840332
60	4	。	12.909942626953125
