sentence_id	token_id	token	surprisal
1	1	我	7.963864326477051
1	2	很	6.089216232299805
1	3	喜欢	4.4288249015808105
1	4	一	6.947024345397949
1	5	位	2.0968358516693115
1	6	国内	11.73146915435791
1	7	的	1.7667784690856934
1	8	明星	10.927082061767578
1	9	。	2.382305383682251
2	1	我	7.963864326477051
2	2	很	6.089216232299805
2	3	喜欢	4.4288249015808105
2	4	一	6.947024345397949
2	5	首	8.76183032989502
2	6	国内	10.807062149047852
2	7	的	1.5868667364120483
2	8	明星	12.8825044631958
2	9	。	2.2724080085754395
3	1	我	7.963864326477051
3	2	很	6.089216232299805
3	3	喜欢	4.4288249015808105
3	4	一	6.947024345397949
3	5	首	8.76183032989502
3	6	国内	10.807062149047852
3	7	的	1.5868667364120483
3	8	歌曲	8.833990097045898
3	9	。	1.9806599617004395
4	1	我	7.963864326477051
4	2	很	6.089216232299805
4	3	喜欢	4.4288249015808105
4	4	一	6.947024345397949
4	5	位	2.0968358516693115
4	6	国内	11.73146915435791
4	7	的	1.7667784690856934
4	8	歌曲	13.980857849121094
4	9	。	2.6511197090148926
5	1	她	7.657495975494385
5	2	开车	18.8394775390625
5	3	去	3.2461891174316406
5	4	了	3.6109254360198975
5	5	一	4.936756610870361
5	6	家	2.8919525146484375
5	7	郊外	15.309511184692383
5	8	的	3.0097098350524902
5	9	店	10.667746543884277
5	10	。	2.8417065143585205
6	1	她	7.657495975494385
6	2	开车	18.8394775390625
6	3	去	3.2461891174316406
6	4	了	3.6109254360198975
6	5	一	4.936756610870361
6	6	座	7.719427585601807
6	7	郊外	14.393219947814941
6	8	的	2.803759813308716
6	9	店	13.575754165649414
6	10	。	2.7052454948425293
7	1	她	7.657495975494385
7	2	开车	18.8394775390625
7	3	去	3.2461891174316406
7	4	了	3.6109254360198975
7	5	一	4.936756610870361
7	6	座	7.719427585601807
7	7	郊外	14.393219947814941
7	8	的	2.803759813308716
7	9	山	12.981404304504395
7	10	。	4.034759521484375
8	1	她	7.657495975494385
8	2	开车	18.8394775390625
8	3	去	3.2461891174316406
8	4	了	3.6109254360198975
8	5	一	4.936756610870361
8	6	家	2.8919525146484375
8	7	郊外	15.309511184692383
8	8	的	3.0097098350524902
8	9	山	14.840584754943848
8	10	。	4.537879943847656
9	1	他	4.5236897468566895
9	2	有	11.403260231018066
9	3	一	3.3810243606567383
9	4	双	8.040358543395996
9	5	蓝色	14.168797492980957
9	6	的	0.1946965903043747
9	7	手套	13.372628211975098
9	8	。	3.893216848373413
10	1	他	4.5236897468566895
10	2	有	11.403260231018066
10	3	一	3.3810243606567383
10	4	枚	9.976632118225098
10	5	蓝色	12.807580947875977
10	6	的	0.14516578614711761
10	7	手套	13.380399703979492
10	8	。	3.2009575366973877
11	1	他	4.5236897468566895
11	2	有	11.403260231018066
11	3	一	3.3810243606567383
11	4	枚	9.976632118225098
11	5	蓝色	12.807580947875977
11	6	的	0.14516578614711761
11	7	纽扣	19.04852294921875
11	8	。	4.400160789489746
12	1	他	4.5236897468566895
12	2	有	11.403260231018066
12	3	一	3.3810243606567383
12	4	双	8.040358543395996
12	5	蓝色	14.168797492980957
12	6	的	0.1946965903043747
12	7	纽扣	19.517873764038086
12	8	。	4.844316005706787
13	1	店长	22.51995086669922
13	2	拿	17.13266944885254
13	3	着	4.435617446899414
13	4	一	5.6854567527771
13	5	只	6.7695488929748535
13	6	便宜	11.726897239685059
13	7	的	0.13717690110206604
13	8	兔子	14.791975975036621
13	9	。	6.336643695831299
14	1	店长	22.51995086669922
14	2	拿	17.13266944885254
14	3	着	4.435617446899414
14	4	一	5.6854567527771
14	5	根	6.530763626098633
14	6	便宜	10.992777824401855
14	7	的	0.05078677833080292
14	8	兔子	14.848753929138184
14	9	。	4.79254150390625
15	1	店长	22.51995086669922
15	2	拿	17.13266944885254
15	3	着	4.435617446899414
15	4	一	5.6854567527771
15	5	根	6.530763626098633
15	6	便宜	10.992777824401855
15	7	的	0.05078677833080292
15	8	萝卜	13.04903507232666
15	9	。	2.4220991134643555
16	1	店长	22.51995086669922
16	2	拿	17.13266944885254
16	3	着	4.435617446899414
16	4	一	5.6854567527771
16	5	只	6.7695488929748535
16	6	便宜	11.726897239685059
16	7	的	0.13717690110206604
16	8	萝卜	12.71337604522705
16	9	。	2.9709393978118896
17	1	他	4.5236897468566895
17	2	认识	16.0583438873291
17	3	了	5.576035022735596
17	4	一	6.3173441886901855
17	5	名	8.30340576171875
17	6	幸运	10.769766807556152
17	7	的	0.27008140087127686
17	8	男孩	8.181005477905273
17	9	。	2.2778875827789307
18	1	他	4.5236897468566895
18	2	认识	16.0583438873291
18	3	了	5.576035022735596
18	4	一	6.3173441886901855
18	5	本	10.99627685546875
18	6	幸运	16.34821319580078
18	7	的	0.1644553691148758
18	8	男孩	8.33139705657959
18	9	。	2.446481227874756
19	1	他	4.5236897468566895
19	2	认识	16.0583438873291
19	3	了	5.576035022735596
19	4	一	6.3173441886901855
19	5	本	10.99627685546875
19	6	幸运	16.34821319580078
19	7	的	0.1644553691148758
19	8	小说	10.541485786437988
19	9	。	2.341486930847168
20	1	他	4.5236897468566895
20	2	认识	16.0583438873291
20	3	了	5.576035022735596
20	4	一	6.3173441886901855
20	5	名	8.30340576171875
20	6	幸运	10.769766807556152
20	7	的	0.27008140087127686
20	8	小说	13.821348190307617
20	9	。	3.267815589904785
21	1	男人	16.836748123168945
21	2	在	4.351877212524414
21	3	扫描	18.89325523376465
21	4	一	11.43234920501709
21	5	篇	3.74751353263855
21	6	很	9.19017505645752
21	7	短	9.597025871276855
21	8	的	0.16648414731025696
21	9	文章	4.372158050537109
21	10	。	11.695300102233887
22	1	男人	16.836748123168945
22	2	在	4.351877212524414
22	3	扫描	18.89325523376465
22	4	一	11.43234920501709
22	5	张	8.315299034118652
22	6	很	10.128239631652832
22	7	短	9.507810592651367
22	8	的	0.09112849086523056
22	9	文章	9.167556762695312
22	10	。	13.149011611938477
23	1	男人	16.836748123168945
23	2	在	4.351877212524414
23	3	扫描	18.89325523376465
23	4	一	11.43234920501709
23	5	张	8.315299034118652
23	6	很	10.128239631652832
23	7	短	9.507810592651367
23	8	的	0.09112849086523056
23	9	图片	11.027385711669922
23	10	。	12.18940544128418
24	1	男人	16.836748123168945
24	2	在	4.351877212524414
24	3	扫描	18.89325523376465
24	4	一	11.43234920501709
24	5	篇	3.74751353263855
24	6	很	9.19017505645752
24	7	短	9.597025871276855
24	8	的	0.16648414731025696
24	9	图片	12.510553359985352
24	10	。	11.051813125610352
25	1	演员	15.446003913879395
25	2	在	4.760022163391113
25	3	看	12.88833999633789
25	4	一	6.187946796417236
25	5	张	5.559692859649658
25	6	干净	16.638397216796875
25	7	的	1.2358012199401855
25	8	旧	14.653715133666992
25	9	照片	6.350625991821289
25	10	。	9.915019035339355
26	1	演员	15.446003913879395
26	2	在	4.760022163391113
26	3	看	12.88833999633789
26	4	一	6.187946796417236
26	5	位	4.095900058746338
26	6	干净	15.333687782287598
26	7	的	1.2476431131362915
26	8	旧	15.690134048461914
26	9	照片	11.092286109924316
26	10	。	9.932903289794922
27	1	演员	15.446003913879395
27	2	在	4.760022163391113
27	3	看	12.88833999633789
27	4	一	6.187946796417236
27	5	位	4.095900058746338
27	6	干净	15.333687782287598
27	7	的	1.2476431131362915
27	8	老师	7.532374858856201
27	9	。	7.205047130584717
28	1	演员	15.446003913879395
28	2	在	4.760022163391113
28	3	看	12.88833999633789
28	4	一	6.187946796417236
28	5	张	5.559692859649658
28	6	干净	16.638397216796875
28	7	的	1.2358012199401855
28	8	老师	11.598223686218262
28	9	。	8.274481773376465
29	1	他	4.5236897468566895
29	2	在	5.075404167175293
29	3	修理	16.38300132751465
29	4	一	6.710641860961914
29	5	辆	6.101995944976807
29	6	倒霉	15.674473762512207
29	7	的	0.019062131643295288
29	8	汽车	3.842130184173584
29	9	。	8.337396621704102
30	1	他	4.5236897468566895
30	2	在	5.075404167175293
30	3	修理	16.38300132751465
30	4	一	6.710641860961914
30	5	套	5.271178245544434
30	6	倒霉	15.855264663696289
30	7	的	0.01897404156625271
30	8	汽车	8.453875541687012
30	9	。	7.192941188812256
31	1	他	4.5236897468566895
31	2	在	5.075404167175293
31	3	修理	16.38300132751465
31	4	一	6.710641860961914
31	5	套	5.271178245544434
31	6	倒霉	15.855264663696289
31	7	的	0.01897404156625271
31	8	系统	10.016523361206055
31	9	。	8.5613374710083
32	1	他	4.5236897468566895
32	2	在	5.075404167175293
32	3	修理	16.38300132751465
32	4	一	6.710641860961914
32	5	辆	6.101995944976807
32	6	倒霉	15.674473762512207
32	7	的	0.019062131643295288
32	8	系统	14.099286079406738
32	9	。	8.730042457580566
33	1	学生	14.263710975646973
33	2	们	18.094911575317383
33	3	在	5.085514545440674
33	4	写	11.76919937133789
33	5	一	5.598898410797119
33	6	部	6.425929546356201
33	7	精彩	9.461181640625
33	8	的	0.19059166312217712
33	9	电影	3.829993724822998
33	10	。	5.687991619110107
34	1	学生	14.263710975646973
34	2	们	18.094911575317383
34	3	在	5.085514545440674
34	4	写	11.76919937133789
34	5	一	5.598898410797119
34	6	首	3.580608606338501
34	7	精彩	13.884581565856934
34	8	的	0.33056336641311646
34	9	电影	5.764882564544678
34	10	。	6.774721145629883
35	1	学生	14.263710975646973
35	2	们	18.094911575317383
35	3	在	5.085514545440674
35	4	写	11.76919937133789
35	5	一	5.598898410797119
35	6	首	3.580608606338501
35	7	精彩	13.884581565856934
35	8	的	0.33056336641311646
35	9	戏曲	15.64736557006836
35	10	。	9.901445388793945
36	1	学生	14.263710975646973
36	2	们	18.094911575317383
36	3	在	5.085514545440674
36	4	写	11.76919937133789
36	5	一	5.598898410797119
36	6	部	6.425929546356201
36	7	精彩	9.461181640625
36	8	的	0.19059166312217712
36	9	戏曲	14.855866432189941
36	10	。	9.420390129089355
37	1	我们	7.549299240112305
37	2	在	5.297558307647705
37	3	看	9.807456970214844
37	4	一	2.978365898132324
37	5	场	3.673833131790161
37	6	神奇	17.38189697265625
37	7	的	0.05264250934123993
37	8	他	14.664965629577637
37	9	的	1.325465202331543
37	10	表演	3.6887574195861816
37	11	。	6.559896469116211
38	1	我们	7.549299240112305
38	2	在	5.297558307647705
38	3	看	9.807456970214844
38	4	一	2.978365898132324
38	5	块	13.582365036010742
38	6	神奇	11.834062576293945
38	7	的	0.035581592470407486
38	8	他	13.785200119018555
38	9	的	1.4853371381759644
38	10	表演	8.873910903930664
38	11	。	5.166836738586426
39	1	我们	7.549299240112305
39	2	在	5.297558307647705
39	3	看	9.807456970214844
39	4	一	2.978365898132324
39	5	块	13.582365036010742
39	6	神奇	11.834062576293945
39	7	的	0.035581592470407486
39	8	他	13.785200119018555
39	9	的	1.4853371381759644
39	10	场地	11.964874267578125
39	11	。	5.076989650726318
40	1	我们	7.549299240112305
40	2	在	5.297558307647705
40	3	看	9.807456970214844
40	4	一	2.978365898132324
40	5	场	3.673833131790161
40	6	神奇	17.38189697265625
40	7	的	0.05264250934123993
40	8	他	14.664965629577637
40	9	的	1.325465202331543
40	10	场地	14.673633575439453
40	11	。	5.620386600494385
41	1	他	4.5236897468566895
41	2	最	12.743200302124023
41	3	喜欢	5.8242363929748535
41	4	一	8.040294647216797
41	5	道	9.735596656799316
41	6	美味	14.634636878967285
41	7	的	0.02829139493405819
41	8	菜	9.737119674682617
41	9	。	1.9851936101913452
42	1	他	4.5236897468566895
42	2	最	12.743200302124023
42	3	喜欢	5.8242363929748535
42	4	一	8.040294647216797
42	5	瓶	11.05949592590332
42	6	美味	14.664735794067383
42	7	的	0.056500788778066635
42	8	菜	8.111307144165039
42	9	。	2.2811279296875
43	1	他	4.5236897468566895
43	2	最	12.743200302124023
43	3	喜欢	5.8242363929748535
43	4	一	8.040294647216797
43	5	瓶	11.05949592590332
43	6	美味	14.664735794067383
43	7	的	0.056500788778066635
43	8	醋	16.675569534301758
43	9	。	4.011495113372803
44	1	他	4.5236897468566895
44	2	最	12.743200302124023
44	3	喜欢	5.8242363929748535
44	4	一	8.040294647216797
44	5	道	9.735596656799316
44	6	美味	14.634636878967285
44	7	的	0.02829139493405819
44	8	醋	17.510053634643555
44	9	。	3.699719190597534
45	1	她	7.657495975494385
45	2	拿	14.554892539978027
45	3	了	1.2506837844848633
45	4	一	4.024281978607178
45	5	份	5.819887161254883
45	6	今天	13.154440879821777
45	7	的	1.0392072200775146
45	8	饭	16.253183364868164
45	9	。	4.236559867858887
46	1	她	7.657495975494385
46	2	拿	14.554892539978027
46	3	了	1.2506837844848633
46	4	一	4.024281978607178
46	5	卷	13.663212776184082
46	6	今天	14.04216194152832
46	7	的	0.9940344095230103
46	8	饭	16.616052627563477
46	9	。	4.946296691894531
47	1	她	7.657495975494385
47	2	拿	14.554892539978027
47	3	了	1.2506837844848633
47	4	一	4.024281978607178
47	5	卷	13.663212776184082
47	6	今天	14.04216194152832
47	7	的	0.9940344095230103
47	8	纸	11.684173583984375
47	9	。	8.53039836883545
48	1	她	7.657495975494385
48	2	拿	14.554892539978027
48	3	了	1.2506837844848633
48	4	一	4.024281978607178
48	5	份	5.819887161254883
48	6	今天	13.154440879821777
48	7	的	1.0392072200775146
48	8	纸	11.98123836517334
48	9	。	9.487066268920898
49	1	学生	14.263710975646973
49	2	们	18.094911575317383
49	3	在	5.085514545440674
49	4	写	11.76919937133789
49	5	一	5.598898410797119
49	6	部	6.425929546356201
49	7	复杂	15.257014274597168
49	8	的	0.5924237370491028
49	9	戏剧	9.614070892333984
49	10	。	9.608203887939453
50	1	学生	14.263710975646973
50	2	们	18.094911575317383
50	3	在	5.085514545440674
50	4	写	11.76919937133789
50	5	一	5.598898410797119
50	6	篇	1.3419749736785889
50	7	复杂	15.652043342590332
50	8	的	0.3839555084705353
50	9	戏剧	11.733847618103027
50	10	。	9.83598804473877
51	1	学生	14.263710975646973
51	2	们	18.094911575317383
51	3	在	5.085514545440674
51	4	写	11.76919937133789
51	5	一	5.598898410797119
51	6	篇	1.3419749736785889
51	7	复杂	15.652043342590332
51	8	的	0.3839555084705353
51	9	文章	1.0639586448669434
51	10	。	8.781099319458008
52	1	学生	14.263710975646973
52	2	们	18.094911575317383
52	3	在	5.085514545440674
52	4	写	11.76919937133789
52	5	一	5.598898410797119
52	6	部	6.425929546356201
52	7	复杂	15.257014274597168
52	8	的	0.5924237370491028
52	9	文章	2.8245561122894287
52	10	。	8.288008689880371
53	1	这	6.30433988571167
53	2	是	4.837512016296387
53	3	一	2.9338159561157227
53	4	架	11.587666511535645
53	5	红色	14.297897338867188
53	6	的	5.245712757110596
53	7	火车	8.288759231567383
53	8	。	4.698585510253906
54	1	这	6.30433988571167
54	2	是	4.837512016296387
54	3	一	2.9338159561157227
54	4	扇	16.749536514282227
54	5	红色	12.414411544799805
54	6	的	0.721583366394043
54	7	火车	13.554489135742188
54	8	。	4.325286388397217
55	1	这	6.30433988571167
55	2	是	4.837512016296387
55	3	一	2.9338159561157227
55	4	扇	16.749536514282227
55	5	红色	12.414411544799805
55	6	的	0.721583366394043
55	7	窗户	12.010461807250977
55	8	。	4.2305707931518555
56	1	这	6.30433988571167
56	2	是	4.837512016296387
56	3	一	2.9338159561157227
56	4	架	11.587666511535645
56	5	红色	14.297897338867188
56	6	的	5.245712757110596
56	7	窗户	16.719995498657227
56	8	。	5.8196258544921875
57	1	老师	14.892623901367188
57	2	在	5.844691276550293
57	3	责备	18.546171188354492
57	4	三	11.06144905090332
57	5	名	5.090515613555908
57	6	淘气	24.0649356842041
57	7	的	0.36889031529426575
57	8	学生	8.106504440307617
57	9	。	8.127243995666504
58	1	老师	14.892623901367188
58	2	在	5.844691276550293
58	3	责备	18.546171188354492
58	4	三	11.06144905090332
58	5	只	9.426992416381836
58	6	淘气	20.7860107421875
58	7	的	0.08027152717113495
58	8	学生	10.563945770263672
58	9	。	7.829648971557617
59	1	老师	14.892623901367188
59	2	在	5.844691276550293
59	3	责备	18.546171188354492
59	4	三	11.06144905090332
59	5	只	9.426992416381836
59	6	淘气	20.7860107421875
59	7	的	0.08027152717113495
59	8	宠物	17.59307861328125
59	9	。	8.728620529174805
60	1	老师	14.892623901367188
60	2	在	5.844691276550293
60	3	责备	18.546171188354492
60	4	三	11.06144905090332
60	5	名	5.090515613555908
60	6	淘气	24.0649356842041
60	7	的	0.36889031529426575
60	8	宠物	18.19211196899414
60	9	。	9.440939903259277
61	1	她	7.657495975494385
61	2	买	13.122358322143555
61	3	过	7.05775785446167
61	4	两	3.0086920261383057
61	5	杯	7.030149936676025
61	6	热	16.810400009155273
61	7	的	2.7251570224761963
61	8	咖啡	11.257031440734863
61	9	。	4.563888072967529
62	1	她	7.657495975494385
62	2	买	13.122358322143555
62	3	过	7.05775785446167
62	4	两	3.0086920261383057
62	5	个	3.7220444679260254
62	6	热	18.186208724975586
62	7	的	3.172105312347412
62	8	咖啡	12.6077241897583
62	9	。	3.835592746734619
63	1	她	7.657495975494385
63	2	买	13.122358322143555
63	3	过	7.05775785446167
63	4	两	3.0086920261383057
63	5	个	3.7220444679260254
63	6	热	18.186208724975586
63	7	的	3.172105312347412
63	8	杯子	17.454099655151367
63	9	。	4.310074806213379
64	1	她	7.657495975494385
64	2	买	13.122358322143555
64	3	过	7.05775785446167
64	4	两	3.0086920261383057
64	5	杯	7.030149936676025
64	6	热	16.810400009155273
64	7	的	2.7251570224761963
64	8	杯子	18.775131225585938
64	9	。	5.099520206451416
65	1	孩子	14.846302032470703
65	2	在	5.378190994262695
65	3	卖	12.561568260192871
65	4	五	14.630498886108398
65	5	台	11.831733703613281
65	6	贵	14.687873840332031
65	7	的	1.9913028478622437
65	8	桌子	12.836730003356934
65	9	。	8.631547927856445
66	1	孩子	14.846302032470703
66	2	在	5.378190994262695
66	3	卖	12.561568260192871
66	4	五	14.630498886108398
66	5	块	4.818991661071777
66	6	贵	12.431600570678711
66	7	的	1.4681044816970825
66	8	桌子	12.17182731628418
66	9	。	8.526546478271484
67	1	孩子	14.846302032470703
67	2	在	5.378190994262695
67	3	卖	12.561568260192871
67	4	五	14.630498886108398
67	5	块	4.818991661071777
67	6	贵	12.431600570678711
67	7	的	1.4681044816970825
67	8	蛋糕	14.350295066833496
67	9	。	7.8320746421813965
68	1	孩子	14.846302032470703
68	2	在	5.378190994262695
68	3	卖	12.561568260192871
68	4	五	14.630498886108398
68	5	台	11.831733703613281
68	6	贵	14.687873840332031
68	7	的	1.9913028478622437
68	8	蛋糕	14.228043556213379
68	9	。	7.06751823425293
69	1	妈妈	14.773599624633789
69	2	在	6.536574840545654
69	3	做	9.088109016418457
69	4	一	5.768289566040039
69	5	张	6.033195495605469
69	6	好看	15.954320907592773
69	7	的	0.03567756712436676
69	8	地图	13.44270133972168
69	9	。	9.18261432647705
70	1	妈妈	14.773599624633789
70	2	在	6.536574840545654
70	3	做	9.088109016418457
70	4	一	5.768289566040039
70	5	面	9.82526683807373
70	6	好看	15.054850578308105
70	7	的	0.1457112431526184
70	8	地图	14.564448356628418
70	9	。	8.38465404510498
71	1	妈妈	14.773599624633789
71	2	在	6.536574840545654
71	3	做	9.088109016418457
71	4	一	5.768289566040039
71	5	面	9.82526683807373
71	6	好看	15.054850578308105
71	7	的	0.1457112431526184
71	8	镜子	13.449370384216309
71	9	。	10.091445922851562
72	1	妈妈	14.773599624633789
72	2	在	6.536574840545654
72	3	做	9.088109016418457
72	4	一	5.768289566040039
72	5	张	6.033195495605469
72	6	好看	15.954320907592773
72	7	的	0.03567756712436676
72	8	镜子	14.74087905883789
72	9	。	12.285866737365723
73	1	爸爸	13.998507499694824
73	2	买	6.189601898193359
73	3	了	1.7778384685516357
73	4	一	3.1407952308654785
73	5	栋	7.71359920501709
73	6	很	10.510224342346191
73	7	大	5.327427864074707
73	8	的	0.23186306655406952
73	9	房子	2.8641295433044434
73	10	。	3.6757259368896484
74	1	爸爸	13.998507499694824
74	2	买	6.189601898193359
74	3	了	1.7778384685516357
74	4	一	3.1407952308654785
74	5	条	4.314513683319092
74	6	很	12.019635200500488
74	7	大	5.725144386291504
74	8	的	0.3318082392215729
74	9	房子	4.912891864776611
74	10	。	3.3336422443389893
75	1	爸爸	13.998507499694824
75	2	买	6.189601898193359
75	3	了	1.7778384685516357
75	4	一	3.1407952308654785
75	5	条	4.314513683319092
75	6	很	12.019635200500488
75	7	大	5.725144386291504
75	8	的	0.3318082392215729
75	9	沙发	10.325925827026367
75	10	。	3.5453922748565674
76	1	爸爸	13.998507499694824
76	2	买	6.189601898193359
76	3	了	1.7778384685516357
76	4	一	3.1407952308654785
76	5	栋	7.71359920501709
76	6	很	10.510224342346191
76	7	大	5.327427864074707
76	8	的	0.23186306655406952
76	9	沙发	10.274471282958984
76	10	。	3.9650306701660156
77	1	我	7.963864326477051
77	2	想	4.6044158935546875
77	3	种	16.702259063720703
77	4	一	5.771557331085205
77	5	朵	17.897998809814453
77	6	红色	7.365528583526611
77	7	的	2.076955556869507
77	8	玫瑰	12.227685928344727
77	9	。	3.4024465084075928
78	1	我	7.963864326477051
78	2	想	4.6044158935546875
78	3	种	16.702259063720703
78	4	一	5.771557331085205
78	5	颗	11.066279411315918
78	6	红色	11.231393814086914
78	7	的	0.971225917339325
78	8	玫瑰	13.488483428955078
78	9	。	5.148409843444824
79	1	我	7.963864326477051
79	2	想	4.6044158935546875
79	3	种	16.702259063720703
79	4	一	5.771557331085205
79	5	颗	11.066279411315918
79	6	红色	11.231393814086914
79	7	的	0.971225917339325
79	8	种子	15.523218154907227
79	9	。	5.758368968963623
80	1	我	7.963864326477051
80	2	想	4.6044158935546875
80	3	种	16.702259063720703
80	4	一	5.771557331085205
80	5	朵	17.897998809814453
80	6	红色	7.365528583526611
80	7	的	2.076955556869507
80	8	种子	14.029743194580078
80	9	。	3.8388254642486572
81	1	我	7.963864326477051
81	2	经常	9.813947677612305
81	3	去	4.2758564949035645
81	4	一	8.206099510192871
81	5	家	2.4674670696258545
81	6	有名	13.401147842407227
81	7	的	0.0059977928176522255
81	8	医院	9.754024505615234
81	9	。	3.240187406539917
82	1	我	7.963864326477051
82	2	经常	9.813947677612305
82	3	去	4.2758564949035645
82	4	一	8.206099510192871
82	5	座	6.742158889770508
82	6	有名	13.834833145141602
82	7	的	0.003398155327886343
82	8	医院	8.715287208557129
82	9	。	2.489840030670166
83	1	我	7.963864326477051
83	2	经常	9.813947677612305
83	3	去	4.2758564949035645
83	4	一	8.206099510192871
83	5	座	6.742158889770508
83	6	有名	13.834833145141602
83	7	的	0.003398155327886343
83	8	城市	8.892504692077637
83	9	。	5.300989627838135
84	1	我	7.963864326477051
84	2	经常	9.813947677612305
84	3	去	4.2758564949035645
84	4	一	8.206099510192871
84	5	家	2.4674670696258545
84	6	有名	13.401147842407227
84	7	的	0.0059977928176522255
84	8	城市	11.76422119140625
84	9	。	6.690499782562256
85	1	我	7.963864326477051
85	2	拜访	14.476106643676758
85	3	了	1.6037172079086304
85	4	这	6.619117736816406
85	5	一	5.213247299194336
85	6	所	8.167379379272461
85	7	重要	14.126372337341309
85	8	的	0.5366705060005188
85	9	美丽	14.678118705749512
85	10	的	0.8874264359474182
85	11	高中	13.474953651428223
85	12	。	2.6366500854492188
86	1	我	7.963864326477051
86	2	拜访	14.476106643676758
86	3	了	1.6037172079086304
86	4	这	6.619117736816406
86	5	一	5.213247299194336
86	6	位	4.887398719787598
86	7	重要	9.42815113067627
86	8	的	2.9378764629364014
86	9	美丽	15.847761154174805
86	10	的	0.9557988047599792
86	11	高中	15.717170715332031
86	12	。	3.524444580078125
87	1	我	7.963864326477051
87	2	拜访	14.476106643676758
87	3	了	1.6037172079086304
87	4	这	6.619117736816406
87	5	一	5.213247299194336
87	6	位	4.887398719787598
87	7	重要	9.42815113067627
87	8	的	2.9378764629364014
87	9	美丽	15.847761154174805
87	10	的	0.9557988047599792
87	11	老师	9.442914962768555
87	12	。	3.1326904296875
88	1	我	7.963864326477051
88	2	拜访	14.476106643676758
88	3	了	1.6037172079086304
88	4	这	6.619117736816406
88	5	一	5.213247299194336
88	6	所	8.167379379272461
88	7	重要	14.126372337341309
88	8	的	0.5366705060005188
88	9	美丽	14.678118705749512
88	10	的	0.8874264359474182
88	11	老师	11.875661849975586
88	12	。	2.885380983352661
89	1	他	4.5236897468566895
89	2	在	5.075404167175293
89	3	读	11.832734107971191
89	4	一	6.198445796966553
89	5	条	10.385197639465332
89	6	很	9.289507865905762
89	7	长	2.261948347091675
89	8	的	2.156031608581543
89	9	评论	10.05717658996582
89	10	。	6.917545795440674
90	1	他	4.5236897468566895
90	2	在	5.075404167175293
90	3	读	11.832734107971191
90	4	一	6.198445796966553
90	5	首	6.229518413543701
90	6	很	14.13812255859375
90	7	长	2.3322644233703613
90	8	的	3.2032668590545654
90	9	评论	8.975992202758789
90	10	。	8.11653995513916
91	1	他	4.5236897468566895
91	2	在	5.075404167175293
91	3	读	11.832734107971191
91	4	一	6.198445796966553
91	5	首	6.229518413543701
91	6	很	14.13812255859375
91	7	长	2.3322644233703613
91	8	的	3.2032668590545654
91	9	诗歌	11.31708812713623
91	10	。	7.129785060882568
92	1	他	4.5236897468566895
92	2	在	5.075404167175293
92	3	读	11.832734107971191
92	4	一	6.198445796966553
92	5	条	10.385197639465332
92	6	很	9.289507865905762
92	7	长	2.261948347091675
92	8	的	2.156031608581543
92	9	诗歌	11.80760669708252
92	10	。	6.446559906005859
93	1	她	7.657495975494385
93	2	从来	14.237547874450684
93	3	没	3.807706594467163
93	4	见	7.184576511383057
93	5	过	0.006941006053239107
93	6	一	7.256847858428955
93	7	头	9.428363800048828
93	8	黄色	13.648240089416504
93	9	的	0.9404924511909485
93	10	老虎	14.970973014831543
93	11	。	1.2967026233673096
94	1	她	7.657495975494385
94	2	从来	14.237547874450684
94	3	没	3.807706594467163
94	4	见	7.184576511383057
94	5	过	0.006941006053239107
94	6	一	7.256847858428955
94	7	双	8.556777000427246
94	8	黄色	11.538193702697754
94	9	的	1.0112700462341309
94	10	老虎	14.799906730651855
94	11	。	1.1850758790969849
95	1	她	7.657495975494385
95	2	从来	14.237547874450684
95	3	没	3.807706594467163
95	4	见	7.184576511383057
95	5	过	0.006941006053239107
95	6	一	7.256847858428955
95	7	双	8.556777000427246
95	8	黄色	11.538193702697754
95	9	的	1.0112700462341309
95	10	眼睛	6.374888896942139
95	11	。	1.769771933555603
96	1	她	7.657495975494385
96	2	从来	14.237547874450684
96	3	没	3.807706594467163
96	4	见	7.184576511383057
96	5	过	0.006941006053239107
96	6	一	7.256847858428955
96	7	头	9.428363800048828
96	8	黄色	13.648240089416504
96	9	的	0.9404924511909485
96	10	眼睛	6.456483840942383
96	11	。	1.6936922073364258
97	1	我	7.963864326477051
97	2	还	7.046286106109619
97	3	没有	2.7263591289520264
97	4	检查	15.252592086791992
97	5	一	6.683578014373779
97	6	份	9.947376251220703
97	7	很	8.838566780090332
97	8	难	4.956239223480225
97	9	的	4.5357985496521
97	10	作业	12.407983779907227
97	11	。	4.181543350219727
98	1	我	7.963864326477051
98	2	还	7.046286106109619
98	3	没有	2.7263591289520264
98	4	检查	15.252592086791992
98	5	一	6.683578014373779
98	6	行	14.088476181030273
98	7	很	12.490131378173828
98	8	难	2.8653616905212402
98	9	的	1.7045542001724243
98	10	作业	11.274825096130371
98	11	。	2.362180233001709
99	1	我	7.963864326477051
99	2	还	7.046286106109619
99	3	没有	2.7263591289520264
99	4	检查	15.252592086791992
99	5	一	6.683578014373779
99	6	行	14.088476181030273
99	7	很	12.490131378173828
99	8	难	2.8653616905212402
99	9	的	1.7045542001724243
99	10	公式	17.01701545715332
99	11	。	1.367860198020935
100	1	我	7.963864326477051
100	2	还	7.046286106109619
100	3	没有	2.7263591289520264
100	4	检查	15.252592086791992
100	5	一	6.683578014373779
100	6	份	9.947376251220703
100	7	很	8.838566780090332
100	8	难	4.956239223480225
100	9	的	4.5357985496521
100	10	公式	17.057735443115234
100	11	。	1.8084728717803955
101	1	孩子	14.846302032470703
101	2	听到	12.989904403686523
101	3	了	3.6590206623077393
101	4	一	6.043489456176758
101	5	首	5.947320938110352
101	6	熟悉	16.840431213378906
101	7	的	1.6425312757492065
101	8	歌曲	9.51955509185791
101	9	。	4.819147109985352
102	1	孩子	14.846302032470703
102	2	听到	12.989904403686523
102	3	了	3.6590206623077393
102	4	一	6.043489456176758
102	5	张	7.543137073516846
102	6	熟悉	14.878771781921387
102	7	的	0.995729386806488
102	8	歌曲	9.675390243530273
102	9	。	4.423365592956543
103	1	孩子	14.846302032470703
103	2	听到	12.989904403686523
103	3	了	3.6590206623077393
103	4	一	6.043489456176758
103	5	张	7.543137073516846
103	6	熟悉	14.878771781921387
103	7	的	0.995729386806488
103	8	专辑	10.47200870513916
103	9	。	4.616844177246094
104	1	孩子	14.846302032470703
104	2	听到	12.989904403686523
104	3	了	3.6590206623077393
104	4	一	6.043489456176758
104	5	首	5.947320938110352
104	6	熟悉	16.840431213378906
104	7	的	1.6425312757492065
104	8	专辑	14.39844799041748
104	9	。	4.843648910522461
105	1	护士	18.3081111907959
105	2	做	14.288098335266113
105	3	了	1.1970263719558716
105	4	一	5.772289276123047
105	5	次	3.4642014503479004
105	6	必需	16.36198616027832
105	7	的	0.5846803188323975
105	8	检查	7.577358722686768
105	9	。	5.344326019287109
106	1	护士	18.3081111907959
106	2	做	14.288098335266113
106	3	了	1.1970263719558716
106	4	一	5.772289276123047
106	5	篇	6.895659446716309
106	6	必需	18.531278610229492
106	7	的	1.60491943359375
106	8	检查	12.091338157653809
106	9	。	5.907682418823242
107	1	护士	18.3081111907959
107	2	做	14.288098335266113
107	3	了	1.1970263719558716
107	4	一	5.772289276123047
107	5	篇	6.895659446716309
107	6	必需	18.531278610229492
107	7	的	1.60491943359375
107	8	报告	6.9460835456848145
107	9	。	4.03727388381958
108	1	护士	18.3081111907959
108	2	做	14.288098335266113
108	3	了	1.1970263719558716
108	4	一	5.772289276123047
108	5	次	3.4642014503479004
108	6	必需	16.36198616027832
108	7	的	0.5846803188323975
108	8	报告	12.121625900268555
108	9	。	4.976964473724365
109	1	这里	9.795076370239258
109	2	是	3.4357447624206543
109	3	两	9.490893363952637
109	4	台	10.693504333496094
109	5	最新	14.427375793457031
109	6	的	2.0261051654815674
109	7	电视	7.0975799560546875
109	8	。	5.317351341247559
110	1	这里	9.795076370239258
110	2	是	3.4357447624206543
110	3	两	9.490893363952637
110	4	份	13.232467651367188
110	5	最新	9.313713073730469
110	6	的	4.057784557342529
110	7	电视	10.15479850769043
110	8	。	4.989234924316406
111	1	这里	9.795076370239258
111	2	是	3.4357447624206543
111	3	两	9.490893363952637
111	4	份	13.232467651367188
111	5	最新	9.313713073730469
111	6	的	4.057784557342529
111	7	订单	17.616044998168945
111	8	。	1.0732370615005493
112	1	这里	9.795076370239258
112	2	是	3.4357447624206543
112	3	两	9.490893363952637
112	4	台	10.693504333496094
112	5	最新	14.427375793457031
112	6	的	2.0261051654815674
112	7	订单	17.524259567260742
112	8	。	1.5836237668991089
113	1	他	4.5236897468566895
113	2	很	11.189192771911621
113	3	欣赏	8.833259582519531
113	4	一	7.201558589935303
113	5	处	9.355653762817383
113	6	环保	18.067981719970703
113	7	的	1.6988117694854736
113	8	景点	7.8968825340271
113	9	。	1.9371678829193115
114	1	他	4.5236897468566895
114	2	很	11.189192771911621
114	3	欣赏	8.833259582519531
114	4	一	7.201558589935303
114	5	位	2.1926772594451904
114	6	环保	18.511159896850586
114	7	的	6.644207000732422
114	8	景点	16.49909019470215
114	9	。	3.676633596420288
115	1	他	4.5236897468566895
115	2	很	11.189192771911621
115	3	欣赏	8.833259582519531
115	4	一	7.201558589935303
115	5	位	2.1926772594451904
115	6	环保	18.511159896850586
115	7	的	6.644207000732422
115	8	领导	14.085844993591309
115	9	。	2.2400898933410645
116	1	他	4.5236897468566895
116	2	很	11.189192771911621
116	3	欣赏	8.833259582519531
116	4	一	7.201558589935303
116	5	处	9.355653762817383
116	6	环保	18.067981719970703
116	7	的	1.6988117694854736
116	8	领导	19.98371696472168
116	9	。	3.410006523132324
117	1	那里	14.439395904541016
117	2	有	2.908017158508301
117	3	一	3.666991949081421
117	4	支	5.666609287261963
117	5	海上	15.030144691467285
117	6	的	8.66446590423584
117	7	舰队	11.015257835388184
117	8	。	3.7889814376831055
118	1	那里	14.439395904541016
118	2	有	2.908017158508301
118	3	一	3.666991949081421
118	4	艘	8.511731147766113
118	5	海上	11.18944263458252
118	6	的	5.832508087158203
118	7	舰队	11.344744682312012
118	8	。	3.942852258682251
119	1	那里	14.439395904541016
119	2	有	2.908017158508301
119	3	一	3.666991949081421
119	4	艘	8.511731147766113
119	5	海上	11.18944263458252
119	6	的	5.832508087158203
119	7	渔船	4.748286724090576
119	8	。	4.733742713928223
120	1	那里	14.439395904541016
120	2	有	2.908017158508301
120	3	一	3.666991949081421
120	4	支	5.666609287261963
120	5	海上	15.030144691467285
120	6	的	8.66446590423584
120	7	渔船	8.426156044006348
120	8	。	4.590970993041992
