sentence_id	token_id	token	surprisal
1	1	那	9.873441696166992
1	2	家	10.986274719238281
1	3	老板	9.023650169372559
1	4	投资	15.005326271057129
1	5	的	1.8297632932662964
1	6	饭店	8.03751277923584
1	7	很	8.12177848815918
1	8	受	6.069987773895264
1	9	欢迎	1.916229248046875
1	10	。	3.1734538078308105
2	1	那	9.873441696166992
2	2	个	8.37681770324707
2	3	老板	14.355661392211914
2	4	投资	14.954392433166504
2	5	的	1.2990301847457886
2	6	饭店	10.868974685668945
2	7	很	6.984151840209961
2	8	受	7.233964920043945
2	9	欢迎	2.227431058883667
2	10	。	3.3108279705047607
3	1	那	9.873441696166992
3	2	幅	12.366439819335938
3	3	朋友	19.583024978637695
3	4	喜欢	13.51603889465332
3	5	的	2.8346309661865234
3	6	画	9.367867469787598
3	7	吸引	11.873690605163574
3	8	了	1.6221692562103271
3	9	我	5.068103790283203
3	10	。	1.542808175086975
4	1	那	9.873441696166992
4	2	个	8.37681770324707
4	3	朋友	10.48313045501709
4	4	喜欢	12.353861808776855
4	5	的	3.789170265197754
4	6	画	16.251811981201172
4	7	吸引	12.40972900390625
4	8	了	3.84451961517334
4	9	我	2.822615146636963
4	10	。	2.580193519592285
5	1	那	9.873441696166992
5	2	件	8.119921684265137
5	3	老师	16.272550582885742
5	4	收藏	14.889451026916504
5	5	的	0.6635605692863464
5	6	艺术品	10.063989639282227
5	7	获	17.036170959472656
5	8	了	4.18466329574585
5	9	奖	9.59447956085205
5	10	。	1.3748911619186401
6	1	那	9.873441696166992
6	2	个	8.37681770324707
6	3	老师	11.500036239624023
6	4	收藏	16.801450729370117
6	5	的	1.611544132232666
6	6	艺术品	12.133872985839844
6	7	获	17.795120239257812
6	8	了	3.836925983428955
6	9	奖	8.869068145751953
6	10	。	1.995314121246338
7	1	那	9.873441696166992
7	2	只	7.429704666137695
7	3	店长	23.748655319213867
7	4	喜欢	12.793632507324219
7	5	的	6.067566871643066
7	6	宠物	16.452545166015625
7	7	生病	17.591655731201172
7	8	了	5.072503566741943
7	9	。	3.388270378112793
8	1	那	9.873441696166992
8	2	个	8.37681770324707
8	3	店长	22.843324661254883
8	4	喜欢	13.380105972290039
8	5	的	3.678331136703491
8	6	宠物	17.60910987854004
8	7	生病	17.404218673706055
8	8	了	6.426302433013916
8	9	。	3.765082597732544
9	1	那	9.873441696166992
9	2	首	12.095913887023926
9	3	明星	17.94369125366211
9	4	唱	11.208039283752441
9	5	的	1.2305017709732056
9	6	歌	1.325621485710144
9	7	很	9.711793899536133
9	8	好听	17.06104278564453
9	9	。	2.7978615760803223
10	1	那	9.873441696166992
10	2	个	8.37681770324707
10	3	明星	17.685649871826172
10	4	唱	13.21212387084961
10	5	的	0.5945419669151306
10	6	歌	2.180777072906494
10	7	很	8.025874137878418
10	8	好听	16.103897094726562
10	9	。	3.1797149181365967
11	1	那	9.873441696166992
11	2	所	10.348880767822266
11	3	老人	16.48387336730957
11	4	去	12.692230224609375
11	5	的	1.5985157489776611
11	6	学校	7.509439468383789
11	7	关闭	17.66537857055664
11	8	了	1.7700613737106323
11	9	。	6.142874717712402
12	1	那	9.873441696166992
12	2	个	8.37681770324707
12	3	老人	15.452349662780762
12	4	去	11.023270606994629
12	5	的	5.94867467880249
12	6	学校	11.4451265335083
12	7	关闭	16.51384735107422
12	8	了	2.9945929050445557
12	9	。	5.006771087646484
13	1	那	9.873441696166992
13	2	件	8.119921684265137
13	3	司机	19.901330947875977
13	4	带	9.043895721435547
13	5	的	2.422839403152466
13	6	行李	9.547487258911133
13	7	丢	13.176478385925293
13	8	了	0.23964864015579224
13	9	。	7.325016021728516
14	1	那	9.873441696166992
14	2	个	8.37681770324707
14	3	司机	15.619827270507812
14	4	带	8.5137357711792
14	5	的	3.2892086505889893
14	6	行李	9.594865798950195
14	7	丢	13.444494247436523
14	8	了	0.34478244185447693
14	9	。	6.863253593444824
15	1	那	9.873441696166992
15	2	本	8.404876708984375
15	3	作家	12.723307609558105
15	4	写	9.341015815734863
15	5	的	0.6639568209648132
15	6	书	6.083582878112793
15	7	很	7.6870951652526855
15	8	受	3.070497751235962
15	9	欢迎	1.2609877586364746
15	10	。	1.951483130455017
16	1	那	9.873441696166992
16	2	个	8.37681770324707
16	3	作家	15.907453536987305
16	4	写	10.048715591430664
16	5	的	1.0368497371673584
16	6	书	6.4228596687316895
16	7	很	7.240771293640137
16	8	受	4.275123119354248
16	9	欢迎	1.3640738725662231
16	10	。	2.6290364265441895
17	1	那	9.873441696166992
17	2	辆	10.065744400024414
17	3	朋友	14.178290367126465
17	4	开	9.615224838256836
17	5	的	4.982638835906982
17	6	车	3.1281869411468506
17	7	坏	13.611572265625
17	8	了	0.16009975969791412
17	9	。	4.918561935424805
18	1	那	9.873441696166992
18	2	个	8.37681770324707
18	3	朋友	10.48313045501709
18	4	开	10.748438835144043
18	5	的	3.8847923278808594
18	6	车	6.317724704742432
18	7	坏	13.292740821838379
18	8	了	0.18977102637290955
18	9	。	4.795602798461914
19	1	那	9.873441696166992
19	2	份	9.150440216064453
19	3	孩子	17.31945037841797
19	4	做	10.670157432556152
19	5	的	1.4495646953582764
19	6	作业	10.345331192016602
19	7	获	16.715726852416992
19	8	了	3.4685308933258057
19	9	奖	13.799392700195312
19	10	。	2.3580496311187744
20	1	那	9.873441696166992
20	2	个	8.37681770324707
20	3	孩子	7.459110260009766
20	4	做	9.256368637084961
20	5	的	1.7407994270324707
20	6	作业	12.232572555541992
20	7	获	18.536455154418945
20	8	了	3.705875873565674
20	9	奖	13.311269760131836
20	10	。	2.6738195419311523
21	1	那	9.873441696166992
21	2	份	9.150440216064453
21	3	老板	18.927268981933594
21	4	制定	17.641437530517578
21	5	的	0.167577862739563
21	6	合同	9.82875919342041
21	7	到期	9.847086906433105
21	8	了	3.299834966659546
21	9	。	3.942375421524048
22	1	那	9.873441696166992
22	2	个	8.37681770324707
22	3	老板	14.355661392211914
22	4	制定	18.279773712158203
22	5	的	0.9515870213508606
22	6	合同	10.775613784790039
22	7	到期	11.653153419494629
22	8	了	2.991816759109497
22	9	。	3.8123440742492676
23	1	那	9.873441696166992
23	2	间	14.099711418151855
23	3	朋友	11.425243377685547
23	4	开	10.058996200561523
23	5	的	3.5733790397644043
23	6	工厂	13.053107261657715
23	7	倒闭	14.451022148132324
23	8	了	2.168128490447998
23	9	。	4.311676025390625
24	1	那	9.873441696166992
24	2	个	8.37681770324707
24	3	朋友	10.48313045501709
24	4	开	10.748438835144043
24	5	的	3.8847923278808594
24	6	工厂	12.81567668914795
24	7	倒闭	14.141204833984375
24	8	了	1.7194044589996338
24	9	。	4.621135711669922
25	1	那	9.873441696166992
25	2	张	8.471110343933105
25	3	孩子	14.20346450805664
25	4	照	13.766616821289062
25	5	的	5.439581394195557
25	6	照片	5.091529846191406
25	7	丢	17.392383575439453
25	8	了	0.9046229124069214
25	9	。	6.465301036834717
26	1	那	9.873441696166992
26	2	个	8.37681770324707
26	3	孩子	7.459110260009766
26	4	照	13.423086166381836
26	5	的	5.496531963348389
26	6	照片	10.150586128234863
26	7	丢	16.747575759887695
26	8	了	0.9331150650978088
26	9	。	5.553966522216797
27	1	那	9.873441696166992
27	2	台	10.822955131530762
27	3	老师	12.799751281738281
27	4	用	8.108133316040039
27	5	的	3.2222049236297607
27	6	手机	9.887170791625977
27	7	很	5.816641807556152
27	8	好用	17.19784164428711
27	9	。	3.859142780303955
28	1	那	9.873441696166992
28	2	个	8.37681770324707
28	3	老师	11.500036239624023
28	4	用	8.69839096069336
28	5	的	3.667022705078125
28	6	手机	10.4826021194458
28	7	很	5.648435592651367
28	8	好用	17.40511703491211
28	9	。	3.907318592071533
29	1	那	9.873441696166992
29	2	朵	17.488571166992188
29	3	邻居	15.053940773010254
29	4	种	17.297225952148438
29	5	的	5.656411647796631
29	6	花	8.878201484680176
29	7	很	6.057995319366455
29	8	好看	9.719189643859863
29	9	。	2.966829299926758
30	1	那	9.873441696166992
30	2	个	8.37681770324707
30	3	邻居	14.140256881713867
30	4	种	16.2720947265625
30	5	的	6.192401885986328
30	6	花	14.370619773864746
30	7	很	3.4560422897338867
30	8	好看	10.588685035705566
30	9	。	4.076225280761719
31	1	那	9.873441696166992
31	2	台	10.822955131530762
31	3	科学家	17.650482177734375
31	4	做	8.880338668823242
31	5	的	1.6263571977615356
31	6	电视	14.178659439086914
31	7	坏	15.776074409484863
31	8	了	3.99228835105896
31	9	。	4.568380832672119
32	1	那	9.873441696166992
32	2	个	8.37681770324707
32	3	科学家	14.07088851928711
32	4	做	9.024039268493652
32	5	的	2.625727653503418
32	6	电视	16.813697814941406
32	7	坏	14.43514347076416
32	8	了	3.4401111602783203
32	9	。	5.584717750549316
33	1	那	9.873441696166992
33	2	栋	11.273459434509277
33	3	男人	14.149788856506348
33	4	买	13.113633155822754
33	5	的	2.9259769916534424
33	6	房子	3.2482516765594482
33	7	起火	13.3278169631958
33	8	了	4.5059990882873535
33	9	。	3.9940056800842285
34	1	那	9.873441696166992
34	2	个	8.37681770324707
34	3	男人	7.447192192077637
34	4	买	11.60815143585205
34	5	的	2.767397880554199
34	6	房子	5.440774917602539
34	7	起火	15.652217864990234
34	8	了	3.821742057800293
34	9	。	3.919936418533325
35	1	那	9.873441696166992
35	2	条	9.050040245056152
35	3	朋友	16.279170989990234
35	4	给	5.534197807312012
35	5	的	8.163406372070312
35	6	建议	11.963531494140625
35	7	很	3.7768352031707764
35	8	真诚	11.675958633422852
35	9	。	1.8018367290496826
36	1	那	9.873441696166992
36	2	个	8.37681770324707
36	3	朋友	10.48313045501709
36	4	给	5.841370105743408
36	5	的	7.400429725646973
36	6	建议	11.032307624816895
36	7	很	4.257796764373779
36	8	真诚	12.022229194641113
36	9	。	2.370070695877075
37	1	那	9.873441696166992
37	2	支	12.677266120910645
37	3	老师	12.82041072845459
37	4	用	8.93500804901123
37	5	的	5.615253925323486
37	6	笔	11.918763160705566
37	7	坏	14.029136657714844
37	8	了	7.103980541229248
37	9	。	6.19441032409668
38	1	那	9.873441696166992
38	2	个	8.37681770324707
38	3	老师	11.500036239624023
38	4	用	8.69839096069336
38	5	的	3.667022705078125
38	6	笔	12.298493385314941
38	7	坏	13.964533805847168
38	8	了	4.7966461181640625
38	9	。	5.026258945465088
39	1	那	9.873441696166992
39	2	只	7.429704666137695
39	3	女人	18.174365997314453
39	4	丢	14.789434432983398
39	5	的	8.233325958251953
39	6	鞋子	14.744189262390137
39	7	被	5.888304233551025
39	8	找到	10.776845932006836
39	9	了	0.7489907741546631
39	10	。	2.189765214920044
40	1	那	9.873441696166992
40	2	个	8.37681770324707
40	3	女人	7.771139144897461
40	4	丢	15.883646011352539
40	5	的	5.403402328491211
40	6	鞋子	15.54941177368164
40	7	被	6.208514213562012
40	8	找到	10.059039115905762
40	9	了	0.8777466416358948
40	10	。	1.9049054384231567
41	1	那	9.873441696166992
41	2	条	9.050040245056152
41	3	邻居	14.310497283935547
41	4	养	14.152178764343262
41	5	的	2.5511815547943115
41	6	狗	9.179898262023926
41	7	生病	14.174352645874023
41	8	了	1.8289443254470825
41	9	。	5.756611347198486
42	1	那	9.873441696166992
42	2	个	8.37681770324707
42	3	邻居	14.140256881713867
42	4	养	15.372322082519531
42	5	的	2.065584897994995
42	6	狗	10.513018608093262
42	7	生病	14.98633098602295
42	8	了	1.8762835264205933
42	9	。	6.247232437133789
43	1	那	9.873441696166992
43	2	座	9.699867248535156
43	3	老人	12.808907508850098
43	4	修	14.969121932983398
43	5	的	3.162630796432495
43	6	桥	7.403151512145996
43	7	帮助	18.22218894958496
43	8	了	1.9648194313049316
43	9	我	4.768799304962158
43	10	。	3.1045756340026855
44	1	那	9.873441696166992
44	2	个	8.37681770324707
44	3	老人	15.452349662780762
44	4	修	14.711363792419434
44	5	的	3.0254464149475098
44	6	桥	11.572148323059082
44	7	帮助	17.520166397094727
44	8	了	4.060749530792236
44	9	我	3.1053175926208496
44	10	。	2.5013062953948975
45	1	那	9.873441696166992
45	2	篇	9.985918998718262
45	3	学生	14.820606231689453
45	4	准备	16.31036949157715
45	5	的	3.4662253856658936
45	6	报告	8.446791648864746
45	7	感动	17.583385467529297
45	8	了	0.6867977976799011
45	9	我	6.831516742706299
45	10	。	1.8661396503448486
46	1	那	9.873441696166992
46	2	个	8.37681770324707
46	3	学生	8.622822761535645
46	4	准备	12.033953666687012
46	5	的	3.1260838508605957
46	6	报告	13.368796348571777
46	7	感动	19.860076904296875
46	8	了	1.037792444229126
46	9	我	5.114473819732666
46	10	。	2.2021291255950928
47	1	那	9.873441696166992
47	2	封	10.932464599609375
47	3	朋友	18.074094772338867
47	4	写	5.824346542358398
47	5	的	1.2085283994674683
47	6	信	2.7361466884613037
47	7	很	8.451115608215332
47	8	真诚	10.497490882873535
47	9	。	2.340182065963745
48	1	那	9.873441696166992
48	2	个	8.37681770324707
48	3	朋友	10.48313045501709
48	4	写	9.772188186645508
48	5	的	1.4345518350601196
48	6	信	5.937450408935547
48	7	很	7.2461323738098145
48	8	真诚	11.056571960449219
48	9	。	3.0462162494659424
49	1	那	9.873441696166992
49	2	堂	17.18147850036621
49	3	老师	8.696678161621094
49	4	教	11.790236473083496
49	5	的	6.345207691192627
49	6	课	7.797913551330566
49	7	获	15.57361125946045
49	8	了	2.909844160079956
49	9	奖	10.025753021240234
49	10	。	1.9000838994979858
50	1	那	9.873441696166992
50	2	个	8.37681770324707
50	3	老师	11.500036239624023
50	4	教	10.685455322265625
50	5	的	4.930349826812744
50	6	课	8.316910743713379
50	7	获	17.351009368896484
50	8	了	2.915144681930542
50	9	奖	9.755062103271484
50	10	。	2.8251442909240723
51	1	那	9.873441696166992
51	2	块	12.401900291442871
51	3	医生	17.35188865661621
51	4	喜欢	12.995248794555664
51	5	的	3.6084892749786377
51	6	手表	14.846612930297852
51	7	丢	17.556251525878906
51	8	了	0.9959197640419006
51	9	。	5.574498653411865
52	1	那	9.873441696166992
52	2	个	8.37681770324707
52	3	医生	13.863811492919922
52	4	喜欢	14.677262306213379
52	5	的	3.5624706745147705
52	6	手表	16.168153762817383
52	7	丢	18.07114601135254
52	8	了	1.1222724914550781
52	9	。	5.350707054138184
53	1	那	9.873441696166992
53	2	篇	9.985918998718262
53	3	学生	14.820606231689453
53	4	写	6.892933368682861
53	5	的	0.48564237356185913
53	6	论文	8.2781982421875
53	7	感动	17.522964477539062
53	8	了	1.342440128326416
53	9	我	7.019712448120117
53	10	。	1.9054418802261353
54	1	那	9.873441696166992
54	2	个	8.37681770324707
54	3	学生	8.622822761535645
54	4	写	9.70537281036377
54	5	的	0.7891290783882141
54	6	论文	9.072757720947266
54	7	感动	19.75115394592285
54	8	了	1.958654522895813
54	9	我	5.285731792449951
54	10	。	2.2550222873687744
55	1	那	9.873441696166992
55	2	场	9.39399242401123
55	3	演员	20.11564064025879
55	4	准备	12.137447357177734
55	5	的	3.263258934020996
55	6	表演	5.291955471038818
55	7	很	6.0120744705200195
55	8	受	5.736608982086182
55	9	欢迎	0.31130290031433105
55	10	。	1.2826861143112183
56	1	那	9.873441696166992
56	2	个	8.37681770324707
56	3	演员	15.922992706298828
56	4	准备	13.354615211486816
56	5	的	3.419438123703003
56	6	表演	8.997198104858398
56	7	很	7.2169270515441895
56	8	受	6.6162590980529785
56	9	欢迎	0.3315329849720001
56	10	。	1.7529821395874023
57	1	那	9.873441696166992
57	2	间	14.099711418151855
57	3	警察	14.448871612548828
57	4	工作	12.606667518615723
57	5	的	2.5432753562927246
57	6	办公室	8.854637145996094
57	7	起火	13.22974967956543
57	8	了	3.955005168914795
57	9	。	3.8677852153778076
58	1	那	9.873441696166992
58	2	个	8.37681770324707
58	3	警察	14.448491096496582
58	4	工作	11.230997085571289
58	5	的	4.467947483062744
58	6	办公室	8.877005577087402
58	7	起火	14.30443286895752
58	8	了	3.107283353805542
58	9	。	4.171456336975098
59	1	那	9.873441696166992
59	2	首	12.095913887023926
59	3	孩子	10.247434616088867
59	4	写	9.51379680633545
59	5	的	0.9345320463180542
59	6	诗	11.21973705291748
59	7	很	9.11638355255127
59	8	有趣	7.256283760070801
59	9	。	2.908797264099121
60	1	那	9.873441696166992
60	2	个	8.37681770324707
60	3	孩子	7.459110260009766
60	4	写	10.2293701171875
60	5	的	0.7609016299247742
60	6	诗	12.915650367736816
60	7	很	7.74043083190918
60	8	有趣	6.740878582000732
60	9	。	2.873436450958252
61	1	那	9.873441696166992
61	2	家	10.986274719238281
61	3	朋友	8.28609561920166
61	4	去	7.7897868156433105
61	5	的	5.314157009124756
61	6	银行	9.845714569091797
61	7	帮助	11.881763458251953
61	8	了	4.7987380027771
61	9	我	2.3942079544067383
61	10	。	4.016315460205078
62	1	那	9.873441696166992
62	2	个	8.37681770324707
62	3	朋友	10.48313045501709
62	4	去	8.813331604003906
62	5	的	5.061882972717285
62	6	银行	11.067646980285645
62	7	帮助	11.938434600830078
62	8	了	5.775698184967041
62	9	我	2.2849740982055664
62	10	。	3.4432990550994873
