sentence_id	token_id	token	surprisal
1	1	那	9.873441696166992
1	2	位	7.394625663757324
1	3	教授	7.22083044052124
1	4	写	8.660384178161621
1	5	了	2.185664653778076
1	6	令	11.772095680236816
1	7	人	0.2778642773628235
1	8	感动	5.911127090454102
1	9	的	0.33808088302612305
1	10	书	6.829527854919434
1	11	的	8.775636672973633
1	12	内容	8.746715545654297
1	13	。	1.5354478359222412
2	1	那	9.873441696166992
2	2	位	7.394625663757324
2	3	教授	7.22083044052124
2	4	打	12.502747535705566
2	5	了	1.865405797958374
2	6	令	14.526991844177246
2	7	人	0.2025393694639206
2	8	感动	6.1737961769104
2	9	的	0.36858516931533813
2	10	书	9.829453468322754
2	11	的	8.535174369812012
2	12	内容	11.028108596801758
2	13	。	2.8064560890197754
3	1	弟弟	18.16460418701172
3	2	启动	19.930524826049805
3	3	了	3.9339187145233154
3	4	配备	16.952974319458008
3	5	音响	11.003056526184082
3	6	的	6.416313648223877
3	7	车	11.007301330566406
3	8	。	3.670830726623535
4	1	弟弟	18.16460418701172
4	2	认识	18.62335777282715
4	3	了	5.053559303283691
4	4	配备	20.5692081451416
4	5	音响	11.504525184631348
4	6	的	2.832096815109253
4	7	车	13.037813186645508
4	8	。	5.88891077041626
5	1	他	4.5236897468566895
5	2	拿	16.562776565551758
5	3	了	2.060283660888672
5	4	桌子	13.940611839294434
5	5	上	6.094686508178711
5	6	的	4.207286357879639
5	7	吸引	19.065277099609375
5	8	他	3.8140687942504883
5	9	目光	15.839096069335938
5	10	的	5.259558200836182
5	11	筷子	15.107150077819824
5	12	。	7.036167144775391
6	1	他	4.5236897468566895
6	2	听	13.045592308044434
6	3	了	0.762306809425354
6	4	桌子	14.940438270568848
6	5	上	4.985798358917236
6	6	的	2.0316450595855713
6	7	吸引	21.914508819580078
6	8	他	4.07941198348999
6	9	目光	16.7343692779541
6	10	的	3.0750977993011475
6	11	筷子	15.030924797058105
6	12	。	4.975323677062988
7	1	她	7.657495975494385
7	2	终于	11.520100593566895
7	3	实现	4.787520408630371
7	4	了	0.03623315319418907
7	5	激励	19.073400497436523
7	6	她	2.462923765182495
7	7	学习	14.111872673034668
7	8	的	1.05148446559906
7	9	理想	3.107663869857788
7	10	。	1.0095363855361938
8	1	她	7.657495975494385
8	2	终于	11.520100593566895
8	3	购买	15.255125045776367
8	4	了	0.07322206348180771
8	5	激励	21.346481323242188
8	6	她	2.334355592727661
8	7	学习	13.941717147827148
8	8	的	0.577082633972168
8	9	理想	12.949161529541016
8	10	。	5.667424201965332
9	1	我	7.963864326477051
9	2	修理	17.504358291625977
9	3	了	1.0377238988876343
9	4	这个	5.036847114562988
9	5	计算	16.820993423461914
9	6	公式	13.712373733520508
9	7	的	3.363528251647949
9	8	电脑	11.28503131866455
9	9	。	1.4008475542068481
10	1	我	7.963864326477051
10	2	阅读	15.424093246459961
10	3	了	1.5741477012634277
10	4	这个	6.994363784790039
10	5	计算	13.759167671203613
10	6	公式	13.654322624206543
10	7	的	2.571099281311035
10	8	电脑	14.689371109008789
10	9	。	1.7642475366592407
11	1	我	7.963864326477051
11	2	邀请	16.025419235229492
11	3	过	9.386975288391113
11	4	我	6.0172271728515625
11	5	的	3.268223524093628
11	6	认识	17.284278869628906
11	7	明星	16.875221252441406
11	8	的	4.6420392990112305
11	9	朋友	5.48757266998291
11	10	。	3.4269583225250244
12	1	我	7.963864326477051
12	2	打开	16.839454650878906
12	3	过	10.225327491760254
12	4	我	7.23313045501709
12	5	的	1.414829134941101
12	6	认识	11.577835083007812
12	7	明星	17.85435676574707
12	8	的	2.5692942142486572
12	9	朋友	10.64248275756836
12	10	。	1.797298789024353
13	1	记者	8.239975929260254
13	2	采访	7.785833835601807
13	3	了	1.3304519653320312
13	4	获得	13.024460792541504
13	5	大奖	9.757926940917969
13	6	的	0.04029574245214462
13	7	艺术家	9.490435600280762
13	8	。	3.2966761589050293
14	1	记者	8.239975929260254
14	2	制作	19.581735610961914
14	3	了	2.817413330078125
14	4	获得	17.346817016601562
14	5	大奖	10.56942367553711
14	6	的	0.052687108516693115
14	7	艺术家	13.07259750366211
14	8	。	8.977518081665039
15	1	他	4.5236897468566895
15	2	参与	16.197093963623047
15	3	了	1.3427644968032837
15	4	伤害	17.386388778686523
15	5	了	5.176173686981201
15	6	很多	6.448214054107666
15	7	家庭	6.945437908172607
15	8	的	2.001014232635498
15	9	战争	13.026727676391602
15	10	。	1.8491383790969849
16	1	他	4.5236897468566895
16	2	建造	18.77409553527832
16	3	了	5.0102128982543945
16	4	伤害	19.59644889831543
16	5	了	8.367823600769043
16	6	很多	6.417309761047363
16	7	家庭	7.878960609436035
16	8	的	2.274294853210449
16	9	战争	13.009977340698242
16	10	。	2.6019821166992188
17	1	她	7.657495975494385
17	2	批评	12.006824493408203
17	3	了	3.9045162200927734
17	4	打	15.750980377197266
17	5	游戏	9.745882987976074
17	6	的	2.0988101959228516
17	7	儿子	15.292015075683594
17	8	。	5.051784038543701
18	1	她	7.657495975494385
18	2	改正	22.389467239379883
18	3	了	4.308439254760742
18	4	打	14.044711112976074
18	5	游戏	10.21589183807373
18	6	的	4.670423984527588
18	7	儿子	14.357012748718262
18	8	。	2.3287394046783447
19	1	我	7.963864326477051
19	2	结束	16.2003116607666
19	3	了	0.440458744764328
19	4	令	16.03439712524414
19	5	人	1.1065342426300049
19	6	开心	12.364212036132812
19	7	的	0.05485185980796814
19	8	谈话	5.806262016296387
19	9	。	0.6190606355667114
20	1	我	7.963864326477051
20	2	表扬	18.440244674682617
20	3	了	0.11974839121103287
20	4	令	12.811761856079102
20	5	人	0.4699212312698364
20	6	开心	12.177957534790039
20	7	的	0.05998207628726959
20	8	谈话	10.048321723937988
20	9	。	0.8827031850814819
21	1	他	4.5236897468566895
21	2	买	14.936917304992676
21	3	了	1.0456767082214355
21	4	这些	10.75070858001709
21	5	可以	13.702855110168457
21	6	带来	8.196990013122559
21	7	好运	11.492268562316895
21	8	的	0.18756744265556335
21	9	笔	14.13643741607666
21	10	。	1.1289018392562866
22	1	他	4.5236897468566895
22	2	种	18.157672882080078
22	3	了	6.740401268005371
22	4	这些	9.179436683654785
22	5	可以	11.538228988647461
22	6	带来	8.104635238647461
22	7	好运	10.848943710327148
22	8	的	0.13725337386131287
22	9	笔	15.774383544921875
22	10	。	1.7586661577224731
23	1	他	4.5236897468566895
23	2	提出	9.41593074798584
23	3	了	4.467824935913086
23	4	很多	11.675230979919434
23	5	引	15.396340370178223
23	6	人	0.6692649722099304
23	7	思考	12.568737030029297
23	8	的	0.034403711557388306
23	9	问题	1.7943791151046753
23	10	。	1.5830016136169434
24	1	他	4.5236897468566895
24	2	申请	18.455148696899414
24	3	了	5.038053035736084
24	4	很多	10.710928916931152
24	5	引	14.607571601867676
24	6	人	1.1430720090866089
24	7	思考	13.458786010742188
24	8	的	0.0749107152223587
24	9	问题	4.399580478668213
24	10	。	2.1919095516204834
25	1	这	6.30433988571167
25	2	款	14.767308235168457
25	3	药	14.511983871459961
25	4	治疗	10.599023818969727
25	5	了	7.390468120574951
25	6	困扰	16.390445709228516
25	7	了	6.486944198608398
25	8	他	9.435029029846191
25	9	的	0.5079219937324524
25	10	疾病	5.378116607666016
25	11	。	2.5742573738098145
26	1	这	6.30433988571167
26	2	款	14.767308235168457
26	3	药	14.511983871459961
26	4	缓解	18.929601669311523
26	5	了	0.016614655032753944
26	6	困扰	10.325383186340332
26	7	了	5.132505416870117
26	8	他	10.84627628326416
26	9	的	0.5641141533851624
26	10	疾病	6.203660488128662
26	11	。	2.910947322845459
27	1	我	7.963864326477051
27	2	看	7.318882465362549
27	3	着	7.241917133331299
27	4	奶奶	14.235623359680176
27	5	的	4.856302738189697
27	6	令	17.777231216430664
27	7	我	1.0908660888671875
27	8	熟悉	11.095998764038086
27	9	的	1.248807430267334
27	10	面容	14.830517768859863
27	11	。	2.014587163925171
28	1	我	7.963864326477051
28	2	听	9.085067749023438
28	3	着	8.748636245727539
28	4	奶奶	14.279607772827148
28	5	的	4.5375895500183105
28	6	令	16.696029663085938
28	7	我	1.4074116945266724
28	8	熟悉	10.920363426208496
28	9	的	0.8922820091247559
28	10	面容	15.477323532104492
28	11	。	2.2376863956451416
29	1	学者	15.483503341674805
29	2	发现	8.72098445892334
29	3	了	7.752119064331055
29	4	这个	9.14148235321045
29	5	解开	12.778847694396973
29	6	难题	14.14016056060791
29	7	的	1.7121343612670898
29	8	规律	9.231779098510742
29	9	。	1.7038111686706543
30	1	学者	15.483503341674805
30	2	发明	10.981107711791992
30	3	了	4.648950576782227
30	4	这个	9.186784744262695
30	5	解开	12.66199016571045
30	6	难题	12.917116165161133
30	7	的	1.9305042028427124
30	8	规律	9.975138664245605
30	9	。	1.945328712463379
31	1	母亲	15.321672439575195
31	2	准备	12.536964416503906
31	3	了	4.973629951477051
31	4	符合	18.47797203063965
31	5	孩子	5.449775695800781
31	6	胃口	17.938135147094727
31	7	的	0.13191063702106476
31	8	晚饭	14.312178611755371
31	9	。	2.7928366661071777
32	1	母亲	15.321672439575195
32	2	责备	17.650156021118164
32	3	了	4.357313632965088
32	4	符合	20.678607940673828
32	5	孩子	5.342931747436523
32	6	胃口	18.74921226501465
32	7	的	0.10334271937608719
32	8	晚饭	17.36335563659668
32	9	。	2.4705100059509277
33	1	孩子	14.846302032470703
33	2	培养	10.398948669433594
33	3	了	4.824440956115723
33	4	这个	11.712575912475586
33	5	可以	11.368964195251465
33	6	锻炼	9.92048168182373
33	7	身体	6.780195236206055
33	8	的	2.8695645332336426
33	9	特长	11.32456111907959
33	10	。	1.3069244623184204
34	1	孩子	14.846302032470703
34	2	改正	21.187450408935547
34	3	了	3.699312448501587
34	4	这个	8.662374496459961
34	5	可以	13.437623023986816
34	6	锻炼	13.129111289978027
34	7	身体	6.045858860015869
34	8	的	3.539263963699341
34	9	特长	11.454680442810059
34	10	。	1.0784010887145996
35	1	政府	10.883208274841309
35	2	设立	10.963275909423828
35	3	了	3.417344093322754
35	4	帮助	14.321008682250977
35	5	老人	10.209782600402832
35	6	的	7.352232933044434
35	7	项目	8.041155815124512
35	8	。	3.7375943660736084
36	1	政府	10.883208274841309
36	2	引发	20.462982177734375
36	3	了	1.8551981449127197
36	4	帮助	13.722064971923828
36	5	老人	8.718610763549805
36	6	的	4.447568893432617
36	7	项目	20.464548110961914
36	8	。	5.431718826293945
37	1	我	7.963864326477051
37	2	回忆	10.878125190734863
37	3	了	2.4719386100769043
37	4	之前	13.493928909301758
37	5	的	3.7906293869018555
37	6	令	12.995623588562012
37	7	我	2.1590704917907715
37	8	难过	10.935249328613281
37	9	的	3.9764187335968018
37	10	经历	4.4782633781433105
37	11	。	0.9285009503364563
38	1	我	7.963864326477051
38	2	帮助	12.577412605285645
38	3	了	4.847982883453369
38	4	之前	15.165903091430664
38	5	的	4.1399126052856445
38	6	令	17.207691192626953
38	7	我	1.2252897024154663
38	8	难过	11.57260513305664
38	9	的	3.6033453941345215
38	10	经历	10.105923652648926
38	11	。	2.769376754760742
39	1	花园	16.976701736450195
39	2	长满	21.077903747558594
39	3	了	2.109837293624878
39	4	影响	20.276226043701172
39	5	花朵	15.065040588378906
39	6	成长	15.256153106689453
39	7	的	0.07175955921411514
39	8	草	12.116848945617676
39	9	。	3.6156375408172607
40	1	花园	16.976701736450195
40	2	吸引	17.296939849853516
40	3	了	0.9593388438224792
40	4	影响	20.2763729095459
40	5	花朵	17.331695556640625
40	6	成长	10.691302299499512
40	7	的	0.13178883492946625
40	8	草	16.590145111083984
40	9	。	5.83712911605835
41	1	雨水	18.384578704833984
41	2	清洗	15.895977973937988
41	3	了	5.876702785491943
41	4	位于	11.216998100280762
41	5	市中心	4.6744208335876465
41	6	的	0.9575465321540833
41	7	大楼	9.86127758026123
41	8	。	5.194334030151367
42	1	雨水	18.384578704833984
42	2	灌溉	13.142373085021973
42	3	了	8.579207420349121
42	4	位于	9.78184700012207
42	5	市中心	7.192520618438721
42	6	的	0.7216777205467224
42	7	大楼	13.192957878112793
42	8	。	5.318138122558594
43	1	我	7.963864326477051
43	2	听从	18.109542846679688
43	3	了	5.089998245239258
43	4	老师	12.078278541564941
43	5	的	1.3473930358886719
43	6	给	13.144172668457031
43	7	了	7.78302526473999
43	8	我	1.8896234035491943
43	9	信心	13.594978332519531
43	10	的	4.1157546043396
43	11	建议	13.07015609741211
43	12	。	1.905570149421692
44	1	我	7.963864326477051
44	2	安装	16.915586471557617
44	3	了	1.4857157468795776
44	4	老师	16.811161041259766
44	5	的	4.2652082443237305
44	6	给	15.199169158935547
44	7	了	6.13119649887085
44	8	我	1.9480329751968384
44	9	信心	14.060946464538574
44	10	的	3.021796464920044
44	11	建议	12.187210083007812
44	12	。	1.890701174736023
45	1	警官	18.86959457397461
45	2	疏散	21.187519073486328
45	3	了	2.011561632156372
45	4	破坏	19.385894775390625
45	5	了	7.584114074707031
45	6	现场	6.262789249420166
45	7	的	2.548124074935913
45	8	人群	10.968271255493164
45	9	。	1.718619465827942
46	1	警官	18.86959457397461
46	2	解除	19.451793670654297
46	3	了	0.13347667455673218
46	4	破坏	14.396711349487305
46	5	了	7.5882673263549805
46	6	现场	7.175227642059326
46	7	的	2.6982009410858154
46	8	人群	10.548669815063477
46	9	。	1.540606141090393
47	1	他	4.5236897468566895
47	2	卖	18.321752548217773
47	3	过	5.994068145751953
47	4	一些	8.835554122924805
47	5	帮助	15.495705604553223
47	6	蔬菜	11.028157234191895
47	7	成熟	10.63718032836914
47	8	的	3.9837377071380615
47	9	化肥	9.00892162322998
47	10	。	2.6467621326446533
48	1	他	4.5236897468566895
48	2	摘	21.47317886352539
48	3	过	9.490159034729004
48	4	一些	10.543560028076172
48	5	帮助	13.040824890136719
48	6	蔬菜	10.429688453674316
48	7	成熟	9.10586166381836
48	8	的	2.2249109745025635
48	9	化肥	9.789017677307129
48	10	。	1.4840549230575562
49	1	她	7.657495975494385
49	2	戴	13.701910972595215
49	3	过	5.379937648773193
49	4	导致	21.054916381835938
49	5	她	6.214822769165039
49	6	头痛	12.527719497680664
49	7	的	1.319139003753662
49	8	耳机	18.88239097595215
49	9	。	7.844139575958252
50	1	她	7.657495975494385
50	2	穿	14.401556015014648
50	3	过	8.141743659973145
50	4	导致	21.585918426513672
50	5	她	4.232264995574951
50	6	头痛	11.597015380859375
50	7	的	1.1517741680145264
50	8	耳机	17.608068466186523
50	9	。	7.41942834854126
51	1	他	4.5236897468566895
51	2	在	5.075404167175293
51	3	学校	12.526792526245117
51	4	里	2.1504547595977783
51	5	吃	11.439013481140137
51	6	过	5.0145487785339355
51	7	满足	17.88164710998535
51	8	他	5.050772666931152
51	9	要求	9.113729476928711
51	10	的	1.7483628988265991
51	11	饭	11.726764678955078
51	12	。	4.516968250274658
52	1	他	4.5236897468566895
52	2	在	5.075404167175293
52	3	学校	12.526792526245117
52	4	里	2.1504547595977783
52	5	讲	8.966898918151855
52	6	过	5.367859363555908
52	7	满足	20.15642738342285
52	8	他	4.062304496765137
52	9	要求	8.768500328063965
52	10	的	0.609309732913971
52	11	饭	15.480856895446777
52	12	。	4.596623420715332
53	1	他	4.5236897468566895
53	2	见	16.299968719482422
53	3	过	1.3058311939239502
53	4	经营	17.869956970214844
53	5	超市	14.611517906188965
53	6	的	1.4043219089508057
53	7	店长	20.801809310913086
53	8	。	10.17214298248291
54	1	他	4.5236897468566895
54	2	去	14.743794441223145
54	3	过	7.617877006530762
54	4	经营	19.053638458251953
54	5	超市	11.462204933166504
54	6	的	3.338062047958374
54	7	店长	22.60514259338379
54	8	。	10.065640449523926
55	1	我	7.963864326477051
55	2	听	9.085067749023438
55	3	过	0.8895419239997864
55	4	这些	4.6835551261901855
55	5	打扰	21.264816284179688
55	6	了	7.83510160446167
55	7	邻居	14.819611549377441
55	8	的	2.6348774433135986
55	9	声音	3.607149362564087
55	10	。	2.4286043643951416
56	1	我	7.963864326477051
56	2	见	12.589377403259277
56	3	过	0.06682482361793518
56	4	这些	6.07633638381958
56	5	打扰	19.66775894165039
56	6	了	7.664677619934082
56	7	邻居	15.335659980773926
56	8	的	3.237685441970825
56	9	声音	5.377274513244629
56	10	。	2.9591238498687744
57	1	爷爷	17.78856086730957
57	2	安装	15.920384407043457
57	3	过	9.837944984436035
57	4	打印	18.657291412353516
57	5	文件	8.55467414855957
57	6	的	4.534595489501953
57	7	机器	12.866308212280273
57	8	。	8.051390647888184
58	1	爷爷	17.78856086730957
58	2	种植	13.334416389465332
58	3	过	8.728341102600098
58	4	打印	20.747447967529297
58	5	文件	10.70291805267334
58	6	的	4.342628479003906
58	7	机器	15.1529541015625
58	8	。	9.239615440368652
59	1	她	7.657495975494385
59	2	说	1.1073094606399536
59	3	过	10.996634483337402
59	4	这	6.178954124450684
59	5	些	15.506640434265137
59	6	伤害	15.267386436462402
59	7	彼此	14.910534858703613
59	8	感情	4.393311500549316
59	9	的	0.4528919756412506
59	10	话	12.802590370178223
59	11	。	4.7643022537231445
60	1	她	7.657495975494385
60	2	吃	17.164491653442383
60	3	过	3.5760068893432617
60	4	这	10.37990951538086
60	5	些	11.440000534057617
60	6	伤害	15.098939895629883
60	7	彼此	14.899341583251953
60	8	感情	4.659555912017822
60	9	的	0.7759412527084351
60	10	话	13.186250686645508
60	11	。	2.9507839679718018
61	1	母亲	15.321672439575195
61	2	买	11.427912712097168
61	3	了	1.50017249584198
61	4	包装	15.063349723815918
61	5	礼物	13.52822208404541
61	6	的	6.567147731781006
61	7	纸	12.077463150024414
61	8	。	8.687006950378418
62	1	母亲	15.321672439575195
62	2	喝	11.63899040222168
62	3	了	2.63177752494812
62	4	包装	15.917010307312012
62	5	礼物	15.399478912353516
62	6	的	5.185795783996582
62	7	纸	13.258933067321777
62	8	。	8.999853134155273
