sentence_id	token_id	token	surprisal
1	1	随着	8.378729820251465
1	2	政府	8.86729621887207
1	3	发展	8.601539611816406
1	4	，	7.000766277313232
1	5	经济	7.21535587310791
1	6	变	16.880599975585938
1	7	好	12.143399238586426
1	8	了	2.424431800842285
1	9	。	5.0780816078186035
2	1	随着	8.378729820251465
2	2	政府	8.86729621887207
2	3	发展	8.601539611816406
2	4	。	16.123842239379883
3	1	随着	8.378729820251465
3	2	互联网	16.90668296813965
3	3	的	1.1346689462661743
3	4	出现	5.633916854858398
3	5	，	0.09316268563270569
3	6	生活	15.394478797912598
3	7	质量	7.227743625640869
3	8	提高	4.296275615692139
3	9	了	4.748879909515381
3	10	。	3.2410712242126465
4	1	随着	8.378729820251465
4	2	互联网	16.90668296813965
4	3	的	1.1346689462661743
4	4	出现	5.633916854858398
4	5	。	13.270354270935059
5	1	随着	8.378729820251465
5	2	一阵	16.01915168762207
5	3	铃声	16.023231506347656
5	4	，	6.6987833976745605
5	5	火车	14.680675506591797
5	6	开	12.89209270477295
5	7	了	2.652392864227295
5	8	。	5.3460612297058105
6	1	随着	8.378729820251465
6	2	一阵	16.01915168762207
6	3	铃声	16.023231506347656
6	4	。	15.024492263793945
7	1	随着	8.378729820251465
7	2	他	11.681062698364258
7	3	的	2.287065029144287
7	4	年龄	11.365697860717773
7	5	增长	7.862888336181641
7	6	，	0.24079643189907074
7	7	他	3.4427881240844727
7	8	更	9.465733528137207
7	9	有	3.928556203842163
7	10	自信	8.566789627075195
7	11	了	9.16698169708252
7	12	。	0.4308682680130005
8	1	随着	8.378729820251465
8	2	他	11.681062698364258
8	3	的	2.287065029144287
8	4	年龄	11.365697860717773
8	5	增长	7.862888336181641
8	6	。	10.761981010437012
9	1	随着	8.378729820251465
9	2	冬天	14.88776969909668
9	3	的	2.4900805950164795
9	4	到来	1.2321885824203491
9	5	，	0.011263773776590824
9	6	树木	16.942590713500977
9	7	凋零	18.974817276000977
9	8	了	12.28064250946045
9	9	。	1.3615871667861938
10	1	随着	8.378729820251465
10	2	冬天	14.88776969909668
10	3	的	2.4900805950164795
10	4	到来	1.2321885824203491
10	5	。	13.659955978393555
11	1	随着	8.378729820251465
11	2	科技	8.824422836303711
11	3	发展	8.744990348815918
11	4	，	2.579176425933838
11	5	电脑	10.883871078491211
11	6	功能	11.493596076965332
11	7	变得	10.861112594604492
11	8	更	6.291739463806152
11	9	多	8.221808433532715
11	10	了	3.0010015964508057
11	11	。	2.964355230331421
12	1	随着	8.378729820251465
12	2	科技	8.824422836303711
12	3	发展	8.744990348815918
12	4	。	11.085122108459473
13	1	自从	12.37651252746582
13	2	见	16.321006774902344
13	3	了	3.886126756668091
13	4	他	8.911858558654785
13	5	，	4.866749286651611
13	6	她	8.215392112731934
13	7	一直	7.839115142822266
13	8	在	2.8976588249206543
13	9	写信	14.667532920837402
13	10	。	5.318885326385498
14	1	自从	12.37651252746582
14	2	见	16.321006774902344
14	3	了	3.886126756668091
14	4	他	8.911858558654785
14	5	。	10.653367042541504
15	1	自从	12.37651252746582
15	2	修	18.56539535522461
15	3	了	7.21196174621582
15	4	公路	5.640352249145508
15	5	，	4.319806098937988
15	6	农村	11.710615158081055
15	7	经济	7.246164321899414
15	8	变	10.698265075683594
15	9	好	14.049336433410645
15	10	了	0.18748195469379425
15	11	。	1.8040324449539185
16	1	自从	12.37651252746582
16	2	修	18.56539535522461
16	3	了	7.21196174621582
16	4	公路	5.640352249145508
16	5	。	11.96886157989502
17	1	自从	12.37651252746582
17	2	离开	16.423952102661133
17	3	家乡	8.065747261047363
17	4	，	6.218741416931152
17	5	她	8.528549194335938
17	6	一直	5.980589866638184
17	7	想念	15.494665145874023
17	8	父母	6.660764694213867
17	9	。	2.4089882373809814
18	1	自从	12.37651252746582
18	2	离开	16.423952102661133
18	3	家乡	8.065747261047363
18	4	。	17.32618522644043
19	1	自从	12.37651252746582
19	2	他	6.561049461364746
19	3	开始	8.606090545654297
19	4	读书	8.541020393371582
19	5	，	2.6866862773895264
19	6	他	4.6199774742126465
19	7	的	3.684704065322876
19	8	成绩	10.062440872192383
19	9	提高	8.657944679260254
19	10	了	0.053021352738142014
19	11	。	9.085009574890137
20	1	自从	12.37651252746582
20	2	他	6.561049461364746
20	3	开始	8.606090545654297
20	4	读书	8.541020393371582
20	5	。	7.604414463043213
21	1	自从	12.37651252746582
21	2	他	6.561049461364746
21	3	获得	7.471512317657471
21	4	大奖	11.365191459655762
21	5	，	9.913575172424316
21	6	他	5.621119499206543
21	7	不	10.018495559692383
21	8	学习	17.286434173583984
21	9	了	8.062347412109375
21	10	。	4.859100818634033
22	1	自从	12.37651252746582
22	2	他	6.561049461364746
22	3	获得	7.471512317657471
22	4	大奖	11.365191459655762
22	5	。	14.306888580322266
23	1	自从	12.37651252746582
23	2	她	8.825689315795898
23	3	认识	14.206646919250488
23	4	了	9.34097671508789
23	5	老师	15.055987358093262
23	6	，	3.86011004447937
23	7	她	2.77729868888855
23	8	努力	13.34167194366455
23	9	训练	8.740736961364746
23	10	。	4.2746806144714355
24	1	自从	12.37651252746582
24	2	她	8.825689315795898
24	3	认识	14.206646919250488
24	4	了	9.34097671508789
24	5	老师	15.055987358093262
24	6	。	6.755297660827637
25	1	自从	12.37651252746582
25	2	她	8.825689315795898
25	3	参与	13.26611042022705
25	4	了	2.853945016860962
25	5	活动	12.959555625915527
25	6	，	5.667085647583008
25	7	她	1.8383913040161133
25	8	认识	10.875394821166992
25	9	了	5.800290107727051
25	10	很多	6.078650951385498
25	11	人	1.9124113321304321
25	12	。	4.199069023132324
26	1	自从	12.37651252746582
26	2	她	8.825689315795898
26	3	参与	13.26611042022705
26	4	了	2.853945016860962
26	5	活动	12.959555625915527
26	6	。	11.46696949005127
27	1	自从	12.37651252746582
27	2	她	8.825689315795898
27	3	学习	14.810586929321289
27	4	了	6.784668922424316
27	5	外语	10.977436065673828
27	6	，	4.570502281188965
27	7	她	4.858542442321777
27	8	看	11.969194412231445
27	9	了	1.4654823541641235
27	10	很多	5.599697113037109
27	11	电影	9.020954132080078
27	12	。	3.3557379245758057
28	1	自从	12.37651252746582
28	2	她	8.825689315795898
28	3	学习	14.810586929321289
28	4	了	6.784668922424316
28	5	外语	10.977436065673828
28	6	。	9.528270721435547
29	1	因为	9.901434898376465
29	2	喝	12.900555610656738
29	3	了	4.300879955291748
29	4	酒	6.025453567504883
29	5	，	1.6298695802688599
29	6	他	7.810797691345215
29	7	摔	12.469175338745117
29	8	了	0.40044155716896057
29	9	。	5.661616325378418
30	1	因为	9.901434898376465
30	2	喝	12.900555610656738
30	3	了	4.300879955291748
30	4	酒	6.025453567504883
30	5	。	8.529674530029297
31	1	因为	9.901434898376465
31	2	他	4.963631629943848
31	3	要	8.241188049316406
31	4	迟到	18.224393844604492
31	5	了	7.1932692527771
31	6	，	6.125886917114258
31	7	他	3.2441775798797607
31	8	结束	16.963943481445312
31	9	了	1.0904500484466553
31	10	谈话	12.919493675231934
31	11	。	0.8107800483703613
32	1	因为	9.901434898376465
32	2	他	4.963631629943848
32	3	要	8.241188049316406
32	4	迟到	18.224393844604492
32	5	了	7.1932692527771
32	6	。	8.65698528289795
33	1	因为	9.901434898376465
33	2	他	4.963631629943848
33	3	没有	6.367645263671875
33	4	练习	15.336427688598633
33	5	题目	18.988191604614258
33	6	，	0.7685302495956421
33	7	他	5.460667133331299
33	8	没有	6.242882251739502
33	9	成功	10.159507751464844
33	10	。	1.082010269165039
34	1	因为	9.901434898376465
34	2	他	4.963631629943848
34	3	没有	6.367645263671875
34	4	练习	15.336427688598633
34	5	题目	18.988191604614258
34	6	。	2.1551644802093506
35	1	因为	9.901434898376465
35	2	疾病	14.79768180847168
35	3	，	5.264415740966797
35	4	她	8.4571533203125
35	5	拒绝	10.160164833068848
35	6	了	1.3422433137893677
35	7	演出	20.284217834472656
35	8	。	2.620920181274414
36	1	因为	9.901434898376465
36	2	疾病	14.79768180847168
36	3	。	12.989089965820312
37	1	因为	9.901434898376465
37	2	听	15.658981323242188
37	3	着	7.494748115539551
37	4	音乐	11.549159049987793
37	5	，	2.7537853717803955
37	6	她	7.346039295196533
37	7	错过	15.753103256225586
37	8	了	1.8840126991271973
37	9	广播	17.84916114807129
37	10	。	5.803702354431152
38	1	因为	9.901434898376465
38	2	听	15.658981323242188
38	3	着	7.494748115539551
38	4	音乐	11.549159049987793
38	5	。	9.570832252502441
39	1	尽管	9.394925117492676
39	2	领导	14.478422164916992
39	3	已经	6.467994213104248
39	4	离去	18.28895378112793
39	5	，	0.20003919303417206
39	6	工人	15.84416389465332
39	7	还	4.529004096984863
39	8	在	2.6681790351867676
39	9	工作	7.37337064743042
39	10	。	7.384073734283447
40	1	尽管	9.394925117492676
40	2	领导	14.478422164916992
40	3	已经	6.467994213104248
40	4	离去	18.28895378112793
40	5	。	10.62207317352295
41	1	尽管	9.394925117492676
41	2	他	6.651061534881592
41	3	年纪	16.046161651611328
41	4	小	5.0619401931762695
41	5	，	0.13264578580856323
41	6	他	6.195810317993164
41	7	有	7.073085784912109
41	8	能力	5.876190185546875
41	9	。	11.264001846313477
42	1	尽管	9.394925117492676
42	2	他	6.651061534881592
42	3	年纪	16.046161651611328
42	4	小	5.0619401931762695
42	5	。	17.147371292114258
43	1	尽管	9.394925117492676
43	2	她	6.573808193206787
43	3	会	12.420978546142578
43	4	开车	13.42982006072998
43	5	，	2.77445650100708
43	6	她	5.644552230834961
43	7	今天	8.392780303955078
43	8	没有	7.316524982452393
43	9	开车	8.286364555358887
43	10	。	6.617828369140625
44	1	尽管	9.394925117492676
44	2	她	6.573808193206787
44	3	会	12.420978546142578
44	4	开车	13.42982006072998
44	5	。	10.442641258239746
45	1	尽管	9.394925117492676
45	2	作家	14.858081817626953
45	3	很	11.191174507141113
45	4	年轻	8.086413383483887
45	5	，	0.0684337243437767
45	6	他	4.715633392333984
45	7	写	10.710016250610352
45	8	了	1.3762400150299072
45	9	很多	5.06104040145874
45	10	作品	6.402413368225098
45	11	。	4.1583943367004395
46	1	尽管	9.394925117492676
46	2	作家	14.858081817626953
46	3	很	11.191174507141113
46	4	年轻	8.086413383483887
46	5	。	14.356009483337402
47	1	尽管	9.394925117492676
47	2	父亲	14.004240036010742
47	3	不	6.669555187225342
47	4	同意	7.821937561035156
47	5	他	2.6042726039886475
47	6	唱歌	16.809459686279297
47	7	，	0.24795503914356232
47	8	他	5.884766101837158
47	9	还是	5.3424601554870605
47	10	买	12.955962181091309
47	11	了	2.444488048553467
47	12	吉他	15.659109115600586
47	13	。	4.438352584838867
48	1	尽管	9.394925117492676
48	2	父亲	14.004240036010742
48	3	不	6.669555187225342
48	4	同意	7.821937561035156
48	5	他	2.6042726039886475
48	6	唱歌	16.809459686279297
48	7	。	9.81020450592041
49	1	尽管	9.394925117492676
49	2	经济	10.662726402282715
49	3	不	4.265443801879883
49	4	好	8.723138809204102
49	5	，	0.116909459233284
49	6	他	7.51924467086792
49	7	还是	4.815136432647705
49	8	关心	10.886765480041504
49	9	慈善	16.54458236694336
49	10	。	10.809646606445312
50	1	尽管	9.394925117492676
50	2	经济	10.662726402282715
50	3	不	4.265443801879883
50	4	好	8.723138809204102
50	5	。	14.75709342956543
51	1	如果	8.869902610778809
51	2	她	8.91628646850586
51	3	做	10.285332679748535
51	4	完	7.768923282623291
51	5	作业	14.209321975708008
51	6	，	0.7762007117271423
51	7	她	3.5352795124053955
51	8	去	8.592667579650879
51	9	健身房	12.859930038452148
51	10	。	8.129152297973633
52	1	如果	8.869902610778809
52	2	她	8.91628646850586
52	3	做	10.285332679748535
52	4	完	7.768923282623291
52	5	作业	14.209321975708008
52	6	。	12.24799633026123
53	1	如果	8.869902610778809
53	2	她们	10.269291877746582
53	3	照	15.167793273925781
53	4	了	5.077629089355469
53	5	相	16.836585998535156
53	6	，	3.50154185295105
53	7	她们	3.3373048305511475
53	8	就	4.990858554840088
53	9	留下	14.156322479248047
53	10	了	0.10943996161222458
53	11	回忆	18.01351547241211
53	12	。	2.8135743141174316
54	1	如果	8.869902610778809
54	2	她们	10.269291877746582
54	3	照	15.167793273925781
54	4	了	5.077629089355469
54	5	相	16.836585998535156
54	6	。	10.879682540893555
55	1	如果	8.869902610778809
55	2	培养	14.971722602844238
55	3	了	7.177911758422852
55	4	信心	13.632646560668945
55	5	，	0.36831942200660706
55	6	她	8.81915283203125
55	7	可以	6.4543561935424805
55	8	实现	8.930941581726074
55	9	梦想	9.013237953186035
55	10	。	0.6058513522148132
56	1	如果	8.869902610778809
56	2	培养	14.971722602844238
56	3	了	7.177911758422852
56	4	信心	13.632646560668945
56	5	。	8.781489372253418
57	1	如果	8.869902610778809
57	2	他	6.493445873260498
57	3	不	4.446469783782959
57	4	尝试	10.00029468536377
57	5	，	2.869018077850342
57	6	他	0.9877840876579285
57	7	将	2.430549144744873
57	8	失去	6.638340950012207
57	9	机会	2.5157151222229004
57	10	。	1.5459107160568237
58	1	如果	8.869902610778809
58	2	他	6.493445873260498
58	3	不	4.446469783782959
58	4	尝试	10.00029468536377
58	5	。	14.542074203491211
59	1	如果	8.869902610778809
59	2	她	8.91628646850586
59	3	来	10.7892484664917
59	4	，	6.725107192993164
59	5	母亲	12.004812240600586
59	6	会	2.785832405090332
59	7	准备	10.101544380187988
59	8	水果	16.46591567993164
59	9	。	5.577606201171875
60	1	如果	8.869902610778809
60	2	她	8.91628646850586
60	3	来	10.7892484664917
60	4	。	12.909942626953125
