sentence_id	token_id	token	surprisal
1	1	他	4.5236897468566895
1	2	喜欢	13.476428031921387
1	3	那	7.537754535675049
1	4	家	8.424731254577637
1	5	认识	17.801244735717773
1	6	我	6.9680070877075195
1	7	的	1.785536289215088
1	8	老板	12.583019256591797
1	9	投资	19.24823760986328
1	10	的	1.8756293058395386
1	11	饭店	11.473994255065918
1	12	。	2.1932997703552246
2	1	他	4.5236897468566895
2	2	喜欢	13.476428031921387
2	3	那	7.537754535675049
2	4	个	5.443413734436035
2	5	认识	15.396343231201172
2	6	我	7.297977924346924
2	7	的	2.5956292152404785
2	8	老板	12.722920417785645
2	9	投资	20.769514083862305
2	10	的	1.3882169723510742
2	11	饭店	11.187173843383789
2	12	。	1.9441146850585938
3	1	她	7.657495975494385
3	2	在	4.5815205574035645
3	3	看	13.3944091796875
3	4	那	9.984334945678711
3	5	幅	7.173286437988281
3	6	帮助	16.76166343688965
3	7	过	14.214932441711426
3	8	我	7.129892349243164
3	9	的	0.8864177465438843
3	10	朋友	10.484667778015137
3	11	喜欢	19.289203643798828
3	12	的	3.763132333755493
3	13	画	12.54573917388916
3	14	。	1.8946373462677002
4	1	她	7.657495975494385
4	2	在	4.5815205574035645
4	3	看	13.3944091796875
4	4	那	9.984334945678711
4	5	个	6.315962314605713
4	6	帮助	14.883917808532715
4	7	过	13.372166633605957
4	8	我	4.802330493927002
4	9	的	0.7699085474014282
4	10	朋友	6.134921073913574
4	11	喜欢	18.69936752319336
4	12	的	3.8611178398132324
4	13	画	16.45445442199707
4	14	。	2.4826340675354004
5	1	我	7.963864326477051
5	2	欣赏	14.913275718688965
5	3	那	6.6411871910095215
5	4	件	2.729147434234619
5	5	教	17.241270065307617
5	6	过	8.531968116760254
5	7	我	6.785048961639404
5	8	的	0.7413050532341003
5	9	老师	11.233929634094238
5	10	收藏	16.612131118774414
5	11	的	0.5568812489509583
5	12	艺术品	10.517173767089844
5	13	。	1.7930246591567993
6	1	我	7.963864326477051
6	2	欣赏	14.913275718688965
6	3	那	6.6411871910095215
6	4	个	5.217720985412598
6	5	教	14.039586067199707
6	6	过	8.378236770629883
6	7	我	5.534575939178467
6	8	的	0.48344123363494873
6	9	老师	7.948991298675537
6	10	收藏	18.0676212310791
6	11	的	0.608871340751648
6	12	艺术品	11.54653263092041
6	13	。	1.969796061515808
7	1	他	4.5236897468566895
7	2	打	13.80345630645752
7	3	了	2.482865333557129
7	4	那	9.291499137878418
7	5	只	10.752034187316895
7	6	认识	14.831907272338867
7	7	我	7.673234462738037
7	8	的	2.367050886154175
7	9	店长	20.223129272460938
7	10	喜欢	12.494784355163574
7	11	的	3.9180893898010254
7	12	宠物	16.38902473449707
7	13	。	1.6563506126403809
8	1	他	4.5236897468566895
8	2	打	13.80345630645752
8	3	了	2.482865333557129
8	4	那	9.291499137878418
8	5	个	5.06121826171875
8	6	认识	17.709226608276367
8	7	我	9.30446720123291
8	8	的	2.8578062057495117
8	9	店长	20.247314453125
8	10	喜欢	14.71444320678711
8	11	的	4.2003350257873535
8	12	宠物	16.765274047851562
8	13	。	1.689483404159546
9	1	我	7.963864326477051
9	2	在	5.732228755950928
9	3	思念	19.638870239257812
9	4	那	8.349112510681152
9	5	首	7.151918888092041
9	6	热爱	13.774365425109863
9	7	艺术	12.585404396057129
9	8	的	0.5383154153823853
9	9	明星	15.977855682373047
9	10	唱	13.872587203979492
9	11	的	3.9269142150878906
9	12	歌	1.3366901874542236
9	13	。	4.416647911071777
10	1	我	7.963864326477051
10	2	在	5.732228755950928
10	3	思念	19.638870239257812
10	4	那	8.349112510681152
10	5	个	4.709846496582031
10	6	热爱	14.493205070495605
10	7	艺术	12.858904838562012
10	8	的	0.29370346665382385
10	9	明星	14.295684814453125
10	10	唱	16.134279251098633
10	11	的	2.8877363204956055
10	12	歌	2.0015766620635986
10	13	。	3.852534770965576
11	1	她	7.657495975494385
11	2	拜访	16.99188804626465
11	3	了	1.433401107788086
11	4	那	10.954051971435547
11	5	所	4.993984699249268
11	6	学习	13.432947158813477
11	7	历史	17.21819496154785
11	8	的	0.7402442097663879
11	9	老人	10.822257995605469
11	10	去	15.267851829528809
11	11	的	6.030728340148926
11	12	学校	7.858983993530273
11	13	。	2.453704357147217
12	1	她	7.657495975494385
12	2	拜访	16.99188804626465
12	3	了	1.433401107788086
12	4	那	10.954051971435547
12	5	个	3.207552671432495
12	6	学习	16.174728393554688
12	7	历史	17.555082321166992
12	8	的	0.5508175492286682
12	9	老人	8.696889877319336
12	10	去	15.348751068115234
12	11	的	8.227307319641113
12	12	学校	8.376068115234375
12	13	。	2.084411382675171
13	1	他	4.5236897468566895
13	2	检查	16.891071319580078
13	3	了	0.2686667740345001
13	4	那	12.299674987792969
13	5	件	5.724494934082031
13	6	帮助	12.45191764831543
13	7	过	13.089761734008789
13	8	我	8.322028160095215
13	9	的	1.5434094667434692
13	10	司机	13.471318244934082
13	11	带	10.909810066223145
13	12	的	2.3443241119384766
13	13	行李	8.512925148010254
13	14	。	2.709791898727417
14	1	他	4.5236897468566895
14	2	检查	16.891071319580078
14	3	了	0.2686667740345001
14	4	那	12.299674987792969
14	5	个	5.771608352661133
14	6	帮助	11.743824005126953
14	7	过	12.731535911560059
14	8	我	6.970100402832031
14	9	的	1.421446681022644
14	10	司机	11.289802551269531
14	11	带	10.209434509277344
14	12	的	1.7448248863220215
14	13	行李	8.162545204162598
14	14	。	2.4667980670928955
15	1	我	7.963864326477051
15	2	听说	10.38840389251709
15	3	过	1.3185211420059204
15	4	那	7.204336643218994
15	5	本	4.143183708190918
15	6	学习	18.934955596923828
15	7	文学	12.947611808776855
15	8	的	0.8088118433952332
15	9	作家	8.295854568481445
15	10	写	13.018263816833496
15	11	的	2.708838701248169
15	12	书	4.393374443054199
15	13	。	4.812160015106201
16	1	我	7.963864326477051
16	2	听说	10.38840389251709
16	3	过	1.3185211420059204
16	4	那	7.204336643218994
16	5	个	5.374985218048096
16	6	学习	15.836287498474121
16	7	文学	15.45602798461914
16	8	的	1.3097827434539795
16	9	作家	9.05253791809082
16	10	写	13.088051795959473
16	11	的	3.2571449279785156
16	12	书	5.118709087371826
16	13	。	5.16749382019043
17	1	她	7.657495975494385
17	2	撞	19.910917282104492
17	3	了	3.165740966796875
17	4	那	7.849022388458252
17	5	辆	7.176994800567627
17	6	支持	16.929500579833984
17	7	环保	16.96027183532715
17	8	的	0.7451844811439514
17	9	朋友	11.065277099609375
17	10	开	11.538036346435547
17	11	的	3.8448843955993652
17	12	车	5.81077766418457
17	13	。	4.598842620849609
18	1	她	7.657495975494385
18	2	撞	19.910917282104492
18	3	了	3.165740966796875
18	4	那	7.849022388458252
18	5	个	4.857431888580322
18	6	支持	18.36843490600586
18	7	环保	16.934432983398438
18	8	的	0.6290959119796753
18	9	朋友	7.965323448181152
18	10	开	12.729284286499023
18	11	的	2.9674274921417236
18	12	车	7.236652374267578
18	13	。	4.369252681732178
19	1	我们	7.549299240112305
19	2	认可	17.0119571685791
19	3	了	3.2434937953948975
19	4	那	7.194955825805664
19	5	份	4.954074859619141
19	6	喜欢	14.663224220275879
19	7	书	10.95672607421875
19	8	的	1.8686083555221558
19	9	孩子	10.896201133728027
19	10	做	15.662073135375977
19	11	的	2.576223611831665
19	12	作业	9.445120811462402
19	13	。	2.9870853424072266
20	1	我们	7.549299240112305
20	2	认可	17.0119571685791
20	3	了	3.2434937953948975
20	4	那	7.194955825805664
20	5	个	4.38433313369751
20	6	喜欢	15.764892578125
20	7	书	12.449515342712402
20	8	的	1.8235881328582764
20	9	孩子	6.338699817657471
20	10	做	15.572236061096191
20	11	的	2.5031375885009766
20	12	作业	9.952156066894531
20	13	。	3.2291641235351562
21	1	他们	7.319622993469238
21	2	接受	12.071128845214844
21	3	了	2.1823410987854004
21	4	那	9.495553016662598
21	5	份	3.941349744796753
21	6	认识	16.755002975463867
21	7	我	11.448180198669434
21	8	的	2.1722567081451416
21	9	老板	18.131685256958008
21	10	制定	18.404144287109375
21	11	的	1.0053064823150635
21	12	合同	13.049308776855469
21	13	。	2.594675302505493
22	1	他们	7.319622993469238
22	2	接受	12.071128845214844
22	3	了	2.1823410987854004
22	4	那	9.495553016662598
22	5	个	5.18939733505249
22	6	认识	15.608318328857422
22	7	我	10.109386444091797
22	8	的	2.6616246700286865
22	9	老板	17.1395206451416
22	10	制定	19.734548568725586
22	11	的	1.469577670097351
22	12	合同	13.504334449768066
22	13	。	3.169825315475464
23	1	他	4.5236897468566895
23	2	离开	12.509124755859375
23	3	了	6.63650369644165
23	4	那	8.543258666992188
23	5	间	9.483026504516602
23	6	帮助	14.376642227172852
23	7	过	12.406475067138672
23	8	我	6.045619964599609
23	9	的	3.746478319168091
23	10	朋友	4.6668901443481445
23	11	开	19.422565460205078
23	12	的	8.333436012268066
23	13	工厂	12.00220012664795
23	14	。	1.9443254470825195
24	1	他	4.5236897468566895
24	2	离开	12.509124755859375
24	3	了	6.63650369644165
24	4	那	8.543258666992188
24	5	个	4.646183967590332
24	6	帮助	11.791589736938477
24	7	过	13.2894926071167
24	8	我	5.9467453956604
24	9	的	2.442945957183838
24	10	朋友	3.608391046524048
24	11	开	18.963836669921875
24	12	的	7.244854927062988
24	13	工厂	10.841619491577148
24	14	。	1.983817219734192
25	1	她	7.657495975494385
25	2	找	18.6863956451416
25	3	了	1.7982465028762817
25	4	那	9.81569766998291
25	5	张	4.5411200523376465
25	6	喜欢	13.6453218460083
25	7	艺术	14.283514022827148
25	8	的	0.3390439748764038
25	9	孩子	10.03725814819336
25	10	照	18.89661979675293
25	11	的	8.463763236999512
25	12	照片	4.1886677742004395
25	13	。	3.0336508750915527
26	1	她	7.657495975494385
26	2	找	18.6863956451416
26	3	了	1.7982465028762817
26	4	那	9.81569766998291
26	5	个	3.8462812900543213
26	6	喜欢	16.01445960998535
26	7	艺术	13.0098876953125
26	8	的	0.25596630573272705
26	9	孩子	3.9372401237487793
26	10	照	19.660587310791016
26	11	的	8.442185401916504
26	12	照片	7.4287824630737305
26	13	。	2.8453967571258545
27	1	我	7.963864326477051
27	2	需要	8.390128135681152
27	3	那	8.505488395690918
27	4	台	9.01820182800293
27	5	教	15.076942443847656
27	6	过	10.353560447692871
27	7	我	6.568292617797852
27	8	的	0.878839910030365
27	9	老师	8.080013275146484
27	10	用	8.890554428100586
27	11	的	4.920171737670898
27	12	手机	10.044515609741211
27	13	。	6.912121772766113
28	1	我	7.963864326477051
28	2	需要	8.390128135681152
28	3	那	8.505488395690918
28	4	个	4.9480485916137695
28	5	教	11.989678382873535
28	6	过	8.491947174072266
28	7	我	4.585165500640869
28	8	的	0.7641717195510864
28	9	老师	6.981191158294678
28	10	用	8.68696117401123
28	11	的	4.71121072769165
28	12	手机	10.298456192016602
28	13	。	7.168056488037109
29	1	他	4.5236897468566895
29	2	在	5.075405597686768
29	3	画	15.949695587158203
29	4	那	10.523189544677734
29	5	朵	11.106877326965332
29	6	关心	23.215015411376953
29	7	他	5.6196794509887695
29	8	的	0.47683951258659363
29	9	邻居	13.148870468139648
29	10	种	17.67708969116211
29	11	的	11.413877487182617
29	12	花	13.004937171936035
29	13	。	7.183665752410889
30	1	他	4.5236897468566895
30	2	在	5.075405597686768
30	3	画	15.949695587158203
30	4	那	10.523189544677734
30	5	个	5.531752586364746
30	6	关心	22.369182586669922
30	7	他	2.782729148864746
30	8	的	1.28276789188385
30	9	邻居	12.141402244567871
30	10	种	16.76793670654297
30	11	的	8.760684967041016
30	12	花	16.115779876708984
30	13	。	6.35122013092041
31	1	她	7.657495975494385
31	2	在	4.5815205574035645
31	3	介绍	7.981308937072754
31	4	那	12.243441581726074
31	5	台	10.612225532531738
31	6	鼓励	16.210851669311523
31	7	她	7.050050258636475
31	8	的	1.2855137586593628
31	9	科学家	14.682026863098145
31	10	做	12.067184448242188
31	11	的	1.9551973342895508
31	12	电视	12.201082229614258
31	13	。	7.075657367706299
32	1	她	7.657495975494385
32	2	在	4.5815205574035645
32	3	介绍	7.981308937072754
32	4	那	12.243441581726074
32	5	个	6.8690266609191895
32	6	鼓励	15.75632095336914
32	7	她	7.486198425292969
32	8	的	1.0930596590042114
32	9	科学家	13.806206703186035
32	10	做	12.448646545410156
32	11	的	2.404711961746216
32	12	电视	12.889344215393066
32	13	。	7.386620998382568
33	1	我	7.963864326477051
33	2	见	12.589376449584961
33	3	过	0.06682449579238892
33	4	那	4.780853748321533
33	5	栋	7.599894046783447
33	6	认识	18.95147705078125
33	7	父亲	10.037163734436035
33	8	的	0.8252505660057068
33	9	男人	12.19688606262207
33	10	买	13.920888900756836
33	11	的	3.309645175933838
33	12	房子	5.251731872558594
33	13	。	4.715631484985352
34	1	我	7.963864326477051
34	2	见	12.589376449584961
34	3	过	0.06682449579238892
34	4	那	4.780853748321533
34	5	个	5.679170608520508
34	6	认识	14.228323936462402
34	7	父亲	14.047842979431152
34	8	的	1.6683589220046997
34	9	男人	10.512654304504395
34	10	买	14.341181755065918
34	11	的	3.786311149597168
34	12	房子	6.175140857696533
34	13	。	5.099724292755127
35	1	我	7.963864326477051
35	2	拒绝	12.875228881835938
35	3	了	2.8783326148986816
35	4	那	5.091963768005371
35	5	条	6.438149929046631
35	6	关心	17.804746627807617
35	7	我	4.835633277893066
35	8	的	0.7828628420829773
35	9	朋友	7.9139556884765625
35	10	给	6.149794101715088
35	11	的	9.637008666992188
35	12	建议	8.141205787658691
35	13	。	1.9326879978179932
36	1	我	7.963864326477051
36	2	拒绝	12.875228881835938
36	3	了	2.8783326148986816
36	4	那	5.091963768005371
36	5	个	3.806872844696045
36	6	关心	16.12042808532715
36	7	我	4.773987293243408
36	8	的	0.6222561597824097
36	9	朋友	6.1498589515686035
36	10	给	6.948149681091309
36	11	的	8.567933082580566
36	12	建议	7.429246425628662
36	13	。	2.545285701751709
37	1	他	4.5236897468566895
37	2	在	5.075405597686768
37	3	看	13.44593620300293
37	4	那	9.185324668884277
37	5	支	12.908596992492676
37	6	我	10.63198184967041
37	7	教	14.216547966003418
37	8	数学	13.591618537902832
37	9	的	1.7831840515136719
37	10	老师	8.776040077209473
37	11	用	12.003192901611328
37	12	的	6.3405866622924805
37	13	笔	14.235235214233398
37	14	。	9.379485130310059
38	1	他	4.5236897468566895
38	2	在	5.075405597686768
38	3	看	13.44593620300293
38	4	那	9.185324668884277
38	5	个	6.52756929397583
38	6	我	10.525251388549805
38	7	教	13.894250869750977
38	8	数学	14.539444923400879
38	9	的	1.8355070352554321
38	10	老师	9.520309448242188
38	11	用	10.773835182189941
38	12	的	4.99543571472168
38	13	笔	14.011369705200195
38	14	。	7.659897804260254
39	1	她	7.657495975494385
39	2	在	4.5815205574035645
39	3	找	14.31432056427002
39	4	那	10.799596786499023
39	5	只	9.920424461364746
39	6	撞	18.34124183654785
39	7	了	2.445965051651001
39	8	我	8.431375503540039
39	9	的	0.6779063940048218
39	10	女人	13.57838249206543
39	11	丢	17.41729736328125
39	12	的	6.718820095062256
39	13	鞋子	16.361682891845703
39	14	。	3.7718396186828613
40	1	她	7.657495975494385
40	2	在	4.5815205574035645
40	3	找	14.31432056427002
40	4	那	10.799596786499023
40	5	个	4.139245986938477
40	6	撞	17.39842414855957
40	7	了	5.2760210037231445
40	8	我	6.99469518661499
40	9	的	0.5270205140113831
40	10	女人	12.069406509399414
40	11	丢	17.913698196411133
40	12	的	6.975671291351318
40	13	鞋子	16.637596130371094
40	14	。	4.088655948638916
41	1	我	7.963864326477051
41	2	讨厌	14.394640922546387
41	3	那	5.393120765686035
41	4	条	8.452644348144531
41	5	打扰	21.544963836669922
41	6	了	9.118474006652832
41	7	我	1.9449396133422852
41	8	的	1.5363941192626953
41	9	邻居	8.695804595947266
41	10	养	19.6456241607666
41	11	的	1.9765592813491821
41	12	狗	10.379105567932129
41	13	。	2.566943407058716
42	1	我	7.963864326477051
42	2	讨厌	14.394640922546387
42	3	那	5.393120765686035
42	4	个	6.374274730682373
42	5	打扰	21.86100959777832
42	6	了	9.35086727142334
42	7	我	1.875344157218933
42	8	的	1.8127139806747437
42	9	邻居	8.199047088623047
42	10	养	19.845460891723633
42	11	的	2.2358288764953613
42	12	狗	10.862336158752441
42	13	。	3.1750500202178955
43	1	他	4.5236897468566895
43	2	发现	12.93494701385498
43	3	了	6.950244426727295
43	4	那	10.720024108886719
43	5	座	3.2409744262695312
43	6	写	14.732234954833984
43	7	过	7.475259304046631
43	8	书	11.224759101867676
43	9	的	0.22275878489017487
43	10	老人	8.719490051269531
43	11	修	14.75820255279541
43	12	的	6.505919933319092
43	13	桥	12.774497032165527
43	14	。	1.8483505249023438
44	1	他	4.5236897468566895
44	2	发现	12.93494701385498
44	3	了	6.950244426727295
44	4	那	10.720024108886719
44	5	个	6.615473747253418
44	6	写	16.254985809326172
44	7	过	7.146963119506836
44	8	书	10.408543586730957
44	9	的	0.44601568579673767
44	10	老人	9.809659957885742
44	11	修	15.34619426727295
44	12	的	5.8572516441345215
44	13	桥	13.394696235656738
44	14	。	2.3169798851013184
45	1	她	7.657495975494385
45	2	评价	13.395597457885742
45	3	了	4.6050801277160645
45	4	那	10.493420600891113
45	5	篇	11.395870208740234
45	6	获	16.091585159301758
45	7	奖	10.960665702819824
45	8	的	0.36003634333610535
45	9	学生	8.744680404663086
45	10	准备	14.725811958312988
45	11	的	4.284402370452881
45	12	报告	14.530839920043945
45	13	。	0.5434613227844238
46	1	她	7.657495975494385
46	2	评价	13.395597457885742
46	3	了	4.6050801277160645
46	4	那	10.493420600891113
46	5	个	6.656271457672119
46	6	获	19.564407348632812
46	7	奖	9.530583381652832
46	8	的	0.1951228529214859
46	9	学生	7.552972793579102
46	10	准备	15.182496070861816
46	11	的	4.276020526885986
46	12	报告	18.304105758666992
46	13	。	0.5423321723937988
47	1	我	7.963864326477051
47	2	在	5.732228755950928
47	3	等	10.163971900939941
47	4	那	8.503881454467773
47	5	封	9.495115280151367
47	6	依赖	19.88239288330078
47	7	我	2.5855486392974854
47	8	的	0.9631645083427429
47	9	朋友	9.313371658325195
47	10	写	11.576568603515625
47	11	的	3.358807325363159
47	12	信	4.050422668457031
47	13	。	5.449002742767334
48	1	我	7.963864326477051
48	2	在	5.732228755950928
48	3	等	10.163971900939941
48	4	那	8.503881454467773
48	5	个	4.171819686889648
48	6	依赖	19.0894718170166
48	7	我	3.929243564605713
48	8	的	1.2107607126235962
48	9	朋友	6.335975646972656
48	10	写	12.268350601196289
48	11	的	3.879115343093872
48	12	信	6.419703483581543
48	13	。	5.955639362335205
49	1	他	4.5236897468566895
49	2	提到	16.005393981933594
49	3	了	5.224550247192383
49	4	那	10.025010108947754
49	5	堂	13.223371505737305
49	6	教	14.88870620727539
49	7	过	10.531405448913574
49	8	我	7.908881664276123
49	9	的	1.7612043619155884
49	10	老师	10.07870101928711
49	11	教	14.309004783630371
49	12	的	2.4919886589050293
49	13	课	8.507753372192383
49	14	。	1.3520309925079346
50	1	他	4.5236897468566895
50	2	提到	16.005393981933594
50	3	了	5.224550247192383
50	4	那	10.025010108947754
50	5	个	5.211365699768066
50	6	教	17.938045501708984
50	7	过	10.422506332397461
50	8	我	6.537192344665527
50	9	的	0.9372332096099854
50	10	老师	7.858511924743652
50	11	教	14.545574188232422
50	12	的	2.130794048309326
50	13	课	9.182738304138184
50	14	。	2.119934558868408
51	1	她	7.657495975494385
51	2	推荐	16.484241485595703
51	3	了	1.692622423171997
51	4	那	15.776662826538086
51	5	块	14.383142471313477
51	6	喜欢	12.83042049407959
51	7	音乐	10.361409187316895
51	8	的	0.33045312762260437
51	9	医生	13.22281265258789
51	10	喜欢	15.643301010131836
51	11	的	7.501464366912842
51	12	手表	14.664518356323242
51	13	。	2.426828145980835
52	1	她	7.657495975494385
52	2	推荐	16.484241485595703
52	3	了	1.692622423171997
52	4	那	15.776662826538086
52	5	个	7.091358661651611
52	6	喜欢	11.822759628295898
52	7	音乐	9.914979934692383
52	8	的	0.25403037667274475
52	9	医生	10.234169006347656
52	10	喜欢	16.560441970825195
52	11	的	6.530406951904297
52	12	手表	14.693303108215332
52	13	。	2.2921645641326904
53	1	我	7.963864326477051
53	2	选择	10.406889915466309
53	3	了	1.4771229028701782
53	4	那	6.368375778198242
53	5	篇	9.100085258483887
53	6	获	16.882017135620117
53	7	奖	11.57889461517334
53	8	的	0.46393251419067383
53	9	学生	7.885190486907959
53	10	写	10.296327590942383
53	11	的	3.9542019367218018
53	12	论文	6.853028297424316
53	13	。	1.8336710929870605
54	1	我	7.963864326477051
54	2	选择	10.406889915466309
54	3	了	1.4771229028701782
54	4	那	6.368375778198242
54	5	个	4.218879222869873
54	6	获	20.136581420898438
54	7	奖	10.167197227478027
54	8	的	0.415632963180542
54	9	学生	6.781398296356201
54	10	写	13.389421463012695
54	11	的	4.727556228637695
54	12	论文	7.760437488555908
54	13	。	1.8354593515396118
55	1	她	7.657495975494385
55	2	喜欢	12.255514144897461
55	3	那	8.034550666809082
55	4	场	8.037782669067383
55	5	参加	16.987375259399414
55	6	过	8.773406982421875
55	7	比赛	7.104830741882324
55	8	的	1.0080604553222656
55	9	演员	11.618366241455078
55	10	准备	9.997909545898438
55	11	的	8.90783405303955
55	12	表演	7.946547508239746
55	13	。	1.2192020416259766
56	1	她	7.657495975494385
56	2	喜欢	12.255514144897461
56	3	那	8.034550666809082
56	4	个	5.472134113311768
56	5	参加	13.395406723022461
56	6	过	6.470049858093262
56	7	比赛	9.231440544128418
56	8	的	0.7452425956726074
56	9	演员	10.727065086364746
56	10	准备	11.464534759521484
56	11	的	7.592682361602783
56	12	表演	8.030364036560059
56	13	。	1.1652406454086304
57	1	他	4.5236897468566895
57	2	称赞	9.459563255310059
57	3	了	8.487130165100098
57	4	那	10.241193771362305
57	5	间	13.351455688476562
57	6	救	19.29288101196289
57	7	过	17.800193786621094
57	8	我	6.810498237609863
57	9	的	0.45117512345314026
57	10	警察	12.17413330078125
57	11	工作	11.490826606750488
57	12	的	3.066481590270996
57	13	办公室	12.985525131225586
57	14	。	0.9424428343772888
58	1	他	4.5236897468566895
58	2	称赞	9.459563255310059
58	3	了	8.487130165100098
58	4	那	10.241193771362305
58	5	个	9.096359252929688
58	6	救	16.294286727905273
58	7	过	18.29900550842285
58	8	我	6.224030017852783
58	9	的	0.3691321611404419
58	10	警察	12.124066352844238
58	11	工作	13.489829063415527
58	12	的	3.447218894958496
58	13	办公室	12.905253410339355
58	14	。	0.7107046246528625
59	1	我	7.963864326477051
59	2	听说	10.38840389251709
59	3	过	1.3185211420059204
59	4	那	7.204336643218994
59	5	首	8.770875930786133
59	6	打	12.898690223693848
59	7	游戏	8.642656326293945
59	8	的	1.9760013818740845
59	9	孩子	8.363853454589844
59	10	写	13.104266166687012
59	11	的	2.0667755603790283
59	12	诗	13.320015907287598
59	13	。	5.186275482177734
60	1	我	7.963864326477051
60	2	听说	10.38840389251709
60	3	过	1.3185211420059204
60	4	那	7.204336643218994
60	5	个	5.374985218048096
60	6	打	14.736124038696289
60	7	游戏	7.945459365844727
60	8	的	1.6988794803619385
60	9	孩子	7.891913414001465
60	10	写	12.649531364440918
60	11	的	2.1564202308654785
60	12	诗	13.726170539855957
60	13	。	5.60902214050293
61	1	我	7.963864326477051
61	2	选择	10.406889915466309
61	3	了	1.4771229028701782
61	4	那	6.368375778198242
61	5	家	6.876870632171631
61	6	依赖	19.411266326904297
61	7	我	4.419350624084473
61	8	的	0.7877523303031921
61	9	朋友	5.9413909912109375
61	10	去	5.853405475616455
61	11	的	9.448480606079102
61	12	银行	8.418768882751465
61	13	。	3.684633255004883
62	1	我	7.963864326477051
62	2	选择	10.406889915466309
62	3	了	1.4771229028701782
62	4	那	6.368375778198242
62	5	个	4.218879222869873
62	6	依赖	18.543201446533203
62	7	我	5.058808326721191
62	8	的	0.658173143863678
62	9	朋友	6.882555961608887
62	10	去	7.265988826751709
62	11	的	9.28169059753418
62	12	银行	8.850510597229004
62	13	。	4.015015125274658
