sentence_id	token_id	token	surprisal
1	1	我	7.963864326477051
1	2	很	6.08921480178833
1	3	喜欢	4.428827285766602
1	4	一	6.947022914886475
1	5	位	2.0968358516693115
1	6	让	12.890584945678711
1	7	人	2.6792969703674316
1	8	开心	10.065986633300781
1	9	的	0.4212702512741089
1	10	明星	12.119881629943848
1	11	。	2.005469799041748
2	1	我	7.963864326477051
2	2	很	6.08921480178833
2	3	喜欢	4.428827285766602
2	4	一	6.947022914886475
2	5	首	8.761831283569336
2	6	让	10.235666275024414
2	7	人	2.729557991027832
2	8	开心	10.385623931884766
2	9	的	0.6757189035415649
2	10	明星	14.361100196838379
2	11	。	1.8726848363876343
3	1	我	7.963864326477051
3	2	很	6.08921480178833
3	3	喜欢	4.428827285766602
3	4	一	6.947022914886475
3	5	首	8.761831283569336
3	6	让	10.235666275024414
3	7	人	2.729557991027832
3	8	开心	10.385623931884766
3	9	的	0.6757189035415649
3	10	歌曲	9.075712203979492
3	11	。	1.8326154947280884
4	1	我	7.963864326477051
4	2	很	6.08921480178833
4	3	喜欢	4.428827285766602
4	4	一	6.947022914886475
4	5	位	2.0968358516693115
4	6	让	12.890584945678711
4	7	人	2.6792969703674316
4	8	开心	10.065986633300781
4	9	的	0.4212702512741089
4	10	歌曲	12.0766019821167
4	11	。	2.5350539684295654
5	1	她	7.657495975494385
5	2	开车	18.8394775390625
5	3	去	3.2461891174316406
5	4	了	3.6109259128570557
5	5	一	4.93675422668457
5	6	家	2.891955614089966
5	7	受	16.02121925354004
5	8	大家	11.138324737548828
5	9	欢迎	1.5409129858016968
5	10	的	0.05932415649294853
5	11	店	6.739924430847168
5	12	。	2.7072882652282715
6	1	她	7.657495975494385
6	2	开车	18.8394775390625
6	3	去	3.2461891174316406
6	4	了	3.6109259128570557
6	5	一	4.93675422668457
6	6	座	7.719429969787598
6	7	受	13.424440383911133
6	8	大家	12.797630310058594
6	9	欢迎	1.347622036933899
6	10	的	0.015221403911709785
6	11	店	9.279655456542969
6	12	。	2.664869785308838
7	1	她	7.657495975494385
7	2	开车	18.8394775390625
7	3	去	3.2461891174316406
7	4	了	3.6109259128570557
7	5	一	4.93675422668457
7	6	座	7.719429969787598
7	7	受	13.424440383911133
7	8	大家	12.797630310058594
7	9	欢迎	1.347622036933899
7	10	的	0.015221403911709785
7	11	山	13.764693260192871
7	12	。	4.1510725021362305
8	1	她	7.657495975494385
8	2	开车	18.8394775390625
8	3	去	3.2461891174316406
8	4	了	3.6109259128570557
8	5	一	4.93675422668457
8	6	家	2.891955614089966
8	7	受	16.02121925354004
8	8	大家	11.138324737548828
8	9	欢迎	1.5409129858016968
8	10	的	0.05932415649294853
8	11	山	16.969135284423828
8	12	。	4.667708396911621
9	1	他	4.5236897468566895
9	2	有	11.403263092041016
9	3	一	3.3810231685638428
9	4	双	8.040355682373047
9	5	被	12.995676040649414
9	6	我	11.60312271118164
9	7	丢	11.575467109680176
9	8	了	1.0145756006240845
9	9	的	7.797361850738525
9	10	手套	12.028180122375488
9	11	。	3.3264663219451904
10	1	他	4.5236897468566895
10	2	有	11.403263092041016
10	3	一	3.3810231685638428
10	4	枚	9.976631164550781
10	5	被	5.890736103057861
10	6	我	11.943289756774902
10	7	丢	12.265680313110352
10	8	了	1.544019103050232
10	9	的	6.424333572387695
10	10	手套	12.199196815490723
10	11	。	2.1965599060058594
11	1	他	4.5236897468566895
11	2	有	11.403263092041016
11	3	一	3.3810231685638428
11	4	枚	9.976631164550781
11	5	被	5.890736103057861
11	6	我	11.943289756774902
11	7	丢	12.265680313110352
11	8	了	1.544019103050232
11	9	的	6.424333572387695
11	10	纽扣	19.34033966064453
11	11	。	4.2175612449646
12	1	他	4.5236897468566895
12	2	有	11.403263092041016
12	3	一	3.3810231685638428
12	4	双	8.040355682373047
12	5	被	12.995676040649414
12	6	我	11.60312271118164
12	7	丢	11.575467109680176
12	8	了	1.0145756006240845
12	9	的	7.797361850738525
12	10	纽扣	19.72595977783203
12	11	。	4.5224103927612305
13	1	店长	22.51995277404785
13	2	拿	17.13266372680664
13	3	着	4.435620307922363
13	4	一	5.685454845428467
13	5	只	6.769542694091797
13	6	已经	15.499773979187012
13	7	成熟	11.20432186126709
13	8	了	2.0951712131500244
13	9	的	0.481756329536438
13	10	兔子	16.235700607299805
13	11	。	3.506730318069458
14	1	店长	22.51995277404785
14	2	拿	17.13266372680664
14	3	着	4.435620307922363
14	4	一	5.685454845428467
14	5	根	6.530764579772949
14	6	已经	13.181041717529297
14	7	成熟	8.923047065734863
14	8	了	3.5656578540802
14	9	的	0.2119399607181549
14	10	兔子	15.54220962524414
14	11	。	2.7824435234069824
15	1	店长	22.51995277404785
15	2	拿	17.13266372680664
15	3	着	4.435620307922363
15	4	一	5.685454845428467
15	5	根	6.530764579772949
15	6	已经	13.181041717529297
15	7	成熟	8.923047065734863
15	8	了	3.5656578540802
15	9	的	0.2119399607181549
15	10	萝卜	13.545331001281738
15	11	。	1.5368165969848633
16	1	店长	22.51995277404785
16	2	拿	17.13266372680664
16	3	着	4.435620307922363
16	4	一	5.685454845428467
16	5	只	6.769542694091797
16	6	已经	15.499773979187012
16	7	成熟	11.20432186126709
16	8	了	2.0951712131500244
16	9	的	0.481756329536438
16	10	萝卜	14.49007511138916
16	11	。	1.656256079673767
17	1	他	4.5236897468566895
17	2	认识	16.058347702026367
17	3	了	5.576032638549805
17	4	一	6.317343235015869
17	5	名	8.303403854370117
17	6	会	15.542551040649414
17	7	讲	12.701545715332031
17	8	故事	10.69242000579834
17	9	的	0.2818465530872345
17	10	男孩	8.644454956054688
17	11	。	1.7936646938323975
18	1	他	4.5236897468566895
18	2	认识	16.058347702026367
18	3	了	5.576032638549805
18	4	一	6.317343235015869
18	5	本	10.996273040771484
18	6	会	11.315439224243164
18	7	讲	11.115507125854492
18	8	故事	10.480110168457031
18	9	的	0.7171586751937866
18	10	男孩	11.910634994506836
18	11	。	1.9393028020858765
19	1	他	4.5236897468566895
19	2	认识	16.058347702026367
19	3	了	5.576032638549805
19	4	一	6.317343235015869
19	5	本	10.996273040771484
19	6	会	11.315439224243164
19	7	讲	11.115507125854492
19	8	故事	10.480110168457031
19	9	的	0.7171586751937866
19	10	小说	12.911930084228516
19	11	。	1.4056529998779297
20	1	他	4.5236897468566895
20	2	认识	16.058347702026367
20	3	了	5.576032638549805
20	4	一	6.317343235015869
20	5	名	8.303403854370117
20	6	会	15.542551040649414
20	7	讲	12.701545715332031
20	8	故事	10.69242000579834
20	9	的	0.2818465530872345
20	10	小说	12.975191116333008
20	11	。	2.5890989303588867
21	1	男人	16.836748123168945
21	2	在	4.351878643035889
21	3	扫描	18.89325523376465
21	4	一	11.432347297668457
21	5	篇	3.7475180625915527
21	6	登报	19.162227630615234
21	7	了	18.639484405517578
21	8	的	8.200326919555664
21	9	文章	1.0633690357208252
21	10	。	6.412121772766113
22	1	男人	16.836748123168945
22	2	在	4.351878643035889
22	3	扫描	18.89325523376465
22	4	一	11.432347297668457
22	5	张	8.315300941467285
22	6	登报	18.02036476135254
22	7	了	17.666967391967773
22	8	的	7.475668907165527
22	9	文章	4.867404937744141
22	10	。	7.893131256103516
23	1	男人	16.836748123168945
23	2	在	4.351878643035889
23	3	扫描	18.89325523376465
23	4	一	11.432347297668457
23	5	张	8.315300941467285
23	6	登报	18.02036476135254
23	7	了	17.666967391967773
23	8	的	7.475668907165527
23	9	图片	8.809141159057617
23	10	。	9.22948169708252
24	1	男人	16.836748123168945
24	2	在	4.351878643035889
24	3	扫描	18.89325523376465
24	4	一	11.432347297668457
24	5	篇	3.7475180625915527
24	6	登报	19.162227630615234
24	7	了	18.639484405517578
24	8	的	8.200326919555664
24	9	图片	12.387731552124023
24	10	。	7.516902923583984
25	1	演员	15.446003913879395
25	2	在	4.760021209716797
25	3	看	12.888338088989258
25	4	一	6.187948226928711
25	5	张	5.55969762802124
25	6	唤起	17.56070327758789
25	7	她	9.64733600616455
25	8	回忆	12.710433959960938
25	9	的	3.063072919845581
25	10	旧	15.200984954833984
25	11	照片	11.249368667602539
25	12	。	8.908846855163574
26	1	演员	15.446003913879395
26	2	在	4.760021209716797
26	3	看	12.888338088989258
26	4	一	6.187948226928711
26	5	位	4.095901012420654
26	6	唤起	17.21198272705078
26	7	她	9.19730281829834
26	8	回忆	12.641844749450684
26	9	的	3.3500583171844482
26	10	旧	15.524211883544922
26	11	照片	13.068534851074219
26	12	。	9.360719680786133
27	1	演员	15.446003913879395
27	2	在	4.760021209716797
27	3	看	12.888338088989258
27	4	一	6.187948226928711
27	5	位	4.095901012420654
27	6	唤起	17.21198272705078
27	7	她	9.19730281829834
27	8	回忆	12.641844749450684
27	9	的	3.3500583171844482
27	10	老师	9.937230110168457
27	11	。	5.101198196411133
28	1	演员	15.446003913879395
28	2	在	4.760021209716797
28	3	看	12.888338088989258
28	4	一	6.187948226928711
28	5	张	5.55969762802124
28	6	唤起	17.56070327758789
28	7	她	9.64733600616455
28	8	回忆	12.710433959960938
28	9	的	3.063072919845581
28	10	老师	11.129450798034668
28	11	。	5.102774620056152
29	1	他	4.5236897468566895
29	2	在	5.075405597686768
29	3	修理	16.38300323486328
29	4	一	6.710641384124756
29	5	辆	6.101996421813965
29	6	无法	15.418282508850098
29	7	启动	14.569784164428711
29	8	的	0.17192243039608002
29	9	汽车	4.529450416564941
29	10	。	7.258330821990967
30	1	他	4.5236897468566895
30	2	在	5.075405597686768
30	3	修理	16.38300323486328
30	4	一	6.710641384124756
30	5	套	5.271178245544434
30	6	无法	13.69546127319336
30	7	启动	13.270977973937988
30	8	的	0.2040960192680359
30	9	汽车	8.524787902832031
30	10	。	7.724167346954346
31	1	他	4.5236897468566895
31	2	在	5.075405597686768
31	3	修理	16.38300323486328
31	4	一	6.710641384124756
31	5	套	5.271178245544434
31	6	无法	13.69546127319336
31	7	启动	13.270977973937988
31	8	的	0.2040960192680359
31	9	系统	7.945816993713379
31	10	。	9.012566566467285
32	1	他	4.5236897468566895
32	2	在	5.075405597686768
32	3	修理	16.38300323486328
32	4	一	6.710641384124756
32	5	辆	6.101996421813965
32	6	无法	15.418282508850098
32	7	启动	14.569784164428711
32	8	的	0.17192243039608002
32	9	系统	9.929469108581543
32	10	。	8.946907043457031
33	1	学生	14.263710021972656
33	2	们	18.094911575317383
33	3	在	5.085513591766357
33	4	写	11.769200325012207
33	5	一	5.598899841308594
33	6	部	6.425934314727783
33	7	长	7.967082500457764
33	8	一	11.901165962219238
33	9	个	6.789615154266357
33	10	小时	7.129262924194336
33	11	的	0.03995753079652786
33	12	电影	5.540368556976318
33	13	。	7.197819232940674
34	1	学生	14.263710021972656
34	2	们	18.094911575317383
34	3	在	5.085513591766357
34	4	写	11.769200325012207
34	5	一	5.598899841308594
34	6	首	3.5806093215942383
34	7	长	8.345616340637207
34	8	一	8.038983345031738
34	9	个	6.413242816925049
34	10	小时	7.188647747039795
34	11	的	0.06560694426298141
34	12	电影	6.840452194213867
34	13	。	8.110861778259277
35	1	学生	14.263710021972656
35	2	们	18.094911575317383
35	3	在	5.085513591766357
35	4	写	11.769200325012207
35	5	一	5.598899841308594
35	6	首	3.5806093215942383
35	7	长	8.345616340637207
35	8	一	8.038983345031738
35	9	个	6.413242816925049
35	10	小时	7.188647747039795
35	11	的	0.06560694426298141
35	12	戏曲	17.686832427978516
35	13	。	11.145390510559082
36	1	学生	14.263710021972656
36	2	们	18.094911575317383
36	3	在	5.085513591766357
36	4	写	11.769200325012207
36	5	一	5.598899841308594
36	6	部	6.425934314727783
36	7	长	7.967082500457764
36	8	一	11.901165962219238
36	9	个	6.789615154266357
36	10	小时	7.129262924194336
36	11	的	0.03995753079652786
36	12	戏曲	17.478113174438477
36	13	。	10.856501579284668
37	1	我们	7.549299240112305
37	2	在	5.297558307647705
37	3	看	9.807456016540527
37	4	一	2.9783644676208496
37	5	场	3.6738297939300537
37	6	吸引	14.626704216003418
37	7	了	4.922291278839111
37	8	很多	6.488713264465332
37	9	观众	1.4821993112564087
37	10	的	1.0548300743103027
37	11	表演	6.060210227966309
37	12	。	5.666648864746094
38	1	我们	7.549299240112305
38	2	在	5.297558307647705
38	3	看	9.807456016540527
38	4	一	2.9783644676208496
38	5	块	13.582365036010742
38	6	吸引	13.198507308959961
38	7	了	5.23369836807251
38	8	很多	5.62761116027832
38	9	观众	3.844752550125122
38	10	的	1.1472126245498657
38	11	表演	8.2738676071167
38	12	。	5.673336982727051
39	1	我们	7.549299240112305
39	2	在	5.297558307647705
39	3	看	9.807456016540527
39	4	一	2.9783644676208496
39	5	块	13.582365036010742
39	6	吸引	13.198507308959961
39	7	了	5.23369836807251
39	8	很多	5.62761116027832
39	9	观众	3.844752550125122
39	10	的	1.1472126245498657
39	11	场地	13.692580223083496
39	12	。	4.415431022644043
40	1	我们	7.549299240112305
40	2	在	5.297558307647705
40	3	看	9.807456016540527
40	4	一	2.9783644676208496
40	5	场	3.6738297939300537
40	6	吸引	14.626704216003418
40	7	了	4.922291278839111
40	8	很多	6.488713264465332
40	9	观众	1.4821993112564087
40	10	的	1.0548300743103027
40	11	场地	15.143917083740234
40	12	。	3.9402260780334473
41	1	他	4.5236897468566895
41	2	最	12.743204116821289
41	3	喜欢	5.82423734664917
41	4	一	8.04029369354248
41	5	道	9.735593795776367
41	6	让	11.880230903625488
41	7	人	0.474029541015625
41	8	想念	13.400131225585938
41	9	的	7.61051082611084
41	10	菜	15.547856330871582
41	11	。	3.1343493461608887
42	1	他	4.5236897468566895
42	2	最	12.743204116821289
42	3	喜欢	5.82423734664917
42	4	一	8.04029369354248
42	5	瓶	11.059494018554688
42	6	让	14.915332794189453
42	7	人	3.0390710830688477
42	8	想念	13.41501235961914
42	9	的	7.901645183563232
42	10	菜	12.683938980102539
42	11	。	3.334857702255249
43	1	他	4.5236897468566895
43	2	最	12.743204116821289
43	3	喜欢	5.82423734664917
43	4	一	8.04029369354248
43	5	瓶	11.059494018554688
43	6	让	14.915332794189453
43	7	人	3.0390710830688477
43	8	想念	13.41501235961914
43	9	的	7.901645183563232
43	10	醋	18.20192527770996
43	11	。	3.9176435470581055
44	1	他	4.5236897468566895
44	2	最	12.743204116821289
44	3	喜欢	5.82423734664917
44	4	一	8.04029369354248
44	5	道	9.735593795776367
44	6	让	11.880230903625488
44	7	人	0.474029541015625
44	8	想念	13.400131225585938
44	9	的	7.61051082611084
44	10	醋	20.65865135192871
44	11	。	3.613481044769287
45	1	她	7.657495975494385
45	2	拿	14.554892539978027
45	3	了	1.2506822347640991
45	4	一	4.024283409118652
45	5	份	5.819888114929199
45	6	被	9.091825485229492
45	7	提供	13.932066917419434
45	8	给	1.657652735710144
45	9	客人	9.182638168334961
45	10	的	0.961307168006897
45	11	饭	15.535362243652344
45	12	。	4.183408737182617
46	1	她	7.657495975494385
46	2	拿	14.554892539978027
46	3	了	1.2506822347640991
46	4	一	4.024283409118652
46	5	卷	13.663213729858398
46	6	被	8.135489463806152
46	7	提供	15.479302406311035
46	8	给	0.684418797492981
46	9	客人	9.343212127685547
46	10	的	1.2925409078598022
46	11	饭	15.615080833435059
46	12	。	4.8447442054748535
47	1	她	7.657495975494385
47	2	拿	14.554892539978027
47	3	了	1.2506822347640991
47	4	一	4.024283409118652
47	5	卷	13.663213729858398
47	6	被	8.135489463806152
47	7	提供	15.479302406311035
47	8	给	0.684418797492981
47	9	客人	9.343212127685547
47	10	的	1.2925409078598022
47	11	纸	11.546869277954102
47	12	。	7.030605316162109
48	1	她	7.657495975494385
48	2	拿	14.554892539978027
48	3	了	1.2506822347640991
48	4	一	4.024283409118652
48	5	份	5.819888114929199
48	6	被	9.091825485229492
48	7	提供	13.932066917419434
48	8	给	1.657652735710144
48	9	客人	9.182638168334961
48	10	的	0.961307168006897
48	11	纸	11.51253890991211
48	12	。	8.305849075317383
49	1	学生	14.263710021972656
49	2	们	18.094911575317383
49	3	在	5.085513591766357
49	4	写	11.769200325012207
49	5	一	5.598899841308594
49	6	部	6.425934314727783
49	7	令	11.424873352050781
49	8	人	1.979508638381958
49	9	感动	6.008767127990723
49	10	的	0.19971098005771637
49	11	戏剧	13.150649070739746
49	12	。	10.444215774536133
50	1	学生	14.263710021972656
50	2	们	18.094911575317383
50	3	在	5.085513591766357
50	4	写	11.769200325012207
50	5	一	5.598899841308594
50	6	篇	1.341973066329956
50	7	令	12.223223686218262
50	8	人	1.87469482421875
50	9	感动	6.467613220214844
50	10	的	0.09677352756261826
50	11	戏剧	15.509265899658203
50	12	。	10.926509857177734
51	1	学生	14.263710021972656
51	2	们	18.094911575317383
51	3	在	5.085513591766357
51	4	写	11.769200325012207
51	5	一	5.598899841308594
51	6	篇	1.341973066329956
51	7	令	12.223223686218262
51	8	人	1.87469482421875
51	9	感动	6.467613220214844
51	10	的	0.09677352756261826
51	11	文章	0.35820984840393066
51	12	。	10.366226196289062
52	1	学生	14.263710021972656
52	2	们	18.094911575317383
52	3	在	5.085513591766357
52	4	写	11.769200325012207
52	5	一	5.598899841308594
52	6	部	6.425934314727783
52	7	令	11.424873352050781
52	8	人	1.979508638381958
52	9	感动	6.008767127990723
52	10	的	0.19971098005771637
52	11	文章	1.1634798049926758
52	12	。	10.144886016845703
53	1	这	6.30433988571167
53	2	是	4.837510585784912
53	3	一	2.93381404876709
53	4	辆	13.318757057189941
53	5	有	9.500301361083984
53	6	历史	14.521909713745117
53	7	的	1.5538110733032227
53	8	火车	9.797478675842285
53	9	。	3.8371059894561768
54	1	这	6.30433988571167
54	2	是	4.837510585784912
54	3	一	2.93381404876709
54	4	扇	16.749534606933594
54	5	有	11.171652793884277
54	6	历史	12.281330108642578
54	7	的	1.3064054250717163
54	8	火车	16.1041202545166
54	9	。	4.214262962341309
55	1	这	6.30433988571167
55	2	是	4.837510585784912
55	3	一	2.93381404876709
55	4	扇	16.749534606933594
55	5	有	11.171652793884277
55	6	历史	12.281330108642578
55	7	的	1.3064054250717163
55	8	窗户	13.709427833557129
55	9	。	3.838862895965576
56	1	这	6.30433988571167
56	2	是	4.837510585784912
56	3	一	2.93381404876709
56	4	辆	13.318757057189941
56	5	有	9.500301361083984
56	6	历史	14.521909713745117
56	7	的	1.5538110733032227
56	8	窗户	14.68709945678711
56	9	。	4.580551624298096
57	1	老师	14.892623901367188
57	2	在	5.844692230224609
57	3	责备	18.546175003051758
57	4	三	11.061450958251953
57	5	名	5.090517044067383
57	6	不	10.624673843383789
57	7	睡觉	15.554084777832031
57	8	的	1.5099503993988037
57	9	学生	11.901786804199219
57	10	。	8.02393913269043
58	1	老师	14.892623901367188
58	2	在	5.844692230224609
58	3	责备	18.546175003051758
58	4	三	11.061450958251953
58	5	只	9.426993370056152
58	6	不	18.010234832763672
58	7	睡觉	14.726263046264648
58	8	的	0.7321560978889465
58	9	学生	13.916338920593262
58	10	。	8.11732006072998
59	1	老师	14.892623901367188
59	2	在	5.844692230224609
59	3	责备	18.546175003051758
59	4	三	11.061450958251953
59	5	只	9.426993370056152
59	6	不	18.010234832763672
59	7	睡觉	14.726263046264648
59	8	的	0.7321560978889465
59	9	宠物	19.474422454833984
59	10	。	9.159493446350098
60	1	老师	14.892623901367188
60	2	在	5.844692230224609
60	3	责备	18.546175003051758
60	4	三	11.061450958251953
60	5	名	5.090517044067383
60	6	不	10.624673843383789
60	7	睡觉	15.554084777832031
60	8	的	1.5099503993988037
60	9	宠物	20.6688289642334
60	10	。	10.073123931884766
61	1	她	7.657495975494385
61	2	买	13.122357368469238
61	3	过	7.0577592849731445
61	4	两	3.0086934566497803
61	5	杯	7.030153274536133
61	6	正在	19.764726638793945
61	7	打折	15.28934383392334
61	8	的	3.7722082138061523
61	9	咖啡	11.957571029663086
61	10	。	3.237271308898926
62	1	她	7.657495975494385
62	2	买	13.122357368469238
62	3	过	7.0577592849731445
62	4	两	3.0086934566497803
62	5	个	3.722046375274658
62	6	正在	13.662775039672852
62	7	打折	14.208471298217773
62	8	的	2.0628175735473633
62	9	咖啡	12.955282211303711
62	10	。	2.8132312297821045
63	1	她	7.657495975494385
63	2	买	13.122357368469238
63	3	过	7.0577592849731445
63	4	两	3.0086934566497803
63	5	个	3.722046375274658
63	6	正在	13.662775039672852
63	7	打折	14.208471298217773
63	8	的	2.0628175735473633
63	9	杯子	18.119152069091797
63	10	。	3.489631175994873
64	1	她	7.657495975494385
64	2	买	13.122357368469238
64	3	过	7.0577592849731445
64	4	两	3.0086934566497803
64	5	杯	7.030153274536133
64	6	正在	19.764726638793945
64	7	打折	15.28934383392334
64	8	的	3.7722082138061523
64	9	杯子	18.912282943725586
64	10	。	4.864404201507568
65	1	孩子	14.846302032470703
65	2	在	5.378190994262695
65	3	卖	12.561568260192871
65	4	五	14.630501747131348
65	5	台	11.831734657287598
65	6	有	11.491422653198242
65	7	花纹	18.322336196899414
65	8	的	1.518415927886963
65	9	桌子	10.02701187133789
65	10	。	6.698971748352051
66	1	孩子	14.846302032470703
66	2	在	5.378190994262695
66	3	卖	12.561568260192871
66	4	五	14.630501747131348
66	5	块	4.818990230560303
66	6	有	9.913460731506348
66	7	花纹	18.389026641845703
66	8	的	1.214074969291687
66	9	桌子	9.739444732666016
66	10	。	7.314085006713867
67	1	孩子	14.846302032470703
67	2	在	5.378190994262695
67	3	卖	12.561568260192871
67	4	五	14.630501747131348
67	5	块	4.818990230560303
67	6	有	9.913460731506348
67	7	花纹	18.389026641845703
67	8	的	1.214074969291687
67	9	蛋糕	11.94454574584961
67	10	。	5.38646936416626
68	1	孩子	14.846302032470703
68	2	在	5.378190994262695
68	3	卖	12.561568260192871
68	4	五	14.630501747131348
68	5	台	11.831734657287598
68	6	有	11.491422653198242
68	7	花纹	18.322336196899414
68	8	的	1.518415927886963
68	9	蛋糕	11.778160095214844
68	10	。	4.162463188171387
69	1	妈妈	14.773599624633789
69	2	在	6.536574840545654
69	3	做	9.088109016418457
69	4	一	5.76829195022583
69	5	张	6.033194065093994
69	6	代表	15.919454574584961
69	7	幸运	17.749923706054688
69	8	的	0.34994634985923767
69	9	地图	13.182021141052246
69	10	。	10.184894561767578
70	1	妈妈	14.773599624633789
70	2	在	6.536574840545654
70	3	做	9.088109016418457
70	4	一	5.76829195022583
70	5	面	9.825265884399414
70	6	代表	13.058700561523438
70	7	幸运	15.763530731201172
70	8	的	0.21967799961566925
70	9	地图	14.791068077087402
70	10	。	8.85181713104248
71	1	妈妈	14.773599624633789
71	2	在	6.536574840545654
71	3	做	9.088109016418457
71	4	一	5.76829195022583
71	5	面	9.825265884399414
71	6	代表	13.058700561523438
71	7	幸运	15.763530731201172
71	8	的	0.21967799961566925
71	9	镜子	17.10564422607422
71	10	。	10.410760879516602
72	1	妈妈	14.773599624633789
72	2	在	6.536574840545654
72	3	做	9.088109016418457
72	4	一	5.76829195022583
72	5	张	6.033194065093994
72	6	代表	15.919454574584961
72	7	幸运	17.749923706054688
72	8	的	0.34994634985923767
72	9	镜子	17.54500961303711
72	10	。	13.107492446899414
73	1	爸爸	13.99850845336914
73	2	买	6.189600467681885
73	3	了	1.777838945388794
73	4	一	3.1407952308654785
73	5	栋	7.713597774505615
73	6	令	15.081677436828613
73	7	人	2.913654327392578
73	8	满意	2.4574928283691406
73	9	的	0.030938684940338135
73	10	房子	2.6776890754699707
73	11	。	2.932378053665161
74	1	爸爸	13.99850845336914
74	2	买	6.189600467681885
74	3	了	1.777838945388794
74	4	一	3.1407952308654785
74	5	条	4.314512729644775
74	6	令	14.019492149353027
74	7	人	3.025270462036133
74	8	满意	2.5531067848205566
74	9	的	0.03832809627056122
74	10	房子	4.814283847808838
74	11	。	2.4874584674835205
75	1	爸爸	13.99850845336914
75	2	买	6.189600467681885
75	3	了	1.777838945388794
75	4	一	3.1407952308654785
75	5	条	4.314512729644775
75	6	令	14.019492149353027
75	7	人	3.025270462036133
75	8	满意	2.5531067848205566
75	9	的	0.03832809627056122
75	10	沙发	9.895496368408203
75	11	。	2.6223366260528564
76	1	爸爸	13.99850845336914
76	2	买	6.189600467681885
76	3	了	1.777838945388794
76	4	一	3.1407952308654785
76	5	栋	7.713597774505615
76	6	令	15.081677436828613
76	7	人	2.913654327392578
76	8	满意	2.4574928283691406
76	9	的	0.030938684940338135
76	10	沙发	10.363770484924316
76	11	。	3.496596336364746
77	1	我	7.963864326477051
77	2	想	4.6044158935546875
77	3	种	16.702260971069336
77	4	一	5.771557331085205
77	5	朵	17.89799690246582
77	6	能	11.999457359313965
77	7	开花	14.558036804199219
77	8	的	0.25257259607315063
77	9	玫瑰	13.139854431152344
77	10	。	3.4252405166625977
78	1	我	7.963864326477051
78	2	想	4.6044158935546875
78	3	种	16.702260971069336
78	4	一	5.771557331085205
78	5	颗	11.066279411315918
78	6	能	8.135047912597656
78	7	开花	17.19868278503418
78	8	的	0.6581379175186157
78	9	玫瑰	15.333033561706543
78	10	。	5.230712413787842
79	1	我	7.963864326477051
79	2	想	4.6044158935546875
79	3	种	16.702260971069336
79	4	一	5.771557331085205
79	5	颗	11.066279411315918
79	6	能	8.135047912597656
79	7	开花	17.19868278503418
79	8	的	0.6581379175186157
79	9	种子	14.55590534210205
79	10	。	5.750079154968262
80	1	我	7.963864326477051
80	2	想	4.6044158935546875
80	3	种	16.702260971069336
80	4	一	5.771557331085205
80	5	朵	17.89799690246582
80	6	能	11.999457359313965
80	7	开花	14.558036804199219
80	8	的	0.25257259607315063
80	9	种子	10.98729133605957
80	10	。	3.668574333190918
81	1	我	7.963864326477051
81	2	经常	9.813946723937988
81	3	去	4.27585506439209
81	4	一	8.206101417541504
81	5	家	2.4674692153930664
81	6	有	8.594528198242188
81	7	雕塑	17.680503845214844
81	8	的	1.8723199367523193
81	9	医院	16.612079620361328
81	10	。	2.1868791580200195
82	1	我	7.963864326477051
82	2	经常	9.813946723937988
82	3	去	4.27585506439209
82	4	一	8.206101417541504
82	5	座	6.742156028747559
82	6	有	6.172069072723389
82	7	雕塑	16.45494842529297
82	8	的	0.9220187664031982
82	9	医院	14.508285522460938
82	10	。	1.9638546705245972
83	1	我	7.963864326477051
83	2	经常	9.813946723937988
83	3	去	4.27585506439209
83	4	一	8.206101417541504
83	5	座	6.742156028747559
83	6	有	6.172069072723389
83	7	雕塑	16.45494842529297
83	8	的	0.9220187664031982
83	9	城市	10.345183372497559
83	10	。	4.147302627563477
84	1	我	7.963864326477051
84	2	经常	9.813946723937988
84	3	去	4.27585506439209
84	4	一	8.206101417541504
84	5	家	2.4674692153930664
84	6	有	8.594528198242188
84	7	雕塑	17.680503845214844
84	8	的	1.8723199367523193
84	9	城市	12.513325691223145
84	10	。	5.206103324890137
85	1	我	7.963864326477051
85	2	拜访	14.476103782653809
85	3	了	1.603716492652893
85	4	这	6.619113922119141
85	5	一	5.213247776031494
85	6	所	8.167377471923828
85	7	培养	12.763440132141113
85	8	了	9.849909782409668
85	9	我	7.437564373016357
85	10	的	0.810141384601593
85	11	高中	13.65895938873291
85	12	。	3.69650936126709
86	1	我	7.963864326477051
86	2	拜访	14.476103782653809
86	3	了	1.603716492652893
86	4	这	6.619113922119141
86	5	一	5.213247776031494
86	6	位	4.887393474578857
86	7	培养	18.942041397094727
86	8	了	5.850230693817139
86	9	我	5.058866024017334
86	10	的	0.33837226033210754
86	11	高中	15.624063491821289
86	12	。	5.084718227386475
87	1	我	7.963864326477051
87	2	拜访	14.476103782653809
87	3	了	1.603716492652893
87	4	这	6.619113922119141
87	5	一	5.213247776031494
87	6	位	4.887393474578857
87	7	培养	18.942041397094727
87	8	了	5.850230693817139
87	9	我	5.058866024017334
87	10	的	0.33837226033210754
87	11	老师	7.521663665771484
87	12	。	2.8959927558898926
88	1	我	7.963864326477051
88	2	拜访	14.476103782653809
88	3	了	1.603716492652893
88	4	这	6.619113922119141
88	5	一	5.213247776031494
88	6	所	8.167377471923828
88	7	培养	12.763440132141113
88	8	了	9.849909782409668
88	9	我	7.437564373016357
88	10	的	0.810141384601593
88	11	老师	9.406171798706055
88	12	。	3.0160255432128906
89	1	他	4.5236897468566895
89	2	在	5.075405597686768
89	3	读	11.832735061645508
89	4	一	6.198451519012451
89	5	条	10.385201454162598
89	6	让	11.939358711242676
89	7	他	2.6743860244750977
89	8	流泪	13.303282737731934
89	9	的	0.12144403159618378
89	10	评论	7.22917366027832
89	11	。	7.340752601623535
90	1	他	4.5236897468566895
90	2	在	5.075405597686768
90	3	读	11.832735061645508
90	4	一	6.198451519012451
90	5	首	6.229516983032227
90	6	让	13.82392406463623
90	7	他	3.66831636428833
90	8	流泪	13.851842880249023
90	9	的	0.47958439588546753
90	10	评论	6.1200175285339355
90	11	。	8.153857231140137
91	1	他	4.5236897468566895
91	2	在	5.075405597686768
91	3	读	11.832735061645508
91	4	一	6.198451519012451
91	5	首	6.229516983032227
91	6	让	13.82392406463623
91	7	他	3.66831636428833
91	8	流泪	13.851842880249023
91	9	的	0.47958439588546753
91	10	诗歌	11.176745414733887
91	11	。	7.238954544067383
92	1	他	4.5236897468566895
92	2	在	5.075405597686768
92	3	读	11.832735061645508
92	4	一	6.198451519012451
92	5	条	10.385201454162598
92	6	让	11.939358711242676
92	7	他	2.6743860244750977
92	8	流泪	13.303282737731934
92	9	的	0.12144403159618378
92	10	诗歌	11.477856636047363
92	11	。	7.02522087097168
93	1	她	7.657495975494385
93	2	从来	14.237547874450684
93	3	没	3.807709217071533
93	4	见	7.1845784187316895
93	5	过	0.006940834689885378
93	6	一	7.256848335266113
93	7	头	9.428365707397461
93	8	受伤	12.217253684997559
93	9	了	9.17712116241455
93	10	的	9.111288070678711
93	11	老虎	13.860799789428711
93	12	。	1.6100819110870361
94	1	她	7.657495975494385
94	2	从来	14.237547874450684
94	3	没	3.807709217071533
94	4	见	7.1845784187316895
94	5	过	0.006940834689885378
94	6	一	7.256848335266113
94	7	双	8.556779861450195
94	8	受伤	13.33334732055664
94	9	了	9.45542049407959
94	10	的	6.972789287567139
94	11	老虎	12.773754119873047
94	12	。	1.470465898513794
95	1	她	7.657495975494385
95	2	从来	14.237547874450684
95	3	没	3.807709217071533
95	4	见	7.1845784187316895
95	5	过	0.006940834689885378
95	6	一	7.256848335266113
95	7	双	8.556779861450195
95	8	受伤	13.33334732055664
95	9	了	9.45542049407959
95	10	的	6.972789287567139
95	11	眼睛	7.063013076782227
95	12	。	1.6266636848449707
96	1	她	7.657495975494385
96	2	从来	14.237547874450684
96	3	没	3.807709217071533
96	4	见	7.1845784187316895
96	5	过	0.006940834689885378
96	6	一	7.256848335266113
96	7	头	9.428365707397461
96	8	受伤	12.217253684997559
96	9	了	9.17712116241455
96	10	的	9.111288070678711
96	11	眼睛	8.11017894744873
96	12	。	1.6666843891143799
97	1	我	7.963864326477051
97	2	还	7.046286106109619
97	3	没有	2.7263591289520264
97	4	检查	15.252592086791992
97	5	一	6.6835784912109375
97	6	份	9.94737720489502
97	7	要	11.834269523620605
97	8	被	9.441874504089355
97	9	上交	16.96940040588379
97	10	的	0.18446210026741028
97	11	作业	15.923962593078613
97	12	。	9.63942813873291
98	1	我	7.963864326477051
98	2	还	7.046286106109619
98	3	没有	2.7263591289520264
98	4	检查	15.252592086791992
98	5	一	6.6835784912109375
98	6	行	14.08847427368164
98	7	要	10.79626750946045
98	8	被	11.510560989379883
98	9	上交	16.546968460083008
98	10	的	0.4340526759624481
98	11	作业	16.587247848510742
98	12	。	7.192220687866211
99	1	我	7.963864326477051
99	2	还	7.046286106109619
99	3	没有	2.7263591289520264
99	4	检查	15.252592086791992
99	5	一	6.6835784912109375
99	6	行	14.08847427368164
99	7	要	10.79626750946045
99	8	被	11.510560989379883
99	9	上交	16.546968460083008
99	10	的	0.4340526759624481
99	11	公式	17.11722755432129
99	12	。	2.154841184616089
100	1	我	7.963864326477051
100	2	还	7.046286106109619
100	3	没有	2.7263591289520264
100	4	检查	15.252592086791992
100	5	一	6.6835784912109375
100	6	份	9.94737720489502
100	7	要	11.834269523620605
100	8	被	9.441874504089355
100	9	上交	16.96940040588379
100	10	的	0.18446210026741028
100	11	公式	17.84652328491211
100	12	。	3.0420401096343994
101	1	孩子	14.846302032470703
101	2	听到	12.989904403686523
101	3	了	3.6590230464935303
101	4	一	6.043489456176758
101	5	首	5.947319030761719
101	6	令	7.959959030151367
101	7	他	5.979650974273682
101	8	熟悉	9.71777057647705
101	9	的	0.029426760971546173
101	10	歌曲	10.151166915893555
101	11	。	3.6525704860687256
102	1	孩子	14.846302032470703
102	2	听到	12.989904403686523
102	3	了	3.6590230464935303
102	4	一	6.043489456176758
102	5	张	7.543133735656738
102	6	令	10.343615531921387
102	7	他	4.971073627471924
102	8	熟悉	9.586933135986328
102	9	的	0.0259994063526392
102	10	歌曲	9.680137634277344
102	11	。	3.6922078132629395
103	1	孩子	14.846302032470703
103	2	听到	12.989904403686523
103	3	了	3.6590230464935303
103	4	一	6.043489456176758
103	5	张	7.543133735656738
103	6	令	10.343615531921387
103	7	他	4.971073627471924
103	8	熟悉	9.586933135986328
103	9	的	0.0259994063526392
103	10	专辑	11.331531524658203
103	11	。	3.8369786739349365
104	1	孩子	14.846302032470703
104	2	听到	12.989904403686523
104	3	了	3.6590230464935303
104	4	一	6.043489456176758
104	5	首	5.947319030761719
104	6	令	7.959959030151367
104	7	他	5.979650974273682
104	8	熟悉	9.71777057647705
104	9	的	0.029426760971546173
104	10	专辑	14.934722900390625
104	11	。	3.789430856704712
105	1	护士	18.3081111907959
105	2	做	14.288097381591797
105	3	了	1.1970242261886597
105	4	一	5.772290229797363
105	5	次	3.464200973510742
105	6	需要	13.940591812133789
105	7	仪器	15.180377006530762
105	8	的	1.240502953529358
105	9	检查	6.225387096405029
105	10	。	3.757699728012085
106	1	护士	18.3081111907959
106	2	做	14.288097381591797
106	3	了	1.1970242261886597
106	4	一	5.772290229797363
106	5	篇	6.895658016204834
106	6	需要	12.866276741027832
106	7	仪器	16.740570068359375
106	8	的	1.5176072120666504
106	9	检查	10.312166213989258
106	10	。	4.035752296447754
107	1	护士	18.3081111907959
107	2	做	14.288097381591797
107	3	了	1.1970242261886597
107	4	一	5.772290229797363
107	5	篇	6.895658016204834
107	6	需要	12.866276741027832
107	7	仪器	16.740570068359375
107	8	的	1.5176072120666504
107	9	报告	7.4399213790893555
107	10	。	2.8844547271728516
108	1	护士	18.3081111907959
108	2	做	14.288097381591797
108	3	了	1.1970242261886597
108	4	一	5.772290229797363
108	5	次	3.464200973510742
108	6	需要	13.940591812133789
108	7	仪器	15.180377006530762
108	8	的	1.240502953529358
108	9	报告	12.169272422790527
108	10	。	3.395322799682617
109	1	这里	9.795076370239258
109	2	是	3.4357452392578125
109	3	两	9.49089241027832
109	4	台	10.693504333496094
109	5	出现	19.230701446533203
109	6	问题	7.4596428871154785
109	7	的	0.5506110191345215
109	8	电视	14.339112281799316
109	9	。	4.933620929718018
110	1	这里	9.795076370239258
110	2	是	3.4357452392578125
110	3	两	9.49089241027832
110	4	份	13.232470512390137
110	5	出现	22.90345573425293
110	6	问题	6.216396808624268
110	7	的	0.12963378429412842
110	8	电视	10.500713348388672
110	9	。	6.246265888214111
111	1	这里	9.795076370239258
111	2	是	3.4357452392578125
111	3	两	9.49089241027832
111	4	份	13.232470512390137
111	5	出现	22.90345573425293
111	6	问题	6.216396808624268
111	7	的	0.12963378429412842
111	8	订单	16.808380126953125
111	9	。	1.0963435173034668
112	1	这里	9.795076370239258
112	2	是	3.4357452392578125
112	3	两	9.49089241027832
112	4	台	10.693504333496094
112	5	出现	19.230701446533203
112	6	问题	7.4596428871154785
112	7	的	0.5506110191345215
112	8	订单	17.71629524230957
112	9	。	1.8138595819473267
113	1	他	4.5236897468566895
113	2	很	11.189193725585938
113	3	欣赏	8.833258628845215
113	4	一	7.201557636260986
113	5	处	9.355652809143066
113	6	有	7.763207912445068
113	7	名气	8.599931716918945
113	8	的	0.01963314227759838
113	9	景点	14.871771812438965
113	10	。	2.085975170135498
114	1	他	4.5236897468566895
114	2	很	11.189193725585938
114	3	欣赏	8.833258628845215
114	4	一	7.201557636260986
114	5	位	2.1926727294921875
114	6	有	6.698915481567383
114	7	名气	8.147775650024414
114	8	的	0.056843243539333344
114	9	景点	19.381017684936523
114	10	。	4.637990474700928
115	1	他	4.5236897468566895
115	2	很	11.189193725585938
115	3	欣赏	8.833258628845215
115	4	一	7.201557636260986
115	5	位	2.1926727294921875
115	6	有	6.698915481567383
115	7	名气	8.147775650024414
115	8	的	0.056843243539333344
115	9	领导	17.228837966918945
115	10	。	7.464930057525635
116	1	他	4.5236897468566895
116	2	很	11.189193725585938
116	3	欣赏	8.833258628845215
116	4	一	7.201557636260986
116	5	处	9.355652809143066
116	6	有	7.763207912445068
116	7	名气	8.599931716918945
116	8	的	0.01963314227759838
116	9	领导	20.68817138671875
116	10	。	7.193150997161865
117	1	那里	14.439395904541016
117	2	有	2.9080185890197754
117	3	一	3.666991949081421
117	4	支	5.666611194610596
117	5	完成	22.66248321533203
117	6	任务	7.118576526641846
117	7	了	12.747048377990723
117	8	的	4.578119277954102
117	9	舰队	15.638847351074219
117	10	。	4.990184783935547
118	1	那里	14.439395904541016
118	2	有	2.9080185890197754
118	3	一	3.666991949081421
118	4	艘	8.511734008789062
118	5	完成	19.95207977294922
118	6	任务	6.9336771965026855
118	7	了	11.117682456970215
118	8	的	6.147029876708984
118	9	舰队	13.589107513427734
118	10	。	4.9682793617248535
119	1	那里	14.439395904541016
119	2	有	2.9080185890197754
119	3	一	3.666991949081421
119	4	艘	8.511734008789062
119	5	完成	19.95207977294922
119	6	任务	6.9336771965026855
119	7	了	11.117682456970215
119	8	的	6.147029876708984
119	9	渔船	7.556509017944336
119	10	。	4.481642246246338
120	1	那里	14.439395904541016
120	2	有	2.9080185890197754
120	3	一	3.666991949081421
120	4	支	5.666611194610596
120	5	完成	22.66248321533203
120	6	任务	7.118576526641846
120	7	了	12.747048377990723
120	8	的	4.578119277954102
120	9	渔船	15.149593353271484
120	10	。	4.646930694580078
