sentence_id	token_id	token	surprisal
1	1	我	7.963864326477051
1	2	很	6.089216232299805
1	3	喜欢	4.4288249015808105
1	4	一	6.947024345397949
1	5	位	2.0968358516693115
1	6	新闻	8.423053741455078
1	7	提到	14.656057357788086
1	8	的	0.8064245581626892
1	9	明星	11.09492015838623
1	10	。	2.02290678024292
2	1	我	7.963864326477051
2	2	很	6.089216232299805
2	3	喜欢	4.4288249015808105
2	4	一	6.947024345397949
2	5	首	8.76183032989502
2	6	新闻	7.557056427001953
2	7	提到	14.700302124023438
2	8	的	0.9768021702766418
2	9	明星	13.439431190490723
2	10	。	2.427672863006592
3	1	我	7.963864326477051
3	2	很	6.089216232299805
3	3	喜欢	4.4288249015808105
3	4	一	6.947024345397949
3	5	首	8.76183032989502
3	6	新闻	7.557056427001953
3	7	提到	14.700302124023438
3	8	的	0.9768021702766418
3	9	歌曲	13.598478317260742
3	10	。	2.3167386054992676
4	1	我	7.963864326477051
4	2	很	6.089216232299805
4	3	喜欢	4.4288249015808105
4	4	一	6.947024345397949
4	5	位	2.0968358516693115
4	6	新闻	8.423053741455078
4	7	提到	14.656057357788086
4	8	的	0.8064245581626892
4	9	歌曲	15.0556001663208
4	10	。	3.54132080078125
5	1	她	7.657495975494385
5	2	开车	18.8394775390625
5	3	去	3.2461891174316406
5	4	了	3.6109254360198975
5	5	一	4.936756610870361
5	6	家	2.8919525146484375
5	7	我	10.14943790435791
5	8	推荐	16.268156051635742
5	9	过	7.069822311401367
5	10	的	2.17500376701355
5	11	店	10.35814094543457
5	12	。	2.2590620517730713
6	1	她	7.657495975494385
6	2	开车	18.8394775390625
6	3	去	3.2461891174316406
6	4	了	3.6109254360198975
6	5	一	4.936756610870361
6	6	座	7.719427585601807
6	7	我	11.720094680786133
6	8	推荐	16.271282196044922
6	9	过	7.4231438636779785
6	10	的	0.7042642831802368
6	11	店	11.392267227172852
6	12	。	2.225416660308838
7	1	她	7.657495975494385
7	2	开车	18.8394775390625
7	3	去	3.2461891174316406
7	4	了	3.6109254360198975
7	5	一	4.936756610870361
7	6	座	7.719427585601807
7	7	我	11.720094680786133
7	8	推荐	16.271282196044922
7	9	过	7.4231438636779785
7	10	的	0.7042642831802368
7	11	山	14.762139320373535
7	12	。	4.125535488128662
8	1	她	7.657495975494385
8	2	开车	18.8394775390625
8	3	去	3.2461891174316406
8	4	了	3.6109254360198975
8	5	一	4.936756610870361
8	6	家	2.8919525146484375
8	7	我	10.14943790435791
8	8	推荐	16.268156051635742
8	9	过	7.069822311401367
8	10	的	2.17500376701355
8	11	山	16.785236358642578
8	12	。	4.633475303649902
9	1	他	4.5236897468566895
9	2	有	11.403260231018066
9	3	一	3.3810243606567383
9	4	双	8.040358543395996
9	5	我	11.07723331451416
9	6	穿	11.992538452148438
9	7	坏	15.472387313842773
9	8	了	5.454522132873535
9	9	的	3.8027591705322266
9	10	手套	11.866738319396973
9	11	。	3.902486562728882
10	1	他	4.5236897468566895
10	2	有	11.403260231018066
10	3	一	3.3810243606567383
10	4	枚	9.976632118225098
10	5	我	12.019170761108398
10	6	穿	10.644678115844727
10	7	坏	15.138639450073242
10	8	了	7.026364326477051
10	9	的	2.6427369117736816
10	10	手套	11.568397521972656
10	11	。	2.5984408855438232
11	1	他	4.5236897468566895
11	2	有	11.403260231018066
11	3	一	3.3810243606567383
11	4	枚	9.976632118225098
11	5	我	12.019170761108398
11	6	穿	10.644678115844727
11	7	坏	15.138639450073242
11	8	了	7.026364326477051
11	9	的	2.6427369117736816
11	10	纽扣	19.87065315246582
11	11	。	4.308772087097168
12	1	他	4.5236897468566895
12	2	有	11.403260231018066
12	3	一	3.3810243606567383
12	4	双	8.040358543395996
12	5	我	11.07723331451416
12	6	穿	11.992538452148438
12	7	坏	15.472387313842773
12	8	了	5.454522132873535
12	9	的	3.8027591705322266
12	10	纽扣	20.05609893798828
12	11	。	5.5676798820495605
13	1	店长	22.51995086669922
13	2	拿	17.13266944885254
13	3	着	4.435617446899414
13	4	一	5.6854567527771
13	5	只	6.7695488929748535
13	6	他	10.507865905761719
13	7	买	11.975470542907715
13	8	的	1.4764832258224487
13	9	兔子	17.271936416625977
13	10	。	4.972762107849121
14	1	店长	22.51995086669922
14	2	拿	17.13266944885254
14	3	着	4.435617446899414
14	4	一	5.6854567527771
14	5	根	6.530763626098633
14	6	他	8.76534366607666
14	7	买	12.264602661132812
14	8	的	1.2052631378173828
14	9	兔子	16.617998123168945
14	10	。	4.109874725341797
15	1	店长	22.51995086669922
15	2	拿	17.13266944885254
15	3	着	4.435617446899414
15	4	一	5.6854567527771
15	5	根	6.530763626098633
15	6	他	8.76534366607666
15	7	买	12.264602661132812
15	8	的	1.2052631378173828
15	9	萝卜	14.913633346557617
15	10	。	1.6623116731643677
16	1	店长	22.51995086669922
16	2	拿	17.13266944885254
16	3	着	4.435617446899414
16	4	一	5.6854567527771
16	5	只	6.7695488929748535
16	6	他	10.507865905761719
16	7	买	11.975470542907715
16	8	的	1.4764832258224487
16	9	萝卜	15.530194282531738
16	10	。	1.853751301765442
17	1	他	4.5236897468566895
17	2	认识	16.0583438873291
17	3	了	5.576035022735596
17	4	一	6.3173441886901855
17	5	名	8.30340576171875
17	6	我	12.42853832244873
17	7	知道	10.372443199157715
17	8	的	1.5100607872009277
17	9	男孩	8.351924896240234
17	10	。	5.464867115020752
18	1	他	4.5236897468566895
18	2	认识	16.0583438873291
18	3	了	5.576035022735596
18	4	一	6.3173441886901855
18	5	本	10.99627685546875
18	6	我	12.501757621765137
18	7	知道	10.312461853027344
18	8	的	0.3821997046470642
18	9	男孩	12.131987571716309
18	10	。	5.792280197143555
19	1	他	4.5236897468566895
19	2	认识	16.0583438873291
19	3	了	5.576035022735596
19	4	一	6.3173441886901855
19	5	本	10.99627685546875
19	6	我	12.501757621765137
19	7	知道	10.312461853027344
19	8	的	0.3821997046470642
19	9	小说	12.649587631225586
19	10	。	4.266691207885742
20	1	他	4.5236897468566895
20	2	认识	16.0583438873291
20	3	了	5.576035022735596
20	4	一	6.3173441886901855
20	5	名	8.30340576171875
20	6	我	12.42853832244873
20	7	知道	10.372443199157715
20	8	的	1.5100607872009277
20	9	小说	13.71517276763916
20	10	。	5.204805374145508
21	1	男人	16.836748123168945
21	2	在	4.351877212524414
21	3	扫描	18.89325523376465
21	4	一	11.43234920501709
21	5	篇	3.74751353263855
21	6	我	14.249604225158691
21	7	发	14.486489295959473
21	8	的	2.7905497550964355
21	9	文章	0.6254532337188721
21	10	。	13.503302574157715
22	1	男人	16.836748123168945
22	2	在	4.351877212524414
22	3	扫描	18.89325523376465
22	4	一	11.43234920501709
22	5	张	8.315299034118652
22	6	我	14.113122940063477
22	7	发	11.5855131149292
22	8	的	1.5611348152160645
22	9	文章	4.186774253845215
22	10	。	14.646787643432617
23	1	男人	16.836748123168945
23	2	在	4.351877212524414
23	3	扫描	18.89325523376465
23	4	一	11.43234920501709
23	5	张	8.315299034118652
23	6	我	14.113122940063477
23	7	发	11.5855131149292
23	8	的	1.5611348152160645
23	9	图片	9.98910903930664
23	10	。	14.635987281799316
24	1	男人	16.836748123168945
24	2	在	4.351877212524414
24	3	扫描	18.89325523376465
24	4	一	11.43234920501709
24	5	篇	3.74751353263855
24	6	我	14.249604225158691
24	7	发	14.486489295959473
24	8	的	2.7905497550964355
24	9	图片	12.887022972106934
24	10	。	13.33993148803711
25	1	演员	15.446003913879395
25	2	在	4.760022163391113
25	3	看	12.88833999633789
25	4	一	6.187946796417236
25	5	张	5.559692859649658
25	6	她	13.964165687561035
25	7	以前	12.129121780395508
25	8	拍	10.30224323272705
25	9	过	8.020683288574219
25	10	的	0.12684166431427002
25	11	照片	4.298745632171631
25	12	。	6.190690040588379
26	1	演员	15.446003913879395
26	2	在	4.760022163391113
26	3	看	12.88833999633789
26	4	一	6.187946796417236
26	5	位	4.095900058746338
26	6	她	12.603141784667969
26	7	以前	10.373374938964844
26	8	拍	11.223743438720703
26	9	过	6.050629615783691
26	10	的	0.15407469868659973
26	11	照片	5.750721454620361
26	12	。	6.337677478790283
27	1	演员	15.446003913879395
27	2	在	4.760022163391113
27	3	看	12.88833999633789
27	4	一	6.187946796417236
27	5	位	4.095900058746338
27	6	她	12.603141784667969
27	7	以前	10.373374938964844
27	8	拍	11.223743438720703
27	9	过	6.050629615783691
27	10	的	0.15407469868659973
27	11	老师	10.616049766540527
27	12	。	5.891463756561279
28	1	演员	15.446003913879395
28	2	在	4.760022163391113
28	3	看	12.88833999633789
28	4	一	6.187946796417236
28	5	张	5.559692859649658
28	6	她	13.964165687561035
28	7	以前	12.129121780395508
28	8	拍	10.30224323272705
28	9	过	8.020683288574219
28	10	的	0.12684166431427002
28	11	老师	13.614856719970703
28	12	。	6.145595073699951
29	1	他	4.5236897468566895
29	2	在	5.075404167175293
29	3	修理	16.38300132751465
29	4	一	6.710641860961914
29	5	辆	6.101995944976807
29	6	我	16.513504028320312
29	7	使用	10.065418243408203
29	8	过	5.564408302307129
29	9	的	0.30981189012527466
29	10	汽车	3.97942852973938
29	11	。	5.330524444580078
30	1	他	4.5236897468566895
30	2	在	5.075404167175293
30	3	修理	16.38300132751465
30	4	一	6.710641860961914
30	5	套	5.271178245544434
30	6	我	14.93574047088623
30	7	使用	9.180479049682617
30	8	过	5.402250289916992
30	9	的	0.2545432448387146
30	10	汽车	7.985257625579834
30	11	。	5.449955940246582
31	1	他	4.5236897468566895
31	2	在	5.075404167175293
31	3	修理	16.38300132751465
31	4	一	6.710641860961914
31	5	套	5.271178245544434
31	6	我	14.93574047088623
31	7	使用	9.180479049682617
31	8	过	5.402250289916992
31	9	的	0.2545432448387146
31	10	系统	9.143755912780762
31	11	。	6.0460124015808105
32	1	他	4.5236897468566895
32	2	在	5.075404167175293
32	3	修理	16.38300132751465
32	4	一	6.710641860961914
32	5	辆	6.101995944976807
32	6	我	16.513504028320312
32	7	使用	10.065418243408203
32	8	过	5.564408302307129
32	9	的	0.30981189012527466
32	10	系统	11.19939136505127
32	11	。	6.343617916107178
33	1	学生	14.263710975646973
33	2	们	18.094911575317383
33	3	在	5.085514545440674
33	4	写	11.76919937133789
33	5	一	5.598898410797119
33	6	部	6.425929546356201
33	7	他	9.695785522460938
33	8	要	10.714634895324707
33	9	评价	12.551752090454102
33	10	的	3.6344683170318604
33	11	电影	7.09733247756958
33	12	。	4.433276653289795
34	1	学生	14.263710975646973
34	2	们	18.094911575317383
34	3	在	5.085514545440674
34	4	写	11.76919937133789
34	5	一	5.598898410797119
34	6	首	3.580608606338501
34	7	他	12.349265098571777
34	8	要	10.858041763305664
34	9	评价	13.764994621276855
34	10	的	4.235780239105225
34	11	电影	9.306729316711426
34	12	。	4.903561592102051
35	1	学生	14.263710975646973
35	2	们	18.094911575317383
35	3	在	5.085514545440674
35	4	写	11.76919937133789
35	5	一	5.598898410797119
35	6	首	3.580608606338501
35	7	他	12.349265098571777
35	8	要	10.858041763305664
35	9	评价	13.764994621276855
35	10	的	4.235780239105225
35	11	戏曲	18.226945877075195
35	12	。	4.994825839996338
36	1	学生	14.263710975646973
36	2	们	18.094911575317383
36	3	在	5.085514545440674
36	4	写	11.76919937133789
36	5	一	5.598898410797119
36	6	部	6.425929546356201
36	7	他	9.695785522460938
36	8	要	10.714634895324707
36	9	评价	12.551752090454102
36	10	的	3.6344683170318604
36	11	戏曲	18.242761611938477
36	12	。	5.052608966827393
37	1	我们	7.549299240112305
37	2	在	5.297558307647705
37	3	看	9.807456970214844
37	4	一	2.978365898132324
37	5	场	3.673833131790161
37	6	很多	14.938458442687988
37	7	人	5.800988674163818
37	8	看	9.928749084472656
37	9	的	1.6641381978988647
37	10	表演	7.013397216796875
37	11	。	5.4508137702941895
38	1	我们	7.549299240112305
38	2	在	5.297558307647705
38	3	看	9.807456970214844
38	4	一	2.978365898132324
38	5	块	13.582365036010742
38	6	很多	12.35908031463623
38	7	人	5.790940761566162
38	8	看	8.306235313415527
38	9	的	1.8474302291870117
38	10	表演	10.78745174407959
38	11	。	4.798137664794922
39	1	我们	7.549299240112305
39	2	在	5.297558307647705
39	3	看	9.807456970214844
39	4	一	2.978365898132324
39	5	块	13.582365036010742
39	6	很多	12.35908031463623
39	7	人	5.790940761566162
39	8	看	8.306235313415527
39	9	的	1.8474302291870117
39	10	场地	15.061286926269531
39	11	。	4.396394729614258
40	1	我们	7.549299240112305
40	2	在	5.297558307647705
40	3	看	9.807456970214844
40	4	一	2.978365898132324
40	5	场	3.673833131790161
40	6	很多	14.938458442687988
40	7	人	5.800988674163818
40	8	看	9.928749084472656
40	9	的	1.6641381978988647
40	10	场地	16.698930740356445
40	11	。	5.059162139892578
41	1	他	4.5236897468566895
41	2	最	12.743200302124023
41	3	喜欢	5.8242363929748535
41	4	一	8.040294647216797
41	5	道	9.735596656799316
41	6	妈妈	16.313852310180664
41	7	做	8.871094703674316
41	8	的	1.802595853805542
41	9	菜	8.664087295532227
41	10	。	4.175314903259277
42	1	他	4.5236897468566895
42	2	最	12.743200302124023
42	3	喜欢	5.8242363929748535
42	4	一	8.040294647216797
42	5	瓶	11.05949592590332
42	6	妈妈	13.411978721618652
42	7	做	9.562623977661133
42	8	的	1.9805874824523926
42	9	菜	7.205643653869629
42	10	。	4.55936336517334
43	1	他	4.5236897468566895
43	2	最	12.743200302124023
43	3	喜欢	5.8242363929748535
43	4	一	8.040294647216797
43	5	瓶	11.05949592590332
43	6	妈妈	13.411978721618652
43	7	做	9.562623977661133
43	8	的	1.9805874824523926
43	9	醋	18.69365882873535
43	10	。	5.714285373687744
44	1	他	4.5236897468566895
44	2	最	12.743200302124023
44	3	喜欢	5.8242363929748535
44	4	一	8.040294647216797
44	5	道	9.735596656799316
44	6	妈妈	16.313852310180664
44	7	做	8.871094703674316
44	8	的	1.802595853805542
44	9	醋	20.17767906188965
44	10	。	5.421106815338135
45	1	她	7.657495975494385
45	2	拿	14.554892539978027
45	3	了	1.2506837844848633
45	4	一	4.024281978607178
45	5	份	5.819887161254883
45	6	她	9.589873313903809
45	7	准备	13.024744033813477
45	8	的	3.002464532852173
45	9	饭	14.464737892150879
45	10	。	3.8076212406158447
46	1	她	7.657495975494385
46	2	拿	14.554892539978027
46	3	了	1.2506837844848633
46	4	一	4.024281978607178
46	5	卷	13.663212776184082
46	6	她	9.333328247070312
46	7	准备	13.039923667907715
46	8	的	4.608631134033203
46	9	饭	13.984373092651367
46	10	。	4.420267105102539
47	1	她	7.657495975494385
47	2	拿	14.554892539978027
47	3	了	1.2506837844848633
47	4	一	4.024281978607178
47	5	卷	13.663212776184082
47	6	她	9.333328247070312
47	7	准备	13.039923667907715
47	8	的	4.608631134033203
47	9	纸	11.483119010925293
47	10	。	7.334838390350342
48	1	她	7.657495975494385
48	2	拿	14.554892539978027
48	3	了	1.2506837844848633
48	4	一	4.024281978607178
48	5	份	5.819887161254883
48	6	她	9.589873313903809
48	7	准备	13.024744033813477
48	8	的	3.002464532852173
48	9	纸	11.450248718261719
48	10	。	8.507704734802246
49	1	学生	14.263710975646973
49	2	们	18.094911575317383
49	3	在	5.085514545440674
49	4	写	11.76919937133789
49	5	一	5.598898410797119
49	6	部	6.425929546356201
49	7	老师	14.62470531463623
49	8	需要	15.871424674987793
49	9	的	5.478785037994385
49	10	戏剧	12.191683769226074
49	11	。	8.665285110473633
50	1	学生	14.263710975646973
50	2	们	18.094911575317383
50	3	在	5.085514545440674
50	4	写	11.76919937133789
50	5	一	5.598898410797119
50	6	篇	1.3419749736785889
50	7	老师	12.531913757324219
50	8	需要	16.247169494628906
50	9	的	5.156008243560791
50	10	戏剧	12.405707359313965
50	11	。	9.103586196899414
51	1	学生	14.263710975646973
51	2	们	18.094911575317383
51	3	在	5.085514545440674
51	4	写	11.76919937133789
51	5	一	5.598898410797119
51	6	篇	1.3419749736785889
51	7	老师	12.531913757324219
51	8	需要	16.247169494628906
51	9	的	5.156008243560791
51	10	文章	2.161562919616699
51	11	。	8.24394702911377
52	1	学生	14.263710975646973
52	2	们	18.094911575317383
52	3	在	5.085514545440674
52	4	写	11.76919937133789
52	5	一	5.598898410797119
52	6	部	6.425929546356201
52	7	老师	14.62470531463623
52	8	需要	15.871424674987793
52	9	的	5.478785037994385
52	10	文章	5.310844898223877
52	11	。	7.921745777130127
53	1	这	6.30433988571167
53	2	是	4.837512016296387
53	3	一	2.9338159561157227
53	4	辆	13.318757057189941
53	5	她	15.940119743347168
53	6	设计	14.25831127166748
53	7	的	0.6006239056587219
53	8	火车	10.396288871765137
53	9	。	3.1683943271636963
54	1	这	6.30433988571167
54	2	是	4.837512016296387
54	3	一	2.9338159561157227
54	4	扇	16.749536514282227
54	5	她	11.78467082977295
54	6	设计	15.147722244262695
54	7	的	1.6288800239562988
54	8	火车	15.450843811035156
54	9	。	3.6873185634613037
55	1	这	6.30433988571167
55	2	是	4.837512016296387
55	3	一	2.9338159561157227
55	4	扇	16.749536514282227
55	5	她	11.78467082977295
55	6	设计	15.147722244262695
55	7	的	1.6288800239562988
55	8	窗户	12.490161895751953
55	9	。	3.507528781890869
56	1	这	6.30433988571167
56	2	是	4.837512016296387
56	3	一	2.9338159561157227
56	4	辆	13.318757057189941
56	5	她	15.940119743347168
56	6	设计	14.25831127166748
56	7	的	0.6006239056587219
56	8	窗户	14.34790325164795
56	9	。	4.38233757019043
57	1	老师	14.892623901367188
57	2	在	5.844691276550293
57	3	责备	18.546171188354492
57	4	三	11.06144905090332
57	5	名	5.090515613555908
57	6	他	8.421098709106445
57	7	责备	21.423513412475586
57	8	过	9.724703788757324
57	9	的	1.609686255455017
57	10	学生	9.652152061462402
57	11	。	6.7846527099609375
58	1	老师	14.892623901367188
58	2	在	5.844691276550293
58	3	责备	18.546171188354492
58	4	三	11.06144905090332
58	5	只	9.426992416381836
58	6	他	11.009079933166504
58	7	责备	22.110916137695312
58	8	过	9.489998817443848
58	9	的	1.2268619537353516
58	10	学生	10.24170207977295
58	11	。	6.2216973304748535
59	1	老师	14.892623901367188
59	2	在	5.844691276550293
59	3	责备	18.546171188354492
59	4	三	11.06144905090332
59	5	只	9.426992416381836
59	6	他	11.009079933166504
59	7	责备	22.110916137695312
59	8	过	9.489998817443848
59	9	的	1.2268619537353516
59	10	宠物	17.825836181640625
59	11	。	5.2499165534973145
60	1	老师	14.892623901367188
60	2	在	5.844691276550293
60	3	责备	18.546171188354492
60	4	三	11.06144905090332
60	5	名	5.090515613555908
60	6	他	8.421098709106445
60	7	责备	21.423513412475586
60	8	过	9.724703788757324
60	9	的	1.609686255455017
60	10	宠物	19.07123565673828
60	11	。	5.13903284072876
61	1	她	7.657495975494385
61	2	买	13.122358322143555
61	3	过	7.05775785446167
61	4	两	3.0086920261383057
61	5	杯	7.030149936676025
61	6	我	13.020227432250977
61	7	想要	16.374114990234375
61	8	的	2.486745595932007
61	9	咖啡	15.2098388671875
61	10	。	2.8581671714782715
62	1	她	7.657495975494385
62	2	买	13.122358322143555
62	3	过	7.05775785446167
62	4	两	3.0086920261383057
62	5	个	3.7220444679260254
62	6	我	13.221028327941895
62	7	想要	14.178879737854004
62	8	的	1.282741904258728
62	9	咖啡	13.494505882263184
62	10	。	2.4363749027252197
63	1	她	7.657495975494385
63	2	买	13.122358322143555
63	3	过	7.05775785446167
63	4	两	3.0086920261383057
63	5	个	3.7220444679260254
63	6	我	13.221028327941895
63	7	想要	14.178879737854004
63	8	的	1.282741904258728
63	9	杯子	20.9857120513916
63	10	。	3.2051098346710205
64	1	她	7.657495975494385
64	2	买	13.122358322143555
64	3	过	7.05775785446167
64	4	两	3.0086920261383057
64	5	杯	7.030149936676025
64	6	我	13.020227432250977
64	7	想要	16.374114990234375
64	8	的	2.486745595932007
64	9	杯子	24.418563842773438
64	10	。	3.594444990158081
65	1	孩子	14.846302032470703
65	2	在	5.378190994262695
65	3	卖	12.561568260192871
65	4	五	14.630498886108398
65	5	台	11.831733703613281
65	6	他	13.542896270751953
65	7	买	6.347143650054932
65	8	的	2.6828582286834717
65	9	桌子	13.296207427978516
65	10	。	8.636398315429688
66	1	孩子	14.846302032470703
66	2	在	5.378190994262695
66	3	卖	12.561568260192871
66	4	五	14.630498886108398
66	5	块	4.818991661071777
66	6	他	10.899559020996094
66	7	买	6.494217395782471
66	8	的	3.4468300342559814
66	9	桌子	13.064233779907227
66	10	。	8.579776763916016
67	1	孩子	14.846302032470703
67	2	在	5.378190994262695
67	3	卖	12.561568260192871
67	4	五	14.630498886108398
67	5	块	4.818991661071777
67	6	他	10.899559020996094
67	7	买	6.494217395782471
67	8	的	3.4468300342559814
67	9	蛋糕	14.410911560058594
67	10	。	7.70668363571167
68	1	孩子	14.846302032470703
68	2	在	5.378190994262695
68	3	卖	12.561568260192871
68	4	五	14.630498886108398
68	5	台	11.831733703613281
68	6	他	13.542896270751953
68	7	买	6.347143650054932
68	8	的	2.6828582286834717
68	9	蛋糕	14.152376174926758
68	10	。	6.912292003631592
69	1	妈妈	14.773599624633789
69	2	在	6.536574840545654
69	3	做	9.088109016418457
69	4	一	5.768289566040039
69	5	张	6.033195495605469
69	6	我	10.638827323913574
69	7	正在	14.564135551452637
69	8	用	5.764128684997559
69	9	的	1.121423363685608
69	10	地图	9.575309753417969
69	11	。	8.146745681762695
70	1	妈妈	14.773599624633789
70	2	在	6.536574840545654
70	3	做	9.088109016418457
70	4	一	5.768289566040039
70	5	面	9.82526683807373
70	6	我	9.305144309997559
70	7	正在	10.859674453735352
70	8	用	5.655773639678955
70	9	的	3.6023471355438232
70	10	地图	10.704268455505371
70	11	。	7.9870381355285645
71	1	妈妈	14.773599624633789
71	2	在	6.536574840545654
71	3	做	9.088109016418457
71	4	一	5.768289566040039
71	5	面	9.82526683807373
71	6	我	9.305144309997559
71	7	正在	10.859674453735352
71	8	用	5.655773639678955
71	9	的	3.6023471355438232
71	10	镜子	16.462614059448242
71	11	。	8.156688690185547
72	1	妈妈	14.773599624633789
72	2	在	6.536574840545654
72	3	做	9.088109016418457
72	4	一	5.768289566040039
72	5	张	6.033195495605469
72	6	我	10.638827323913574
72	7	正在	14.564135551452637
72	8	用	5.764128684997559
72	9	的	1.121423363685608
72	10	镜子	17.237302780151367
72	11	。	9.692962646484375
73	1	爸爸	13.998507499694824
73	2	买	6.189601898193359
73	3	了	1.7778384685516357
73	4	一	3.1407952308654785
73	5	栋	7.71359920501709
73	6	他	12.408194541931152
73	7	听说	12.479093551635742
73	8	过	3.077016830444336
73	9	的	0.4564903974533081
73	10	房子	2.984243154525757
73	11	。	4.871978282928467
74	1	爸爸	13.998507499694824
74	2	买	6.189601898193359
74	3	了	1.7778384685516357
74	4	一	3.1407952308654785
74	5	条	4.314513683319092
74	6	他	12.001151084899902
74	7	听说	12.18618106842041
74	8	过	5.26978063583374
74	9	的	1.0291248559951782
74	10	房子	4.514770984649658
74	11	。	5.184204578399658
75	1	爸爸	13.998507499694824
75	2	买	6.189601898193359
75	3	了	1.7778384685516357
75	4	一	3.1407952308654785
75	5	条	4.314513683319092
75	6	他	12.001151084899902
75	7	听说	12.18618106842041
75	8	过	5.26978063583374
75	9	的	1.0291248559951782
75	10	沙发	12.74094009399414
75	11	。	4.247884750366211
76	1	爸爸	13.998507499694824
76	2	买	6.189601898193359
76	3	了	1.7778384685516357
76	4	一	3.1407952308654785
76	5	栋	7.71359920501709
76	6	他	12.408194541931152
76	7	听说	12.479093551635742
76	8	过	3.077016830444336
76	9	的	0.4564903974533081
76	10	沙发	13.282305717468262
76	11	。	4.41733455657959
77	1	我	7.963864326477051
77	2	想	4.6044158935546875
77	3	种	16.702259063720703
77	4	一	5.771557331085205
77	5	朵	17.897998809814453
77	6	她	11.808890342712402
77	7	研究	21.724849700927734
77	8	过	9.546799659729004
77	9	的	0.34320566058158875
77	10	玫瑰	14.367474555969238
77	11	。	3.9030649662017822
78	1	我	7.963864326477051
78	2	想	4.6044158935546875
78	3	种	16.702259063720703
78	4	一	5.771557331085205
78	5	颗	11.066279411315918
78	6	她	11.664665222167969
78	7	研究	17.22258186340332
78	8	过	7.655518531799316
78	9	的	0.14155399799346924
78	10	玫瑰	15.935995101928711
78	11	。	5.9976115226745605
79	1	我	7.963864326477051
79	2	想	4.6044158935546875
79	3	种	16.702259063720703
79	4	一	5.771557331085205
79	5	颗	11.066279411315918
79	6	她	11.664665222167969
79	7	研究	17.22258186340332
79	8	过	7.655518531799316
79	9	的	0.14155399799346924
79	10	种子	14.66999340057373
79	11	。	4.815245151519775
80	1	我	7.963864326477051
80	2	想	4.6044158935546875
80	3	种	16.702259063720703
80	4	一	5.771557331085205
80	5	朵	17.897998809814453
80	6	她	11.808890342712402
80	7	研究	21.724849700927734
80	8	过	9.546799659729004
80	9	的	0.34320566058158875
80	10	种子	11.324442863464355
80	11	。	3.740447759628296
81	1	我	7.963864326477051
81	2	经常	9.813947677612305
81	3	去	4.2758564949035645
81	4	一	8.206099510192871
81	5	家	2.4674670696258545
81	6	他	11.223191261291504
81	7	去年	15.835158348083496
81	8	去	3.41483473777771
81	9	过	3.646512746810913
81	10	的	4.851008415222168
81	11	医院	12.597004890441895
81	12	。	3.489877700805664
82	1	我	7.963864326477051
82	2	经常	9.813947677612305
82	3	去	4.2758564949035645
82	4	一	8.206099510192871
82	5	座	6.742158889770508
82	6	他	9.629931449890137
82	7	去年	15.538947105407715
82	8	去	5.014795780181885
82	9	过	3.264763116836548
82	10	的	2.4928157329559326
82	11	医院	9.760213851928711
82	12	。	2.8224775791168213
83	1	我	7.963864326477051
83	2	经常	9.813947677612305
83	3	去	4.2758564949035645
83	4	一	8.206099510192871
83	5	座	6.742158889770508
83	6	他	9.629931449890137
83	7	去年	15.538947105407715
83	8	去	5.014795780181885
83	9	过	3.264763116836548
83	10	的	2.4928157329559326
83	11	城市	9.928146362304688
83	12	。	3.186256170272827
84	1	我	7.963864326477051
84	2	经常	9.813947677612305
84	3	去	4.2758564949035645
84	4	一	8.206099510192871
84	5	家	2.4674670696258545
84	6	他	11.223191261291504
84	7	去年	15.835158348083496
84	8	去	3.41483473777771
84	9	过	3.646512746810913
84	10	的	4.851008415222168
84	11	城市	13.474102973937988
84	12	。	4.184299945831299
85	1	我	7.963864326477051
85	2	拜访	14.476106643676758
85	3	了	1.6037172079086304
85	4	这	6.619117736816406
85	5	一	5.213247299194336
85	6	所	8.167379379272461
85	7	我	15.871186256408691
85	8	怀念	15.256224632263184
85	9	的	0.21576951444149017
85	10	高中	14.644720077514648
85	11	。	4.016253471374512
86	1	我	7.963864326477051
86	2	拜访	14.476106643676758
86	3	了	1.6037172079086304
86	4	这	6.619117736816406
86	5	一	5.213247299194336
86	6	位	4.887398719787598
86	7	我	7.279686450958252
86	8	怀念	14.974727630615234
86	9	的	0.9456890821456909
86	10	高中	17.285137176513672
86	11	。	5.920263290405273
87	1	我	7.963864326477051
87	2	拜访	14.476106643676758
87	3	了	1.6037172079086304
87	4	这	6.619117736816406
87	5	一	5.213247299194336
87	6	位	4.887398719787598
87	7	我	7.279686450958252
87	8	怀念	14.974727630615234
87	9	的	0.9456890821456909
87	10	老师	9.215691566467285
87	11	。	2.585998296737671
88	1	我	7.963864326477051
88	2	拜访	14.476106643676758
88	3	了	1.6037172079086304
88	4	这	6.619117736816406
88	5	一	5.213247299194336
88	6	所	8.167379379272461
88	7	我	15.871186256408691
88	8	怀念	15.256224632263184
88	9	的	0.21576951444149017
88	10	老师	9.32715129852295
88	11	。	2.9502103328704834
89	1	他	4.5236897468566895
89	2	在	5.075404167175293
89	3	读	11.832734107971191
89	4	一	6.198445796966553
89	5	条	10.385197639465332
89	6	网友	14.882181167602539
89	7	写	9.4175443649292
89	8	的	1.4771151542663574
89	9	评论	3.9945571422576904
89	10	。	9.293882369995117
90	1	他	4.5236897468566895
90	2	在	5.075404167175293
90	3	读	11.832734107971191
90	4	一	6.198445796966553
90	5	首	6.229518413543701
90	6	网友	17.543643951416016
90	7	写	9.430903434753418
90	8	的	1.3984321355819702
90	9	评论	3.5488405227661133
90	10	。	10.304567337036133
91	1	他	4.5236897468566895
91	2	在	5.075404167175293
91	3	读	11.832734107971191
91	4	一	6.198445796966553
91	5	首	6.229518413543701
91	6	网友	17.543643951416016
91	7	写	9.430903434753418
91	8	的	1.3984321355819702
91	9	诗歌	12.99030590057373
91	10	。	8.158980369567871
92	1	他	4.5236897468566895
92	2	在	5.075404167175293
92	3	读	11.832734107971191
92	4	一	6.198445796966553
92	5	条	10.385197639465332
92	6	网友	14.882181167602539
92	7	写	9.4175443649292
92	8	的	1.4771151542663574
92	9	诗歌	12.958505630493164
92	10	。	8.19114875793457
93	1	她	7.657495975494385
93	2	从来	14.237547874450684
93	3	没	3.807706594467163
93	4	见	7.184576511383057
93	5	过	0.006941006053239107
93	6	一	7.256847858428955
93	7	头	9.428363800048828
93	8	他	12.086416244506836
93	9	画	12.476475715637207
93	10	的	3.0164194107055664
93	11	老虎	15.612834930419922
93	12	。	1.1229599714279175
94	1	她	7.657495975494385
94	2	从来	14.237547874450684
94	3	没	3.807706594467163
94	4	见	7.184576511383057
94	5	过	0.006941006053239107
94	6	一	7.256847858428955
94	7	双	8.556777000427246
94	8	他	12.997466087341309
94	9	画	12.19245433807373
94	10	的	4.309213638305664
94	11	老虎	14.844711303710938
94	12	。	0.9700557589530945
95	1	她	7.657495975494385
95	2	从来	14.237547874450684
95	3	没	3.807706594467163
95	4	见	7.184576511383057
95	5	过	0.006941006053239107
95	6	一	7.256847858428955
95	7	双	8.556777000427246
95	8	他	12.997466087341309
95	9	画	12.19245433807373
95	10	的	4.309213638305664
95	11	眼睛	7.344580173492432
95	12	。	1.4373444318771362
96	1	她	7.657495975494385
96	2	从来	14.237547874450684
96	3	没	3.807706594467163
96	4	见	7.184576511383057
96	5	过	0.006941006053239107
96	6	一	7.256847858428955
96	7	头	9.428363800048828
96	8	他	12.086416244506836
96	9	画	12.476475715637207
96	10	的	3.0164194107055664
96	11	眼睛	7.972166061401367
96	12	。	1.4651885032653809
97	1	我	7.963864326477051
97	2	还	7.046286106109619
97	3	没有	2.7263591289520264
97	4	检查	15.252592086791992
97	5	一	6.683578014373779
97	6	份	9.947376251220703
97	7	他	8.445622444152832
97	8	刚刚	9.663152694702148
97	9	在	4.813852310180664
97	10	看	12.556536674499512
97	11	的	3.5684468746185303
97	12	作业	11.17784309387207
97	13	。	3.8942131996154785
98	1	我	7.963864326477051
98	2	还	7.046286106109619
98	3	没有	2.7263591289520264
98	4	检查	15.252592086791992
98	5	一	6.683578014373779
98	6	行	14.088476181030273
98	7	他	10.070266723632812
98	8	刚刚	11.185330390930176
98	9	在	5.7048659324646
98	10	看	11.494084358215332
98	11	的	3.3440446853637695
98	12	作业	10.952341079711914
98	13	。	3.0720012187957764
99	1	我	7.963864326477051
99	2	还	7.046286106109619
99	3	没有	2.7263591289520264
99	4	检查	15.252592086791992
99	5	一	6.683578014373779
99	6	行	14.088476181030273
99	7	他	10.070266723632812
99	8	刚刚	11.185330390930176
99	9	在	5.7048659324646
99	10	看	11.494084358215332
99	11	的	3.3440446853637695
99	12	公式	18.467838287353516
99	13	。	1.4482225179672241
100	1	我	7.963864326477051
100	2	还	7.046286106109619
100	3	没有	2.7263591289520264
100	4	检查	15.252592086791992
100	5	一	6.683578014373779
100	6	份	9.947376251220703
100	7	他	8.445622444152832
100	8	刚刚	9.663152694702148
100	9	在	4.813852310180664
100	10	看	12.556536674499512
100	11	的	3.5684468746185303
100	12	公式	18.725297927856445
100	13	。	1.7143871784210205
101	1	孩子	14.846302032470703
101	2	听到	12.989904403686523
101	3	了	3.6590206623077393
101	4	一	6.043489456176758
101	5	首	5.947320938110352
101	6	他	10.662982940673828
101	7	熟悉	12.054438591003418
101	8	的	0.4411982595920563
101	9	歌曲	9.438324928283691
101	10	。	4.085521221160889
102	1	孩子	14.846302032470703
102	2	听到	12.989904403686523
102	3	了	3.6590206623077393
102	4	一	6.043489456176758
102	5	张	7.543137073516846
102	6	他	11.568614959716797
102	7	熟悉	11.879605293273926
102	8	的	0.16105544567108154
102	9	歌曲	9.281106948852539
102	10	。	3.771803140640259
103	1	孩子	14.846302032470703
103	2	听到	12.989904403686523
103	3	了	3.6590206623077393
103	4	一	6.043489456176758
103	5	张	7.543137073516846
103	6	他	11.568614959716797
103	7	熟悉	11.879605293273926
103	8	的	0.16105544567108154
103	9	专辑	10.233246803283691
103	10	。	4.032039165496826
104	1	孩子	14.846302032470703
104	2	听到	12.989904403686523
104	3	了	3.6590206623077393
104	4	一	6.043489456176758
104	5	首	5.947320938110352
104	6	他	10.662982940673828
104	7	熟悉	12.054438591003418
104	8	的	0.4411982595920563
104	9	专辑	13.871580123901367
104	10	。	4.236038684844971
105	1	护士	18.3081111907959
105	2	做	14.288098335266113
105	3	了	1.1970263719558716
105	4	一	5.772289276123047
105	5	次	3.4642014503479004
105	6	她	10.608589172363281
105	7	需要	10.131864547729492
105	8	做	3.516007661819458
105	9	的	0.3254738748073578
105	10	检查	9.641741752624512
105	11	。	4.005096912384033
106	1	护士	18.3081111907959
106	2	做	14.288098335266113
106	3	了	1.1970263719558716
106	4	一	5.772289276123047
106	5	篇	6.895659446716309
106	6	她	9.911972045898438
106	7	需要	12.616419792175293
106	8	做	2.1002252101898193
106	9	的	0.2983691394329071
106	10	检查	12.076539993286133
106	11	。	4.300335884094238
107	1	护士	18.3081111907959
107	2	做	14.288098335266113
107	3	了	1.1970263719558716
107	4	一	5.772289276123047
107	5	篇	6.895659446716309
107	6	她	9.911972045898438
107	7	需要	12.616419792175293
107	8	做	2.1002252101898193
107	9	的	0.2983691394329071
107	10	报告	8.996981620788574
107	11	。	3.862327814102173
108	1	护士	18.3081111907959
108	2	做	14.288098335266113
108	3	了	1.1970263719558716
108	4	一	5.772289276123047
108	5	次	3.4642014503479004
108	6	她	10.608589172363281
108	7	需要	10.131864547729492
108	8	做	3.516007661819458
108	9	的	0.3254738748073578
108	10	报告	12.754640579223633
108	11	。	4.623810768127441
109	1	这里	9.795076370239258
109	2	是	3.4357447624206543
109	3	两	9.490893363952637
109	4	台	10.693504333496094
109	5	厂家	16.749290466308594
109	6	刚	14.527213096618652
109	7	接到	14.033528327941895
109	8	的	4.599808692932129
109	9	电视	12.367683410644531
109	10	。	10.014128684997559
110	1	这里	9.795076370239258
110	2	是	3.4357447624206543
110	3	两	9.490893363952637
110	4	份	13.232467651367188
110	5	厂家	16.189292907714844
110	6	刚	13.941363334655762
110	7	接到	12.769994735717773
110	8	的	3.376544237136841
110	9	电视	13.172526359558105
110	10	。	9.95085620880127
111	1	这里	9.795076370239258
111	2	是	3.4357447624206543
111	3	两	9.490893363952637
111	4	份	13.232467651367188
111	5	厂家	16.189292907714844
111	6	刚	13.941363334655762
111	7	接到	12.769994735717773
111	8	的	3.376544237136841
111	9	订单	9.783626556396484
111	10	。	3.2370388507843018
112	1	这里	9.795076370239258
112	2	是	3.4357447624206543
112	3	两	9.490893363952637
112	4	台	10.693504333496094
112	5	厂家	16.749290466308594
112	6	刚	14.527213096618652
112	7	接到	14.033528327941895
112	8	的	4.599808692932129
112	9	订单	9.168261528015137
112	10	。	4.041969299316406
113	1	他	4.5236897468566895
113	2	很	11.189192771911621
113	3	欣赏	8.833259582519531
113	4	一	7.201558589935303
113	5	处	9.355653762817383
113	6	他	7.129288196563721
113	7	今天	10.808660507202148
113	8	见到	9.672539710998535
113	9	的	0.27394452691078186
113	10	景点	15.303729057312012
113	11	。	1.6134119033813477
114	1	他	4.5236897468566895
114	2	很	11.189192771911621
114	3	欣赏	8.833259582519531
114	4	一	7.201558589935303
114	5	位	2.1926772594451904
114	6	他	9.463081359863281
114	7	今天	9.07651424407959
114	8	见到	10.066848754882812
114	9	的	0.40200820565223694
114	10	景点	17.07882308959961
114	11	。	3.0970754623413086
115	1	他	4.5236897468566895
115	2	很	11.189192771911621
115	3	欣赏	8.833259582519531
115	4	一	7.201558589935303
115	5	位	2.1926772594451904
115	6	他	9.463081359863281
115	7	今天	9.07651424407959
115	8	见到	10.066848754882812
115	9	的	0.40200820565223694
115	10	领导	14.178727149963379
115	11	。	6.783219814300537
116	1	他	4.5236897468566895
116	2	很	11.189192771911621
116	3	欣赏	8.833259582519531
116	4	一	7.201558589935303
116	5	处	9.355653762817383
116	6	他	7.129288196563721
116	7	今天	10.808660507202148
116	8	见到	9.672539710998535
116	9	的	0.27394452691078186
116	10	领导	16.433456420898438
116	11	。	6.697472095489502
117	1	那里	14.439395904541016
117	2	有	2.908017158508301
117	3	一	3.666991949081421
117	4	支	5.666609287261963
117	5	司令	15.430778503417969
117	6	安排	19.8131160736084
117	7	的	4.037444114685059
117	8	舰队	10.631571769714355
117	9	。	4.521578788757324
118	1	那里	14.439395904541016
118	2	有	2.908017158508301
118	3	一	3.666991949081421
118	4	艘	8.511731147766113
118	5	司令	14.67840576171875
118	6	安排	18.02264976501465
118	7	的	4.852053642272949
118	8	舰队	9.133766174316406
118	9	。	5.633307456970215
119	1	那里	14.439395904541016
119	2	有	2.908017158508301
119	3	一	3.666991949081421
119	4	艘	8.511731147766113
119	5	司令	14.67840576171875
119	6	安排	18.02264976501465
119	7	的	4.852053642272949
119	8	渔船	8.089995384216309
119	9	。	6.147136688232422
120	1	那里	14.439395904541016
120	2	有	2.908017158508301
120	3	一	3.666991949081421
120	4	支	5.666609287261963
120	5	司令	15.430778503417969
120	6	安排	19.8131160736084
120	7	的	4.037444114685059
120	8	渔船	14.097704887390137
120	9	。	5.201684474945068
