sentence_id	token_id	token	surprisal
1	1	那	9.873441696166992
1	2	家	10.986274719238281
1	3	老板	9.02364730834961
1	4	在	6.037527084350586
1	5	市中心	10.274896621704102
1	6	投资	13.070778846740723
1	7	的	2.063936471939087
1	8	饭店	6.074959754943848
1	9	很	9.143980979919434
1	10	受	5.352639198303223
1	11	欢迎	1.3106446266174316
1	12	。	2.393035650253296
2	1	那	9.873441696166992
2	2	个	8.376815795898438
2	3	老板	14.355660438537598
2	4	在	5.806460857391357
2	5	市中心	10.81745433807373
2	6	投资	13.501606941223145
2	7	的	1.449641227722168
2	8	饭店	6.780638217926025
2	9	很	7.780705451965332
2	10	受	5.894290924072266
2	11	欢迎	1.4946470260620117
2	12	。	2.4644336700439453
3	1	那	9.873441696166992
3	2	幅	12.366439819335938
3	3	朋友	19.583026885986328
3	4	非常	7.775468826293945
3	5	喜欢	5.642104625701904
3	6	的	3.596386671066284
3	7	画	9.772711753845215
3	8	吸引	13.550837516784668
3	9	了	2.9568707942962646
3	10	我	4.124450206756592
3	11	。	1.1535226106643677
4	1	那	9.873441696166992
4	2	个	8.376815795898438
4	3	朋友	10.48312759399414
4	4	非常	10.310229301452637
4	5	喜欢	4.102184295654297
4	6	的	4.1894307136535645
4	7	画	16.28776741027832
4	8	吸引	13.126453399658203
4	9	了	4.12468957901001
4	10	我	2.8455841541290283
4	11	。	2.142383098602295
5	1	那	9.873441696166992
5	2	件	8.119921684265137
5	3	老师	16.27254867553711
5	4	为	8.449098587036133
5	5	他	5.209561824798584
5	6	的	3.580754518508911
5	7	学生	9.760967254638672
5	8	收藏	13.5784912109375
5	9	的	2.7850561141967773
5	10	艺术品	9.0173921585083
5	11	获	14.17923355102539
5	12	了	3.7239561080932617
5	13	奖	8.387642860412598
5	14	。	0.9128023982048035
6	1	那	9.873441696166992
6	2	个	8.376815795898438
6	3	老师	11.500035285949707
6	4	为	10.50360107421875
6	5	他	5.150609493255615
6	6	的	4.115899085998535
6	7	学生	7.959277153015137
6	8	收藏	15.257686614990234
6	9	的	3.3717947006225586
6	10	艺术品	9.993011474609375
6	11	获	14.563508987426758
6	12	了	3.612821578979492
6	13	奖	8.045957565307617
6	14	。	1.2578188180923462
7	1	那	9.873441696166992
7	2	只	7.429703235626221
7	3	店长	23.7486515045166
7	4	特别	11.506609916687012
7	5	喜欢	8.246984481811523
7	6	的	5.169744968414307
7	7	宠物	17.212356567382812
7	8	生病	17.409151077270508
7	9	了	2.9859490394592285
7	10	。	3.3279027938842773
8	1	那	9.873441696166992
8	2	个	8.376815795898438
8	3	店长	22.843324661254883
8	4	特别	11.296801567077637
8	5	喜欢	8.031478881835938
8	6	的	3.704986095428467
8	7	宠物	17.73163414001465
8	8	生病	17.351436614990234
8	9	了	4.268372535705566
8	10	。	3.462477207183838
9	1	那	9.873441696166992
9	2	首	12.09591293334961
9	3	明星	17.943693161010742
9	4	在	5.261306285858154
9	5	商场	10.98141860961914
9	6	唱	14.42077922821045
9	7	的	2.289079189300537
9	8	歌	3.764516830444336
9	9	很	9.648372650146484
9	10	好听	17.42392921447754
9	11	。	2.5122342109680176
10	1	那	9.873441696166992
10	2	个	8.376815795898438
10	3	明星	17.68564796447754
10	4	在	4.364473819732666
10	5	商场	11.22035026550293
10	6	唱	15.30457592010498
10	7	的	2.4117624759674072
10	8	歌	3.497523784637451
10	9	很	8.8233060836792
10	10	好听	16.29005241394043
10	11	。	2.8779423236846924
11	1	那	9.873441696166992
11	2	所	10.348882675170898
11	3	老人	16.48387336730957
11	4	在	5.392917633056641
11	5	冬天	11.677718162536621
11	6	去	9.538480758666992
11	7	的	3.2404754161834717
11	8	学校	11.673484802246094
11	9	关闭	16.94399070739746
11	10	了	2.0516133308410645
11	11	。	5.6525397300720215
12	1	那	9.873441696166992
12	2	个	8.376815795898438
12	3	老人	15.452349662780762
12	4	在	5.716073989868164
12	5	冬天	11.286195755004883
12	6	去	8.296041488647461
12	7	的	6.621312618255615
12	8	学校	13.036169052124023
12	9	关闭	16.276588439941406
12	10	了	2.807889461517334
12	11	。	5.183350563049316
13	1	那	9.873441696166992
13	2	件	8.119921684265137
13	3	司机	19.901329040527344
13	4	给	4.956989288330078
13	5	朋友	10.642744064331055
13	6	带	7.672854423522949
13	7	的	5.503516674041748
13	8	行李	10.951312065124512
13	9	丢	12.012613296508789
13	10	了	0.16584515571594238
13	11	。	6.70529317855835
14	1	那	9.873441696166992
14	2	个	8.376815795898438
14	3	司机	15.619827270507812
14	4	给	6.099836349487305
14	5	朋友	9.959808349609375
14	6	带	7.119831085205078
14	7	的	6.179652214050293
14	8	行李	10.598036766052246
14	9	丢	11.939895629882812
14	10	了	0.20605628192424774
14	11	。	6.4627838134765625
15	1	那	9.873441696166992
15	2	本	8.404877662658691
15	3	作家	12.723307609558105
15	4	为	8.831121444702148
15	5	我	5.541944980621338
15	6	写	4.584499359130859
15	7	的	0.8268042802810669
15	8	书	5.064712047576904
15	9	很	8.199106216430664
15	10	受	4.07686710357666
15	11	欢迎	0.6228691339492798
15	12	。	1.3942784070968628
16	1	那	9.873441696166992
16	2	个	8.376815795898438
16	3	作家	15.907453536987305
16	4	为	10.460659980773926
16	5	我	4.329463005065918
16	6	写	4.541990280151367
16	7	的	1.3927524089813232
16	8	书	4.531103610992432
16	9	很	7.756407737731934
16	10	受	4.730095386505127
16	11	欢迎	0.739783525466919
16	12	。	1.94141685962677
17	1	那	9.873441696166992
17	2	辆	10.065744400024414
17	3	朋友	14.178293228149414
17	4	昨天	9.052428245544434
17	5	开	11.024636268615723
17	6	的	5.1142191886901855
17	7	车	3.4443023204803467
17	8	坏	13.419708251953125
17	9	了	0.1913171112537384
17	10	。	6.2352776527404785
18	1	那	9.873441696166992
18	2	个	8.376815795898438
18	3	朋友	10.48312759399414
18	4	昨天	10.564739227294922
18	5	开	10.614447593688965
18	6	的	5.459434509277344
18	7	车	6.274103164672852
18	8	坏	13.006794929504395
18	9	了	0.18888142704963684
18	10	。	5.711752891540527
19	1	那	9.873441696166992
19	2	份	9.150439262390137
19	3	孩子	17.3194522857666
19	4	在	5.658322811126709
19	5	学校	6.288822174072266
19	6	做	6.24606990814209
19	7	的	2.0533368587493896
19	8	作业	9.191178321838379
19	9	获	15.719115257263184
19	10	了	2.909600019454956
19	11	奖	13.738369941711426
19	12	。	2.2657721042633057
20	1	那	9.873441696166992
20	2	个	8.376815795898438
20	3	孩子	7.459107398986816
20	4	在	5.303797721862793
20	5	学校	5.88933801651001
20	6	做	6.941625118255615
20	7	的	2.9084997177124023
20	8	作业	9.678203582763672
20	9	获	17.160993576049805
20	10	了	3.0613644123077393
20	11	奖	13.53294849395752
20	12	。	2.643704652786255
21	1	那	9.873441696166992
21	2	份	9.150439262390137
21	3	老板	18.927268981933594
21	4	给	6.0344343185424805
21	5	员工	8.949810028076172
21	6	制定	14.15015983581543
21	7	的	2.241823196411133
21	8	合同	9.57467269897461
21	9	到期	9.09953498840332
21	10	了	1.9624288082122803
21	11	。	4.944835662841797
22	1	那	9.873441696166992
22	2	个	8.376815795898438
22	3	老板	14.355660438537598
22	4	给	7.494690895080566
22	5	员工	9.118206024169922
22	6	制定	15.11384105682373
22	7	的	3.4507837295532227
22	8	合同	10.59939193725586
22	9	到期	10.858752250671387
22	10	了	1.991505742073059
22	11	。	4.918070316314697
23	1	那	9.873441696166992
23	2	间	14.099711418151855
23	3	朋友	11.425244331359863
23	4	在	4.837447643280029
23	5	公园	9.41189193725586
23	6	旁边	8.871735572814941
23	7	开	7.102721214294434
23	8	的	5.131402969360352
23	9	工厂	13.698277473449707
23	10	倒闭	14.976483345031738
23	11	了	2.8704586029052734
23	12	。	2.831914186477661
24	1	那	9.873441696166992
24	2	个	8.376815795898438
24	3	朋友	10.48312759399414
24	4	在	4.94317626953125
24	5	公园	10.673393249511719
24	6	旁边	8.456758499145508
24	7	开	7.145076751708984
24	8	的	5.063339710235596
24	9	工厂	13.00019359588623
24	10	倒闭	14.764602661132812
24	11	了	2.4439077377319336
24	12	。	3.298091411590576
25	1	那	9.873441696166992
25	2	张	8.471110343933105
25	3	孩子	14.203462600708008
25	4	在	5.8641510009765625
25	5	公园	8.677248001098633
25	6	照	13.851186752319336
25	7	的	5.320609092712402
25	8	照片	5.086474418640137
25	9	丢	17.01658058166504
25	10	了	0.8772200345993042
25	11	。	6.531942367553711
26	1	那	9.873441696166992
26	2	个	8.376815795898438
26	3	孩子	7.459107398986816
26	4	在	5.303797721862793
26	5	公园	9.78050422668457
26	6	照	13.859322547912598
26	7	的	5.315586090087891
26	8	照片	9.091038703918457
26	9	丢	16.568315505981445
26	10	了	0.8235101699829102
26	11	。	5.7988057136535645
27	1	那	9.873441696166992
27	2	台	10.822955131530762
27	3	老师	12.799749374389648
27	4	经常	11.310925483703613
27	5	用	5.645174980163574
27	6	的	6.571356773376465
27	7	手机	8.831371307373047
27	8	很	8.093256950378418
27	9	好用	17.05527114868164
27	10	。	3.224442481994629
28	1	那	9.873441696166992
28	2	个	8.376815795898438
28	3	老师	11.500035285949707
28	4	经常	11.480935096740723
28	5	用	5.814601421356201
28	6	的	6.280119895935059
28	7	手机	9.17977237701416
28	8	很	7.897939682006836
28	9	好用	17.30027961730957
28	10	。	3.401099920272827
29	1	那	9.873441696166992
29	2	朵	17.48857307434082
29	3	邻居	15.053939819335938
29	4	在	7.913729190826416
29	5	家	7.585432529449463
29	6	种	16.748939514160156
29	7	的	9.4212007522583
29	8	花	11.46197509765625
29	9	很	6.633800506591797
29	10	好看	9.93311595916748
29	11	。	3.1203389167785645
30	1	那	9.873441696166992
30	2	个	8.376815795898438
30	3	邻居	14.140254020690918
30	4	在	5.721810340881348
30	5	家	7.040530204772949
30	6	种	15.678115844726562
30	7	的	10.156380653381348
30	8	花	14.401174545288086
30	9	很	5.427071571350098
30	10	好看	10.432969093322754
30	11	。	4.720344543457031
