sentence_id	token_id	token	surprisal
1	1	那	9.873441696166992
1	2	位	7.394623279571533
1	3	教授	7.220829010009766
1	4	写	8.660386085510254
1	5	了	2.1856672763824463
1	6	精彩	14.061604499816895
1	7	的	0.16210193932056427
1	8	书	6.819190502166748
1	9	的	13.866372108459473
1	10	内容	9.089296340942383
1	11	。	2.5086185932159424
2	1	那	9.873441696166992
2	2	位	7.394623279571533
2	3	教授	7.220829010009766
2	4	打	12.50274658203125
2	5	了	1.8654061555862427
2	6	精彩	13.925298690795898
2	7	的	0.13072121143341064
2	8	书	11.886347770690918
2	9	的	13.388501167297363
2	10	内容	11.521324157714844
2	11	。	3.99914288520813
3	1	弟弟	18.16460418701172
3	2	启动	19.930526733398438
3	3	了	3.933917760848999
3	4	昂贵	12.987762451171875
3	5	的	0.44416171312332153
3	6	车	9.505769729614258
3	7	。	4.410321235656738
4	1	弟弟	18.16460418701172
4	2	认识	18.62335968017578
4	3	了	5.053560256958008
4	4	昂贵	14.479039192199707
4	5	的	0.16089576482772827
4	6	车	7.564816474914551
4	7	。	5.726906776428223
5	1	他	4.5236897468566895
5	2	拿	16.56277847290039
5	3	了	2.0602829456329346
5	4	桌子	13.940611839294434
5	5	上	6.0946879386901855
5	6	的	4.20728874206543
5	7	好看	17.64404296875
5	8	的	3.7505900859832764
5	9	筷子	14.72419261932373
5	10	。	6.143820762634277
6	1	他	4.5236897468566895
6	2	听	13.0455961227417
6	3	了	0.7623087763786316
6	4	桌子	14.940438270568848
6	5	上	4.98579740524292
6	6	的	2.0316429138183594
6	7	好看	19.344112396240234
6	8	的	2.844507932662964
6	9	筷子	15.22291088104248
6	10	。	3.9712812900543213
7	1	她	7.657495975494385
7	2	终于	11.520100593566895
7	3	实现	4.787520408630371
7	4	了	0.03623315319418907
7	5	重要	17.373159408569336
7	6	的	0.8303879499435425
7	7	理想	7.082061290740967
7	8	。	1.838773250579834
8	1	她	7.657495975494385
8	2	终于	11.520100593566895
8	3	购买	15.255125045776367
8	4	了	0.07322206348180771
8	5	重要	20.287416458129883
8	6	的	0.374785840511322
8	7	理想	16.00087547302246
8	8	。	8.320477485656738
9	1	我	7.963864326477051
9	2	修理	17.504356384277344
9	3	了	1.0377261638641357
9	4	这个	5.0368475914001465
9	5	新	6.330314636230469
9	6	的	1.8743942975997925
9	7	电脑	6.378524303436279
9	8	。	1.5926475524902344
10	1	我	7.963864326477051
10	2	阅读	15.424092292785645
10	3	了	1.5741475820541382
10	4	这个	6.994364261627197
10	5	新	6.0736870765686035
10	6	的	2.3319199085235596
10	7	电脑	11.094574928283691
10	8	。	3.271901845932007
11	1	我	7.963864326477051
11	2	邀请	16.02541732788086
11	3	过	9.386975288391113
11	4	我	6.0172271728515625
11	5	的	3.2682223320007324
11	6	优秀	12.848403930664062
11	7	的	7.742650508880615
11	8	朋友	3.574707269668579
11	9	。	3.353938579559326
12	1	我	7.963864326477051
12	2	打开	16.839452743530273
12	3	过	10.225327491760254
12	4	我	7.23313045501709
12	5	的	1.414829969406128
12	6	优秀	17.797725677490234
12	7	的	6.189120292663574
12	8	朋友	7.445721626281738
12	9	。	1.2105153799057007
13	1	记者	8.239975929260254
13	2	采访	7.785833835601807
13	3	了	1.3304505348205566
13	4	有名	15.663549423217773
13	5	的	0.020433368161320686
13	6	艺术家	13.190936088562012
13	7	。	4.337972164154053
14	1	记者	8.239975929260254
14	2	制作	19.581737518310547
14	3	了	2.8174145221710205
14	4	有名	15.529935836791992
14	5	的	0.06769300252199173
14	6	艺术家	17.666872024536133
14	7	。	8.255966186523438
15	1	他	4.5236897468566895
15	2	参与	16.19709587097168
15	3	了	1.342764139175415
15	4	危险	18.568655014038086
15	5	的	3.506312847137451
15	6	战争	11.998287200927734
15	7	。	4.060871124267578
16	1	他	4.5236897468566895
16	2	建造	18.774099349975586
16	3	了	5.0102152824401855
16	4	危险	18.407962799072266
16	5	的	3.3634250164031982
16	6	战争	15.336179733276367
16	7	。	8.595733642578125
17	1	她	7.657495975494385
17	2	批评	12.00682258605957
17	3	了	3.9045186042785645
17	4	淘气	23.29553985595703
17	5	的	0.48241209983825684
17	6	儿子	12.826278686523438
17	7	。	4.344199180603027
18	1	她	7.657495975494385
18	2	改正	22.389467239379883
18	3	了	4.308436870574951
18	4	淘气	21.80191993713379
18	5	的	1.4721931219100952
18	6	儿子	9.286060333251953
18	7	。	2.2656664848327637
19	1	我	7.963864326477051
19	2	结束	16.2003116607666
19	3	了	0.44045862555503845
19	4	很	9.09538745880127
19	5	长	1.2528045177459717
19	6	的	6.4742326736450195
19	7	谈话	11.700919151306152
19	8	。	1.5116854906082153
20	1	我	7.963864326477051
20	2	表扬	18.440242767333984
20	3	了	0.1197480708360672
20	4	很	11.928910255432129
20	5	长	4.998732089996338
20	6	的	7.155287265777588
20	7	谈话	14.86252212524414
20	8	。	1.9284555912017822
21	1	他	4.5236897468566895
21	2	买	14.936920166015625
21	3	了	1.0456745624542236
21	4	这些	10.75070858001709
21	5	红色	12.848407745361328
21	6	的	0.6901646852493286
21	7	笔	13.61101245880127
21	8	。	3.474781036376953
22	1	他	4.5236897468566895
22	2	种	18.157676696777344
22	3	了	6.74039888381958
22	4	这些	9.179436683654785
22	5	红色	13.536394119262695
22	6	的	0.4142358899116516
22	7	笔	14.825432777404785
22	8	。	3.9744694232940674
23	1	他	4.5236897468566895
23	2	提出	9.415934562683105
23	3	了	4.467825889587402
23	4	很多	11.675230979919434
23	5	重要	8.799647331237793
23	6	的	1.131833553314209
23	7	问题	7.147625923156738
23	8	。	2.2258503437042236
24	1	他	4.5236897468566895
24	2	申请	18.455150604248047
24	3	了	5.038050651550293
24	4	很多	10.710925102233887
24	5	重要	9.775105476379395
24	6	的	0.42348513007164
24	7	问题	10.892134666442871
24	8	。	2.639556646347046
25	1	这	6.30433988571167
25	2	款	14.767306327819824
25	3	药	14.511985778808594
25	4	治疗	10.599023818969727
25	5	了	7.390470027923584
25	6	他	13.332950592041016
25	7	的	2.122990131378174
25	8	严重	10.4057035446167
25	9	的	9.285704612731934
25	10	疾病	3.247735023498535
25	11	。	2.7390708923339844
26	1	这	6.30433988571167
26	2	款	14.767306327819824
26	3	药	14.511985778808594
26	4	缓解	18.92960548400879
26	5	了	0.016614826396107674
26	6	他	11.11466121673584
26	7	的	1.1874641180038452
26	8	严重	7.733177185058594
26	9	的	6.802128314971924
26	10	疾病	5.518660068511963
26	11	。	2.7413382530212402
27	1	我	7.963864326477051
27	2	看	7.318881034851074
27	3	着	7.241918087005615
27	4	奶奶	14.235623359680176
27	5	的	4.85630464553833
27	6	亲切	12.751190185546875
27	7	的	9.60427474975586
27	8	面容	13.553462982177734
27	9	。	2.3124380111694336
28	1	我	7.963864326477051
28	2	听	9.085068702697754
28	3	着	8.748635292053223
28	4	奶奶	14.279609680175781
28	5	的	4.537590026855469
28	6	亲切	10.924118995666504
28	7	的	10.379608154296875
28	8	面容	15.203527450561523
28	9	。	2.7452590465545654
29	1	学者	15.483504295349121
29	2	发现	8.72098445892334
29	3	了	7.752120018005371
29	4	这个	9.141483306884766
29	5	有趣	10.737102508544922
29	6	的	0.25087985396385193
29	7	规律	12.840606689453125
29	8	。	2.2131333351135254
30	1	学者	15.483504295349121
30	2	发明	10.981107711791992
30	3	了	4.648952484130859
30	4	这个	9.186785697937012
30	5	有趣	11.846779823303223
30	6	的	0.18680794537067413
30	7	规律	10.813613891601562
30	8	。	2.4442059993743896
31	1	母亲	15.321672439575195
31	2	准备	12.536964416503906
31	3	了	4.973626613616943
31	4	美味	17.61046028137207
31	5	的	0.13821366429328918
31	6	晚饭	12.765365600585938
31	7	。	4.105992317199707
32	1	母亲	15.321672439575195
32	2	责备	17.650156021118164
32	3	了	4.357311248779297
32	4	美味	20.157316207885742
32	5	的	0.5297034978866577
32	6	晚饭	15.389494895935059
32	7	。	3.5092623233795166
33	1	孩子	14.846302032470703
33	2	培养	10.398947715759277
33	3	了	4.824438095092773
33	4	这个	11.712575912475586
33	5	流行	14.879656791687012
33	6	的	0.4437258839607239
33	7	特长	13.302946090698242
33	8	。	1.679291009902954
34	1	孩子	14.846302032470703
34	2	改正	21.18745231628418
34	3	了	3.6993155479431152
34	4	这个	8.662373542785645
34	5	流行	15.472260475158691
34	6	的	1.872328519821167
34	7	特长	13.700489044189453
34	8	。	1.990342617034912
35	1	政府	10.883208274841309
35	2	设立	10.963275909423828
35	3	了	3.4173433780670166
35	4	最新	17.953441619873047
35	5	的	0.9275772571563721
35	6	项目	11.217361450195312
35	7	。	8.25153923034668
36	1	政府	10.883208274841309
36	2	引发	20.462980270385742
36	3	了	1.8551985025405884
36	4	最新	13.784881591796875
36	5	的	1.3146802186965942
36	6	项目	19.47203254699707
36	7	。	8.599729537963867
37	1	我	7.963864326477051
37	2	回忆	10.878124237060547
37	3	了	2.4719395637512207
37	4	之前	13.493927955627441
37	5	的	3.7906289100646973
37	6	可怕	14.501991271972656
37	7	的	3.07120418548584
37	8	经历	4.359335899353027
37	9	。	1.5608233213424683
38	1	我	7.963864326477051
38	2	帮助	12.577410697937012
38	3	了	4.847982883453369
38	4	之前	15.165900230407715
38	5	的	4.139914035797119
38	6	可怕	16.955093383789062
38	7	的	0.597957193851471
38	8	经历	7.829860687255859
38	9	。	3.383488893508911
39	1	花园	16.976701736450195
39	2	长满	21.077903747558594
39	3	了	2.1098361015319824
39	4	美丽	8.59408187866211
39	5	的	0.058913446962833405
39	6	草	12.446282386779785
39	7	。	3.7749898433685303
40	1	花园	16.976701736450195
40	2	吸引	17.29694175720215
40	3	了	0.9593375325202942
40	4	美丽	15.820505142211914
40	5	的	0.1074819341301918
40	6	草	16.412050247192383
40	7	。	5.4253830909729
41	1	雨水	18.384578704833984
41	2	清洗	15.895976066589355
41	3	了	5.8767008781433105
41	4	高	13.17270565032959
41	5	的	2.4156417846679688
41	6	大楼	15.366600036621094
41	7	。	5.951035022735596
42	1	雨水	18.384578704833984
42	2	灌溉	13.142373085021973
42	3	了	8.579205513000488
42	4	高	13.962939262390137
42	5	的	3.1196999549865723
42	6	大楼	18.132863998413086
42	7	。	6.0849175453186035
43	1	我	7.963864326477051
43	2	听从	18.109540939331055
43	3	了	5.0899977684021
43	4	老师	12.078276634216309
43	5	的	1.347398281097412
43	6	中肯	17.139484405517578
43	7	的	1.4397906064987183
43	8	建议	7.718024253845215
43	9	。	2.7540974617004395
44	1	我	7.963864326477051
44	2	安装	16.915586471557617
44	3	了	1.4857178926467896
44	4	老师	16.811161041259766
44	5	的	4.265209674835205
44	6	中肯	18.48780632019043
44	7	的	1.9191603660583496
44	8	建议	9.381887435913086
44	9	。	2.2205865383148193
45	1	警官	18.86959457397461
45	2	疏散	21.18752098083496
45	3	了	2.0115597248077393
45	4	紧张	18.303241729736328
45	5	的	0.3827265202999115
45	6	人群	8.728635787963867
45	7	。	2.535980224609375
46	1	警官	18.86959457397461
46	2	解除	19.451793670654297
46	3	了	0.13347652554512024
46	4	紧张	14.88287353515625
46	5	的	0.31519684195518494
46	6	人群	9.68635082244873
46	7	。	1.6022433042526245
47	1	他	4.5236897468566895
47	2	卖	18.321754455566406
47	3	过	5.994070529937744
47	4	一些	8.835550308227539
47	5	便宜	9.4433012008667
47	6	的	0.2815830111503601
47	7	化肥	10.184125900268555
47	8	。	3.797605037689209
48	1	他	4.5236897468566895
48	2	摘	21.473182678222656
48	3	过	9.490154266357422
48	4	一些	10.543560028076172
48	5	便宜	11.951411247253418
48	6	的	0.05233355239033699
48	7	化肥	10.316822052001953
48	8	。	2.261870861053467
49	1	她	7.657495975494385
49	2	戴	13.701910018920898
49	3	过	5.379936218261719
49	4	白色	12.608779907226562
49	5	的	1.1042965650558472
49	6	耳机	16.39975357055664
49	7	。	7.057776927947998
50	1	她	7.657495975494385
50	2	穿	14.401556015014648
50	3	过	8.141742706298828
50	4	白色	11.743096351623535
50	5	的	1.2283328771591187
50	6	耳机	16.58711051940918
50	7	。	5.923542499542236
51	1	他	4.5236897468566895
51	2	在	5.075405597686768
51	3	学校	12.526790618896484
51	4	里	2.150456666946411
51	5	吃	11.439013481140137
51	6	过	5.01455020904541
51	7	好吃	14.955568313598633
51	8	的	0.2131355106830597
51	9	饭	12.419063568115234
51	10	。	3.307826519012451
52	1	他	4.5236897468566895
52	2	在	5.075405597686768
52	3	学校	12.526790618896484
52	4	里	2.150456666946411
52	5	讲	8.966897010803223
52	6	过	5.36785888671875
52	7	好吃	18.942733764648438
52	8	的	0.07174204289913177
52	9	饭	13.791913032531738
52	10	。	3.676433801651001
53	1	他	4.5236897468566895
53	2	见	16.299972534179688
53	3	过	1.305831789970398
53	4	热心	18.87965202331543
53	5	的	2.811842203140259
53	6	店长	21.675527572631836
53	7	。	6.260338306427002
54	1	他	4.5236897468566895
54	2	去	14.743796348571777
54	3	过	7.617875099182129
54	4	热心	20.043115615844727
54	5	的	2.9697341918945312
54	6	店长	23.12615394592285
54	7	。	7.03984260559082
55	1	我	7.963864326477051
55	2	听	9.085068702697754
55	3	过	0.8895439505577087
55	4	这些	4.683557510375977
55	5	熟悉	15.862776756286621
55	6	的	0.5769919157028198
55	7	声音	7.431926727294922
55	8	。	2.6206722259521484
56	1	我	7.963864326477051
56	2	见	12.589376449584961
56	3	过	0.06682449579238892
56	4	这些	6.076336860656738
56	5	熟悉	15.775216102600098
56	6	的	0.4201878309249878
56	7	声音	9.643067359924316
56	8	。	2.80951189994812
57	1	爷爷	17.78856086730957
57	2	安装	15.920384407043457
57	3	过	9.837944984436035
57	4	复杂	16.945905685424805
57	5	的	0.4419810175895691
57	6	机器	10.38511848449707
57	7	。	7.815666198730469
58	1	爷爷	17.78856086730957
58	2	种植	13.334416389465332
58	3	过	8.728339195251465
58	4	复杂	17.08397102355957
58	5	的	0.4053308069705963
58	6	机器	11.869441986083984
58	7	。	8.888518333435059
59	1	她	7.657495975494385
59	2	说	1.10731041431427
59	3	过	10.996635437011719
59	4	这	6.178956031799316
59	5	些	15.50663948059082
59	6	真诚	15.430035591125488
59	7	的	0.38910359144210815
59	8	话	6.862490177154541
59	9	。	5.2040910720825195
60	1	她	7.657495975494385
60	2	吃	17.164491653442383
60	3	过	3.57600998878479
60	4	这	10.379910469055176
60	5	些	11.4399995803833
60	6	真诚	16.275222778320312
60	7	的	0.16332074999809265
60	8	话	9.213923454284668
60	9	。	2.58249568939209
61	1	母亲	15.321672439575195
61	2	买	11.427913665771484
61	3	了	1.5001716613769531
61	4	彩色	13.66032600402832
61	5	的	4.116081237792969
61	6	纸	11.08029842376709
61	7	。	8.235356330871582
62	1	母亲	15.321672439575195
62	2	喝	11.63899040222168
62	3	了	2.6317760944366455
62	4	彩色	13.722744941711426
62	5	的	2.5477752685546875
62	6	纸	12.302440643310547
62	7	。	8.333661079406738
