sentence_id	token_id	token	surprisal
1	1	随着	8.378729820251465
1	2	支持	17.543254852294922
1	3	国际	7.061649322509766
1	4	贸易	5.4152350425720215
1	5	的	1.7627596855163574
1	6	政府	21.57650375366211
1	7	发展	10.267199516296387
1	8	，	0.2571013569831848
1	9	经济	10.36042594909668
1	10	变	18.73556137084961
1	11	好	15.318597793579102
1	12	了	3.1289608478546143
1	13	。	2.8112404346466064
2	1	随着	8.378729820251465
2	2	支持	17.543254852294922
2	3	国际	7.061649322509766
2	4	贸易	5.4152350425720215
2	5	的	1.7627596855163574
2	6	政府	21.57650375366211
2	7	发展	10.267199516296387
2	8	。	7.850613117218018
3	1	随着	8.378729820251465
3	2	缩短	18.390907287597656
3	3	人们	10.04698371887207
3	4	距离	9.661423683166504
3	5	的	1.8496084213256836
3	6	互联网	17.065549850463867
3	7	的	4.449902534484863
3	8	出现	8.650476455688477
3	9	，	0.06759519129991531
3	10	生活	14.427764892578125
3	11	质量	6.200243949890137
3	12	提高	3.9857232570648193
3	13	了	3.749387502670288
3	14	。	2.5733625888824463
4	1	随着	8.378729820251465
4	2	缩短	18.390907287597656
4	3	人们	10.04698371887207
4	4	距离	9.661423683166504
4	5	的	1.8496084213256836
4	6	互联网	17.065549850463867
4	7	的	4.449902534484863
4	8	出现	8.650476455688477
4	9	。	10.496039390563965
5	1	随着	8.378729820251465
5	2	一阵	16.01915168762207
5	3	提醒	17.559402465820312
5	4	乘客	11.472029685974121
5	5	的	2.7115225791931152
5	6	铃声	15.485547065734863
5	7	，	2.2768630981445312
5	8	火车	12.751911163330078
5	9	开	11.899879455566406
5	10	了	1.8915265798568726
5	11	。	7.677371501922607
6	1	随着	8.378729820251465
6	2	一阵	16.01915168762207
6	3	提醒	17.559402465820312
6	4	乘客	11.472029685974121
6	5	的	2.7115225791931152
6	6	铃声	15.485547065734863
6	7	。	10.515114784240723
7	1	随着	8.378729820251465
7	2	不	14.333850860595703
7	3	敢	8.470232009887695
7	4	说话	9.932694435119629
7	5	的	0.9865347743034363
7	6	他	10.360538482666016
7	7	的	5.539488315582275
7	8	年龄	7.627041816711426
7	9	增长	11.007498741149902
7	10	，	0.12338369339704514
7	11	他	3.7712557315826416
7	12	更	8.984151840209961
7	13	有	3.476414203643799
7	14	自信	7.216883182525635
7	15	了	7.971480846405029
7	16	。	0.8473921418190002
8	1	随着	8.378729820251465
8	2	不	14.333850860595703
8	3	敢	8.470232009887695
8	4	说话	9.932694435119629
8	5	的	0.9865347743034363
8	6	他	10.360538482666016
8	7	的	5.539488315582275
8	8	年龄	7.627041816711426
8	9	增长	11.007498741149902
8	10	。	9.54128360748291
9	1	随着	8.378729820251465
9	2	下	15.090237617492676
9	3	很多	20.188922882080078
9	4	雪	15.7704496383667
9	5	的	4.332486629486084
9	6	冬天	5.509598731994629
9	7	的	4.269713401794434
9	8	到来	1.7570892572402954
9	9	，	0.020316025242209435
9	10	树木	15.870271682739258
9	11	凋零	18.97162437438965
9	12	了	10.592062950134277
9	13	。	1.479662299156189
10	1	随着	8.378729820251465
10	2	下	15.090237617492676
10	3	很多	20.188922882080078
10	4	雪	15.7704496383667
10	5	的	4.332486629486084
10	6	冬天	5.509598731994629
10	7	的	4.269713401794434
10	8	到来	1.7570892572402954
10	9	。	8.84993839263916
11	1	随着	8.378729820251465
11	2	提高	15.851716041564941
11	3	人们	7.17954683303833
11	4	生活	1.9876476526260376
11	5	质量	3.1783783435821533
11	6	的	0.6645083427429199
11	7	科技	15.717341423034668
11	8	发展	11.508978843688965
11	9	，	0.24034413695335388
11	10	电脑	11.414917945861816
11	11	功能	13.329468727111816
11	12	变得	10.293608665466309
11	13	更	6.803520679473877
11	14	多	7.197182655334473
11	15	了	2.4578638076782227
11	16	。	1.9780588150024414
12	1	随着	8.378729820251465
12	2	提高	15.851716041564941
12	3	人们	7.17954683303833
12	4	生活	1.9876476526260376
12	5	质量	3.1783783435821533
12	6	的	0.6645083427429199
12	7	科技	15.717341423034668
12	8	发展	11.508978843688965
12	9	。	8.841676712036133
13	1	自从	12.37651252746582
13	2	见	16.321006774902344
13	3	了	3.886126756668091
13	4	学习	17.424869537353516
13	5	文学	10.51533031463623
13	6	的	2.204235792160034
13	7	他	8.224178314208984
13	8	，	1.1829912662506104
13	9	她	7.942684173583984
13	10	一直	7.558053970336914
13	11	在	3.1182425022125244
13	12	写	8.199952125549316
13	13	信	9.121472358703613
13	14	。	4.240448474884033
14	1	自从	12.37651252746582
14	2	见	16.321006774902344
14	3	了	3.886126756668091
14	4	学习	17.424869537353516
14	5	文学	10.51533031463623
14	6	的	2.204235792160034
14	7	他	8.224178314208984
14	8	。	11.339679718017578
15	1	自从	12.37651252746582
15	2	修	18.56539535522461
15	3	了	7.21196174621582
15	4	通往	7.923901081085205
15	5	城市	10.15853500366211
15	6	的	0.9997268915176392
15	7	公路	2.1467339992523193
15	8	，	3.1363344192504883
15	9	农村	11.68828296661377
15	10	经济	7.110787868499756
15	11	变	11.358382225036621
15	12	好	13.390707015991211
15	13	了	0.4273552894592285
15	14	。	1.9164669513702393
16	1	自从	12.37651252746582
16	2	修	18.56539535522461
16	3	了	7.21196174621582
16	4	通往	7.923901081085205
16	5	城市	10.15853500366211
16	6	的	0.9997268915176392
16	7	公路	2.1467339992523193
16	8	。	10.243955612182617
17	1	自从	12.37651252746582
17	2	离开	16.423952102661133
17	3	培养	17.416221618652344
17	4	了	11.502943992614746
17	5	她	12.507351875305176
17	6	的	3.7889316082000732
17	7	家乡	8.370479583740234
17	8	，	7.200434684753418
17	9	她	1.987196683883667
17	10	一直	7.151615142822266
17	11	想念	16.1219539642334
17	12	父母	8.456753730773926
17	13	。	2.055161476135254
18	1	自从	12.37651252746582
18	2	离开	16.423952102661133
18	3	培养	17.416221618652344
18	4	了	11.502943992614746
18	5	她	12.507351875305176
18	6	的	3.7889316082000732
18	7	家乡	8.370479583740234
18	8	。	14.90567684173584
19	1	自从	12.37651252746582
19	2	打	15.999385833740234
19	3	游戏	10.482196807861328
19	4	的	5.383216381072998
19	5	他	7.583609104156494
19	6	开始	6.044219493865967
19	7	读书	10.167952537536621
19	8	，	1.4387644529342651
19	9	他	4.484447002410889
19	10	的	3.20784330368042
19	11	成绩	10.188425064086914
19	12	提高	9.689040184020996
19	13	了	0.2484993189573288
19	14	。	8.329014778137207
20	1	自从	12.37651252746582
20	2	打	15.999385833740234
20	3	游戏	10.482196807861328
20	4	的	5.383216381072998
20	5	他	7.583609104156494
20	6	开始	6.044219493865967
20	7	读书	10.167952537536621
20	8	。	5.228355407714844
21	1	自从	12.37651252746582
21	2	认识	19.0168514251709
21	3	科学家	19.04296112060547
21	4	的	5.377155303955078
21	5	他	11.718414306640625
21	6	获得	10.177886962890625
21	7	大奖	13.42082691192627
21	8	，	9.565817832946777
21	9	他	2.8032095432281494
21	10	不	9.112732887268066
21	11	学习	17.53508949279785
21	12	了	7.44528865814209
21	13	。	4.327591419219971
22	1	自从	12.37651252746582
22	2	认识	19.0168514251709
22	3	科学家	19.04296112060547
22	4	的	5.377155303955078
22	5	他	11.718414306640625
22	6	获得	10.177886962890625
22	7	大奖	13.42082691192627
22	8	。	14.431276321411133
23	1	自从	12.37651252746582
23	2	热爱	16.67782974243164
23	3	艺术	10.444300651550293
23	4	的	2.5126192569732666
23	5	她	6.889433860778809
23	6	认识	11.748842239379883
23	7	了	5.281452178955078
23	8	老师	12.476021766662598
23	9	，	2.5195610523223877
23	10	她	2.2285194396972656
23	11	努力	12.81078815460205
23	12	训练	8.865668296813965
23	13	。	4.35528039932251
24	1	自从	12.37651252746582
24	2	热爱	16.67782974243164
24	3	艺术	10.444300651550293
24	4	的	2.5126192569732666
24	5	她	6.889433860778809
24	6	认识	11.748842239379883
24	7	了	5.281452178955078
24	8	老师	12.476021766662598
24	9	。	5.81813383102417
25	1	自从	12.37651252746582
25	2	设立	15.47972583770752
25	3	了	6.28154993057251
25	4	目标	18.87482261657715
25	5	的	11.664959907531738
25	6	她	16.054330825805664
25	7	参与	11.651213645935059
25	8	了	6.728642463684082
25	9	活动	13.993085861206055
25	10	，	6.646212577819824
25	11	她	3.0960886478424072
25	12	认识	10.885444641113281
25	13	了	5.835500717163086
25	14	很多	6.2759690284729
25	15	人	2.6182849407196045
25	16	。	4.172624588012695
26	1	自从	12.37651252746582
26	2	设立	15.47972583770752
26	3	了	6.28154993057251
26	4	目标	18.87482261657715
26	5	的	11.664959907531738
26	6	她	16.054330825805664
26	7	参与	11.651213645935059
26	8	了	6.728642463684082
26	9	活动	13.993085861206055
26	10	。	8.917266845703125
27	1	自从	12.37651252746582
27	2	申请	16.20836639404297
27	3	留学	11.378093719482422
27	4	的	4.310352802276611
27	5	她	13.415031433105469
27	6	学习	14.742561340332031
27	7	了	9.270074844360352
27	8	外语	10.915742874145508
27	9	，	4.029067516326904
27	10	她	5.71671199798584
27	11	看	12.048446655273438
27	12	了	1.771459937095642
27	13	很多	6.376248359680176
27	14	电影	10.240336418151855
27	15	。	3.3531880378723145
28	1	自从	12.37651252746582
28	2	申请	16.20836639404297
28	3	留学	11.378093719482422
28	4	的	4.310352802276611
28	5	她	13.415031433105469
28	6	学习	14.742561340332031
28	7	了	9.270074844360352
28	8	外语	10.915742874145508
28	9	。	9.488149642944336
29	1	因为	9.901434898376465
29	2	喝	12.900555610656738
29	3	了	4.300879955291748
29	4	让	17.013423919677734
29	5	他	5.2454514503479
29	6	开心	10.550466537475586
29	7	的	2.545975923538208
29	8	酒	10.205451965332031
29	9	，	1.3900846242904663
29	10	他	5.051591396331787
29	11	摔	11.310500144958496
29	12	了	0.6826694011688232
29	13	。	5.113467693328857
30	1	因为	9.901434898376465
30	2	喝	12.900555610656738
30	3	了	4.300879955291748
30	4	让	17.013423919677734
30	5	他	5.2454514503479
30	6	开心	10.550466537475586
30	7	的	2.545975923538208
30	8	酒	10.205451965332031
30	9	。	6.510599136352539
31	1	因为	9.901434898376465
31	2	需要	13.204972267150879
31	3	工作	12.238739013671875
31	4	的	2.2940878868103027
31	5	他	12.217334747314453
31	6	要	6.085506916046143
31	7	迟到	17.155582427978516
31	8	了	7.173294544219971
31	9	，	5.435166835784912
31	10	他	2.2670514583587646
31	11	结束	16.860069274902344
31	12	了	1.6515742540359497
31	13	谈话	13.363961219787598
31	14	。	1.3131335973739624
32	1	因为	9.901434898376465
32	2	需要	13.204972267150879
32	3	工作	12.238739013671875
32	4	的	2.2940878868103027
32	5	他	12.217334747314453
32	6	要	6.085506916046143
32	7	迟到	17.155582427978516
32	8	了	7.173294544219971
32	9	。	5.834738254547119
33	1	因为	9.901434898376465
33	2	不	8.40475082397461
33	3	读书	17.346643447875977
33	4	的	4.952413082122803
33	5	他	8.935596466064453
33	6	没有	6.899594306945801
33	7	练习	14.566781997680664
33	8	题目	20.17935562133789
33	9	，	0.7077611684799194
33	10	他	5.084619522094727
33	11	没有	6.3198113441467285
33	12	成功	9.924925804138184
33	13	。	2.045121669769287
34	1	因为	9.901434898376465
34	2	不	8.40475082397461
34	3	读书	17.346643447875977
34	4	的	4.952413082122803
34	5	他	8.935596466064453
34	6	没有	6.899594306945801
34	7	练习	14.566781997680664
34	8	题目	20.17935562133789
34	9	。	2.4228038787841797
35	1	因为	9.901434898376465
35	2	困扰	18.405611038208008
35	3	着	2.0595920085906982
35	4	她	7.821852207183838
35	5	的	0.8674393892288208
35	6	疾病	8.712696075439453
35	7	，	0.41962897777557373
35	8	她	2.413276195526123
35	9	拒绝	10.126742362976074
35	10	了	1.4212454557418823
35	11	演出	20.1606502532959
35	12	。	2.3760297298431396
36	1	因为	9.901434898376465
36	2	困扰	18.405611038208008
36	3	着	2.0595920085906982
36	4	她	7.821852207183838
36	5	的	0.8674393892288208
36	6	疾病	8.712696075439453
36	7	。	5.24997615814209
37	1	因为	9.901434898376465
37	2	听	15.658981323242188
37	3	着	7.494748115539551
37	4	吸引	17.931102752685547
37	5	她	9.19509220123291
37	6	的	1.2748883962631226
37	7	音乐	8.855005264282227
37	8	，	3.3248343467712402
37	9	她	4.561217308044434
37	10	错过	15.98412799835205
37	11	了	1.7390930652618408
37	12	广播	18.578845977783203
37	13	。	5.779326915740967
38	1	因为	9.901434898376465
38	2	听	15.658981323242188
38	3	着	7.494748115539551
38	4	吸引	17.931102752685547
38	5	她	9.19509220123291
38	6	的	1.2748883962631226
38	7	音乐	8.855005264282227
38	8	。	8.507159233093262
39	1	尽管	9.394925117492676
39	2	负责	14.647674560546875
39	3	工程	9.955491065979004
39	4	的	1.3513513803482056
39	5	领导	11.046359062194824
39	6	已经	6.410758018493652
39	7	离去	16.053485870361328
39	8	，	0.12132260948419571
39	9	工人	16.020294189453125
39	10	还	4.507987976074219
39	11	在	2.5730018615722656
39	12	工作	7.464260101318359
39	13	。	7.511028289794922
40	1	尽管	9.394925117492676
40	2	负责	14.647674560546875
40	3	工程	9.955491065979004
40	4	的	1.3513513803482056
40	5	领导	11.046359062194824
40	6	已经	6.410758018493652
40	7	离去	16.053485870361328
40	8	。	8.470186233520508
41	1	尽管	9.394925117492676
41	2	努力	14.144671440124512
41	3	工作	3.866180658340454
41	4	的	6.667160511016846
41	5	他	14.699746131896973
41	6	年纪	16.23777961730957
41	7	小	6.305086612701416
41	8	，	0.12273211777210236
41	9	他	5.143497943878174
41	10	有	7.655191421508789
41	11	能力	5.420200347900391
41	12	。	11.374820709228516
42	1	尽管	9.394925117492676
42	2	努力	14.144671440124512
42	3	工作	3.866180658340454
42	4	的	6.667160511016846
42	5	他	14.699746131896973
42	6	年纪	16.23777961730957
42	7	小	6.305086612701416
42	8	。	15.192198753356934
43	1	尽管	9.394925117492676
43	2	支持	15.268539428710938
43	3	环保	9.025747299194336
43	4	活动	8.145602226257324
43	5	的	3.823549270629883
43	6	她	16.015214920043945
43	7	会	11.063854217529297
43	8	开车	15.354950904846191
43	9	，	3.5185186862945557
43	10	她	6.316786289215088
43	11	今天	8.644580841064453
43	12	没有	6.660253047943115
43	13	开车	9.93399715423584
43	14	。	5.995914459228516
44	1	尽管	9.394925117492676
44	2	支持	15.268539428710938
44	3	环保	9.025747299194336
44	4	活动	8.145602226257324
44	5	的	3.823549270629883
44	6	她	16.015214920043945
44	7	会	11.063854217529297
44	8	开车	15.354950904846191
44	9	。	9.49146842956543
45	1	尽管	9.394925117492676
45	2	买	14.108206748962402
45	3	了	2.1343588829040527
45	4	房子	8.339665412902832
45	5	的	5.990412712097168
45	6	作家	17.422866821289062
45	7	很	10.529718399047852
45	8	年轻	8.99902057647705
45	9	，	0.04282929003238678
45	10	他	6.847466945648193
45	11	写	11.6727294921875
45	12	了	1.891793966293335
45	13	很多	4.1343512535095215
45	14	作品	7.541008472442627
45	15	。	3.2902727127075195
46	1	尽管	9.394925117492676
46	2	买	14.108206748962402
46	3	了	2.1343588829040527
46	4	房子	8.339665412902832
46	5	的	5.990412712097168
46	6	作家	17.422866821289062
46	7	很	10.529718399047852
46	8	年轻	8.99902057647705
46	9	。	9.834951400756836
47	1	尽管	9.394925117492676
47	2	热爱	17.779504776000977
47	3	文学	11.902118682861328
47	4	的	2.8507862091064453
47	5	父亲	9.156876564025879
47	6	不	7.896200656890869
47	7	同意	7.57257080078125
47	8	他	2.446169376373291
47	9	唱歌	16.543682098388672
47	10	，	0.27803122997283936
47	11	他	5.088992595672607
47	12	还是	6.222665786743164
47	13	买	12.978699684143066
47	14	了	2.086670398712158
47	15	吉他	15.651506423950195
47	16	。	4.4601216316223145
48	1	尽管	9.394925117492676
48	2	热爱	17.779504776000977
48	3	文学	11.902118682861328
48	4	的	2.8507862091064453
48	5	父亲	9.156876564025879
48	6	不	7.896200656890869
48	7	同意	7.57257080078125
48	8	他	2.446169376373291
48	9	唱歌	16.543682098388672
48	10	。	8.823834419250488
49	1	尽管	9.394925117492676
49	2	影响	11.400750160217285
49	3	他	9.08288860321045
49	4	收入	15.440773010253906
49	5	的	1.8389674425125122
49	6	经济	10.227239608764648
49	7	不	8.487549781799316
49	8	好	5.731703758239746
49	9	，	0.22377268970012665
49	10	他	4.46479606628418
49	11	还是	6.312892913818359
49	12	关心	9.739154815673828
49	13	慈善	16.743547439575195
49	14	。	9.613371849060059
50	1	尽管	9.394925117492676
50	2	影响	11.400750160217285
50	3	他	9.08288860321045
50	4	收入	15.440773010253906
50	5	的	1.8389674425125122
50	6	经济	10.227239608764648
50	7	不	8.487549781799316
50	8	好	5.731703758239746
50	9	。	12.252302169799805
51	1	如果	8.869902610778809
51	2	准备	14.191784858703613
51	3	比赛	10.80223560333252
51	4	的	5.959428310394287
51	5	她	16.049758911132812
51	6	做	11.952528953552246
51	7	完	7.959352970123291
51	8	作业	13.451918601989746
51	9	，	0.8133227825164795
51	10	她	3.537860631942749
51	11	去	9.71932601928711
51	12	健身房	11.792543411254883
51	13	。	8.152427673339844
52	1	如果	8.869902610778809
52	2	准备	14.191784858703613
52	3	比赛	10.80223560333252
52	4	的	5.959428310394287
52	5	她	16.049758911132812
52	6	做	11.952528953552246
52	7	完	7.959352970123291
52	8	作业	13.451918601989746
52	9	。	10.28902816772461
53	1	如果	8.869902610778809
53	2	即将	15.1322603225708
53	3	离开	11.604974746704102
53	4	的	2.182359457015991
53	5	她们	13.907806396484375
53	6	照	15.956032752990723
53	7	了	8.623817443847656
53	8	相	16.757055282592773
53	9	，	2.007755994796753
53	10	她们	3.361978054046631
53	11	就	5.594453811645508
53	12	留下	14.389115333557129
53	13	了	0.1646178811788559
53	14	回忆	17.22788429260254
53	15	。	2.6876025199890137
54	1	如果	8.869902610778809
54	2	即将	15.1322603225708
54	3	离开	11.604974746704102
54	4	的	2.182359457015991
54	5	她们	13.907806396484375
54	6	照	15.956032752990723
54	7	了	8.623817443847656
54	8	相	16.757055282592773
54	9	。	8.858102798461914
55	1	如果	8.869902610778809
55	2	培养	14.971722602844238
55	3	了	7.177911758422852
55	4	支撑	16.936567306518555
55	5	她	11.055248260498047
55	6	努力	12.063216209411621
55	7	的	1.6813504695892334
55	8	信心	12.29390811920166
55	9	，	0.11060500890016556
55	10	她	1.9838229417800903
55	11	可以	7.30433988571167
55	12	实现	8.37467098236084
55	13	梦想	8.317635536193848
55	14	。	0.5576348900794983
56	1	如果	8.869902610778809
56	2	培养	14.971722602844238
56	3	了	7.177911758422852
56	4	支撑	16.936567306518555
56	5	她	11.055248260498047
56	6	努力	12.063216209411621
56	7	的	1.6813504695892334
56	8	信心	12.29390811920166
56	9	。	8.71631145477295
57	1	如果	8.869902610778809
57	2	没有	5.443124771118164
57	3	工作	11.11285400390625
57	4	的	6.914793491363525
57	5	他	10.355735778808594
57	6	不	5.847415447235107
57	7	尝试	11.77829360961914
57	8	，	3.0749940872192383
57	9	他	1.2111916542053223
57	10	将	3.36352801322937
57	11	失去	6.717451095581055
57	12	机会	4.2757439613342285
57	13	。	1.7711893320083618
58	1	如果	8.869902610778809
58	2	没有	5.443124771118164
58	3	工作	11.11285400390625
58	4	的	6.914793491363525
58	5	他	10.355735778808594
58	6	不	5.847415447235107
58	7	尝试	11.77829360961914
58	8	。	11.487940788269043
59	1	如果	8.869902610778809
59	2	喜欢	14.617469787597656
59	3	水果	12.498034477233887
59	4	的	3.8603782653808594
59	5	她	13.130311012268066
59	6	来	7.350676536560059
59	7	，	8.052083015441895
59	8	母亲	7.895630359649658
59	9	会	2.588200569152832
59	10	准备	8.683003425598145
59	11	水果	11.423227310180664
59	12	。	4.886482238769531
60	1	如果	8.869902610778809
60	2	喜欢	14.617469787597656
60	3	水果	12.498034477233887
60	4	的	3.8603782653808594
60	5	她	13.130311012268066
60	6	来	7.350676536560059
60	7	。	12.545439720153809
