sentence_id	token_id	token	surprisal
1	1	那	9.873441696166992
1	2	家	10.986274719238281
1	3	我	7.159660339355469
1	4	采访	14.271538734436035
1	5	过	1.9317290782928467
1	6	的	1.8379899263381958
1	7	老板	10.513208389282227
1	8	在	7.653077125549316
1	9	市中心	10.014235496520996
1	10	投资	13.310730934143066
1	11	的	1.1949104070663452
1	12	饭店	7.054530143737793
1	13	很	11.101090431213379
1	14	受	5.842921257019043
1	15	欢迎	1.5078556537628174
1	16	。	2.1484291553497314
2	1	那	9.873441696166992
2	2	个	8.37681770324707
2	3	我	7.21049165725708
2	4	采访	14.700111389160156
2	5	过	4.270468711853027
2	6	的	1.7152199745178223
2	7	老板	13.884119033813477
2	8	在	7.298739433288574
2	9	市中心	10.436877250671387
2	10	投资	13.422255516052246
2	11	的	1.1862411499023438
2	12	饭店	7.446860313415527
2	13	很	10.302984237670898
2	14	受	5.783816337585449
2	15	欢迎	1.8739731311798096
2	16	。	2.503462076187134
3	1	那	9.873441696166992
3	2	幅	12.366439819335938
3	3	我	12.312644958496094
3	4	介绍	10.4182767868042
3	5	的	0.5736318230628967
3	6	朋友	11.129228591918945
3	7	非常	7.03439998626709
3	8	喜欢	5.665370464324951
3	9	的	6.4007744789123535
3	10	画	12.950169563293457
3	11	吸引	16.54229736328125
3	12	了	4.721184253692627
3	13	我	2.8591089248657227
3	14	。	0.9027865529060364
4	1	那	9.873441696166992
4	2	个	8.37681770324707
4	3	我	7.21049165725708
4	4	介绍	13.379170417785645
4	5	的	1.8216415643692017
4	6	朋友	9.630582809448242
4	7	非常	9.893340110778809
4	8	喜欢	5.299356937408447
4	9	的	6.358508110046387
4	10	画	16.47784423828125
4	11	吸引	15.202875137329102
4	12	了	5.720218181610107
4	13	我	2.1881635189056396
4	14	。	1.7218579053878784
5	1	那	9.873441696166992
5	2	件	8.119921684265137
5	3	我	12.535439491271973
5	4	喜欢	9.664037704467773
5	5	的	1.4860113859176636
5	6	老师	18.161680221557617
5	7	为	11.463981628417969
5	8	他	5.159475803375244
5	9	的	4.613006591796875
5	10	学生	7.248523712158203
5	11	收藏	14.025904655456543
5	12	的	2.241661548614502
5	13	艺术品	9.231870651245117
5	14	获	15.097372055053711
5	15	了	5.131968021392822
5	16	奖	8.990466117858887
5	17	。	0.9761900305747986
6	1	那	9.873441696166992
6	2	个	8.37681770324707
6	3	我	7.21049165725708
6	4	喜欢	9.71433162689209
6	5	的	2.515723943710327
6	6	老师	12.765040397644043
6	7	为	11.839183807373047
6	8	他	4.4223952293396
6	9	的	4.923826694488525
6	10	学生	6.6959710121154785
6	11	收藏	15.009220123291016
6	12	的	2.9467499256134033
6	13	艺术品	9.779072761535645
6	14	获	15.381437301635742
6	15	了	5.176266193389893
6	16	奖	8.840777397155762
6	17	。	1.268553376197815
7	1	那	9.873441696166992
7	2	只	7.429704666137695
7	3	我	10.294394493103027
7	4	认识	9.42593002319336
7	5	的	3.4404735565185547
7	6	店长	23.645002365112305
7	7	特别	12.446866035461426
7	8	喜欢	8.168853759765625
7	9	的	5.030158996582031
7	10	宠物	18.672475814819336
7	11	生病	17.82682228088379
7	12	了	6.3984527587890625
7	13	。	2.107590675354004
8	1	那	9.873441696166992
8	2	个	8.37681770324707
8	3	我	7.21049165725708
8	4	认识	9.464825630187988
8	5	的	2.6494500637054443
8	6	店长	23.351295471191406
8	7	特别	11.624359130859375
8	8	喜欢	9.45319652557373
8	9	的	5.592444896697998
8	10	宠物	18.908714294433594
8	11	生病	17.99744987487793
8	12	了	6.513853073120117
8	13	。	2.4238123893737793
9	1	那	9.873441696166992
9	2	首	12.095913887023926
9	3	我	11.795747756958008
9	4	见	9.644084930419922
9	5	过	0.2146098017692566
9	6	的	4.6093902587890625
9	7	明星	16.735090255737305
9	8	在	6.245457172393799
9	9	商场	10.57412052154541
9	10	唱	14.521705627441406
9	11	的	1.6849461793899536
9	12	歌	4.874457836151123
9	13	很	10.872679710388184
9	14	好听	16.665611267089844
9	15	。	2.075261354446411
10	1	那	9.873441696166992
10	2	个	8.37681770324707
10	3	我	7.21049165725708
10	4	见	11.964181900024414
10	5	过	0.22165614366531372
10	6	的	3.7042713165283203
10	7	明星	16.47239875793457
10	8	在	4.987111568450928
10	9	商场	11.462214469909668
10	10	唱	15.347789764404297
10	11	的	2.0409417152404785
10	12	歌	5.080250263214111
10	13	很	10.025394439697266
10	14	好听	15.963212013244629
10	15	。	2.5848841667175293
11	1	那	9.873441696166992
11	2	所	10.348880767822266
11	3	我	12.468110084533691
11	4	认识	10.617920875549316
11	5	的	0.21079319715499878
11	6	老人	18.03845977783203
11	7	在	5.079039573669434
11	8	冬天	12.659161567687988
11	9	去	9.8485107421875
11	10	的	3.3332836627960205
11	11	学校	12.314105987548828
11	12	关闭	15.622867584228516
11	13	了	3.137359857559204
11	14	。	4.3880767822265625
12	1	那	9.873441696166992
12	2	个	8.37681770324707
12	3	我	7.21049165725708
12	4	认识	9.464825630187988
12	5	的	2.6494500637054443
12	6	老人	19.224225997924805
12	7	在	5.673977375030518
12	8	冬天	12.881200790405273
12	9	去	9.175395965576172
12	10	的	5.187048435211182
12	11	学校	11.866409301757812
12	12	关闭	15.064784049987793
12	13	了	3.329423427581787
12	14	。	4.711525917053223
13	1	那	9.873441696166992
13	2	件	8.119921684265137
13	3	我	12.535439491271973
13	4	采访	14.113418579101562
13	5	过	4.434957027435303
13	6	的	1.080422043800354
13	7	司机	14.954386711120605
13	8	给	5.69498872756958
13	9	朋友	9.903000831604004
13	10	带	8.059865951538086
13	11	的	6.0032429695129395
13	12	行李	10.773757934570312
13	13	丢	13.010891914367676
13	14	了	0.1629178673028946
13	15	。	7.326049327850342
14	1	那	9.873441696166992
14	2	个	8.37681770324707
14	3	我	7.21049165725708
14	4	采访	14.700111389160156
14	5	过	4.270468711853027
14	6	的	1.7152199745178223
14	7	司机	12.590707778930664
14	8	给	5.966948986053467
14	9	朋友	9.903409957885742
14	10	带	7.7600932121276855
14	11	的	6.3117899894714355
14	12	行李	10.65184211730957
14	13	丢	12.916873931884766
14	14	了	0.16871678829193115
14	15	。	7.350118637084961
15	1	那	9.873441696166992
15	2	本	8.404876708984375
15	3	我	9.487127304077148
15	4	喜欢	9.754916191101074
15	5	的	2.070502996444702
15	6	作家	12.42105770111084
15	7	为	12.474688529968262
15	8	我	3.620605945587158
15	9	写	3.1226003170013428
15	10	的	2.0163052082061768
15	11	书	3.664321184158325
15	12	很	9.434614181518555
15	13	受	5.420529365539551
15	14	欢迎	0.47110655903816223
15	15	。	1.2875021696090698
16	1	那	9.873441696166992
16	2	个	8.37681770324707
16	3	我	7.21049165725708
16	4	喜欢	9.71433162689209
16	5	的	2.515723943710327
16	6	作家	13.724458694458008
16	7	为	12.725418090820312
16	8	我	3.0566177368164062
16	9	写	3.5110645294189453
16	10	的	2.1716487407684326
16	11	书	3.1356446743011475
16	12	很	8.990920066833496
16	13	受	5.6025390625
16	14	欢迎	0.5974966883659363
16	15	。	1.8137073516845703
17	1	那	9.873441696166992
17	2	辆	10.065744400024414
17	3	我	12.309614181518555
17	4	介绍	13.46389102935791
17	5	的	1.582931399345398
17	6	朋友	10.189092636108398
17	7	昨天	8.77638053894043
17	8	开	11.232621192932129
17	9	的	4.133248329162598
17	10	车	3.342092752456665
17	11	坏	12.853286743164062
17	12	了	0.22705121338367462
17	13	。	4.606924533843994
18	1	那	9.873441696166992
18	2	个	8.37681770324707
18	3	我	7.21049165725708
18	4	介绍	13.379170417785645
18	5	的	1.8216415643692017
18	6	朋友	9.630582809448242
18	7	昨天	10.245506286621094
18	8	开	10.818642616271973
18	9	的	5.076498031616211
18	10	车	6.316045761108398
18	11	坏	12.92147445678711
18	12	了	0.2370784878730774
18	13	。	4.645015239715576
19	1	那	9.873441696166992
19	2	份	9.150440216064453
19	3	他	10.46270751953125
19	4	教	15.779351234436035
19	5	的	4.2763237953186035
19	6	孩子	10.72840690612793
19	7	在	5.361420154571533
19	8	学校	5.266122341156006
19	9	做	7.024158477783203
19	10	的	3.4624011516571045
19	11	作业	7.395486354827881
19	12	获	15.181732177734375
19	13	了	3.5534133911132812
19	14	奖	13.041871070861816
19	15	。	2.1725287437438965
20	1	那	9.873441696166992
20	2	个	8.37681770324707
20	3	他	8.371124267578125
20	4	教	13.541030883789062
20	5	的	4.132235527038574
20	6	孩子	4.59451961517334
20	7	在	5.883050441741943
20	8	学校	5.026076793670654
20	9	做	7.5823822021484375
20	10	的	3.456367015838623
20	11	作业	7.924437046051025
20	12	获	17.15123748779297
20	13	了	3.9759998321533203
20	14	奖	13.042924880981445
20	15	。	2.4946341514587402
21	1	那	9.873441696166992
21	2	份	9.150440216064453
21	3	我	11.518714904785156
21	4	采访	12.637374877929688
21	5	过	4.095281600952148
21	6	的	0.9886244535446167
21	7	老板	15.41433334350586
21	8	给	7.571380138397217
21	9	员工	10.931709289550781
21	10	制定	14.056464195251465
21	11	的	2.4383225440979004
21	12	合同	11.06993579864502
21	13	到期	9.905400276184082
21	14	了	1.259719729423523
21	15	。	4.401898384094238
22	1	那	9.873441696166992
22	2	个	8.37681770324707
22	3	我	7.21049165725708
22	4	采访	14.700111389160156
22	5	过	4.270468711853027
22	6	的	1.7152199745178223
22	7	老板	13.884119033813477
22	8	给	7.911243915557861
22	9	员工	10.974970817565918
22	10	制定	14.884269714355469
22	11	的	2.628303050994873
22	12	合同	11.968600273132324
22	13	到期	10.788249969482422
22	14	了	1.4834834337234497
22	15	。	4.765546798706055
23	1	那	9.873441696166992
23	2	间	14.099711418151855
23	3	我	8.3988676071167
23	4	尊敬	16.9515380859375
23	5	的	0.1193120926618576
23	6	朋友	4.3031206130981445
23	7	在	5.4402337074279785
23	8	公园	11.630958557128906
23	9	旁边	9.327666282653809
23	10	开	7.411914348602295
23	11	的	7.889201641082764
23	12	工厂	14.455463409423828
23	13	倒闭	15.597539901733398
23	14	了	2.68558406829834
23	15	。	2.403353452682495
24	1	那	9.873441696166992
24	2	个	8.37681770324707
24	3	我	7.21049165725708
24	4	尊敬	16.451210021972656
24	5	的	0.0864744707942009
24	6	朋友	4.811122894287109
24	7	在	4.886941432952881
24	8	公园	11.223639488220215
24	9	旁边	8.933321952819824
24	10	开	7.301426887512207
24	11	的	8.17764949798584
24	12	工厂	13.911643028259277
24	13	倒闭	15.000490188598633
24	14	了	2.48746657371521
24	15	。	2.833627223968506
25	1	那	9.873441696166992
25	2	张	8.471110343933105
25	3	我	11.111135482788086
25	4	教	13.694114685058594
25	5	的	4.414463520050049
25	6	孩子	7.974003791809082
25	7	在	6.015875339508057
25	8	公园	8.130426406860352
25	9	照	13.839569091796875
25	10	的	5.219486236572266
25	11	照片	5.537083148956299
25	12	丢	17.334148406982422
25	13	了	1.292417049407959
25	14	。	5.400730133056641
26	1	那	9.873441696166992
26	2	个	8.37681770324707
26	3	我	7.21049165725708
26	4	教	13.095539093017578
26	5	的	4.4116387367248535
26	6	孩子	3.586904287338257
26	7	在	5.6001973152160645
26	8	公园	8.692892074584961
26	9	照	13.994763374328613
26	10	的	5.604109764099121
26	11	照片	7.922608375549316
26	12	丢	16.76415252685547
26	13	了	1.355122447013855
26	14	。	5.063263893127441
27	1	那	9.873441696166992
27	2	台	10.822955131530762
27	3	我们	11.723658561706543
27	4	欣赏	11.973430633544922
27	5	的	1.3965802192687988
27	6	老师	13.795638084411621
27	7	经常	11.266512870788574
27	8	用	5.518069267272949
27	9	的	5.909012794494629
27	10	手机	9.46989631652832
27	11	很	8.104543685913086
27	12	好用	16.842514038085938
27	13	。	2.726940631866455
28	1	那	9.873441696166992
28	2	个	8.37681770324707
28	3	我们	7.961761474609375
28	4	欣赏	13.710990905761719
28	5	的	2.1869254112243652
28	6	老师	13.522448539733887
28	7	经常	12.158246040344238
28	8	用	5.542767524719238
28	9	的	5.847829818725586
28	10	手机	9.468240737915039
28	11	很	8.471161842346191
28	12	好用	16.97002601623535
28	13	。	3.1504158973693848
29	1	那	9.873441696166992
29	2	朵	17.488571166992188
29	3	我	11.758753776550293
29	4	关心	17.415395736694336
29	5	的	0.16062037646770477
29	6	邻居	11.881216049194336
29	7	在	7.210038185119629
29	8	家	6.377407073974609
29	9	种	17.073030471801758
29	10	的	10.968640327453613
29	11	花	12.969486236572266
29	12	很	6.936841011047363
29	13	好看	9.933035850524902
29	14	。	3.072636842727661
30	1	那	9.873441696166992
30	2	个	8.37681770324707
30	3	我	7.21049165725708
30	4	关心	12.535970687866211
30	5	的	0.3999541699886322
30	6	邻居	14.426695823669434
30	7	在	6.015281677246094
30	8	家	6.4151458740234375
30	9	种	15.811132431030273
30	10	的	10.295537948608398
30	11	花	14.691021919250488
30	12	很	6.098237037658691
30	13	好看	9.940547943115234
30	14	。	4.1954026222229
