sentence_id	token_id	token	surprisal
1	1	我	7.963864326477051
1	2	很	6.089216232299805
1	3	喜欢	4.4288249015808105
1	4	一	6.947024345397949
1	5	位	2.0968358516693115
1	6	明星	14.396806716918945
1	7	。	2.4965975284576416
2	1	我	7.963864326477051
2	2	很	6.089216232299805
2	3	喜欢	4.4288249015808105
2	4	一	6.947024345397949
2	5	首	8.76183032989502
2	6	明星	14.580830574035645
2	7	。	3.5152652263641357
3	1	我	7.963864326477051
3	2	很	6.089216232299805
3	3	喜欢	4.4288249015808105
3	4	一	6.947024345397949
3	5	首	8.76183032989502
3	6	歌曲	3.695911169052124
3	7	。	2.222200632095337
4	1	我	7.963864326477051
4	2	很	6.089216232299805
4	3	喜欢	4.4288249015808105
4	4	一	6.947024345397949
4	5	位	2.0968358516693115
4	6	歌曲	15.597101211547852
4	7	。	2.68888783454895
5	1	她	7.657495975494385
5	2	开车	18.8394775390625
5	3	去	3.2461891174316406
5	4	了	3.6109254360198975
5	5	一	4.936756610870361
5	6	家	2.8919525146484375
5	7	店	9.052035331726074
5	8	。	3.616323947906494
6	1	她	7.657495975494385
6	2	开车	18.8394775390625
6	3	去	3.2461891174316406
6	4	了	3.6109254360198975
6	5	一	4.936756610870361
6	6	座	7.719427585601807
6	7	店	14.028043746948242
6	8	。	3.883770704269409
7	1	她	7.657495975494385
7	2	开车	18.8394775390625
7	3	去	3.2461891174316406
7	4	了	3.6109254360198975
7	5	一	4.936756610870361
7	6	座	7.719427585601807
7	7	山	11.421870231628418
7	8	。	5.37023401260376
8	1	她	7.657495975494385
8	2	开车	18.8394775390625
8	3	去	3.2461891174316406
8	4	了	3.6109254360198975
8	5	一	4.936756610870361
8	6	家	2.8919525146484375
8	7	山	16.704734802246094
8	8	。	5.732698440551758
9	1	他	4.5236897468566895
9	2	有	11.403260231018066
9	3	一	3.3810243606567383
9	4	双	8.040358543395996
9	5	手套	14.57054328918457
9	6	。	6.147862434387207
10	1	他	4.5236897468566895
10	2	有	11.403260231018066
10	3	一	3.3810243606567383
10	4	枚	9.976632118225098
10	5	手套	14.886078834533691
10	6	。	4.58843994140625
11	1	他	4.5236897468566895
11	2	有	11.403260231018066
11	3	一	3.3810243606567383
11	4	枚	9.976632118225098
11	5	纽扣	21.846418380737305
11	6	。	6.045619964599609
12	1	他	4.5236897468566895
12	2	有	11.403260231018066
12	3	一	3.3810243606567383
12	4	双	8.040358543395996
12	5	纽扣	21.559282302856445
12	6	。	6.793225288391113
13	1	店长	22.51995086669922
13	2	拿	17.13266944885254
13	3	着	4.435617446899414
13	4	一	5.6854567527771
13	5	只	6.7695488929748535
13	6	兔子	12.830753326416016
13	7	。	8.805473327636719
14	1	店长	22.51995086669922
14	2	拿	17.13266944885254
14	3	着	4.435617446899414
14	4	一	5.6854567527771
14	5	根	6.530763626098633
14	6	兔子	13.962364196777344
14	7	。	7.145074367523193
15	1	店长	22.51995086669922
15	2	拿	17.13266944885254
15	3	着	4.435617446899414
15	4	一	5.6854567527771
15	5	根	6.530763626098633
15	6	萝卜	15.956579208374023
15	7	。	3.685976505279541
16	1	店长	22.51995086669922
16	2	拿	17.13266944885254
16	3	着	4.435617446899414
16	4	一	5.6854567527771
16	5	只	6.7695488929748535
16	6	萝卜	15.316802024841309
16	7	。	4.270389080047607
17	1	他	4.5236897468566895
17	2	认识	16.0583438873291
17	3	了	5.576035022735596
17	4	一	6.3173441886901855
17	5	名	8.30340576171875
17	6	男孩	13.632264137268066
17	7	。	4.5088677406311035
18	1	他	4.5236897468566895
18	2	认识	16.0583438873291
18	3	了	5.576035022735596
18	4	一	6.3173441886901855
18	5	本	10.99627685546875
18	6	男孩	14.482545852661133
18	7	。	7.141788005828857
19	1	他	4.5236897468566895
19	2	认识	16.0583438873291
19	3	了	5.576035022735596
19	4	一	6.3173441886901855
19	5	本	10.99627685546875
19	6	小说	9.142535209655762
19	7	。	5.142396926879883
20	1	他	4.5236897468566895
20	2	认识	16.0583438873291
20	3	了	5.576035022735596
20	4	一	6.3173441886901855
20	5	名	8.30340576171875
20	6	小说	15.530431747436523
20	7	。	5.9119696617126465
21	1	男人	16.836748123168945
21	2	在	4.351877212524414
21	3	扫描	18.89325523376465
21	4	一	11.43234920501709
21	5	篇	3.74751353263855
21	6	文章	3.808964729309082
21	7	。	14.09095287322998
22	1	男人	16.836748123168945
22	2	在	4.351877212524414
22	3	扫描	18.89325523376465
22	4	一	11.43234920501709
22	5	张	8.315299034118652
22	6	文章	11.180830001831055
22	7	。	16.063430786132812
23	1	男人	16.836748123168945
23	2	在	4.351877212524414
23	3	扫描	18.89325523376465
23	4	一	11.43234920501709
23	5	张	8.315299034118652
23	6	图片	6.920109748840332
23	7	。	15.882019996643066
24	1	男人	16.836748123168945
24	2	在	4.351877212524414
24	3	扫描	18.89325523376465
24	4	一	11.43234920501709
24	5	篇	3.74751353263855
24	6	图片	11.275742530822754
24	7	。	15.534063339233398
25	1	演员	15.446003913879395
25	2	在	4.760022163391113
25	3	看	12.88833999633789
25	4	一	6.187946796417236
25	5	张	5.559692859649658
25	6	照片	7.537143707275391
25	7	。	11.96518325805664
26	1	演员	15.446003913879395
26	2	在	4.760022163391113
26	3	看	12.88833999633789
26	4	一	6.187946796417236
26	5	位	4.095900058746338
26	6	照片	16.138002395629883
26	7	。	12.641403198242188
27	1	演员	15.446003913879395
27	2	在	4.760022163391113
27	3	看	12.88833999633789
27	4	一	6.187946796417236
27	5	位	4.095900058746338
27	6	老师	7.444394111633301
27	7	。	9.460760116577148
28	1	演员	15.446003913879395
28	2	在	4.760022163391113
28	3	看	12.88833999633789
28	4	一	6.187946796417236
28	5	张	5.559692859649658
28	6	老师	11.115518569946289
28	7	。	10.72904109954834
29	1	他	4.5236897468566895
29	2	在	5.075404167175293
29	3	修理	16.38300132751465
29	4	一	6.710641860961914
29	5	辆	6.101995944976807
29	6	汽车	4.77360725402832
29	7	。	11.434070587158203
30	1	他	4.5236897468566895
30	2	在	5.075404167175293
30	3	修理	16.38300132751465
30	4	一	6.710641860961914
30	5	套	5.271178245544434
30	6	汽车	11.30882453918457
30	7	。	9.004986763000488
31	1	他	4.5236897468566895
31	2	在	5.075404167175293
31	3	修理	16.38300132751465
31	4	一	6.710641860961914
31	5	套	5.271178245544434
31	6	系统	9.769975662231445
31	7	。	10.382848739624023
32	1	他	4.5236897468566895
32	2	在	5.075404167175293
32	3	修理	16.38300132751465
32	4	一	6.710641860961914
32	5	辆	6.101995944976807
32	6	系统	16.03321075439453
32	7	。	10.251148223876953
33	1	学生	14.263710975646973
33	2	们	18.094911575317383
33	3	在	5.085514545440674
33	4	写	11.76919937133789
33	5	一	5.598898410797119
33	6	部	6.425929546356201
33	7	电影	5.335616588592529
33	8	。	8.276652336120605
34	1	学生	14.263710975646973
34	2	们	18.094911575317383
34	3	在	5.085514545440674
34	4	写	11.76919937133789
34	5	一	5.598898410797119
34	6	首	3.580608606338501
34	7	电影	10.572355270385742
34	8	。	9.724278450012207
35	1	学生	14.263710975646973
35	2	们	18.094911575317383
35	3	在	5.085514545440674
35	4	写	11.76919937133789
35	5	一	5.598898410797119
35	6	首	3.580608606338501
35	7	歌曲	4.002619743347168
35	8	。	12.042940139770508
36	1	学生	14.263710975646973
36	2	们	18.094911575317383
36	3	在	5.085514545440674
36	4	写	11.76919937133789
36	5	一	5.598898410797119
36	6	部	6.425929546356201
36	7	歌曲	9.370245933532715
36	8	。	10.91399097442627
37	1	我们	7.549299240112305
37	2	在	5.297558307647705
37	3	看	9.807456970214844
37	4	一	2.978365898132324
37	5	场	3.673833131790161
37	6	表演	11.130380630493164
37	7	。	5.936699390411377
38	1	我们	7.549299240112305
38	2	在	5.297558307647705
38	3	看	9.807456970214844
38	4	一	2.978365898132324
38	5	块	13.582365036010742
38	6	表演	16.1551456451416
38	7	。	5.039432048797607
39	1	我们	7.549299240112305
39	2	在	5.297558307647705
39	3	看	9.807456970214844
39	4	一	2.978365898132324
39	5	块	13.582365036010742
39	6	地面	15.57854175567627
39	7	。	7.391389846801758
40	1	我们	7.549299240112305
40	2	在	5.297558307647705
40	3	看	9.807456970214844
40	4	一	2.978365898132324
40	5	场	3.673833131790161
40	6	地面	20.440006256103516
40	7	。	6.999619483947754
41	1	他	4.5236897468566895
41	2	最	12.743200302124023
41	3	喜欢	5.8242363929748535
41	4	一	8.040294647216797
41	5	道	9.735596656799316
41	6	菜	12.163911819458008
41	7	。	3.6448729038238525
42	1	他	4.5236897468566895
42	2	最	12.743200302124023
42	3	喜欢	5.8242363929748535
42	4	一	8.040294647216797
42	5	瓶	11.05949592590332
42	6	菜	7.0031208992004395
42	7	。	5.985891819000244
43	1	他	4.5236897468566895
43	2	最	12.743200302124023
43	3	喜欢	5.8242363929748535
43	4	一	8.040294647216797
43	5	瓶	11.05949592590332
43	6	油	11.896191596984863
43	7	。	7.9710845947265625
44	1	他	4.5236897468566895
44	2	最	12.743200302124023
44	3	喜欢	5.8242363929748535
44	4	一	8.040294647216797
44	5	道	9.735596656799316
44	6	油	15.156942367553711
44	7	。	5.160341262817383
45	1	她	7.657495975494385
45	2	拿	14.554892539978027
45	3	了	1.2506837844848633
45	4	一	4.024281978607178
45	5	份	5.819887161254883
45	6	饭	15.021758079528809
45	7	。	5.5075225830078125
46	1	她	7.657495975494385
46	2	拿	14.554892539978027
46	3	了	1.2506837844848633
46	4	一	4.024281978607178
46	5	卷	13.663212776184082
46	6	饭	16.978689193725586
46	7	。	5.532066345214844
47	1	她	7.657495975494385
47	2	拿	14.554892539978027
47	3	了	1.2506837844848633
47	4	一	4.024281978607178
47	5	卷	13.663212776184082
47	6	纸	13.5752592086792
47	7	。	7.546438217163086
48	1	她	7.657495975494385
48	2	拿	14.554892539978027
48	3	了	1.2506837844848633
48	4	一	4.024281978607178
48	5	份	5.819887161254883
48	6	纸	13.183270454406738
48	7	。	9.506009101867676
49	1	学生	14.263710975646973
49	2	们	18.094911575317383
49	3	在	5.085514545440674
49	4	写	11.76919937133789
49	5	一	5.598898410797119
49	6	部	6.425929546356201
49	7	戏剧	12.396130561828613
49	8	。	9.103066444396973
50	1	学生	14.263710975646973
50	2	们	18.094911575317383
50	3	在	5.085514545440674
50	4	写	11.76919937133789
50	5	一	5.598898410797119
50	6	篇	1.3419749736785889
50	7	戏剧	14.558073997497559
50	8	。	10.610379219055176
51	1	学生	14.263710975646973
51	2	们	18.094911575317383
51	3	在	5.085514545440674
51	4	写	11.76919937133789
51	5	一	5.598898410797119
51	6	篇	1.3419749736785889
51	7	文章	2.658078193664551
51	8	。	10.743919372558594
52	1	学生	14.263710975646973
52	2	们	18.094911575317383
52	3	在	5.085514545440674
52	4	写	11.76919937133789
52	5	一	5.598898410797119
52	6	部	6.425929546356201
52	7	文章	8.731996536254883
52	8	。	9.192327499389648
53	1	这	6.30433988571167
53	2	是	4.837512016296387
53	3	一	2.9338159561157227
53	4	辆	13.318757057189941
53	5	火车	10.66187572479248
53	6	。	5.695491790771484
54	1	这	6.30433988571167
54	2	是	4.837512016296387
54	3	一	2.9338159561157227
54	4	扇	16.749536514282227
54	5	火车	15.232390403747559
54	6	。	5.448268413543701
55	1	这	6.30433988571167
55	2	是	4.837512016296387
55	3	一	2.9338159561157227
55	4	扇	16.749536514282227
55	5	窗户	10.438546180725098
55	6	。	5.233349323272705
56	1	这	6.30433988571167
56	2	是	4.837512016296387
56	3	一	2.9338159561157227
56	4	辆	13.318757057189941
56	5	窗户	15.980000495910645
56	6	。	6.743491172790527
57	1	老师	14.892623901367188
57	2	在	5.844691276550293
57	3	责备	18.546171188354492
57	4	三	11.06144905090332
57	5	名	5.090515613555908
57	6	学生	4.824433326721191
57	7	。	9.801268577575684
58	1	老师	14.892623901367188
58	2	在	5.844691276550293
58	3	责备	18.546171188354492
58	4	三	11.06144905090332
58	5	只	9.426992416381836
58	6	学生	9.691734313964844
58	7	。	9.63814640045166
59	1	老师	14.892623901367188
59	2	在	5.844691276550293
59	3	责备	18.546171188354492
59	4	三	11.06144905090332
59	5	只	9.426992416381836
59	6	宠物	17.123933792114258
59	7	。	9.076204299926758
60	1	老师	14.892623901367188
60	2	在	5.844691276550293
60	3	责备	18.546171188354492
60	4	三	11.06144905090332
60	5	名	5.090515613555908
60	6	宠物	20.10668182373047
60	7	。	9.563871383666992
61	1	她	7.657495975494385
61	2	买	13.122358322143555
61	3	过	7.05775785446167
61	4	两	3.0086920261383057
61	5	杯	7.030149936676025
61	6	咖啡	7.4750800132751465
61	7	。	3.8577544689178467
62	1	她	7.657495975494385
62	2	买	13.122358322143555
62	3	过	7.05775785446167
62	4	两	3.0086920261383057
62	5	个	3.7220444679260254
62	6	咖啡	13.407965660095215
62	7	。	3.9246890544891357
63	1	她	7.657495975494385
63	2	买	13.122358322143555
63	3	过	7.05775785446167
63	4	两	3.0086920261383057
63	5	个	3.7220444679260254
63	6	杯子	17.98004913330078
63	7	。	4.615657806396484
64	1	她	7.657495975494385
64	2	买	13.122358322143555
64	3	过	7.05775785446167
64	4	两	3.0086920261383057
64	5	杯	7.030149936676025
64	6	杯子	21.713342666625977
64	7	。	4.705102443695068
65	1	孩子	14.846302032470703
65	2	在	5.378190994262695
65	3	卖	12.561568260192871
65	4	五	14.630498886108398
65	5	台	11.831733703613281
65	6	桌子	12.757485389709473
65	7	。	7.138009071350098
66	1	孩子	14.846302032470703
66	2	在	5.378190994262695
66	3	卖	12.561568260192871
66	4	五	14.630498886108398
66	5	块	4.818991661071777
66	6	桌子	10.763065338134766
66	7	。	7.96494722366333
67	1	孩子	14.846302032470703
67	2	在	5.378190994262695
67	3	卖	12.561568260192871
67	4	五	14.630498886108398
67	5	块	4.818991661071777
67	6	蛋糕	14.439202308654785
67	7	。	5.629940509796143
68	1	孩子	14.846302032470703
68	2	在	5.378190994262695
68	3	卖	12.561568260192871
68	4	五	14.630498886108398
68	5	台	11.831733703613281
68	6	蛋糕	14.81505298614502
68	7	。	4.472293853759766
69	1	妈妈	14.773599624633789
69	2	在	6.536574840545654
69	3	做	9.088109016418457
69	4	一	5.768289566040039
69	5	张	6.033195495605469
69	6	地图	11.512765884399414
69	7	。	10.003161430358887
70	1	妈妈	14.773599624633789
70	2	在	6.536574840545654
70	3	做	9.088109016418457
70	4	一	5.768289566040039
70	5	面	9.82526683807373
70	6	地图	14.925006866455078
70	7	。	9.263799667358398
71	1	妈妈	14.773599624633789
71	2	在	6.536574840545654
71	3	做	9.088109016418457
71	4	一	5.768289566040039
71	5	面	9.82526683807373
71	6	镜子	13.79761791229248
71	7	。	10.107874870300293
72	1	妈妈	14.773599624633789
72	2	在	6.536574840545654
72	3	做	9.088109016418457
72	4	一	5.768289566040039
72	5	张	6.033195495605469
72	6	镜子	16.0722713470459
72	7	。	12.656182289123535
73	1	爸爸	13.998507499694824
73	2	买	6.189601898193359
73	3	了	1.7778384685516357
73	4	一	3.1407952308654785
73	5	栋	7.71359920501709
73	6	房子	6.814384460449219
73	7	。	5.040421485900879
74	1	爸爸	13.998507499694824
74	2	买	6.189601898193359
74	3	了	1.7778384685516357
74	4	一	3.1407952308654785
74	5	条	4.314513683319092
74	6	房子	9.140040397644043
74	7	。	4.2345099449157715
75	1	爸爸	13.998507499694824
75	2	买	6.189601898193359
75	3	了	1.7778384685516357
75	4	一	3.1407952308654785
75	5	条	4.314513683319092
75	6	香烟	10.561488151550293
75	7	。	5.6008830070495605
76	1	爸爸	13.998507499694824
76	2	买	6.189601898193359
76	3	了	1.7778384685516357
76	4	一	3.1407952308654785
76	5	栋	7.71359920501709
76	6	香烟	14.431717872619629
76	7	。	6.492368221282959
77	1	我	7.963864326477051
77	2	想	4.6044158935546875
77	3	采	18.458715438842773
77	4	一	2.9187707901000977
77	5	朵	13.158806800842285
77	6	鲜花	5.594067096710205
77	7	。	3.631138563156128
78	1	我	7.963864326477051
78	2	想	4.6044158935546875
78	3	采	18.458715438842773
78	4	一	2.9187707901000977
78	5	颗	8.88487434387207
78	6	鲜花	13.453396797180176
78	7	。	5.678826808929443
79	1	我	7.963864326477051
79	2	想	4.6044158935546875
79	3	采	18.458715438842773
79	4	一	2.9187707901000977
79	5	颗	8.88487434387207
79	6	苹果	9.979104042053223
79	7	。	8.34294605255127
80	1	我	7.963864326477051
80	2	想	4.6044158935546875
80	3	采	18.458715438842773
80	4	一	2.9187707901000977
80	5	朵	13.158806800842285
80	6	苹果	6.9710564613342285
80	7	。	3.9716529846191406
81	1	我	7.963864326477051
81	2	经常	9.813947677612305
81	3	去	4.2758564949035645
81	4	一	8.206099510192871
81	5	家	2.4674670696258545
81	6	医院	7.485331058502197
81	7	。	4.126275062561035
82	1	我	7.963864326477051
82	2	经常	9.813947677612305
82	3	去	4.2758564949035645
82	4	一	8.206099510192871
82	5	座	6.742158889770508
82	6	医院	9.19690990447998
82	7	。	3.675372362136841
83	1	我	7.963864326477051
83	2	经常	9.813947677612305
83	3	去	4.2758564949035645
83	4	一	8.206099510192871
83	5	座	6.742158889770508
83	6	城市	8.444830894470215
83	7	。	6.7760748863220215
84	1	我	7.963864326477051
84	2	经常	9.813947677612305
84	3	去	4.2758564949035645
84	4	一	8.206099510192871
84	5	家	2.4674670696258545
84	6	城市	13.749504089355469
84	7	。	7.341933727264404
85	1	我	7.963864326477051
85	2	拜访	14.476106643676758
85	3	了	1.6037172079086304
85	4	这	6.619117736816406
85	5	一	5.213247299194336
85	6	所	8.167379379272461
85	7	高中	10.05434513092041
85	8	。	5.357053279876709
86	1	我	7.963864326477051
86	2	拜访	14.476106643676758
86	3	了	1.6037172079086304
86	4	这	6.619117736816406
86	5	一	5.213247299194336
86	6	位	4.887398719787598
86	7	高中	16.35456657409668
86	8	。	8.76683235168457
87	1	我	7.963864326477051
87	2	拜访	14.476106643676758
87	3	了	1.6037172079086304
87	4	这	6.619117736816406
87	5	一	5.213247299194336
87	6	位	4.887398719787598
87	7	老师	9.212969779968262
87	8	。	3.891387462615967
88	1	我	7.963864326477051
88	2	拜访	14.476106643676758
88	3	了	1.6037172079086304
88	4	这	6.619117736816406
88	5	一	5.213247299194336
88	6	所	8.167379379272461
88	7	老师	9.925938606262207
88	8	。	3.963412284851074
89	1	他	4.5236897468566895
89	2	在	5.075404167175293
89	3	读	11.832734107971191
89	4	一	6.198445796966553
89	5	条	10.385197639465332
89	6	评论	9.006485939025879
89	7	。	8.043305397033691
90	1	他	4.5236897468566895
90	2	在	5.075404167175293
90	3	读	11.832734107971191
90	4	一	6.198445796966553
90	5	首	6.229518413543701
90	6	评论	10.944692611694336
90	7	。	10.048874855041504
91	1	他	4.5236897468566895
91	2	在	5.075404167175293
91	3	读	11.832734107971191
91	4	一	6.198445796966553
91	5	首	6.229518413543701
91	6	歌曲	8.137228965759277
91	7	。	10.621898651123047
92	1	他	4.5236897468566895
92	2	在	5.075404167175293
92	3	读	11.832734107971191
92	4	一	6.198445796966553
92	5	条	10.385197639465332
92	6	歌曲	13.588083267211914
92	7	。	9.393257141113281
93	1	她	7.657495975494385
93	2	从来	14.237547874450684
93	3	没	3.807706594467163
93	4	见	7.184576511383057
93	5	过	0.006941006053239107
93	6	一	7.256847858428955
93	7	头	9.428363800048828
93	8	大象	13.742673873901367
93	9	。	3.1368789672851562
94	1	她	7.657495975494385
94	2	从来	14.237547874450684
94	3	没	3.807706594467163
94	4	见	7.184576511383057
94	5	过	0.006941006053239107
94	6	一	7.256847858428955
94	7	双	8.556777000427246
94	8	大象	15.636914253234863
94	9	。	2.75518798828125
95	1	她	7.657495975494385
95	2	从来	14.237547874450684
95	3	没	3.807706594467163
95	4	见	7.184576511383057
95	5	过	0.006941006053239107
95	6	一	7.256847858428955
95	7	双	8.556777000427246
95	8	眼睛	3.4260127544403076
95	9	。	2.642683267593384
96	1	她	7.657495975494385
96	2	从来	14.237547874450684
96	3	没	3.807706594467163
96	4	见	7.184576511383057
96	5	过	0.006941006053239107
96	6	一	7.256847858428955
96	7	头	9.428363800048828
96	8	眼睛	10.387330055236816
96	9	。	2.556889057159424
97	1	我	7.963864326477051
97	2	还	7.046286106109619
97	3	没有	2.7263591289520264
97	4	检查	15.252592086791992
97	5	一	6.683578014373779
97	6	份	9.947376251220703
97	7	作业	12.870246887207031
97	8	。	4.774950981140137
98	1	我	7.963864326477051
98	2	还	7.046286106109619
98	3	没有	2.7263591289520264
98	4	检查	15.252592086791992
98	5	一	6.683578014373779
98	6	行	14.088476181030273
98	7	作业	13.789377212524414
98	8	。	2.722120761871338
99	1	我	7.963864326477051
99	2	还	7.046286106109619
99	3	没有	2.7263591289520264
99	4	检查	15.252592086791992
99	5	一	6.683578014373779
99	6	行	14.088476181030273
99	7	文字	19.200849533081055
99	8	。	2.8034539222717285
100	1	我	7.963864326477051
100	2	还	7.046286106109619
100	3	没有	2.7263591289520264
100	4	检查	15.252592086791992
100	5	一	6.683578014373779
100	6	份	9.947376251220703
100	7	文字	14.469799995422363
100	8	。	3.0508241653442383
101	1	孩子	14.846302032470703
101	2	听到	12.989904403686523
101	3	了	3.6590206623077393
101	4	一	6.043489456176758
101	5	首	5.947320938110352
101	6	歌曲	4.712252140045166
101	7	。	6.223262310028076
102	1	孩子	14.846302032470703
102	2	听到	12.989904403686523
102	3	了	3.6590206623077393
102	4	一	6.043489456176758
102	5	张	7.543137073516846
102	6	歌曲	12.196703910827637
102	7	。	5.929160118103027
103	1	孩子	14.846302032470703
103	2	听到	12.989904403686523
103	3	了	3.6590206623077393
103	4	一	6.043489456176758
103	5	张	7.543137073516846
103	6	专辑	8.1052885055542
103	7	。	5.474046230316162
104	1	孩子	14.846302032470703
104	2	听到	12.989904403686523
104	3	了	3.6590206623077393
104	4	一	6.043489456176758
104	5	首	5.947320938110352
104	6	专辑	15.601160049438477
104	7	。	6.009387493133545
105	1	护士	18.3081111907959
105	2	做	14.288098335266113
105	3	了	1.1970263719558716
105	4	一	5.772289276123047
105	5	次	3.4642014503479004
105	6	检查	8.756207466125488
105	7	。	5.438274383544922
106	1	护士	18.3081111907959
106	2	做	14.288098335266113
106	3	了	1.1970263719558716
106	4	一	5.772289276123047
106	5	篇	6.895659446716309
106	6	检查	12.802151679992676
106	7	。	4.782393932342529
107	1	护士	18.3081111907959
107	2	做	14.288098335266113
107	3	了	1.1970263719558716
107	4	一	5.772289276123047
107	5	篇	6.895659446716309
107	6	报告	9.649365425109863
107	7	。	3.3396103382110596
108	1	护士	18.3081111907959
108	2	做	14.288098335266113
108	3	了	1.1970263719558716
108	4	一	5.772289276123047
108	5	次	3.4642014503479004
108	6	报告	11.24077320098877
108	7	。	4.469343662261963
109	1	这里	9.795076370239258
109	2	是	3.4357447624206543
109	3	两	9.490893363952637
109	4	台	10.693504333496094
109	5	电视	8.638894081115723
109	6	。	8.881881713867188
110	1	这里	9.795076370239258
110	2	是	3.4357447624206543
110	3	两	9.490893363952637
110	4	份	13.232467651367188
110	5	电视	11.898664474487305
110	6	。	7.276979446411133
111	1	这里	9.795076370239258
111	2	是	3.4357447624206543
111	3	两	9.490893363952637
111	4	份	13.232467651367188
111	5	合同	11.052891731262207
111	6	。	8.347437858581543
112	1	这里	9.795076370239258
112	2	是	3.4357447624206543
112	3	两	9.490893363952637
112	4	台	10.693504333496094
112	5	合同	17.992124557495117
112	6	。	10.641770362854004
113	1	他	4.5236897468566895
113	2	很	11.189192771911621
113	3	欣赏	8.833259582519531
113	4	一	7.201558589935303
113	5	件	4.514167785644531
113	6	作品	8.663311958312988
113	7	。	1.1963177919387817
114	1	他	4.5236897468566895
114	2	很	11.189192771911621
114	3	欣赏	8.833259582519531
114	4	一	7.201558589935303
114	5	位	2.1926772594451904
114	6	作品	11.774819374084473
114	7	。	2.11576509475708
115	1	他	4.5236897468566895
115	2	很	11.189192771911621
115	3	欣赏	8.833259582519531
115	4	一	7.201558589935303
115	5	位	2.1926772594451904
115	6	领导	16.615753173828125
115	7	。	7.686628341674805
116	1	他	4.5236897468566895
116	2	很	11.189192771911621
116	3	欣赏	8.833259582519531
116	4	一	7.201558589935303
116	5	件	4.514167785644531
116	6	领导	21.321826934814453
116	7	。	8.797663688659668
117	1	那里	14.439395904541016
117	2	有	2.908017158508301
117	3	一	3.666991949081421
117	4	支	5.666609287261963
117	5	舰队	15.759275436401367
117	6	。	5.0387492179870605
118	1	那里	14.439395904541016
118	2	有	2.908017158508301
118	3	一	3.666991949081421
118	4	艘	8.511731147766113
118	5	舰队	13.525331497192383
118	6	。	5.3855671882629395
119	1	那里	14.439395904541016
119	2	有	2.908017158508301
119	3	一	3.666991949081421
119	4	艘	8.511731147766113
119	5	渔船	6.904313564300537
119	6	。	5.5267109870910645
120	1	那里	14.439395904541016
120	2	有	2.908017158508301
120	3	一	3.666991949081421
120	4	支	5.666609287261963
120	5	渔船	13.954421997070312
120	6	。	5.279804706573486
