sentence_id	token_id	token	surprisal
1	1	随着	9.309834480285645
1	2	人民	11.016000747680664
1	3	选择	10.848540306091309
1	4	的	2.01735520362854
1	5	政府	9.850316047668457
1	6	发展	6.604790687561035
1	7	，	0.20414111018180847
1	8	经济	8.332796096801758
1	9	变	12.156256675720215
1	10	好	6.972824573516846
1	11	了	4.3483357429504395
1	12	。	5.380255699157715
2	1	随着	9.309834480285645
2	2	人民	11.016000747680664
2	3	选择	10.848540306091309
2	4	的	2.01735520362854
2	5	政府	9.850316047668457
2	6	发展	6.604790687561035
2	7	。	10.919445037841797
3	1	随着	9.309834480285645
3	2	人民	11.016000747680664
3	3	需要	9.652987480163574
3	4	的	3.4150140285491943
3	5	互联网	13.498723983764648
3	6	的	6.183028697967529
3	7	出现	11.15177059173584
3	8	，	0.43238604068756104
3	9	生活	11.639705657958984
3	10	质量	10.219290733337402
3	11	提高	10.483555793762207
3	12	了	2.265732526779175
3	13	。	7.172651290893555
4	1	随着	9.309834480285645
4	2	人民	11.016000747680664
4	3	需要	9.652987480163574
4	4	的	3.4150140285491943
4	5	互联网	13.498723983764648
4	6	的	6.183028697967529
4	7	出现	11.15177059173584
4	8	。	6.082005500793457
5	1	随着	9.309834480285645
5	2	一阵	19.304759979248047
5	3	司机	15.918290138244629
5	4	播放	17.01167869567871
5	5	的	3.6376771926879883
5	6	铃声	18.481201171875
5	7	，	6.610644340515137
5	8	火车	14.468585014343262
5	9	开	11.070625305175781
5	10	了	0.5437415242195129
5	11	。	11.128864288330078
6	1	随着	9.309834480285645
6	2	一阵	19.304759979248047
6	3	司机	15.918290138244629
6	4	播放	17.01167869567871
6	5	的	3.6376771926879883
6	6	铃声	18.481201171875
6	7	。	9.994470596313477
7	1	随着	9.309834480285645
7	2	我	9.374494552612305
7	3	认识	13.073174476623535
7	4	的	4.629403114318848
7	5	他	11.99515438079834
7	6	的	3.149919271469116
7	7	年龄	10.448525428771973
7	8	增长	11.978446006774902
7	9	，	0.253845751285553
7	10	他	3.7375965118408203
7	11	更	7.591406345367432
7	12	有	5.757004737854004
7	13	自信	13.72988510131836
7	14	了	8.75817584991455
7	15	。	1.7222235202789307
8	1	随着	9.309834480285645
8	2	我	9.374494552612305
8	3	认识	13.073174476623535
8	4	的	4.629403114318848
8	5	他	11.99515438079834
8	6	的	3.149919271469116
8	7	年龄	10.448525428771973
8	8	增长	11.978446006774902
8	9	。	7.3260273933410645
9	1	随着	9.309834480285645
9	2	我	9.374494552612305
9	3	不	11.076388359069824
9	4	喜欢	7.607871055603027
9	5	的	6.014885425567627
9	6	冬天	14.908124923706055
9	7	的	7.015638828277588
9	8	到来	11.079838752746582
9	9	，	0.20393820106983185
9	10	树木	19.958728790283203
9	11	凋零	20.502830505371094
9	12	了	7.823461055755615
9	13	。	3.661072015762329
10	1	随着	9.309834480285645
10	2	我	9.374494552612305
10	3	不	11.076388359069824
10	4	喜欢	7.607871055603027
10	5	的	6.014885425567627
10	6	冬天	14.908124923706055
10	7	的	7.015638828277588
10	8	到来	11.079838752746582
10	9	。	3.7966527938842773
11	1	随着	9.309834480285645
11	2	人民	11.016000747680664
11	3	需要	9.652987480163574
11	4	的	3.4150140285491943
11	5	科技	11.628227233886719
11	6	发展	2.356381893157959
11	7	，	0.21115010976791382
11	8	电脑	14.138008117675781
11	9	功能	12.252058029174805
11	10	变得	10.352986335754395
11	11	更	5.107570171356201
11	12	多	0.8865123391151428
11	13	了	5.490393161773682
11	14	。	3.0290775299072266
12	1	随着	9.309834480285645
12	2	人民	11.016000747680664
12	3	需要	9.652987480163574
12	4	的	3.4150140285491943
12	5	科技	11.628227233886719
12	6	发展	2.356381893157959
12	7	。	7.826559066772461
13	1	自从	10.495467185974121
13	2	见	15.142230033874512
13	3	了	4.120141983032227
13	4	我	9.30505657196045
13	5	介绍	14.487384796142578
13	6	的	6.7259931564331055
13	7	他	9.86541748046875
13	8	，	1.9854239225387573
13	9	她	7.714351177215576
13	10	一直	5.84489631652832
13	11	在	2.403287172317505
13	12	写信	16.449737548828125
13	13	。	4.332271575927734
14	1	自从	10.495467185974121
14	2	见	15.142230033874512
14	3	了	4.120141983032227
14	4	我	9.30505657196045
14	5	介绍	14.487384796142578
14	6	的	6.7259931564331055
14	7	他	9.86541748046875
14	8	。	8.585387229919434
15	1	自从	10.495467185974121
15	2	修	18.72895622253418
15	3	了	3.600863218307495
15	4	村民	11.36348819732666
15	5	需要	12.252639770507812
15	6	的	5.887827396392822
15	7	公路	9.436521530151367
15	8	，	3.5998806953430176
15	9	农村	10.86843204498291
15	10	经济	9.651044845581055
15	11	变	12.064105033874512
15	12	好	7.5223822593688965
15	13	了	1.9494317770004272
15	14	。	2.877774238586426
16	1	自从	10.495467185974121
16	2	修	18.72895622253418
16	3	了	3.600863218307495
16	4	村民	11.36348819732666
16	5	需要	12.252639770507812
16	6	的	5.887827396392822
16	7	公路	9.436521530151367
16	8	。	8.86826229095459
17	1	自从	10.495467185974121
17	2	离开	15.247740745544434
17	3	她	10.017499923706055
17	4	依赖	15.983114242553711
17	5	的	4.694881439208984
17	6	家乡	11.769495964050293
17	7	，	1.7113949060440063
17	8	她	2.9529080390930176
17	9	一直	6.678532123565674
17	10	想念	12.772976875305176
17	11	父母	9.593884468078613
17	12	。	5.134017467498779
18	1	自从	10.495467185974121
18	2	离开	15.247740745544434
18	3	她	10.017499923706055
18	4	依赖	15.983114242553711
18	5	的	4.694881439208984
18	6	家乡	11.769495964050293
18	7	。	10.530036926269531
19	1	自从	10.495467185974121
19	2	老师	15.02724552154541
19	3	称赞	18.276796340942383
19	4	的	5.964273452758789
19	5	他	8.895220756530762
19	6	开始	6.801421165466309
19	7	读书	14.148781776428223
19	8	，	0.9576518535614014
19	9	他	4.336145401000977
19	10	的	3.781346082687378
19	11	成绩	11.531627655029297
19	12	提高	13.132840156555176
19	13	了	0.8730090260505676
19	14	。	5.438208103179932
20	1	自从	10.495467185974121
20	2	老师	15.02724552154541
20	3	称赞	18.276796340942383
20	4	的	5.964273452758789
20	5	他	8.895220756530762
20	6	开始	6.801421165466309
20	7	读书	14.148781776428223
20	8	。	9.3837890625
21	1	自从	10.495467185974121
21	2	老师	15.02724552154541
21	3	认可	15.842591285705566
21	4	的	6.4394402503967285
21	5	他	11.490472793579102
21	6	获得	13.41471004486084
21	7	大奖	15.175925254821777
21	8	，	4.8191070556640625
21	9	他	3.1118581295013428
21	10	不	7.374024391174316
21	11	学习	13.991856575012207
21	12	了	4.612245082855225
21	13	。	3.1505634784698486
22	1	自从	10.495467185974121
22	2	老师	15.02724552154541
22	3	认可	15.842591285705566
22	4	的	6.4394402503967285
22	5	他	11.490472793579102
22	6	获得	13.41471004486084
22	7	大奖	15.175925254821777
22	8	。	7.591050148010254
23	1	自从	10.495467185974121
23	2	我	8.941550254821777
23	3	提到	10.257010459899902
23	4	的	3.0873148441314697
23	5	她	12.38460922241211
23	6	认识	11.1673002243042
23	7	了	6.104009628295898
23	8	老师	14.440741539001465
23	9	，	1.1460931301116943
23	10	她	4.058728218078613
23	11	努力	13.908108711242676
23	12	训练	16.029830932617188
23	13	。	5.44025993347168
24	1	自从	10.495467185974121
24	2	我	8.941550254821777
24	3	提到	10.257010459899902
24	4	的	3.0873148441314697
24	5	她	12.38460922241211
24	6	认识	11.1673002243042
24	7	了	6.104009628295898
24	8	老师	14.440741539001465
24	9	。	5.038386344909668
25	1	自从	10.495467185974121
25	2	我	8.941550254821777
25	3	帮助	14.281929016113281
25	4	过	2.977388620376587
25	5	的	6.460880279541016
25	6	她	12.248359680175781
25	7	参与	15.302692413330078
25	8	了	3.1984689235687256
25	9	活动	12.959409713745117
25	10	，	2.017083168029785
25	11	她	5.0501203536987305
25	12	认识	11.880024909973145
25	13	了	1.7909481525421143
25	14	很多	6.004797458648682
25	15	人	3.9529051780700684
25	16	。	5.865397930145264
26	1	自从	10.495467185974121
26	2	我	8.941550254821777
26	3	帮助	14.281929016113281
26	4	过	2.977388620376587
26	5	的	6.460880279541016
26	6	她	12.248359680175781
26	7	参与	15.302692413330078
26	8	了	3.1984689235687256
26	9	活动	12.959409713745117
26	10	。	3.5500926971435547
27	1	自从	10.495467185974121
27	2	我	8.941550254821777
27	3	关心	11.926403999328613
27	4	的	2.216278553009033
27	5	她	12.670589447021484
27	6	学习	12.46523380279541
27	7	了	8.243325233459473
27	8	外语	18.53708267211914
27	9	，	1.8620420694351196
27	10	她	7.610976696014404
27	11	看	9.22550106048584
27	12	了	3.1696319580078125
27	13	很多	6.8562912940979
27	14	电影	9.860088348388672
27	15	。	4.258689880371094
28	1	自从	10.495467185974121
28	2	我	8.941550254821777
28	3	关心	11.926403999328613
28	4	的	2.216278553009033
28	5	她	12.670589447021484
28	6	学习	12.46523380279541
28	7	了	8.243325233459473
28	8	外语	18.53708267211914
28	9	。	6.465028762817383
29	1	因为	7.63633918762207
29	2	喝	14.712953567504883
29	3	了	2.7077391147613525
29	4	他	8.06854248046875
29	5	买	6.348333358764648
29	6	的	4.250057220458984
29	7	酒	8.923688888549805
29	8	，	0.936715304851532
29	9	他	6.053504467010498
29	10	摔	11.27721881866455
29	11	了	1.0142008066177368
29	12	。	4.504942893981934
30	1	因为	7.63633918762207
30	2	喝	14.712953567504883
30	3	了	2.7077391147613525
30	4	他	8.06854248046875
30	5	买	6.348333358764648
30	6	的	4.250057220458984
30	7	酒	8.923688888549805
30	8	。	4.559650897979736
31	1	因为	7.63633918762207
31	2	老师	12.603166580200195
31	3	想	8.294048309326172
31	4	见	10.751241683959961
31	5	的	6.696918964385986
31	6	他	9.463485717773438
31	7	要	7.760804176330566
31	8	迟到	16.52560806274414
31	9	了	4.7647247314453125
31	10	，	1.4979196786880493
31	11	他	5.672091484069824
31	12	结束	15.574572563171387
31	13	了	3.2855684757232666
31	14	谈话	16.471189498901367
31	15	。	0.6414292454719543
32	1	因为	7.63633918762207
32	2	老师	12.603166580200195
32	3	想	8.294048309326172
32	4	见	10.751241683959961
32	5	的	6.696918964385986
32	6	他	9.463485717773438
32	7	要	7.760804176330566
32	8	迟到	16.52560806274414
32	9	了	4.7647247314453125
32	10	。	5.061065673828125
33	1	因为	7.63633918762207
33	2	我	4.822779178619385
33	3	了解	10.513895034790039
33	4	的	5.972541809082031
33	5	他	11.425631523132324
33	6	没有	6.939734935760498
33	7	练习	15.281965255737305
33	8	题目	22.59182357788086
33	9	，	0.5044816732406616
33	10	他	7.195194721221924
33	11	没有	4.387316703796387
33	12	成功	10.680402755737305
33	13	。	2.794833183288574
34	1	因为	7.63633918762207
34	2	我	4.822779178619385
34	3	了解	10.513895034790039
34	4	的	5.972541809082031
34	5	他	11.425631523132324
34	6	没有	6.939734935760498
34	7	练习	15.281965255737305
34	8	题目	22.59182357788086
34	9	。	3.6462948322296143
35	1	因为	7.63633918762207
35	2	她	7.896321773529053
35	3	得	11.727250099182129
35	4	的	11.011564254760742
35	5	疾病	11.814294815063477
35	6	，	2.245788335800171
35	7	她	5.171612739562988
35	8	拒绝	13.310548782348633
35	9	了	4.747455596923828
35	10	演出	18.386024475097656
35	11	。	4.3630571365356445
36	1	因为	7.63633918762207
36	2	她	7.896321773529053
36	3	得	11.727250099182129
36	4	的	11.011564254760742
36	5	疾病	11.814294815063477
36	6	。	8.514846801757812
37	1	因为	7.63633918762207
37	2	听	14.833672523498535
37	3	着	6.121970176696777
37	4	她	7.477167129516602
37	5	喜欢	9.970985412597656
37	6	的	3.7167086601257324
37	7	音乐	8.928117752075195
37	8	，	1.912591814994812
37	9	她	3.268278121948242
37	10	错过	16.43560028076172
37	11	了	3.4228591918945312
37	12	广播	14.097196578979492
37	13	。	8.617521286010742
38	1	因为	7.63633918762207
38	2	听	14.833672523498535
38	3	着	6.121970176696777
38	4	她	7.477167129516602
38	5	喜欢	9.970985412597656
38	6	的	3.7167086601257324
38	7	音乐	8.928117752075195
38	8	。	7.7876152992248535
39	1	尽管	9.082300186157227
39	2	工人	12.267762184143066
39	3	尊敬	16.15363121032715
39	4	的	0.48993366956710815
39	5	领导	12.09011459350586
39	6	已经	4.88938570022583
39	7	离去	14.588089942932129
39	8	，	1.1954989433288574
39	9	工人	13.53256893157959
39	10	还	7.489737033843994
39	11	在	6.963322162628174
39	12	工作	9.649945259094238
39	13	。	7.547797203063965
40	1	尽管	9.082300186157227
40	2	工人	12.267762184143066
40	3	尊敬	16.15363121032715
40	4	的	0.48993366956710815
40	5	领导	12.09011459350586
40	6	已经	4.88938570022583
40	7	离去	14.588089942932129
40	8	。	5.400892734527588
41	1	尽管	9.082300186157227
41	2	我	5.643420219421387
41	3	认识	10.00532341003418
41	4	的	5.937719345092773
41	5	他	10.387335777282715
41	6	年纪	14.10645866394043
41	7	小	11.883332252502441
41	8	，	2.710688352584839
41	9	他	6.480391502380371
41	10	有	5.617577075958252
41	11	能力	6.926621913909912
41	12	。	6.479617595672607
42	1	尽管	9.082300186157227
42	2	我	5.643420219421387
42	3	认识	10.00532341003418
42	4	的	5.937719345092773
42	5	他	10.387335777282715
42	6	年纪	14.10645866394043
42	7	小	11.883332252502441
42	8	。	7.6048431396484375
43	1	尽管	9.082300186157227
43	2	他	6.088529109954834
43	3	教	15.699417114257812
43	4	过	6.587289810180664
43	5	的	9.586925506591797
43	6	她	10.486045837402344
43	7	会	6.888740062713623
43	8	开车	11.398102760314941
43	9	，	5.494226455688477
43	10	她	5.870673179626465
43	11	今天	10.48141098022461
43	12	没有	9.058226585388184
43	13	开车	12.387395858764648
43	14	。	4.546174049377441
44	1	尽管	9.082300186157227
44	2	他	6.088529109954834
44	3	教	15.699417114257812
44	4	过	6.587289810180664
44	5	的	9.586925506591797
44	6	她	10.486045837402344
44	7	会	6.888740062713623
44	8	开车	11.398102760314941
44	9	。	7.684603691101074
45	1	尽管	9.082300186157227
45	2	我	5.643420219421387
45	3	欣赏	15.4031400680542
45	4	的	7.423081874847412
45	5	作家	11.651400566101074
45	6	很	10.097445487976074
45	7	年轻	10.53604793548584
45	8	，	0.7604854106903076
45	9	他	6.689858913421631
45	10	写	9.44692611694336
45	11	了	1.6661044359207153
45	12	很多	7.20902681350708
45	13	作品	6.490504264831543
45	14	。	4.547005653381348
46	1	尽管	9.082300186157227
46	2	我	5.643420219421387
46	3	欣赏	15.4031400680542
46	4	的	7.423081874847412
46	5	作家	11.651400566101074
46	6	很	10.097445487976074
46	7	年轻	10.53604793548584
46	8	。	5.64056921005249
47	1	尽管	9.082300186157227
47	2	他	6.088529109954834
47	3	尊敬	18.029537200927734
47	4	的	3.596827507019043
47	5	父亲	8.598810195922852
47	6	不	5.550175189971924
47	7	同意	8.199352264404297
47	8	他	2.720860481262207
47	9	唱歌	17.039104461669922
47	10	，	0.30300378799438477
47	11	他	4.7005085945129395
47	12	还是	7.61453104019165
47	13	买	12.291422843933105
47	14	了	2.340106248855591
47	15	吉他	16.944032669067383
47	16	。	2.7434816360473633
48	1	尽管	9.082300186157227
48	2	他	6.088529109954834
48	3	尊敬	18.029537200927734
48	4	的	3.596827507019043
48	5	父亲	8.598810195922852
48	6	不	5.550175189971924
48	7	同意	8.199352264404297
48	8	他	2.720860481262207
48	9	唱歌	17.039104461669922
48	10	。	2.809159755706787
49	1	尽管	9.082300186157227
49	2	他	6.088529109954834
49	3	负责	11.173325538635254
49	4	的	4.47255277633667
49	5	经济	7.6207075119018555
49	6	不	9.897868156433105
49	7	好	5.239745616912842
49	8	，	1.2019602060317993
49	9	他	5.172004699707031
49	10	还是	8.14640998840332
49	11	关心	8.869462013244629
49	12	慈善	15.542051315307617
49	13	。	7.241798400878906
50	1	尽管	9.082300186157227
50	2	他	6.088529109954834
50	3	负责	11.173325538635254
50	4	的	4.47255277633667
50	5	经济	7.6207075119018555
50	6	不	9.897868156433105
50	7	好	5.239745616912842
50	8	。	6.87884521484375
51	1	如果	7.165791988372803
51	2	她	8.746118545532227
51	3	做	7.48865270614624
51	4	完	12.66728401184082
51	5	老师	14.190797805786133
51	6	布置	20.583805084228516
51	7	的	6.386172294616699
51	8	作业	13.395984649658203
51	9	，	1.4628872871398926
51	10	她	4.882237434387207
51	11	去	10.463506698608398
51	12	健身房	15.281709671020508
51	13	。	8.717469215393066
52	1	如果	7.165791988372803
52	2	她	8.746118545532227
52	3	做	7.48865270614624
52	4	完	12.66728401184082
52	5	老师	14.190797805786133
52	6	布置	20.583805084228516
52	7	的	6.386172294616699
52	8	作业	13.395984649658203
52	9	。	11.099828720092773
53	1	如果	7.165791988372803
53	2	我	5.562248229980469
53	3	采访	13.008337020874023
53	4	过	2.1634392738342285
53	5	的	7.439304828643799
53	6	她们	15.06576156616211
53	7	照	17.807025909423828
53	8	了	4.4593024253845215
53	9	相	17.724756240844727
53	10	，	5.6045308113098145
53	11	她们	11.575460433959961
53	12	就	2.962401866912842
53	13	留下	14.614676475524902
53	14	了	0.7215754985809326
53	15	回忆	14.432599067687988
53	16	。	2.150822162628174
54	1	如果	7.165791988372803
54	2	我	5.562248229980469
54	3	采访	13.008337020874023
54	4	过	2.1634392738342285
54	5	的	7.439304828643799
54	6	她们	15.06576156616211
54	7	照	17.807025909423828
54	8	了	4.4593024253845215
54	9	相	17.724756240844727
54	10	。	10.548523902893066
55	1	如果	7.165791988372803
55	2	培养	16.395671844482422
55	3	了	5.022028923034668
55	4	她	11.047863960266113
55	5	需要	9.16067123413086
55	6	的	4.872016906738281
55	7	信心	12.898696899414062
55	8	，	0.11657066643238068
55	9	她	6.794002532958984
55	10	可以	5.73797082901001
55	11	实现	7.8427019119262695
55	12	梦想	14.087242126464844
55	13	。	4.187514781951904
56	1	如果	7.165791988372803
56	2	培养	16.395671844482422
56	3	了	5.022028923034668
56	4	她	11.047863960266113
56	5	需要	9.16067123413086
56	6	的	4.872016906738281
56	7	信心	12.898696899414062
56	8	。	7.315568923950195
57	1	如果	7.165791988372803
57	2	父亲	13.145262718200684
57	3	期待	14.04056453704834
57	4	的	5.200806617736816
57	5	他	10.55051040649414
57	6	不	4.883585453033447
57	7	尝试	13.551846504211426
57	8	，	1.9714142084121704
57	9	他	4.784163951873779
57	10	将	5.325942039489746
57	11	失去	10.101834297180176
57	12	机会	9.472431182861328
57	13	。	3.4128339290618896
58	1	如果	7.165791988372803
58	2	父亲	13.145262718200684
58	3	期待	14.04056453704834
58	4	的	5.200806617736816
58	5	他	10.55051040649414
58	6	不	4.883585453033447
58	7	尝试	13.551846504211426
58	8	。	9.513468742370605
59	1	如果	7.165791988372803
59	2	母亲	12.462039947509766
59	3	喜欢	10.158134460449219
59	4	的	6.299767971038818
59	5	她	8.267265319824219
59	6	来	11.870624542236328
59	7	，	2.3274896144866943
59	8	母亲	7.0600409507751465
59	9	会	3.749872922897339
59	10	准备	10.135172843933105
59	11	水果	16.39710235595703
59	12	。	4.592423915863037
60	1	如果	7.165791988372803
60	2	母亲	12.462039947509766
60	3	喜欢	10.158134460449219
60	4	的	6.299767971038818
60	5	她	8.267265319824219
60	6	来	11.870624542236328
60	7	。	6.914308071136475
