sentence_id	token_id	token	surprisal
1	1	那	7.3126373291015625
1	2	家	9.087579727172852
1	3	我	6.691701889038086
1	4	采访	12.969027519226074
1	5	过	3.01912260055542
1	6	的	4.928351879119873
1	7	老板	13.174861907958984
1	8	在	7.118927478790283
1	9	市中心	13.695035934448242
1	10	投资	12.170870780944824
1	11	的	3.450399398803711
1	12	饭店	12.339509963989258
1	13	很	10.178092002868652
1	14	受	8.435562133789062
1	15	欢迎	3.6029000282287598
1	16	。	3.662051200866699
2	1	那	7.3126373291015625
2	2	个	7.139135837554932
2	3	我	8.178204536437988
2	4	采访	13.720656394958496
2	5	过	3.5891950130462646
2	6	的	3.8791298866271973
2	7	老板	13.947489738464355
2	8	在	7.279024124145508
2	9	市中心	13.112221717834473
2	10	投资	12.753286361694336
2	11	的	3.1370253562927246
2	12	饭店	13.200478553771973
2	13	很	10.402429580688477
2	14	受	8.5601167678833
2	15	欢迎	3.4161863327026367
2	16	。	3.3207128047943115
3	1	那	7.3126373291015625
3	2	幅	11.694206237792969
3	3	我	11.054936408996582
3	4	介绍	13.167603492736816
3	5	的	4.907454490661621
3	6	朋友	8.929590225219727
3	7	非常	10.02260684967041
3	8	喜欢	6.166165351867676
3	9	的	4.511941909790039
3	10	画	15.552288055419922
3	11	吸引	15.829116821289062
3	12	了	5.081969738006592
3	13	我	2.7943568229675293
3	14	。	4.809449195861816
4	1	那	7.3126373291015625
4	2	个	7.139135837554932
4	3	我	8.178204536437988
4	4	介绍	12.92236614227295
4	5	的	5.7697649002075195
4	6	朋友	8.111065864562988
4	7	非常	9.648175239562988
4	8	喜欢	6.767704486846924
4	9	的	4.406350135803223
4	10	画	15.825136184692383
4	11	吸引	15.714183807373047
4	12	了	5.164021015167236
4	13	我	2.8291561603546143
4	14	。	4.413726329803467
5	1	那	7.3126373291015625
5	2	件	8.181801795959473
5	3	我	13.186098098754883
5	4	喜欢	7.805971622467041
5	5	的	3.682080030441284
5	6	老师	14.202420234680176
5	7	为	9.826751708984375
5	8	他	4.987856864929199
5	9	的	2.7750473022460938
5	10	学生	8.64731502532959
5	11	收藏	14.480836868286133
5	12	的	5.859249114990234
5	13	艺术品	16.326967239379883
5	14	获	14.032424926757812
5	15	了	4.850214004516602
5	16	奖	15.916006088256836
5	17	。	0.9682347774505615
6	1	那	7.3126373291015625
6	2	个	7.139135837554932
6	3	我	8.178204536437988
6	4	喜欢	8.464483261108398
6	5	的	3.907984733581543
6	6	老师	11.569121360778809
6	7	为	10.042935371398926
6	8	他	4.851173400878906
6	9	的	2.8641107082366943
6	10	学生	7.899814605712891
6	11	收藏	14.84693431854248
6	12	的	6.323104381561279
6	13	艺术品	16.402986526489258
6	14	获	14.310867309570312
6	15	了	5.440865993499756
6	16	奖	15.276211738586426
6	17	。	0.9794965386390686
7	1	那	7.3126373291015625
7	2	只	6.700488090515137
7	3	我	11.15494155883789
7	4	认识	9.815131187438965
7	5	的	4.899340629577637
7	6	店长	19.993125915527344
7	7	特别	13.120674133300781
7	8	喜欢	7.031162261962891
7	9	的	5.022870063781738
7	10	宠物	17.31183624267578
7	11	生病	14.88305950164795
7	12	了	2.286552906036377
7	13	。	1.5295331478118896
8	1	那	7.3126373291015625
8	2	个	7.139135837554932
8	3	我	8.178204536437988
8	4	认识	10.365705490112305
8	5	的	3.260685682296753
8	6	店长	20.67057991027832
8	7	特别	12.842970848083496
8	8	喜欢	7.229333877563477
8	9	的	4.397061824798584
8	10	宠物	17.36911964416504
8	11	生病	14.677188873291016
8	12	了	3.281351089477539
8	13	。	1.9963828325271606
9	1	那	7.3126373291015625
9	2	首	11.526004791259766
9	3	我	16.586856842041016
9	4	见	11.764854431152344
9	5	过	0.34911879897117615
9	6	的	5.355650901794434
9	7	明星	13.378990173339844
9	8	在	9.790145874023438
9	9	商场	16.103565216064453
9	10	唱	14.094791412353516
9	11	的	2.657320737838745
9	12	歌	10.051262855529785
9	13	很	12.627825736999512
9	14	好听	14.645214080810547
9	15	。	3.15868878364563
10	1	那	7.3126373291015625
10	2	个	7.139135837554932
10	3	我	8.178204536437988
10	4	见	11.8706693649292
10	5	过	0.6550547480583191
10	6	的	5.868325710296631
10	7	明星	14.91523551940918
10	8	在	9.870914459228516
10	9	商场	16.0135555267334
10	10	唱	14.30794906616211
10	11	的	1.990824580192566
10	12	歌	10.709179878234863
10	13	很	12.530404090881348
10	14	好听	14.611396789550781
10	15	。	3.376582145690918
11	1	那	7.3126373291015625
11	2	所	10.528809547424316
11	3	我	10.290705680847168
11	4	认识	10.009737968444824
11	5	的	0.3274039328098297
11	6	老人	15.38109302520752
11	7	在	6.71048641204834
11	8	冬天	16.493066787719727
11	9	去	8.738716125488281
11	10	的	5.0472283363342285
11	11	学校	9.569356918334961
11	12	关闭	16.78462791442871
11	13	了	6.425687313079834
11	14	。	3.8709933757781982
12	1	那	7.3126373291015625
12	2	个	7.139135837554932
12	3	我	8.178204536437988
12	4	认识	10.365705490112305
12	5	的	3.260685682296753
12	6	老人	14.585752487182617
12	7	在	5.935893535614014
12	8	冬天	15.941329002380371
12	9	去	7.86016845703125
12	10	的	6.12161111831665
12	11	学校	10.192033767700195
12	12	关闭	16.712047576904297
12	13	了	6.329174518585205
12	14	。	3.9878599643707275
13	1	那	7.3126373291015625
13	2	件	8.181801795959473
13	3	我	13.186098098754883
13	4	采访	13.093762397766113
13	5	过	5.52510929107666
13	6	的	3.7641029357910156
13	7	司机	17.524940490722656
13	8	给	8.637959480285645
13	9	朋友	10.27054214477539
13	10	带	10.749336242675781
13	11	的	8.480300903320312
13	12	行李	15.20444107055664
13	13	丢	13.19881534576416
13	14	了	1.566423773765564
13	15	。	4.35867166519165
14	1	那	7.3126373291015625
14	2	个	7.139135837554932
14	3	我	8.178204536437988
14	4	采访	13.720656394958496
14	5	过	3.5891950130462646
14	6	的	3.8791298866271973
14	7	司机	17.68174171447754
14	8	给	8.876581192016602
14	9	朋友	9.61682415008545
14	10	带	10.52501106262207
14	11	的	8.12036418914795
14	12	行李	15.077261924743652
14	13	丢	12.746845245361328
14	14	了	2.1536309719085693
14	15	。	4.160963535308838
15	1	那	7.3126373291015625
15	2	本	8.124296188354492
15	3	我	10.68682861328125
15	4	喜欢	8.363982200622559
15	5	的	3.6078193187713623
15	6	作家	12.832632064819336
15	7	为	8.326083183288574
15	8	我	4.950412750244141
15	9	写	8.893403053283691
15	10	的	1.9420011043548584
15	11	书	4.706078052520752
15	12	很	11.249837875366211
15	13	受	8.449856758117676
15	14	欢迎	2.8036048412323
15	15	。	3.034698724746704
16	1	那	7.3126373291015625
16	2	个	7.139135837554932
16	3	我	8.178204536437988
16	4	喜欢	8.464483261108398
16	5	的	3.907984733581543
16	6	作家	13.727489471435547
16	7	为	8.385370254516602
16	8	我	4.007042407989502
16	9	写	9.055377006530762
16	10	的	1.9873775243759155
16	11	书	5.074986457824707
16	12	很	11.09292221069336
16	13	受	8.75324535369873
16	14	欢迎	2.7324233055114746
16	15	。	2.811854124069214
17	1	那	7.3126373291015625
17	2	辆	10.05974292755127
17	3	我	11.279877662658691
17	4	介绍	14.342804908752441
17	5	的	6.467715740203857
17	6	朋友	10.52904987335205
17	7	昨天	10.821167945861816
17	8	开	11.373751640319824
17	9	的	8.555377006530762
17	10	车	5.73402214050293
17	11	坏	15.238728523254395
17	12	了	0.8053219318389893
17	13	。	3.4238531589508057
18	1	那	7.3126373291015625
18	2	个	7.139135837554932
18	3	我	8.178204536437988
18	4	介绍	12.92236614227295
18	5	的	5.7697649002075195
18	6	朋友	8.111065864562988
18	7	昨天	12.986172676086426
18	8	开	11.550020217895508
18	9	的	7.9256591796875
18	10	车	7.777401924133301
18	11	坏	15.950067520141602
18	12	了	0.945507824420929
18	13	。	2.750150203704834
19	1	那	7.3126373291015625
19	2	份	9.695184707641602
19	3	他	10.856757164001465
19	4	教	13.40178108215332
19	5	的	7.86372709274292
19	6	孩子	7.656370162963867
19	7	在	5.023934364318848
19	8	学校	6.733358860015869
19	9	做	6.83537483215332
19	10	的	4.077322006225586
19	11	作业	13.923937797546387
19	12	获	18.019819259643555
19	13	了	4.18346643447876
19	14	奖	13.51300048828125
19	15	。	3.0349321365356445
20	1	那	7.3126373291015625
20	2	个	7.139135837554932
20	3	他	9.338885307312012
20	4	教	13.112186431884766
20	5	的	8.726054191589355
20	6	孩子	4.257292747497559
20	7	在	4.940074443817139
20	8	学校	6.21621036529541
20	9	做	6.673287391662598
20	10	的	3.922492504119873
20	11	作业	14.239717483520508
20	12	获	17.711671829223633
20	13	了	4.01842737197876
20	14	奖	14.202655792236328
20	15	。	2.6677920818328857
21	1	那	7.3126373291015625
21	2	份	9.695184707641602
21	3	我	11.326849937438965
21	4	采访	12.285746574401855
21	5	过	3.9698596000671387
21	6	的	4.231111526489258
21	7	老板	14.932250022888184
21	8	给	9.336674690246582
21	9	员工	13.483914375305176
21	10	制定	16.595535278320312
21	11	的	4.6956257820129395
21	12	合同	13.715320587158203
21	13	到期	19.20054817199707
21	14	了	6.1205735206604
21	15	。	4.7207512855529785
22	1	那	7.3126373291015625
22	2	个	7.139135837554932
22	3	我	8.178204536437988
22	4	采访	13.720656394958496
22	5	过	3.5891950130462646
22	6	的	3.8791298866271973
22	7	老板	13.947489738464355
22	8	给	9.790268898010254
22	9	员工	14.041659355163574
22	10	制定	16.722379684448242
22	11	的	5.3101935386657715
22	12	合同	13.821067810058594
22	13	到期	19.574186325073242
22	14	了	5.718376159667969
22	15	。	3.6568987369537354
23	1	那	7.3126373291015625
23	2	间	13.492788314819336
23	3	我	5.551443099975586
23	4	尊敬	18.784090042114258
23	5	的	1.4203795194625854
23	6	朋友	7.558460712432861
23	7	在	5.22623348236084
23	8	公园	10.710016250610352
23	9	旁边	9.709833145141602
23	10	开	11.267860412597656
23	11	的	3.3087198734283447
23	12	工厂	13.538959503173828
23	13	倒闭	15.87685775756836
23	14	了	4.552000045776367
23	15	。	1.0200986862182617
24	1	那	7.3126373291015625
24	2	个	7.139135837554932
24	3	我	8.178204536437988
24	4	尊敬	18.98178482055664
24	5	的	0.8475887179374695
24	6	朋友	6.594643592834473
24	7	在	5.049479961395264
24	8	公园	11.35305404663086
24	9	旁边	9.869792938232422
24	10	开	11.34814739227295
24	11	的	3.5045056343078613
24	12	工厂	13.82661247253418
24	13	倒闭	15.857647895812988
24	14	了	4.116653919219971
24	15	。	0.7920697927474976
25	1	那	7.3126373291015625
25	2	张	8.287511825561523
25	3	我	9.398473739624023
25	4	教	13.321041107177734
25	5	的	5.99917459487915
25	6	孩子	6.146446704864502
25	7	在	5.759862422943115
25	8	公园	11.409914016723633
25	9	照	15.338534355163574
25	10	的	6.109652519226074
25	11	照片	12.809243202209473
25	12	丢	15.813302040100098
25	13	了	1.4965736865997314
25	14	。	2.462843418121338
26	1	那	7.3126373291015625
26	2	个	7.139135837554932
26	3	我	8.178204536437988
26	4	教	13.454986572265625
26	5	的	7.106208801269531
26	6	孩子	4.636072158813477
26	7	在	5.037754058837891
26	8	公园	11.276227951049805
26	9	照	15.095540046691895
26	10	的	6.388153553009033
26	11	照片	13.278120040893555
26	12	丢	15.213462829589844
26	13	了	1.5999892950057983
26	14	。	2.266187906265259
27	1	那	7.3126373291015625
27	2	台	14.246732711791992
27	3	我们	10.474142074584961
27	4	欣赏	14.877884864807129
27	5	的	4.642305374145508
27	6	老师	12.87348461151123
27	7	经常	13.437994956970215
27	8	用	8.261056900024414
27	9	的	6.174529075622559
27	10	手机	10.830018997192383
27	11	很	13.046483039855957
27	12	好用	17.175317764282227
27	13	。	4.550416469573975
28	1	那	7.3126373291015625
28	2	个	7.139135837554932
28	3	我们	10.490172386169434
28	4	欣赏	14.808655738830566
28	5	的	3.600064992904663
28	6	老师	12.828410148620605
28	7	经常	14.311504364013672
28	8	用	8.607403755187988
28	9	的	5.8767008781433105
28	10	手机	11.256324768066406
28	11	很	12.997453689575195
28	12	好用	17.02845573425293
28	13	。	4.891711235046387
29	1	那	7.3126373291015625
29	2	朵	19.342166900634766
29	3	我	10.778987884521484
29	4	关心	13.118277549743652
29	5	的	1.8713570833206177
29	6	邻居	12.303092002868652
29	7	在	7.557100772857666
29	8	家	5.6685051918029785
29	9	种	15.573541641235352
29	10	的	10.177358627319336
29	11	花	14.67800521850586
29	12	很	8.917179107666016
29	13	好看	14.315497398376465
29	14	。	4.1110920906066895
30	1	那	7.3126373291015625
30	2	个	7.139135837554932
30	3	我	8.178204536437988
30	4	关心	13.290781021118164
30	5	的	1.0852768421173096
30	6	邻居	14.426456451416016
30	7	在	6.668123722076416
30	8	家	6.982764720916748
30	9	种	16.99485969543457
30	10	的	8.477805137634277
30	11	花	15.750503540039062
30	12	很	8.346002578735352
30	13	好看	13.971708297729492
30	14	。	3.626157522201538
