sentence_id	token_id	token	surprisal
1	1	我	5.170108795166016
1	2	很	6.517590045928955
1	3	喜欢	4.777168273925781
1	4	一	5.396340370178223
1	5	位	5.195530414581299
1	6	明星	13.479287147521973
1	7	。	4.996312141418457
2	1	我	5.170108795166016
2	2	很	6.517590045928955
2	3	喜欢	4.777168273925781
2	4	一	5.396340370178223
2	5	首	10.807040214538574
2	6	明星	15.778443336486816
2	7	。	2.269583225250244
3	1	我	5.170108795166016
3	2	很	6.517590045928955
3	3	喜欢	4.777168273925781
3	4	一	5.396340370178223
3	5	首	10.807040214538574
3	6	歌曲	13.25937271118164
3	7	。	3.5720362663269043
4	1	我	5.170108795166016
4	2	很	6.517590045928955
4	3	喜欢	4.777168273925781
4	4	一	5.396340370178223
4	5	位	5.195530414581299
4	6	歌曲	15.370381355285645
4	7	。	5.807108402252197
5	1	她	8.275067329406738
5	2	开车	14.360506057739258
5	3	去	6.657389163970947
5	4	了	2.5101161003112793
5	5	一	3.6970274448394775
5	6	家	4.921513557434082
5	7	店	10.684653282165527
5	8	。	6.4854607582092285
6	1	她	8.275067329406738
6	2	开车	14.360506057739258
6	3	去	6.657389163970947
6	4	了	2.5101161003112793
6	5	一	3.6970274448394775
6	6	座	8.083905220031738
6	7	店	11.747712135314941
6	8	。	6.6362152099609375
7	1	她	8.275067329406738
7	2	开车	14.360506057739258
7	3	去	6.657389163970947
7	4	了	2.5101161003112793
7	5	一	3.6970274448394775
7	6	座	8.083905220031738
7	7	山	10.00269889831543
7	8	。	7.006425857543945
8	1	她	8.275067329406738
8	2	开车	14.360506057739258
8	3	去	6.657389163970947
8	4	了	2.5101161003112793
8	5	一	3.6970274448394775
8	6	家	4.921513557434082
8	7	山	12.749975204467773
8	8	。	6.109277248382568
9	1	他	5.4816460609436035
9	2	有	8.43742847442627
9	3	一	2.694441556930542
9	4	双	14.03486156463623
9	5	手套	14.637273788452148
9	6	。	6.595760345458984
10	1	他	5.4816460609436035
10	2	有	8.43742847442627
10	3	一	2.694441556930542
10	4	枚	11.7356595993042
10	5	手套	13.578429222106934
10	6	。	6.956190586090088
11	1	他	5.4816460609436035
11	2	有	8.43742847442627
11	3	一	2.694441556930542
11	4	枚	11.7356595993042
11	5	纽扣	18.36335563659668
11	6	。	9.153875350952148
12	1	他	5.4816460609436035
12	2	有	8.43742847442627
12	3	一	2.694441556930542
12	4	双	14.03486156463623
12	5	纽扣	18.12363624572754
12	6	。	9.465208053588867
13	1	店长	19.18886375427246
13	2	拿	16.193376541137695
13	3	着	4.181065559387207
13	4	一	7.959003925323486
13	5	只	9.41165828704834
13	6	兔子	14.84261703491211
13	7	。	8.93553352355957
14	1	店长	19.18886375427246
14	2	拿	16.193376541137695
14	3	着	4.181065559387207
14	4	一	7.959003925323486
14	5	根	9.271008491516113
14	6	兔子	13.803573608398438
14	7	。	9.221160888671875
15	1	店长	19.18886375427246
15	2	拿	16.193376541137695
15	3	着	4.181065559387207
15	4	一	7.959003925323486
15	5	根	9.271008491516113
15	6	萝卜	15.430489540100098
15	7	。	6.175376892089844
16	1	店长	19.18886375427246
16	2	拿	16.193376541137695
16	3	着	4.181065559387207
16	4	一	7.959003925323486
16	5	只	9.41165828704834
16	6	萝卜	17.790996551513672
16	7	。	4.930373191833496
17	1	他	5.4816460609436035
17	2	认识	12.062052726745605
17	3	了	6.114317417144775
17	4	一	4.2878193855285645
17	5	名	7.1523942947387695
17	6	男孩	11.887300491333008
17	7	。	5.2096757888793945
18	1	他	5.4816460609436035
18	2	认识	12.062052726745605
18	3	了	6.114317417144775
18	4	一	4.2878193855285645
18	5	本	8.19241714477539
18	6	男孩	14.15074348449707
18	7	。	5.398970127105713
19	1	他	5.4816460609436035
19	2	认识	12.062052726745605
19	3	了	6.114317417144775
19	4	一	4.2878193855285645
19	5	本	8.19241714477539
19	6	小说	11.243315696716309
19	7	。	5.77896785736084
20	1	他	5.4816460609436035
20	2	认识	12.062052726745605
20	3	了	6.114317417144775
20	4	一	4.2878193855285645
20	5	名	7.1523942947387695
20	6	小说	11.477055549621582
20	7	。	6.351398468017578
21	1	男人	16.042673110961914
21	2	在	4.179671764373779
21	3	扫描	16.73343849182129
21	4	一	5.854809284210205
21	5	篇	7.233086109161377
21	6	文章	1.559733510017395
21	7	。	10.781784057617188
22	1	男人	16.042673110961914
22	2	在	4.179671764373779
22	3	扫描	16.73343849182129
22	4	一	5.854809284210205
22	5	张	5.889519691467285
22	6	文章	12.78960132598877
22	7	。	9.703888893127441
23	1	男人	16.042673110961914
23	2	在	4.179671764373779
23	3	扫描	16.73343849182129
23	4	一	5.854809284210205
23	5	张	5.889519691467285
23	6	图片	9.564229965209961
23	7	。	9.377798080444336
24	1	男人	16.042673110961914
24	2	在	4.179671764373779
24	3	扫描	16.73343849182129
24	4	一	5.854809284210205
24	5	篇	7.233086109161377
24	6	图片	11.101569175720215
24	7	。	10.310315132141113
25	1	演员	15.160780906677246
25	2	在	9.803153038024902
25	3	看	12.876282691955566
25	4	一	3.4795446395874023
25	5	张	6.49397611618042
25	6	照片	12.213379859924316
25	7	。	12.427818298339844
26	1	演员	15.160780906677246
26	2	在	9.803153038024902
26	3	看	12.876282691955566
26	4	一	3.4795446395874023
26	5	位	5.863870620727539
26	6	照片	13.941048622131348
26	7	。	10.643527030944824
27	1	演员	15.160780906677246
27	2	在	9.803153038024902
27	3	看	12.876282691955566
27	4	一	3.4795446395874023
27	5	位	5.863870620727539
27	6	老师	7.943297863006592
27	7	。	10.891526222229004
28	1	演员	15.160780906677246
28	2	在	9.803153038024902
28	3	看	12.876282691955566
28	4	一	3.4795446395874023
28	5	张	6.49397611618042
28	6	老师	9.888972282409668
28	7	。	11.337687492370605
29	1	他	5.4816460609436035
29	2	在	4.652684211730957
29	3	修理	15.625471115112305
29	4	一	4.02470064163208
29	5	辆	5.147890090942383
29	6	汽车	8.130480766296387
29	7	。	9.141288757324219
30	1	他	5.4816460609436035
30	2	在	4.652684211730957
30	3	修理	15.625471115112305
30	4	一	4.02470064163208
30	5	套	6.814901351928711
30	6	汽车	11.125781059265137
30	7	。	7.377997875213623
31	1	他	5.4816460609436035
31	2	在	4.652684211730957
31	3	修理	15.625471115112305
31	4	一	4.02470064163208
31	5	套	6.814901351928711
31	6	系统	13.965632438659668
31	7	。	7.427005290985107
32	1	他	5.4816460609436035
32	2	在	4.652684211730957
32	3	修理	15.625471115112305
32	4	一	4.02470064163208
32	5	辆	5.147890090942383
32	6	系统	14.372867584228516
32	7	。	9.507111549377441
33	1	学生	12.633584022521973
33	2	们	17.80857276916504
33	3	在	3.7445929050445557
33	4	写	11.706941604614258
33	5	一	3.093071460723877
33	6	部	5.134792327880859
33	7	电影	4.9122700691223145
33	8	。	9.422235488891602
34	1	学生	12.633584022521973
34	2	们	17.80857276916504
34	3	在	3.7445929050445557
34	4	写	11.706941604614258
34	5	一	3.093071460723877
34	6	首	7.7456746101379395
34	7	电影	12.609228134155273
34	8	。	8.675771713256836
35	1	学生	12.633584022521973
35	2	们	17.80857276916504
35	3	在	3.7445929050445557
35	4	写	11.706941604614258
35	5	一	3.093071460723877
35	6	首	7.7456746101379395
35	7	歌曲	10.857184410095215
35	8	。	9.446605682373047
36	1	学生	12.633584022521973
36	2	们	17.80857276916504
36	3	在	3.7445929050445557
36	4	写	11.706941604614258
36	5	一	3.093071460723877
36	6	部	5.134792327880859
36	7	歌曲	11.6798095703125
36	8	。	11.259271621704102
37	1	我们	6.432517051696777
37	2	在	5.399791717529297
37	3	看	7.2439351081848145
37	4	一	3.478349447250366
37	5	场	4.216325759887695
37	6	表演	11.810628890991211
37	7	。	5.81488561630249
38	1	我们	6.432517051696777
38	2	在	5.399791717529297
38	3	看	7.2439351081848145
38	4	一	3.478349447250366
38	5	块	7.613537788391113
38	6	表演	11.895975112915039
38	7	。	7.384346008300781
39	1	我们	6.432517051696777
39	2	在	5.399791717529297
39	3	看	7.2439351081848145
39	4	一	3.478349447250366
39	5	块	7.613537788391113
39	6	地面	15.440021514892578
39	7	。	10.413352012634277
40	1	我们	6.432517051696777
40	2	在	5.399791717529297
40	3	看	7.2439351081848145
40	4	一	3.478349447250366
40	5	场	4.216325759887695
40	6	地面	12.738969802856445
40	7	。	7.675904750823975
41	1	他	5.4816460609436035
41	2	最	10.228771209716797
41	3	喜欢	6.988315582275391
41	4	一	4.375204086303711
41	5	道	7.76561975479126
41	6	菜	8.930480003356934
41	7	。	3.532238721847534
42	1	他	5.4816460609436035
42	2	最	10.228771209716797
42	3	喜欢	6.988315582275391
42	4	一	4.375204086303711
42	5	瓶	12.134203910827637
42	6	菜	9.954460144042969
42	7	。	5.179404258728027
43	1	他	5.4816460609436035
43	2	最	10.228771209716797
43	3	喜欢	6.988315582275391
43	4	一	4.375204086303711
43	5	瓶	12.134203910827637
43	6	油	11.868390083312988
43	7	。	6.445356369018555
44	1	他	5.4816460609436035
44	2	最	10.228771209716797
44	3	喜欢	6.988315582275391
44	4	一	4.375204086303711
44	5	道	7.76561975479126
44	6	油	13.471237182617188
44	7	。	4.4128007888793945
45	1	她	8.275067329406738
45	2	拿	12.182428359985352
45	3	了	4.252815246582031
45	4	一	2.6283934116363525
45	5	份	6.693204879760742
45	6	饭	13.816079139709473
45	7	。	5.733419418334961
46	1	她	8.275067329406738
46	2	拿	12.182428359985352
46	3	了	4.252815246582031
46	4	一	2.6283934116363525
46	5	卷	15.423354148864746
46	6	饭	11.153361320495605
46	7	。	4.370652675628662
47	1	她	8.275067329406738
47	2	拿	12.182428359985352
47	3	了	4.252815246582031
47	4	一	2.6283934116363525
47	5	卷	15.423354148864746
47	6	纸	15.56609058380127
47	7	。	7.1197829246521
48	1	她	8.275067329406738
48	2	拿	12.182428359985352
48	3	了	4.252815246582031
48	4	一	2.6283934116363525
48	5	份	6.693204879760742
48	6	纸	14.4389009475708
48	7	。	8.939352989196777
49	1	学生	12.633584022521973
49	2	们	17.80857276916504
49	3	在	3.7445929050445557
49	4	写	11.706941604614258
49	5	一	3.093071460723877
49	6	部	5.134792327880859
49	7	戏剧	10.850951194763184
49	8	。	9.518071174621582
50	1	学生	12.633584022521973
50	2	们	17.80857276916504
50	3	在	3.7445929050445557
50	4	写	11.706941604614258
50	5	一	3.093071460723877
50	6	篇	4.401329040527344
50	7	戏剧	13.434088706970215
50	8	。	9.606907844543457
51	1	学生	12.633584022521973
51	2	们	17.80857276916504
51	3	在	3.7445929050445557
51	4	写	11.706941604614258
51	5	一	3.093071460723877
51	6	篇	4.401329040527344
51	7	文章	1.3795742988586426
51	8	。	8.234021186828613
52	1	学生	12.633584022521973
52	2	们	17.80857276916504
52	3	在	3.7445929050445557
52	4	写	11.706941604614258
52	5	一	3.093071460723877
52	6	部	5.134792327880859
52	7	文章	6.688614368438721
52	8	。	8.820013046264648
53	1	这	5.5177001953125
53	2	是	2.367466926574707
53	3	一	3.3964240550994873
53	4	辆	9.381429672241211
53	5	火车	11.485604286193848
53	6	。	7.126321792602539
54	1	这	5.5177001953125
54	2	是	2.367466926574707
54	3	一	3.3964240550994873
54	4	扇	18.207666397094727
54	5	火车	12.016820907592773
54	6	。	6.2221903800964355
55	1	这	5.5177001953125
55	2	是	2.367466926574707
55	3	一	3.3964240550994873
55	4	扇	18.207666397094727
55	5	窗户	12.221160888671875
55	6	。	7.655773162841797
56	1	这	5.5177001953125
56	2	是	2.367466926574707
56	3	一	3.3964240550994873
56	4	辆	9.381429672241211
56	5	窗户	11.708826065063477
56	6	。	8.45913028717041
57	1	老师	13.19674015045166
57	2	在	5.614887714385986
57	3	责备	18.463411331176758
57	4	三	11.303726196289062
57	5	名	8.559499740600586
57	6	学生	2.807251453399658
57	7	。	8.425403594970703
58	1	老师	13.19674015045166
58	2	在	5.614887714385986
58	3	责备	18.463411331176758
58	4	三	11.303726196289062
58	5	只	8.991185188293457
58	6	学生	13.906911849975586
58	7	。	5.379172325134277
59	1	老师	13.19674015045166
59	2	在	5.614887714385986
59	3	责备	18.463411331176758
59	4	三	11.303726196289062
59	5	只	8.991185188293457
59	6	宠物	17.976030349731445
59	7	。	9.92019271850586
60	1	老师	13.19674015045166
60	2	在	5.614887714385986
60	3	责备	18.463411331176758
60	4	三	11.303726196289062
60	5	名	8.559499740600586
60	6	宠物	16.42083168029785
60	7	。	11.349520683288574
61	1	她	8.275067329406738
61	2	买	14.28164005279541
61	3	过	6.5607452392578125
61	4	两	6.611461639404297
61	5	杯	11.820548057556152
61	6	咖啡	8.737784385681152
61	7	。	4.7000813484191895
62	1	她	8.275067329406738
62	2	买	14.28164005279541
62	3	过	6.5607452392578125
62	4	两	6.611461639404297
62	5	个	2.0554044246673584
62	6	咖啡	14.981024742126465
62	7	。	4.581528186798096
63	1	她	8.275067329406738
63	2	买	14.28164005279541
63	3	过	6.5607452392578125
63	4	两	6.611461639404297
63	5	个	2.0554044246673584
63	6	杯子	16.21347999572754
63	7	。	6.401966094970703
64	1	她	8.275067329406738
64	2	买	14.28164005279541
64	3	过	6.5607452392578125
64	4	两	6.611461639404297
64	5	杯	11.820548057556152
64	6	杯子	15.82900619506836
64	7	。	7.982106685638428
65	1	孩子	14.147611618041992
65	2	在	3.9458913803100586
65	3	卖	11.021330833435059
65	4	五	12.589926719665527
65	5	台	10.032439231872559
65	6	桌子	14.15039348602295
65	7	。	12.88692569732666
66	1	孩子	14.147611618041992
66	2	在	3.9458913803100586
66	3	卖	11.021330833435059
66	4	五	12.589926719665527
66	5	块	7.354865550994873
66	6	桌子	13.300948143005371
66	7	。	12.857864379882812
67	1	孩子	14.147611618041992
67	2	在	3.9458913803100586
67	3	卖	11.021330833435059
67	4	五	12.589926719665527
67	5	块	7.354865550994873
67	6	蛋糕	15.013823509216309
67	7	。	9.366281509399414
68	1	孩子	14.147611618041992
68	2	在	3.9458913803100586
68	3	卖	11.021330833435059
68	4	五	12.589926719665527
68	5	台	10.032439231872559
68	6	蛋糕	17.110950469970703
68	7	。	7.171964645385742
69	1	妈妈	12.61479377746582
69	2	在	6.949159622192383
69	3	做	8.609267234802246
69	4	一	4.808798313140869
69	5	张	5.995638370513916
69	6	地图	13.594708442687988
69	7	。	12.105650901794434
70	1	妈妈	12.61479377746582
70	2	在	6.949159622192383
70	3	做	8.609267234802246
70	4	一	4.808798313140869
70	5	面	7.696653366088867
70	6	地图	14.333470344543457
70	7	。	11.0824613571167
71	1	妈妈	12.61479377746582
71	2	在	6.949159622192383
71	3	做	8.609267234802246
71	4	一	4.808798313140869
71	5	面	7.696653366088867
71	6	镜子	16.050216674804688
71	7	。	8.492375373840332
72	1	妈妈	12.61479377746582
72	2	在	6.949159622192383
72	3	做	8.609267234802246
72	4	一	4.808798313140869
72	5	张	5.995638370513916
72	6	镜子	16.471330642700195
72	7	。	10.741860389709473
73	1	爸爸	11.594902038574219
73	2	买	8.370784759521484
73	3	了	1.1621863842010498
73	4	一	4.8210930824279785
73	5	栋	6.020649433135986
73	6	房子	8.065764427185059
73	7	。	6.420321464538574
74	1	爸爸	11.594902038574219
74	2	买	8.370784759521484
74	3	了	1.1621863842010498
74	4	一	4.8210930824279785
74	5	条	6.004736423492432
74	6	房子	8.51540470123291
74	7	。	5.20319128036499
75	1	爸爸	11.594902038574219
75	2	买	8.370784759521484
75	3	了	1.1621863842010498
75	4	一	4.8210930824279785
75	5	条	6.004736423492432
75	6	香烟	13.273999214172363
75	7	。	4.618166446685791
76	1	爸爸	11.594902038574219
76	2	买	8.370784759521484
76	3	了	1.1621863842010498
76	4	一	4.8210930824279785
76	5	栋	6.020649433135986
76	6	香烟	12.588521957397461
76	7	。	5.022355556488037
77	1	我	5.170108795166016
77	2	想	4.249307155609131
77	3	采	18.861713409423828
77	4	一	3.832702159881592
77	5	朵	16.39963150024414
77	6	鲜花	15.178318977355957
77	7	。	9.748233795166016
78	1	我	5.170108795166016
78	2	想	4.249307155609131
78	3	采	18.861713409423828
78	4	一	3.832702159881592
78	5	颗	8.75963020324707
78	6	鲜花	15.690293312072754
78	7	。	8.29877758026123
79	1	我	5.170108795166016
79	2	想	4.249307155609131
79	3	采	18.861713409423828
79	4	一	3.832702159881592
79	5	颗	8.75963020324707
79	6	苹果	15.569724082946777
79	7	。	8.155279159545898
80	1	我	5.170108795166016
80	2	想	4.249307155609131
80	3	采	18.861713409423828
80	4	一	3.832702159881592
80	5	朵	16.39963150024414
80	6	苹果	15.797532081604004
80	7	。	10.176806449890137
81	1	我	5.170108795166016
81	2	经常	9.792675018310547
81	3	去	6.575747013092041
81	4	一	6.672874450683594
81	5	家	6.4391303062438965
81	6	医院	8.84412956237793
81	7	。	4.76236629486084
82	1	我	5.170108795166016
82	2	经常	9.792675018310547
82	3	去	6.575747013092041
82	4	一	6.672874450683594
82	5	座	8.771122932434082
82	6	医院	10.408349990844727
82	7	。	3.9472529888153076
83	1	我	5.170108795166016
83	2	经常	9.792675018310547
83	3	去	6.575747013092041
83	4	一	6.672874450683594
83	5	座	8.771122932434082
83	6	城市	5.737361431121826
83	7	。	3.705883026123047
84	1	我	5.170108795166016
84	2	经常	9.792675018310547
84	3	去	6.575747013092041
84	4	一	6.672874450683594
84	5	家	6.4391303062438965
84	6	城市	10.60423755645752
84	7	。	4.682337760925293
85	1	我	5.170108795166016
85	2	拜访	15.439969062805176
85	3	了	7.69422721862793
85	4	这	4.373195648193359
85	5	一	2.558494806289673
85	6	所	10.347164154052734
85	7	高中	14.669122695922852
85	8	。	10.532402992248535
86	1	我	5.170108795166016
86	2	拜访	15.439969062805176
86	3	了	7.69422721862793
86	4	这	4.373195648193359
86	5	一	2.558494806289673
86	6	位	10.771618843078613
86	7	高中	13.943988800048828
86	8	。	10.1815767288208
87	1	我	5.170108795166016
87	2	拜访	15.439969062805176
87	3	了	7.69422721862793
87	4	这	4.373195648193359
87	5	一	2.558494806289673
87	6	位	10.771618843078613
87	7	老师	10.094027519226074
87	8	。	5.063637733459473
88	1	我	5.170108795166016
88	2	拜访	15.439969062805176
88	3	了	7.69422721862793
88	4	这	4.373195648193359
88	5	一	2.558494806289673
88	6	所	10.347164154052734
88	7	老师	15.148162841796875
88	8	。	6.450449466705322
89	1	他	5.4816460609436035
89	2	在	4.652684211730957
89	3	读	12.075360298156738
89	4	一	2.9930896759033203
89	5	条	5.784703731536865
89	6	评论	10.560550689697266
89	7	。	8.357321739196777
90	1	他	5.4816460609436035
90	2	在	4.652684211730957
90	3	读	12.075360298156738
90	4	一	2.9930896759033203
90	5	首	10.625543594360352
90	6	评论	14.796247482299805
90	7	。	8.202177047729492
91	1	他	5.4816460609436035
91	2	在	4.652684211730957
91	3	读	12.075360298156738
91	4	一	2.9930896759033203
91	5	首	10.625543594360352
91	6	歌曲	11.691993713378906
91	7	。	10.083823204040527
92	1	他	5.4816460609436035
92	2	在	4.652684211730957
92	3	读	12.075360298156738
92	4	一	2.9930896759033203
92	5	条	5.784703731536865
92	6	歌曲	14.111732482910156
92	7	。	10.645983695983887
93	1	她	8.275067329406738
93	2	从来	10.384212493896484
93	3	没	6.379044055938721
93	4	见	8.556097030639648
93	5	过	0.2794654965400696
93	6	一	3.707821846008301
93	7	头	7.6731133460998535
93	8	大象	15.184233665466309
93	9	。	4.180792331695557
94	1	她	8.275067329406738
94	2	从来	10.384212493896484
94	3	没	6.379044055938721
94	4	见	8.556097030639648
94	5	过	0.2794654965400696
94	6	一	3.707821846008301
94	7	双	11.133490562438965
94	8	大象	14.2706937789917
94	9	。	5.076964378356934
95	1	她	8.275067329406738
95	2	从来	10.384212493896484
95	3	没	6.379044055938721
95	4	见	8.556097030639648
95	5	过	0.2794654965400696
95	6	一	3.707821846008301
95	7	双	11.133490562438965
95	8	眼睛	9.363574028015137
95	9	。	4.509098052978516
96	1	她	8.275067329406738
96	2	从来	10.384212493896484
96	3	没	6.379044055938721
96	4	见	8.556097030639648
96	5	过	0.2794654965400696
96	6	一	3.707821846008301
96	7	头	7.6731133460998535
96	8	眼睛	10.161608695983887
96	9	。	2.9471755027770996
97	1	我	5.170108795166016
97	2	还	6.946949005126953
97	3	没有	3.9811787605285645
97	4	检查	12.441933631896973
97	5	一	8.57099723815918
97	6	份	5.692862510681152
97	7	作业	12.617631912231445
97	8	。	2.8350067138671875
98	1	我	5.170108795166016
98	2	还	6.946949005126953
98	3	没有	3.9811787605285645
98	4	检查	12.441933631896973
98	5	一	8.57099723815918
98	6	行	11.025530815124512
98	7	作业	16.809507369995117
98	8	。	2.0115737915039062
99	1	我	5.170108795166016
99	2	还	6.946949005126953
99	3	没有	3.9811787605285645
99	4	检查	12.441933631896973
99	5	一	8.57099723815918
99	6	行	11.025530815124512
99	7	文字	16.80803680419922
99	8	。	3.536421298980713
100	1	我	5.170108795166016
100	2	还	6.946949005126953
100	3	没有	3.9811787605285645
100	4	检查	12.441933631896973
100	5	一	8.57099723815918
100	6	份	5.692862510681152
100	7	文字	14.29185676574707
100	8	。	5.051314353942871
101	1	孩子	14.147611618041992
101	2	听到	12.346630096435547
101	3	了	2.4989988803863525
101	4	一	5.405147075653076
101	5	首	9.054965019226074
101	6	歌曲	11.600898742675781
101	7	。	5.5738725662231445
102	1	孩子	14.147611618041992
102	2	听到	12.346630096435547
102	3	了	2.4989988803863525
102	4	一	5.405147075653076
102	5	张	5.859367847442627
102	6	歌曲	12.93974781036377
102	7	。	7.037143230438232
103	1	孩子	14.147611618041992
103	2	听到	12.346630096435547
103	3	了	2.4989988803863525
103	4	一	5.405147075653076
103	5	张	5.859367847442627
103	6	专辑	9.828487396240234
103	7	。	6.854576110839844
104	1	孩子	14.147611618041992
104	2	听到	12.346630096435547
104	3	了	2.4989988803863525
104	4	一	5.405147075653076
104	5	首	9.054965019226074
104	6	专辑	13.7161226272583
104	7	。	5.7648234367370605
105	1	护士	17.207534790039062
105	2	做	10.297077178955078
105	3	了	2.2414684295654297
105	4	一	5.1871562004089355
105	5	次	6.347535133361816
105	6	检查	13.478687286376953
105	7	。	3.6853039264678955
106	1	护士	17.207534790039062
106	2	做	10.297077178955078
106	3	了	2.2414684295654297
106	4	一	5.1871562004089355
106	5	篇	5.852509021759033
106	6	检查	14.976295471191406
106	7	。	4.313710689544678
107	1	护士	17.207534790039062
107	2	做	10.297077178955078
107	3	了	2.2414684295654297
107	4	一	5.1871562004089355
107	5	篇	5.852509021759033
107	6	报告	9.704692840576172
107	7	。	3.189504861831665
108	1	护士	17.207534790039062
108	2	做	10.297077178955078
108	3	了	2.2414684295654297
108	4	一	5.1871562004089355
108	5	次	6.347535133361816
108	6	报告	13.989641189575195
108	7	。	1.035908579826355
109	1	这里	9.676993370056152
109	2	是	1.0185798406600952
109	3	两	8.36717700958252
109	4	台	10.739352226257324
109	5	电视	8.724210739135742
109	6	。	8.379857063293457
110	1	这里	9.676993370056152
110	2	是	1.0185798406600952
110	3	两	8.36717700958252
110	4	份	10.343451499938965
110	5	电视	10.946063995361328
110	6	。	8.28471851348877
111	1	这里	9.676993370056152
111	2	是	1.0185798406600952
111	3	两	8.36717700958252
111	4	份	10.343451499938965
111	5	合同	14.191243171691895
111	6	。	3.6144113540649414
112	1	这里	9.676993370056152
112	2	是	1.0185798406600952
112	3	两	8.36717700958252
112	4	台	10.739352226257324
112	5	合同	15.766305923461914
112	6	。	3.6409592628479004
113	1	他	5.4816460609436035
113	2	很	8.319292068481445
113	3	欣赏	12.793334007263184
113	4	一	7.736162185668945
113	5	件	6.4412336349487305
113	6	作品	13.459052085876465
113	7	。	4.419262886047363
114	1	他	5.4816460609436035
114	2	很	8.319292068481445
114	3	欣赏	12.793334007263184
114	4	一	7.736162185668945
114	5	位	4.724135875701904
114	6	作品	10.502721786499023
114	7	。	4.867155075073242
115	1	他	5.4816460609436035
115	2	很	8.319292068481445
115	3	欣赏	12.793334007263184
115	4	一	7.736162185668945
115	5	位	4.724135875701904
115	6	领导	10.912223815917969
115	7	。	5.705279350280762
116	1	他	5.4816460609436035
116	2	很	8.319292068481445
116	3	欣赏	12.793334007263184
116	4	一	7.736162185668945
116	5	件	6.4412336349487305
116	6	领导	14.950359344482422
116	7	。	6.284423351287842
117	1	那里	13.674793243408203
117	2	有	2.131225347518921
117	3	一	2.478456497192383
117	4	支	7.680529594421387
117	5	舰队	14.537382125854492
117	6	。	9.81360149383545
118	1	那里	13.674793243408203
118	2	有	2.131225347518921
118	3	一	2.478456497192383
118	4	艘	7.797506809234619
118	5	舰队	11.607376098632812
118	6	。	9.4183349609375
119	1	那里	13.674793243408203
119	2	有	2.131225347518921
119	3	一	2.478456497192383
119	4	艘	7.797506809234619
119	5	渔船	7.771689414978027
119	6	。	11.356139183044434
120	1	那里	13.674793243408203
120	2	有	2.131225347518921
120	3	一	2.478456497192383
120	4	支	7.680529594421387
120	5	渔船	9.82758903503418
120	6	。	11.918743133544922
