sentence_id	token_id	token	surprisal
1	1	他	5.4816460609436035
1	2	喜欢	10.53304672241211
1	3	那	8.251065254211426
1	4	家	6.738696575164795
1	5	我	6.215976238250732
1	6	采访	12.147738456726074
1	7	过	4.176211833953857
1	8	的	4.806046962738037
1	9	老板	12.588314056396484
1	10	投资	18.712806701660156
1	11	的	4.894772529602051
1	12	饭店	12.764692306518555
1	13	。	4.145867347717285
2	1	他	5.4816460609436035
2	2	喜欢	10.53304672241211
2	3	那	8.251065254211426
2	4	个	4.6428070068359375
2	5	我	8.49738883972168
2	6	采访	12.554118156433105
2	7	过	4.635613441467285
2	8	的	3.8391575813293457
2	9	老板	13.400482177734375
2	10	投资	19.87910270690918
2	11	的	5.013016223907471
2	12	饭店	13.549914360046387
2	13	。	4.245553970336914
3	1	她	8.275067329406738
3	2	在	4.42202615737915
3	3	看	9.103632926940918
3	4	那	6.670347690582275
3	5	幅	8.829201698303223
3	6	我	11.139404296875
3	7	介绍	14.227301597595215
3	8	的	4.67058801651001
3	9	朋友	8.905041694641113
3	10	喜欢	13.967653274536133
3	11	的	5.94877815246582
3	12	画	14.484004020690918
3	13	。	5.106600761413574
4	1	她	8.275067329406738
4	2	在	4.42202615737915
4	3	看	9.103632926940918
4	4	那	6.670347690582275
4	5	个	4.42800760269165
4	6	我	9.044411659240723
4	7	介绍	14.028345108032227
4	8	的	5.293545246124268
4	9	朋友	8.444783210754395
4	10	喜欢	15.2175874710083
4	11	的	7.279199123382568
4	12	画	14.803291320800781
4	13	。	4.5764994621276855
5	1	我	5.170108795166016
5	2	欣赏	15.401029586791992
5	3	那	6.022993564605713
5	4	件	4.933221340179443
5	5	我	11.920191764831543
5	6	喜欢	9.181663513183594
5	7	的	1.4987056255340576
5	8	老师	14.43183422088623
5	9	收藏	19.053468704223633
5	10	的	5.675571918487549
5	11	艺术品	17.01067352294922
5	12	。	3.8011531829833984
6	1	我	5.170108795166016
6	2	欣赏	15.401029586791992
6	3	那	6.022993564605713
6	4	个	6.511422634124756
6	5	我	7.586976528167725
6	6	喜欢	10.12043285369873
6	7	的	2.0966413021087646
6	8	老师	11.631948471069336
6	9	收藏	18.772018432617188
6	10	的	6.220898628234863
6	11	艺术品	16.76323890686035
6	12	。	3.2228875160217285
7	1	他	5.4816460609436035
7	2	打	12.4287748336792
7	3	了	4.1950249671936035
7	4	那	7.4852986335754395
7	5	只	8.541102409362793
7	6	我	9.717254638671875
7	7	认识	9.75308609008789
7	8	的	4.384884357452393
7	9	店长	18.535865783691406
7	10	喜欢	13.582674026489258
7	11	的	7.036291122436523
7	12	宠物	16.783016204833984
7	13	。	5.933787822723389
8	1	他	5.4816460609436035
8	2	打	12.4287748336792
8	3	了	4.1950249671936035
8	4	那	7.4852986335754395
8	5	个	4.359043121337891
8	6	我	9.276466369628906
8	7	认识	10.235705375671387
8	8	的	4.131449222564697
8	9	店长	18.796512603759766
8	10	喜欢	13.72923469543457
8	11	的	6.604615211486816
8	12	宠物	16.843000411987305
8	13	。	6.1901726722717285
9	1	我	5.170108795166016
9	2	在	5.624750137329102
9	3	思念	18.555328369140625
9	4	那	14.069263458251953
9	5	首	9.11050033569336
9	6	我	13.742382049560547
9	7	见	10.402009963989258
9	8	过	0.637593686580658
9	9	的	4.863516330718994
9	10	明星	11.8758544921875
9	11	唱	16.453794479370117
9	12	的	5.751804351806641
9	13	歌	9.433544158935547
9	14	。	3.4989519119262695
10	1	我	5.170108795166016
10	2	在	5.624750137329102
10	3	思念	18.555328369140625
10	4	那	14.069263458251953
10	5	个	4.015878200531006
10	6	我	8.861170768737793
10	7	见	11.157890319824219
10	8	过	1.1876542568206787
10	9	的	4.610334873199463
10	10	明星	12.799084663391113
10	11	唱	16.905269622802734
10	12	的	4.900460720062256
10	13	歌	9.973419189453125
10	14	。	3.7506725788116455
11	1	她	8.275067329406738
11	2	拜访	15.057050704956055
11	3	了	5.153831958770752
11	4	那	8.03122329711914
11	5	所	10.000438690185547
11	6	我	11.078658103942871
11	7	认识	11.18463134765625
11	8	的	0.09049350768327713
11	9	老人	14.383366584777832
11	10	去	10.756471633911133
11	11	的	3.88138484954834
11	12	学校	9.954967498779297
11	13	。	4.867696285247803
12	1	她	8.275067329406738
12	2	拜访	15.057050704956055
12	3	了	5.153831958770752
12	4	那	8.03122329711914
12	5	个	3.3333547115325928
12	6	我	8.87417984008789
12	7	认识	10.376550674438477
12	8	的	1.8594481945037842
12	9	老人	13.749448776245117
12	10	去	9.944279670715332
12	11	的	5.0724287033081055
12	12	学校	10.089919090270996
12	13	。	4.179190635681152
13	1	他	5.4816460609436035
13	2	检查	17.654300689697266
13	3	了	5.838735103607178
13	4	那	9.245272636413574
13	5	件	4.687798976898193
13	6	我	12.877312660217285
13	7	采访	12.299139976501465
13	8	过	6.974625587463379
13	9	的	3.9356799125671387
13	10	司机	17.6968994140625
13	11	带	13.529417037963867
13	12	的	9.126956939697266
13	13	行李	15.16213321685791
13	14	。	7.333189964294434
14	1	他	5.4816460609436035
14	2	检查	17.654300689697266
14	3	了	5.838735103607178
14	4	那	9.245272636413574
14	5	个	3.8448054790496826
14	6	我	9.64700984954834
14	7	采访	12.736586570739746
14	8	过	5.244043827056885
14	9	的	4.730534553527832
14	10	司机	17.583148956298828
14	11	带	13.224775314331055
14	12	的	8.99446964263916
14	13	行李	14.757110595703125
14	14	。	6.4802093505859375
15	1	我	5.170108795166016
15	2	听说	9.85650634765625
15	3	过	0.9960277080535889
15	4	那	5.640336513519287
15	5	本	4.930644989013672
15	6	我	8.828768730163574
15	7	喜欢	8.588130950927734
15	8	的	2.142958402633667
15	9	作家	12.424312591552734
15	10	写	11.353584289550781
15	11	的	1.7062586545944214
15	12	书	4.639278888702393
15	13	。	3.699492931365967
16	1	我	5.170108795166016
16	2	听说	9.85650634765625
16	3	过	0.9960277080535889
16	4	那	5.640336513519287
16	5	个	4.489050388336182
16	6	我	7.805475234985352
16	7	喜欢	8.965376853942871
16	8	的	2.786750555038452
16	9	作家	12.922853469848633
16	10	写	11.922069549560547
16	11	的	1.846766710281372
16	12	书	5.0976738929748535
16	13	。	3.6048474311828613
17	1	她	8.275067329406738
17	2	撞	16.558908462524414
17	3	了	2.869070529937744
17	4	那	7.431503772735596
17	5	辆	5.180598258972168
17	6	我	10.51398754119873
17	7	介绍	17.10126495361328
17	8	的	4.402325630187988
17	9	朋友	10.14799976348877
17	10	开	17.970943450927734
17	11	的	7.245388031005859
17	12	车	3.814326047897339
17	13	。	3.155787944793701
18	1	她	8.275067329406738
18	2	撞	16.558908462524414
18	3	了	2.869070529937744
18	4	那	7.431503772735596
18	5	个	4.161052703857422
18	6	我	9.558820724487305
18	7	介绍	16.066844940185547
18	8	的	4.695537090301514
18	9	朋友	8.371942520141602
18	10	开	17.979772567749023
18	11	的	7.2974162101745605
18	12	车	5.693627834320068
18	13	。	2.3529176712036133
19	1	我们	6.432517051696777
19	2	认可	16.166284561157227
19	3	了	4.6713175773620605
19	4	那	8.358919143676758
19	5	份	6.08665657043457
19	6	他	10.875917434692383
19	7	教	12.6553373336792
19	8	的	6.895662307739258
19	9	孩子	9.00922966003418
19	10	做	11.096048355102539
19	11	的	4.328702926635742
19	12	作业	15.308056831359863
19	13	。	3.581537961959839
20	1	我们	6.432517051696777
20	2	认可	16.166284561157227
20	3	了	4.6713175773620605
20	4	那	8.358919143676758
20	5	个	3.644345998764038
20	6	他	9.956018447875977
20	7	教	13.139862060546875
20	8	的	7.742846488952637
20	9	孩子	6.450104713439941
20	10	做	11.324657440185547
20	11	的	4.165882110595703
20	12	作业	15.111964225769043
20	13	。	3.279268741607666
21	1	他们	7.328033447265625
21	2	接受	11.510555267333984
21	3	了	1.933432698249817
21	4	那	6.674293041229248
21	5	份	6.162958145141602
21	6	我	9.861541748046875
21	7	采访	9.336991310119629
21	8	过	8.127561569213867
21	9	的	2.7053768634796143
21	10	老板	14.909350395202637
21	11	制定	20.707345962524414
21	12	的	2.3077943325042725
21	13	合同	14.033679962158203
21	14	。	6.167051315307617
22	1	他们	7.328033447265625
22	2	接受	11.510555267333984
22	3	了	1.933432698249817
22	4	那	6.674293041229248
22	5	个	3.734389305114746
22	6	我	8.468853950500488
22	7	采访	10.856176376342773
22	8	过	7.974149703979492
22	9	的	2.8552496433258057
22	10	老板	14.032363891601562
22	11	制定	20.874797821044922
22	12	的	2.930574655532837
22	13	合同	14.480677604675293
22	14	。	6.328721523284912
23	1	他	5.4816460609436035
23	2	离开	11.606525421142578
23	3	了	2.5189294815063477
23	4	那	8.214508056640625
23	5	间	10.569314956665039
23	6	我	6.917352676391602
23	7	尊敬	17.768583297729492
23	8	的	0.5472418069839478
23	9	朋友	7.65859317779541
23	10	开	18.90227508544922
23	11	的	8.367443084716797
23	12	工厂	14.520142555236816
23	13	。	3.523446798324585
24	1	他	5.4816460609436035
24	2	离开	11.606525421142578
24	3	了	2.5189294815063477
24	4	那	8.214508056640625
24	5	个	4.427631378173828
24	6	我	8.534320831298828
24	7	尊敬	17.666601181030273
24	8	的	0.4566584825515747
24	9	朋友	6.884225368499756
24	10	开	19.46674156188965
24	11	的	8.407125473022461
24	12	工厂	14.707829475402832
24	13	。	3.393601417541504
25	1	她	8.275067329406738
25	2	找	13.61082649230957
25	3	了	2.5738635063171387
25	4	那	8.270645141601562
25	5	张	5.203073501586914
25	6	我	8.154646873474121
25	7	教	12.567524909973145
25	8	的	6.354912757873535
25	9	孩子	4.687743186950684
25	10	照	14.286015510559082
25	11	的	6.949557304382324
25	12	照片	11.1593599319458
25	13	。	3.6255040168762207
26	1	她	8.275067329406738
26	2	找	13.61082649230957
26	3	了	2.5738635063171387
26	4	那	8.270645141601562
26	5	个	2.8464322090148926
26	6	我	8.652076721191406
26	7	教	12.19605827331543
26	8	的	6.826937198638916
26	9	孩子	3.7279701232910156
26	10	照	14.349800109863281
26	11	的	7.4537224769592285
26	12	照片	11.893221855163574
26	13	。	3.233877182006836
27	1	我	5.170108795166016
27	2	需要	8.387723922729492
27	3	那	9.223479270935059
27	4	台	11.941328048706055
27	5	我们	10.400754928588867
27	6	欣赏	14.412263870239258
27	7	的	4.458144664764404
27	8	老师	12.956266403198242
27	9	用	13.223960876464844
27	10	的	5.441830158233643
27	11	手机	12.543632507324219
27	12	。	5.616212368011475
28	1	我	5.170108795166016
28	2	需要	8.387723922729492
28	3	那	9.223479270935059
28	4	个	4.129962921142578
28	5	我们	11.107880592346191
28	6	欣赏	14.148941040039062
28	7	的	3.39923095703125
28	8	老师	12.704981803894043
28	9	用	13.86570930480957
28	10	的	4.731316089630127
28	11	手机	12.653104782104492
28	12	。	5.594338417053223
29	1	他	5.4816460609436035
29	2	在	4.652684211730957
29	3	画	14.748250007629395
29	4	那	10.313633918762207
29	5	朵	16.64912223815918
29	6	我	11.871928215026855
29	7	关心	13.817761421203613
29	8	的	2.9571292400360107
29	9	邻居	11.611151695251465
29	10	种	14.39428997039795
29	11	的	13.62882137298584
29	12	花	15.20736026763916
29	13	。	8.336155891418457
30	1	他	5.4816460609436035
30	2	在	4.652684211730957
30	3	画	14.748250007629395
30	4	那	10.313633918762207
30	5	个	3.9366023540496826
30	6	我	10.095403671264648
30	7	关心	13.354034423828125
30	8	的	1.8959391117095947
30	9	邻居	12.040910720825195
30	10	种	16.072660446166992
30	11	的	11.975495338439941
30	12	花	16.061630249023438
30	13	。	7.218012809753418
31	1	她	8.275067329406738
31	2	在	4.42202615737915
31	3	介绍	12.903090476989746
31	4	那	8.233579635620117
31	5	台	10.397221565246582
31	6	我	7.892499923706055
31	7	尊敬	18.31039810180664
31	8	的	0.9965319633483887
31	9	科学家	15.244750022888184
31	10	做	10.076318740844727
31	11	的	6.761958122253418
31	12	电视	10.51492691040039
31	13	。	6.643129825592041
32	1	她	8.275067329406738
32	2	在	4.42202615737915
32	3	介绍	12.903090476989746
32	4	那	8.233579635620117
32	5	个	3.7404537200927734
32	6	我	9.66594123840332
32	7	尊敬	17.750865936279297
32	8	的	0.4791295528411865
32	9	科学家	14.444743156433105
32	10	做	9.687525749206543
32	11	的	5.776796817779541
32	12	电视	10.886600494384766
32	13	。	6.2656450271606445
33	1	我	5.170108795166016
33	2	见	12.123648643493652
33	3	过	0.24780207872390747
33	4	那	6.903799057006836
33	5	栋	7.115973472595215
33	6	他	9.712302207946777
33	7	认识	12.88129997253418
33	8	的	4.449250221252441
33	9	男人	7.8896002769470215
33	10	买	13.676522254943848
33	11	的	6.482214450836182
33	12	房子	7.958790302276611
33	13	。	3.99823260307312
34	1	我	5.170108795166016
34	2	见	12.123648643493652
34	3	过	0.24780207872390747
34	4	那	6.903799057006836
34	5	个	4.770637035369873
34	6	他	9.439106941223145
34	7	认识	12.230473518371582
34	8	的	3.265084981918335
34	9	男人	7.663735866546631
34	10	买	13.675324440002441
34	11	的	6.144100189208984
34	12	房子	8.406898498535156
34	13	。	3.8863091468811035
35	1	我	5.170108795166016
35	2	拒绝	13.047715187072754
35	3	了	6.242000102996826
35	4	那	6.422657489776611
35	5	条	5.437559604644775
35	6	我	8.67705249786377
35	7	欣赏	16.81546401977539
35	8	的	2.7587432861328125
35	9	朋友	8.450834274291992
35	10	给	13.303915977478027
35	11	的	10.891473770141602
35	12	建议	8.624505996704102
35	13	。	2.530724048614502
36	1	我	5.170108795166016
36	2	拒绝	13.047715187072754
36	3	了	6.242000102996826
36	4	那	6.422657489776611
36	5	个	4.812522888183594
36	6	我	8.061836242675781
36	7	欣赏	16.321083068847656
36	8	的	2.1562082767486572
36	9	朋友	7.888233661651611
36	10	给	13.926218032836914
36	11	的	10.492992401123047
36	12	建议	8.619524955749512
36	13	。	2.9267961978912354
37	1	他	5.4816460609436035
37	2	在	4.652684211730957
37	3	看	8.817948341369629
37	4	那	7.02296257019043
37	5	支	9.683701515197754
37	6	我	9.366250991821289
37	7	关心	14.521245002746582
37	8	的	2.696275234222412
37	9	老师	11.780008316040039
37	10	用	10.849783897399902
37	11	的	4.921868801116943
37	12	笔	14.361446380615234
37	13	。	8.092910766601562
38	1	他	5.4816460609436035
38	2	在	4.652684211730957
38	3	看	8.817948341369629
38	4	那	7.02296257019043
38	5	个	4.9119439125061035
38	6	我	9.241080284118652
38	7	关心	13.46772575378418
38	8	的	2.062429428100586
38	9	老师	11.997883796691895
38	10	用	11.939517974853516
38	11	的	4.9914398193359375
38	12	笔	14.453008651733398
38	13	。	7.885232925415039
39	1	她	8.275067329406738
39	2	在	4.42202615737915
39	3	找	12.939471244812012
39	4	那	9.244973182678223
39	5	只	9.253067970275879
39	6	我	10.213654518127441
39	7	帮助	11.81912612915039
39	8	过	5.962185859680176
39	9	的	5.331385612487793
39	10	女人	10.192957878112793
39	11	丢	16.724395751953125
39	12	的	6.96060848236084
39	13	鞋子	14.647887229919434
39	14	。	2.1094367504119873
40	1	她	8.275067329406738
40	2	在	4.42202615737915
40	3	找	12.939471244812012
40	4	那	9.244973182678223
40	5	个	2.298184633255005
40	6	我	9.504300117492676
40	7	帮助	12.266125679016113
40	8	过	7.37867546081543
40	9	的	4.553226470947266
40	10	女人	9.892510414123535
40	11	丢	16.348468780517578
40	12	的	6.629644393920898
40	13	鞋子	15.113879203796387
40	14	。	2.5114433765411377
41	1	我	5.170108795166016
41	2	讨厌	12.892350196838379
41	3	那	6.887461185455322
41	4	条	6.463517189025879
41	5	我	8.395726203918457
41	6	关心	15.13442611694336
41	7	的	1.522148609161377
41	8	邻居	13.260671615600586
41	9	养	17.37489128112793
41	10	的	4.76084566116333
41	11	狗	13.744067192077637
41	12	。	3.448256254196167
42	1	我	5.170108795166016
42	2	讨厌	12.892350196838379
42	3	那	6.887461185455322
42	4	个	5.0370073318481445
42	5	我	8.080255508422852
42	6	关心	14.028572082519531
42	7	的	1.119504451751709
42	8	邻居	13.403009414672852
42	9	养	18.28055763244629
42	10	的	4.614291191101074
42	11	狗	13.926342010498047
42	12	。	3.378270387649536
43	1	他	5.4816460609436035
43	2	发现	8.926570892333984
43	3	了	4.027383327484131
43	4	那	9.88341999053955
43	5	座	7.210704326629639
43	6	我	11.450347900390625
43	7	采访	13.412680625915527
43	8	过	6.040822505950928
43	9	的	3.849236249923706
43	10	老人	12.408644676208496
43	11	修	18.46540069580078
43	12	的	3.0801329612731934
43	13	桥	14.04820442199707
43	14	。	3.2267696857452393
44	1	他	5.4816460609436035
44	2	发现	8.926570892333984
44	3	了	4.027383327484131
44	4	那	9.88341999053955
44	5	个	3.6052896976470947
44	6	我	9.215914726257324
44	7	采访	12.982492446899414
44	8	过	4.464998245239258
44	9	的	4.392281532287598
44	10	老人	12.87169075012207
44	11	修	18.7191219329834
44	12	的	3.2716259956359863
44	13	桥	15.072823524475098
44	14	。	3.4843409061431885
45	1	她	8.275067329406738
45	2	评价	15.524677276611328
45	3	了	0.7481931447982788
45	4	那	8.095406532287598
45	5	篇	5.193657398223877
45	6	我	10.121868133544922
45	7	培养	15.187817573547363
45	8	的	2.405794143676758
45	9	学生	12.214803695678711
45	10	准备	15.179540634155273
45	11	的	3.8143563270568848
45	12	报告	11.235763549804688
45	13	。	2.594618082046509
46	1	她	8.275067329406738
46	2	评价	15.524677276611328
46	3	了	0.7481931447982788
46	4	那	8.095406532287598
46	5	个	3.879345417022705
46	6	我	8.060993194580078
46	7	培养	15.967785835266113
46	8	的	2.5533628463745117
46	9	学生	11.506329536437988
46	10	准备	15.71517562866211
46	11	的	4.0744452476501465
46	12	报告	12.919380187988281
46	13	。	2.558736801147461
47	1	我	5.170108795166016
47	2	在	5.624750137329102
47	3	等	9.66662311553955
47	4	那	7.905287742614746
47	5	封	11.40877628326416
47	6	我	5.817748069763184
47	7	依赖	15.21733283996582
47	8	的	5.673481464385986
47	9	朋友	7.593328475952148
47	10	写	9.950488090515137
47	11	的	4.290619850158691
47	12	信	11.732361793518066
47	13	。	4.934882640838623
48	1	我	5.170108795166016
48	2	在	5.624750137329102
48	3	等	9.66662311553955
48	4	那	7.905287742614746
48	5	个	4.799405574798584
48	6	我	7.755421161651611
48	7	依赖	15.442181587219238
48	8	的	4.952524662017822
48	9	朋友	7.134693145751953
48	10	写	10.295202255249023
48	11	的	4.6198225021362305
48	12	信	12.248381614685059
48	13	。	4.154325008392334
49	1	他	5.4816460609436035
49	2	提到	11.160651206970215
49	3	了	4.322215557098389
49	4	那	9.400700569152832
49	5	堂	17.68754768371582
49	6	我	11.924002647399902
49	7	认识	11.376962661743164
49	8	的	2.550346851348877
49	9	老师	12.303153991699219
49	10	教	15.556357383728027
49	11	的	8.62986946105957
49	12	课	10.477100372314453
49	13	。	3.782179832458496
50	1	他	5.4816460609436035
50	2	提到	11.160651206970215
50	3	了	4.322215557098389
50	4	那	9.400700569152832
50	5	个	4.245307922363281
50	6	我	8.544661521911621
50	7	认识	10.528696060180664
50	8	过	10.435856819152832
50	9	的	4.296901702880859
50	10	老师	13.751173973083496
50	11	教	16.34748077392578
50	12	的	8.946743965148926
50	13	课	11.064362525939941
50	14	。	4.344424724578857
51	1	她	8.275067329406738
51	2	推荐	15.344602584838867
51	3	了	3.2928433418273926
51	4	那	7.636281967163086
51	5	块	8.651495933532715
51	6	我	7.703408241271973
51	7	信任	15.746366500854492
51	8	的	0.9363256692886353
51	9	医生	8.961677551269531
51	10	喜欢	18.33014488220215
51	11	的	4.3799285888671875
51	12	手表	17.933488845825195
51	13	。	4.240996837615967
52	1	她	8.275067329406738
52	2	推荐	15.344602584838867
52	3	了	3.2928433418273926
52	4	那	7.636281967163086
52	5	个	4.23745584487915
52	6	我	8.926031112670898
52	7	信任	15.672423362731934
52	8	的	1.4181036949157715
52	9	医生	9.041411399841309
52	10	喜欢	20.051515579223633
52	11	的	4.212882041931152
52	12	手表	18.162817001342773
52	13	。	5.294380187988281
53	1	我	5.170108795166016
53	2	选择	10.70134162902832
53	3	了	2.307246446609497
53	4	那	6.077176570892334
53	5	篇	6.285050868988037
53	6	她	12.518109321594238
53	7	教	13.678363800048828
53	8	的	7.727175712585449
53	9	学生	10.436429977416992
53	10	写	11.819612503051758
53	11	的	1.3279894590377808
53	12	论文	10.131357192993164
53	13	。	2.544013738632202
54	1	我	5.170108795166016
54	2	选择	10.70134162902832
54	3	了	2.307246446609497
54	4	那	6.077176570892334
54	5	个	4.863429069519043
54	6	她	12.12564468383789
54	7	教	12.979616165161133
54	8	的	8.302762985229492
54	9	学生	9.260345458984375
54	10	写	13.656519889831543
54	11	的	2.4133365154266357
54	12	论文	10.513810157775879
54	13	。	2.6227965354919434
55	1	她	8.275067329406738
55	2	喜欢	9.915023803710938
55	3	那	8.386497497558594
55	4	场	6.23673152923584
55	5	我	8.909549713134766
55	6	听说	12.646992683410645
55	7	过	2.128389596939087
55	8	的	2.4322104454040527
55	9	演员	12.153544425964355
55	10	准备	16.351072311401367
55	11	的	5.856539726257324
55	12	表演	10.794278144836426
55	13	。	5.2247443199157715
56	1	她	8.275067329406738
56	2	喜欢	9.915023803710938
56	3	那	8.386497497558594
56	4	个	4.192409515380859
56	5	我	8.507124900817871
56	6	听说	11.984783172607422
56	7	过	2.1048479080200195
56	8	的	3.2812368869781494
56	9	演员	12.34913444519043
56	10	准备	15.79659366607666
56	11	的	6.054233551025391
56	12	表演	11.0858793258667
56	13	。	4.538753032684326
57	1	他	5.4816460609436035
57	2	称赞	17.164100646972656
57	3	了	9.762368202209473
57	4	那	10.510187149047852
57	5	间	10.891097068786621
57	6	我	7.269968509674072
57	7	采访	13.308395385742188
57	8	过	3.880458354949951
57	9	的	3.8697173595428467
57	10	警察	13.06458854675293
57	11	工作	9.076045989990234
57	12	的	5.611381530761719
57	13	办公室	11.049110412597656
57	14	。	3.772958517074585
58	1	他	5.4816460609436035
58	2	称赞	17.164100646972656
58	3	了	9.762368202209473
58	4	那	10.510187149047852
58	5	个	3.856755495071411
58	6	我	9.029330253601074
58	7	采访	12.818212509155273
58	8	过	5.030959606170654
58	9	的	3.9812843799591064
58	10	警察	13.069169044494629
58	11	工作	9.506064414978027
58	12	的	5.564173221588135
58	13	办公室	11.187332153320312
58	14	。	3.7956626415252686
59	1	我	5.170108795166016
59	2	听说	9.85650634765625
59	3	过	0.9960277080535889
59	4	那	5.640336513519287
59	5	首	8.52879810333252
59	6	他	15.173019409179688
59	7	培养	15.59626293182373
59	8	的	3.564605951309204
59	9	孩子	8.052779197692871
59	10	写	14.609532356262207
59	11	的	3.9479610919952393
59	12	诗	12.765748977661133
59	13	。	3.482361078262329
60	1	我	5.170108795166016
60	2	听说	9.85650634765625
60	3	过	0.9960277080535889
60	4	那	5.640336513519287
60	5	个	4.489050388336182
60	6	他	9.128594398498535
60	7	培养	16.536046981811523
60	8	的	2.8331046104431152
60	9	孩子	7.092550754547119
60	10	写	14.809216499328613
60	11	的	3.7027149200439453
60	12	诗	12.99573802947998
60	13	。	3.555368423461914
61	1	我	5.170108795166016
61	2	选择	10.70134162902832
61	3	了	2.307246446609497
61	4	那	6.077176570892334
61	5	家	6.7274603843688965
61	6	我	4.482973575592041
61	7	依赖	14.982324600219727
61	8	的	4.941497802734375
61	9	朋友	7.295386791229248
61	10	去	11.03357982635498
61	11	的	7.033637523651123
61	12	银行	13.039298057556152
61	13	。	2.492375373840332
62	1	我	5.170108795166016
62	2	选择	10.70134162902832
62	3	了	2.307246446609497
62	4	那	6.077176570892334
62	5	个	4.863429069519043
62	6	我	6.6664347648620605
62	7	依赖	15.545702934265137
62	8	的	4.179005146026611
62	9	朋友	7.202726364135742
62	10	去	11.590826988220215
62	11	的	7.155829429626465
62	12	银行	14.053215026855469
62	13	。	2.948141098022461
