sentence_id	token_id	token	surprisal
1	1	记者	9.52329158782959
1	2	采访	7.12251091003418
1	3	了	5.117489337921143
1	4	研发	17.33686065673828
1	5	产品	8.816431999206543
1	6	并且	13.245593070983887
1	7	获	11.226584434509277
1	8	了	9.22054386138916
1	9	奖	12.511429786682129
1	10	。	4.101861953735352
2	1	记者	9.52329158782959
2	2	采访	7.12251091003418
2	3	了	5.117489337921143
2	4	研发	17.33686065673828
2	5	产品	8.816431999206543
2	6	并且	13.245593070983887
2	7	获	11.226584434509277
2	8	了	9.22054386138916
2	9	奖	12.511429786682129
2	10	的	1.87505042552948
2	11	科学家	12.197002410888672
2	12	。	2.7584266662597656
3	1	他	5.4816460609436035
3	2	认识	12.062052726745605
3	3	了	6.114317417144775
3	4	写	14.311615943908691
3	5	书	8.084856986999512
3	6	并且	13.909224510192871
3	7	教	11.393013954162598
3	8	课	12.236762046813965
3	9	。	5.951561450958252
4	1	他	5.4816460609436035
4	2	认识	12.062052726745605
4	3	了	6.114317417144775
4	4	写	14.311615943908691
4	5	书	8.084856986999512
4	6	并且	13.909224510192871
4	7	教	11.393013954162598
4	8	课	12.236762046813965
4	9	的	3.894087076187134
4	10	老师	11.198049545288086
4	11	。	4.548749923706055
5	1	他	5.4816460609436035
5	2	拍	13.919513702392578
5	3	下	11.227035522460938
5	4	了	7.868805408477783
5	5	获得	18.347293853759766
5	6	大奖	14.528033256530762
5	7	并且	15.245626449584961
5	8	吸引	13.972668647766113
5	9	游客	7.91384220123291
5	10	。	5.151661396026611
6	1	他	5.4816460609436035
6	2	拍	13.919513702392578
6	3	下	11.227035522460938
6	4	了	7.868805408477783
6	5	获得	18.347293853759766
6	6	大奖	14.528033256530762
6	7	并且	15.245626449584961
6	8	吸引	13.972668647766113
6	9	游客	7.91384220123291
6	10	的	2.247574806213379
6	11	艺术品	14.773028373718262
6	12	。	3.65926456451416
7	1	我们	6.432517051696777
7	2	参加	12.51191234588623
7	3	了	1.7822967767715454
7	4	吸引	14.258362770080566
7	5	学生	8.167586326599121
7	6	并且	14.780237197875977
7	7	受到	10.045954704284668
7	8	好评	13.889805793762207
7	9	。	0.5030336380004883
8	1	我们	6.432517051696777
8	2	参加	12.51191234588623
8	3	了	1.7822967767715454
8	4	吸引	14.258362770080566
8	5	学生	8.167586326599121
8	6	并且	14.780237197875977
8	7	受到	10.045954704284668
8	8	好评	13.889805793762207
8	9	的	6.104337692260742
8	10	活动	5.957601547241211
8	11	。	0.32841265201568604
9	1	他	5.4816460609436035
9	2	想起	13.376155853271484
9	3	了	1.4770358800888062
9	4	写	14.228758811950684
9	5	过	5.54252815246582
9	6	歌	13.508526802062988
9	7	而且	15.724725723266602
9	8	写	6.146157741546631
9	9	过	4.560440540313721
9	10	书	6.280865669250488
9	11	。	4.529757976531982
10	1	他	5.4816460609436035
10	2	想起	13.376155853271484
10	3	了	1.4770358800888062
10	4	写	14.228758811950684
10	5	过	5.54252815246582
10	6	歌	13.508526802062988
10	7	而且	15.724725723266602
10	8	写	6.146157741546631
10	9	过	4.560440540313721
10	10	书	6.280865669250488
10	11	的	0.8833253979682922
10	12	同学	12.933564186096191
10	13	。	2.6875791549682617
11	1	司机	16.29339599609375
11	2	启动	17.261728286743164
11	3	了	0.49928656220436096
11	4	装有	16.61185073852539
11	5	音响	15.419083595275879
11	6	并且	14.707176208496094
11	7	配备	12.256317138671875
11	8	屏幕	16.6170711517334
11	9	。	6.048269748687744
12	1	司机	16.29339599609375
12	2	启动	17.261728286743164
12	3	了	0.49928656220436096
12	4	装有	16.61185073852539
12	5	音响	15.419083595275879
12	6	并且	14.707176208496094
12	7	配备	12.256317138671875
12	8	屏幕	16.6170711517334
12	9	的	4.544485092163086
12	10	车	8.83344554901123
12	11	。	4.6705827713012695
13	1	爸爸	11.594902038574219
13	2	买	8.370784759521484
13	3	了	1.1621863842010498
13	4	带	12.682663917541504
13	5	家具	15.740139961242676
13	6	还	10.598389625549316
13	7	配	15.932962417602539
13	8	保险	17.661462783813477
13	9	。	6.086770057678223
14	1	爸爸	11.594902038574219
14	2	买	8.370784759521484
14	3	了	1.1621863842010498
14	4	带	12.682663917541504
14	5	家具	15.740139961242676
14	6	还	10.598389625549316
14	7	配	15.932962417602539
14	8	保险	17.661462783813477
14	9	的	5.3512678146362305
14	10	房子	8.621870040893555
14	11	。	6.243649959564209
15	1	他	5.4816460609436035
15	2	损失	18.972902297973633
15	3	了	7.350513458251953
15	4	买	15.007634162902832
15	5	药	11.904176712036133
15	6	和	6.4222869873046875
15	7	买	6.155016899108887
15	8	菜	8.810147285461426
15	9	。	2.6736576557159424
16	1	他	5.4816460609436035
16	2	损失	18.972902297973633
16	3	了	7.350513458251953
16	4	买	15.007634162902832
16	5	药	11.904176712036133
16	6	和	6.4222869873046875
16	7	买	6.155016899108887
16	8	菜	8.810147285461426
16	9	的	4.365211486816406
16	10	现金	9.76048755645752
16	11	。	1.443986415863037
17	1	我	5.170108795166016
17	2	拜访	15.439969062805176
17	3	了	7.69422721862793
17	4	去	14.195571899414062
17	5	过	6.736007213592529
17	6	中国	9.308098793029785
17	7	并且	15.866764068603516
17	8	去	8.089489936828613
17	9	过	7.086782932281494
17	10	美国	6.373935699462891
17	11	。	6.142206192016602
18	1	我	5.170108795166016
18	2	拜访	15.439969062805176
18	3	了	7.69422721862793
18	4	去	14.195571899414062
18	5	过	6.736007213592529
18	6	中国	9.308098793029785
18	7	并且	15.866764068603516
18	8	去	8.089489936828613
18	9	过	7.086782932281494
18	10	美国	6.373935699462891
18	11	的	1.5894185304641724
18	12	邻居	12.381409645080566
18	13	。	3.5119833946228027
19	1	爷爷	16.508081436157227
19	2	中止	21.14349937438965
19	3	了	4.928274154663086
19	4	引发	16.543533325195312
19	5	争吵	21.769908905029297
19	6	并且	16.387975692749023
19	7	伤害	13.106929779052734
19	8	亲情	18.643535614013672
19	9	。	4.953310489654541
20	1	爷爷	16.508081436157227
20	2	中止	21.14349937438965
20	3	了	4.928274154663086
20	4	引发	16.543533325195312
20	5	争吵	21.769908905029297
20	6	并且	16.387975692749023
20	7	伤害	13.106929779052734
20	8	亲情	18.643535614013672
20	9	的	0.9150119423866272
20	10	谈话	13.918113708496094
20	11	。	0.48040449619293213
21	1	她	8.275067329406738
21	2	提到	10.68576717376709
21	3	了	3.024200677871704
21	4	看	12.80510425567627
21	5	着	5.859743118286133
21	6	电视	9.612775802612305
21	7	和	7.764102458953857
21	8	听	10.918103218078613
21	9	着	5.480556011199951
21	10	歌	10.658527374267578
21	11	。	6.406542778015137
22	1	她	8.275067329406738
22	2	提到	10.68576717376709
22	3	了	3.024200677871704
22	4	看	12.80510425567627
22	5	着	5.859743118286133
22	6	电视	9.612775802612305
22	7	和	7.764102458953857
22	8	听	10.918103218078613
22	9	着	5.480556011199951
22	10	歌	10.658527374267578
22	11	的	1.3978997468948364
22	12	女儿	8.548446655273438
22	13	。	5.954794406890869
23	1	医生	13.249826431274414
23	2	表扬	18.382265090942383
23	3	了	3.2817647457122803
23	4	帮助	12.826621055603027
23	5	老人	12.90404224395752
23	6	并且	9.402759552001953
23	7	关心	15.031993865966797
23	8	同学	12.569387435913086
23	9	。	7.622671127319336
24	1	医生	13.249826431274414
24	2	表扬	18.382265090942383
24	3	了	3.2817647457122803
24	4	帮助	12.826621055603027
24	5	老人	12.90404224395752
24	6	并且	9.402759552001953
24	7	关心	15.031993865966797
24	8	同学	12.569387435913086
24	9	的	3.2982678413391113
24	10	孩子	5.993013858795166
24	11	。	6.907481670379639
25	1	她	8.275067329406738
25	2	介绍	10.67032527923584
25	3	了	3.3527109622955322
25	4	生产	14.993692398071289
25	5	电视	12.409574508666992
25	6	并且	13.83561897277832
25	7	安装	12.198675155639648
25	8	电视	13.253578186035156
25	9	。	6.615975856781006
26	1	她	8.275067329406738
26	2	介绍	10.67032527923584
26	3	了	3.3527109622955322
26	4	生产	14.993692398071289
26	5	电视	12.409574508666992
26	6	并且	13.83561897277832
26	7	安装	12.198675155639648
26	8	电视	13.253578186035156
26	9	的	2.7954604625701904
26	10	工厂	13.752093315124512
26	11	。	3.661263942718506
27	1	我	5.170108795166016
27	2	洗	17.341796875
27	3	了	1.1129000186920166
27	4	陪伴	17.546749114990234
27	5	过	5.225889682769775
27	6	母亲	8.1798734664917
27	7	也	10.339373588562012
27	8	陪伴	16.17270851135254
27	9	过	4.464601516723633
27	10	我	5.129985809326172
27	11	。	6.050011157989502
28	1	我	5.170108795166016
28	2	洗	17.341796875
28	3	了	1.1129000186920166
28	4	陪伴	17.546749114990234
28	5	过	5.225889682769775
28	6	母亲	8.1798734664917
28	7	也	10.339373588562012
28	8	陪伴	16.17270851135254
28	9	过	4.464601516723633
28	10	我	5.129985809326172
28	11	的	0.5887101888656616
28	12	衣服	11.8037691116333
28	13	。	0.9116402864456177
29	1	学生	12.633584022521973
29	2	们	17.80857276916504
29	3	写	10.538440704345703
29	4	着	3.298902750015259
29	5	困扰	15.677009582519531
29	6	他们	10.638535499572754
29	7	还	9.420016288757324
29	8	困扰	15.637591361999512
29	9	家长	15.503889083862305
29	10	。	5.996706962585449
30	1	学生	12.633584022521973
30	2	们	17.80857276916504
30	3	写	10.538440704345703
30	4	着	3.298902750015259
30	5	困扰	15.677009582519531
30	6	他们	10.638535499572754
30	7	还	9.420016288757324
30	8	困扰	15.637591361999512
30	9	家长	15.503889083862305
30	10	的	0.6194905638694763
30	11	作业	13.412717819213867
30	12	。	3.7659199237823486
31	1	店长	19.18886375427246
31	2	拿	16.193376541137695
31	3	着	4.181065559387207
31	4	开	14.392223358154297
31	5	大门	13.768869400024414
31	6	和	8.95402717590332
31	7	开	11.524751663208008
31	8	仓库	12.973273277282715
31	9	。	7.69680118560791
32	1	店长	19.18886375427246
32	2	拿	16.193376541137695
32	3	着	4.181065559387207
32	4	开	14.392223358154297
32	5	大门	13.768869400024414
32	6	和	8.95402717590332
32	7	开	11.524751663208008
32	8	仓库	12.973273277282715
32	9	的	0.5300301313400269
32	10	钥匙	13.118008613586426
32	11	。	3.791907787322998
33	1	有人	17.373456954956055
33	2	听	7.527858734130859
33	3	着	6.630861282348633
33	4	打扰	17.110950469970703
33	5	了	8.632309913635254
33	6	邻居	14.014351844787598
33	7	而且	14.647723197937012
33	8	触发	17.768259048461914
33	9	了	2.073899030685425
33	10	警报	14.988703727722168
33	11	。	1.1550763845443726
34	1	有人	17.373456954956055
34	2	听	7.527858734130859
34	3	着	6.630861282348633
34	4	打扰	17.110950469970703
34	5	了	8.632309913635254
34	6	邻居	14.014351844787598
34	7	而且	14.647723197937012
34	8	触发	17.768259048461914
34	9	了	2.073899030685425
34	10	警报	14.988703727722168
34	11	的	11.551076889038086
34	12	音乐	13.085692405700684
34	13	。	1.882868766784668
35	1	我	5.170108795166016
35	2	观察	13.728976249694824
35	3	着	7.698230743408203
35	4	经营	16.960311889648438
35	5	商店	11.734600067138672
35	6	还	10.99536418914795
35	7	经营	14.090496063232422
35	8	餐厅	14.4476900100708
35	9	。	4.325490951538086
36	1	我	5.170108795166016
36	2	观察	13.728976249694824
36	3	着	7.698230743408203
36	4	经营	16.960311889648438
36	5	商店	11.734600067138672
36	6	还	10.99536418914795
36	7	经营	14.090496063232422
36	8	餐厅	14.4476900100708
36	9	的	1.5165023803710938
36	10	男人	12.110981941223145
36	11	。	3.177096366882324
37	1	学生	12.633584022521973
37	2	们	17.80857276916504
37	3	读	11.498143196105957
37	4	着	3.6894478797912598
37	5	描述	15.409977912902832
37	6	故事	8.540629386901855
37	7	并且	14.100240707397461
37	8	带来	11.114035606384277
37	9	乐趣	11.90498161315918
37	10	。	2.3550713062286377
38	1	学生	12.633584022521973
38	2	们	17.80857276916504
38	3	读	11.498143196105957
38	4	着	3.6894478797912598
38	5	描述	15.409977912902832
38	6	故事	8.540629386901855
38	7	并且	14.100240707397461
38	8	带来	11.114035606384277
38	9	乐趣	11.90498161315918
38	10	的	1.3913094997406006
38	11	书	9.952518463134766
38	12	。	2.0489232540130615
39	1	教练	19.454090118408203
39	2	创办	15.066692352294922
39	3	过	8.806431770324707
39	4	教	16.803674697875977
39	5	动作	14.412260055541992
39	6	并且	10.694974899291992
39	7	辅导	14.709206581115723
39	8	孩子	9.567586898803711
39	9	。	6.227670669555664
40	1	教练	19.454090118408203
40	2	创办	15.066692352294922
40	3	过	8.806431770324707
40	4	教	16.803674697875977
40	5	动作	14.412260055541992
40	6	并且	10.694974899291992
40	7	辅导	14.709206581115723
40	8	孩子	9.567586898803711
40	9	的	2.426050901412964
40	10	健身房	13.977821350097656
40	11	。	4.922685623168945
41	1	我	5.170108795166016
41	2	喜欢	7.770290374755859
41	3	过	5.084033012390137
41	4	给	12.105990409851074
41	5	我	2.6602485179901123
41	6	信心	17.108123779296875
41	7	并且	12.501708984375
41	8	帮助	9.890957832336426
41	9	过	9.79658317565918
41	10	我	3.3418219089508057
41	11	。	5.227721691131592
42	1	我	5.170108795166016
42	2	喜欢	7.770290374755859
42	3	过	5.084033012390137
42	4	给	12.105990409851074
42	5	我	2.6602485179901123
42	6	信心	17.108123779296875
42	7	并且	12.501708984375
42	8	帮助	9.890957832336426
42	9	过	9.79658317565918
42	10	我	3.3418219089508057
42	11	的	0.39125996828079224
42	12	音乐	12.346512794494629
42	13	。	2.709277391433716
43	1	她	8.275067329406738
43	2	开	13.72679328918457
43	3	过	5.362364292144775
43	4	容纳	19.580659866333008
43	5	很多	11.479229927062988
43	6	人	1.9160664081573486
43	7	并且	10.708208084106445
43	8	通过	12.850458145141602
43	9	安全	11.078490257263184
43	10	测试	12.618688583374023
43	11	。	5.520388603210449
44	1	她	8.275067329406738
44	2	开	13.72679328918457
44	3	过	5.362364292144775
44	4	容纳	19.580659866333008
44	5	很多	11.479229927062988
44	6	人	1.9160664081573486
44	7	并且	10.708208084106445
44	8	通过	12.850458145141602
44	9	安全	11.078490257263184
44	10	测试	12.618688583374023
44	11	的	2.4346883296966553
44	12	车	9.984329223632812
44	13	。	3.6491994857788086
45	1	他	5.4816460609436035
45	2	修理	19.00525665283203
45	3	过	6.271956920623779
45	4	丢失	16.390356063842773
45	5	了	5.253530502319336
45	6	芯片	16.590496063232422
45	7	还	16.198820114135742
45	8	丢失	15.161134719848633
45	9	了	1.826433539390564
45	10	屏幕	13.11536693572998
45	11	。	2.7660253047943115
46	1	他	5.4816460609436035
46	2	修理	19.00525665283203
46	3	过	6.271956920623779
46	4	丢失	16.390356063842773
46	5	了	5.253530502319336
46	6	芯片	16.590496063232422
46	7	还	16.198820114135742
46	8	丢失	15.161134719848633
46	9	了	1.826433539390564
46	10	屏幕	13.11536693572998
46	11	的	5.371932506561279
46	12	电脑	10.92060661315918
46	13	。	5.038087844848633
47	1	他	5.4816460609436035
47	2	讲	12.674544334411621
47	3	过	4.006396770477295
47	4	介绍	16.667701721191406
47	5	画家	18.08830451965332
47	6	并且	15.765613555908203
47	7	介绍	13.507664680480957
47	8	博物馆	12.953380584716797
47	9	。	8.052590370178223
48	1	他	5.4816460609436035
48	2	讲	12.674544334411621
48	3	过	4.006396770477295
48	4	介绍	16.667701721191406
48	5	画家	18.08830451965332
48	6	并且	15.765613555908203
48	7	介绍	13.507664680480957
48	8	博物馆	12.953380584716797
48	9	的	1.5008671283721924
48	10	课	11.960272789001465
48	11	。	3.3650152683258057
49	1	我	5.170108795166016
49	2	邀请	14.640365600585938
49	3	过	6.612346172332764
49	4	喜欢	16.867252349853516
49	5	明星	13.863978385925293
49	6	而且	16.066173553466797
49	7	喜欢	13.4540433883667
49	8	作家	13.632379531860352
49	9	。	3.6247916221618652
50	1	我	5.170108795166016
50	2	邀请	14.640365600585938
50	3	过	6.612346172332764
50	4	喜欢	16.867252349853516
50	5	明星	13.863978385925293
50	6	而且	16.066173553466797
50	7	喜欢	13.4540433883667
50	8	作家	13.632379531860352
50	9	的	1.121018886566162
50	10	朋友	4.097518444061279
50	11	。	1.6842103004455566
51	1	她	8.275067329406738
51	2	申请	16.6517333984375
51	3	过	7.693975925445557
51	4	减轻	16.5198917388916
51	5	她	6.408017635345459
51	6	负担	13.1353178024292
51	7	同时	15.698270797729492
51	8	缓解	14.367918968200684
51	9	她	5.7314276695251465
51	10	压力	13.621800422668457
51	11	。	1.769576907157898
52	1	她	8.275067329406738
52	2	申请	16.6517333984375
52	3	过	7.693975925445557
52	4	减轻	16.5198917388916
52	5	她	6.408017635345459
52	6	负担	13.1353178024292
52	7	同时	15.698270797729492
52	8	缓解	14.367918968200684
52	9	她	5.7314276695251465
52	10	压力	13.621800422668457
52	11	的	1.5096890926361084
52	12	奖金	14.177811622619629
52	13	。	0.702033281326294
53	1	她	8.275067329406738
53	2	去	12.028966903686523
53	3	卖	10.827559471130371
53	4	礼物	15.039260864257812
53	5	并且	13.661128997802734
53	6	回收	16.149620056152344
53	7	报纸	15.009744644165039
53	8	。	1.312820553779602
54	1	她	8.275067329406738
54	2	去	12.028966903686523
54	3	卖	10.827559471130371
54	4	礼物	15.039260864257812
54	5	并且	13.661128997802734
54	6	回收	16.149620056152344
54	7	报纸	15.009744644165039
54	8	的	2.8791491985321045
54	9	商店	14.351456642150879
54	10	。	2.327934503555298
55	1	弟弟	16.22351837158203
55	2	需要	11.788744926452637
55	3	用于	13.228434562683105
55	4	游戏	12.789776802062988
55	5	和	6.613152503967285
55	6	买	9.94018268585205
55	7	书	6.444235324859619
55	8	。	6.142386436462402
56	1	弟弟	16.22351837158203
56	2	需要	11.788744926452637
56	3	用于	13.228434562683105
56	4	游戏	12.789776802062988
56	5	和	6.613152503967285
56	6	买	9.94018268585205
56	7	书	6.444235324859619
56	8	的	2.33365797996521
56	9	钱	7.268964767456055
56	10	。	5.226413726806641
57	1	他	5.4816460609436035
57	2	很	8.319292068481445
57	3	欣赏	12.793334007263184
57	4	写	14.11557388305664
57	5	小说	11.263816833496094
57	6	并且	14.53705883026123
57	7	做	7.440823554992676
57	8	慈善	15.910637855529785
57	9	。	7.042696475982666
58	1	他	5.4816460609436035
58	2	很	8.319292068481445
58	3	欣赏	12.793334007263184
58	4	写	14.11557388305664
58	5	小说	11.263816833496094
58	6	并且	14.53705883026123
58	7	做	7.440823554992676
58	8	慈善	15.910637855529785
58	9	的	4.053186416625977
58	10	作家	11.00525188446045
58	11	。	2.254301071166992
59	1	我	5.170108795166016
59	2	经常	9.792675018310547
59	3	去	6.575747013092041
59	4	提供	14.496031761169434
59	5	停车位	19.610755920410156
59	6	并且	13.261831283569336
59	7	帮助	9.774574279785156
59	8	残疾人	17.9107608795166
59	9	。	4.240139484405518
60	1	我	5.170108795166016
60	2	经常	9.792675018310547
60	3	去	6.575747013092041
60	4	提供	14.496031761169434
60	5	停车位	19.610755920410156
60	6	并且	13.261831283569336
60	7	帮助	9.774574279785156
60	8	残疾人	17.9107608795166
60	9	的	6.173274517059326
60	10	医院	13.05734634399414
60	11	。	2.621805429458618
