sentence_id	token_id	token	surprisal
1	1	随着	9.309834480285645
1	2	支持	12.824468612670898
1	3	国际	6.590517520904541
1	4	贸易	4.485781669616699
1	5	的	2.1128408908843994
1	6	政府	12.527881622314453
1	7	发展	6.805259704589844
1	8	，	0.14720165729522705
1	9	经济	8.902527809143066
1	10	变	12.903568267822266
1	11	好	7.364596843719482
1	12	了	4.953907012939453
1	13	。	8.755038261413574
2	1	随着	9.309834480285645
2	2	支持	12.824468612670898
2	3	国际	6.590517520904541
2	4	贸易	4.485781669616699
2	5	的	2.1128408908843994
2	6	政府	12.527881622314453
2	7	发展	6.805259704589844
2	8	。	9.208775520324707
3	1	随着	9.309834480285645
3	2	缩短	16.457983016967773
3	3	人们	12.378796577453613
3	4	距离	14.323822975158691
3	5	的	1.0547168254852295
3	6	互联网	13.517436027526855
3	7	的	6.696444511413574
3	8	出现	10.59598445892334
3	9	，	0.5285809636116028
3	10	生活	10.30171012878418
3	11	质量	8.719910621643066
3	12	提高	9.182223320007324
3	13	了	1.6357998847961426
3	14	。	6.565837860107422
4	1	随着	9.309834480285645
4	2	缩短	16.457983016967773
4	3	人们	12.378796577453613
4	4	距离	14.323822975158691
4	5	的	1.0547168254852295
4	6	互联网	13.517436027526855
4	7	的	6.696444511413574
4	8	出现	10.59598445892334
4	9	。	5.916615009307861
5	1	随着	9.309834480285645
5	2	一阵	19.304759979248047
5	3	提醒	17.94947052001953
5	4	乘客	16.705698013305664
5	5	的	1.4599459171295166
5	6	铃声	18.15944480895996
5	7	，	5.3300557136535645
5	8	火车	14.903329849243164
5	9	开	11.287245750427246
5	10	了	1.1992571353912354
5	11	。	11.369366645812988
6	1	随着	9.309834480285645
6	2	一阵	19.304759979248047
6	3	提醒	17.94947052001953
6	4	乘客	16.705698013305664
6	5	的	1.4599459171295166
6	6	铃声	18.15944480895996
6	7	。	8.819559097290039
7	1	随着	9.309834480285645
7	2	不	10.686490058898926
7	3	敢	7.692626953125
7	4	说话	12.506209373474121
7	5	的	1.5432202816009521
7	6	他	11.374192237854004
7	7	的	3.829045534133911
7	8	年龄	9.0665864944458
7	9	增长	14.639482498168945
7	10	，	0.08139858394861221
7	11	他	3.4791436195373535
7	12	更	7.950481414794922
7	13	有	6.332813262939453
7	14	自信	14.343161582946777
7	15	了	7.75562858581543
7	16	。	0.9130444526672363
8	1	随着	9.309834480285645
8	2	不	10.686490058898926
8	3	敢	7.692626953125
8	4	说话	12.506209373474121
8	5	的	1.5432202816009521
8	6	他	11.374192237854004
8	7	的	3.829045534133911
8	8	年龄	9.0665864944458
8	9	增长	14.639482498168945
8	10	。	6.438953399658203
9	1	随着	9.309834480285645
9	2	下	11.717007637023926
9	3	很多	15.613985061645508
9	4	雪	15.649544715881348
9	5	的	1.6088165044784546
9	6	冬天	13.195011138916016
9	7	的	7.076399326324463
9	8	到来	10.51978588104248
9	9	，	0.09458690881729126
9	10	树木	18.65130043029785
9	11	凋零	19.69293975830078
9	12	了	6.0898966789245605
9	13	。	3.6392621994018555
10	1	随着	9.309834480285645
10	2	下	11.717007637023926
10	3	很多	15.613985061645508
10	4	雪	15.649544715881348
10	5	的	1.6088165044784546
10	6	冬天	13.195011138916016
10	7	的	7.076399326324463
10	8	到来	10.51978588104248
10	9	。	8.231650352478027
11	1	随着	9.309834480285645
11	2	提高	10.751630783081055
11	3	人们	11.08372688293457
11	4	生活	7.709584712982178
11	5	质量	9.532384872436523
11	6	的	1.5702133178710938
11	7	科技	11.817096710205078
11	8	发展	3.5880062580108643
11	9	，	0.15826281905174255
11	10	电脑	13.393004417419434
11	11	功能	11.471644401550293
11	12	变得	9.91645622253418
11	13	更	5.671609401702881
11	14	多	1.0377681255340576
11	15	了	7.112451076507568
11	16	。	3.5548954010009766
12	1	随着	9.309834480285645
12	2	提高	10.751630783081055
12	3	人们	11.08372688293457
12	4	生活	7.709584712982178
12	5	质量	9.532384872436523
12	6	的	1.5702133178710938
12	7	科技	11.817096710205078
12	8	发展	3.5880062580108643
12	9	。	7.0374956130981445
13	1	自从	10.495467185974121
13	2	见	15.142230033874512
13	3	了	4.120141983032227
13	4	学习	14.583925247192383
13	5	文学	10.743395805358887
13	6	的	4.28096342086792
13	7	他	11.292908668518066
13	8	，	1.3327049016952515
13	9	她	8.641538619995117
13	10	一直	6.233425617218018
13	11	在	2.5890309810638428
13	12	写	8.484418869018555
13	13	信	12.428122520446777
13	14	。	5.416265964508057
14	1	自从	10.495467185974121
14	2	见	15.142230033874512
14	3	了	4.120141983032227
14	4	学习	14.583925247192383
14	5	文学	10.743395805358887
14	6	的	4.28096342086792
14	7	他	11.292908668518066
14	8	。	9.354255676269531
15	1	自从	10.495467185974121
15	2	修	18.72895622253418
15	3	了	3.600863218307495
15	4	通往	15.740893363952637
15	5	城市	6.9474639892578125
15	6	的	0.6814619898796082
15	7	公路	7.458871841430664
15	8	，	3.506470203399658
15	9	农村	10.54239273071289
15	10	经济	7.6118927001953125
15	11	变	12.531387329101562
15	12	好	9.04345417022705
15	13	了	1.5726908445358276
15	14	。	1.9670130014419556
16	1	自从	10.495467185974121
16	2	修	18.72895622253418
16	3	了	3.600863218307495
16	4	通往	15.740893363952637
16	5	城市	6.9474639892578125
16	6	的	0.6814619898796082
16	7	公路	7.458871841430664
16	8	。	8.225415229797363
17	1	自从	10.495467185974121
17	2	离开	15.247740745544434
17	3	培养	16.433475494384766
17	4	了	3.7666752338409424
17	5	她	9.668848037719727
17	6	的	1.4434579610824585
17	7	家乡	10.323763847351074
17	8	，	0.5315417647361755
17	9	她	3.563326120376587
17	10	一直	6.880474090576172
17	11	想念	13.229103088378906
17	12	父母	10.097092628479004
17	13	。	5.15299654006958
18	1	自从	10.495467185974121
18	2	离开	15.247740745544434
18	3	培养	16.433475494384766
18	4	了	3.7666752338409424
18	5	她	9.668848037719727
18	6	的	1.4434579610824585
18	7	家乡	10.323763847351074
18	8	。	9.243602752685547
19	1	自从	10.495467185974121
19	2	打	15.792840957641602
19	3	游戏	14.173761367797852
19	4	的	5.681854724884033
19	5	他	12.853866577148438
19	6	开始	8.530403137207031
19	7	读书	13.253531455993652
19	8	，	0.23834379017353058
19	9	他	5.3886613845825195
19	10	的	3.7039318084716797
19	11	成绩	11.218563079833984
19	12	提高	12.490078926086426
19	13	了	0.6383806467056274
19	14	。	3.3405492305755615
20	1	自从	10.495467185974121
20	2	打	15.792840957641602
20	3	游戏	14.173761367797852
20	4	的	5.681854724884033
20	5	他	12.853866577148438
20	6	开始	8.530403137207031
20	7	读书	13.253531455993652
20	8	。	9.424219131469727
21	1	自从	10.495467185974121
21	2	认识	15.875317573547363
21	3	科学家	15.951690673828125
21	4	的	5.156299591064453
21	5	他	12.813255310058594
21	6	获得	11.76552677154541
21	7	大奖	15.284297943115234
21	8	，	5.099491119384766
21	9	他	3.1126482486724854
21	10	不	6.930812835693359
21	11	学习	13.700540542602539
21	12	了	4.049110412597656
21	13	。	3.0157012939453125
22	1	自从	10.495467185974121
22	2	认识	15.875317573547363
22	3	科学家	15.951690673828125
22	4	的	5.156299591064453
22	5	他	12.813255310058594
22	6	获得	11.76552677154541
22	7	大奖	15.284297943115234
22	8	。	8.305068016052246
23	1	自从	10.495467185974121
23	2	热爱	16.773639678955078
23	3	艺术	8.234734535217285
23	4	的	3.8197171688079834
23	5	她	14.583008766174316
23	6	认识	11.396032333374023
23	7	了	6.0345354080200195
23	8	老师	13.081198692321777
23	9	，	0.950605034828186
23	10	她	4.902369499206543
23	11	努力	13.350274085998535
23	12	训练	14.912359237670898
23	13	。	5.320738792419434
24	1	自从	10.495467185974121
24	2	热爱	16.773639678955078
24	3	艺术	8.234734535217285
24	4	的	3.8197171688079834
24	5	她	14.583008766174316
24	6	认识	11.396032333374023
24	7	了	6.0345354080200195
24	8	老师	13.081198692321777
24	9	。	6.541426181793213
25	1	自从	10.495467185974121
25	2	设立	14.665212631225586
25	3	了	5.0692667961120605
25	4	目标	17.916364669799805
25	5	的	4.467263221740723
25	6	她	14.352127075195312
25	7	参与	14.550542831420898
25	8	了	5.824702739715576
25	9	活动	12.071859359741211
25	10	，	1.0405850410461426
25	11	她	5.170969486236572
25	12	认识	11.730424880981445
25	13	了	1.5299553871154785
25	14	很多	6.7268290519714355
25	15	人	3.7483842372894287
25	16	。	5.018435001373291
26	1	自从	10.495467185974121
26	2	设立	14.665212631225586
26	3	了	5.0692667961120605
26	4	目标	17.916364669799805
26	5	的	4.467263221740723
26	6	她	14.352127075195312
26	7	参与	14.550542831420898
26	8	了	5.824702739715576
26	9	活动	12.071859359741211
26	10	。	3.6521291732788086
27	1	自从	10.495467185974121
27	2	申请	15.044989585876465
27	3	留学	14.88254451751709
27	4	的	4.34440279006958
27	5	她	13.696005821228027
27	6	学习	13.656282424926758
27	7	了	11.009147644042969
27	8	外语	17.936153411865234
27	9	，	1.782753586769104
27	10	她	7.8966450691223145
27	11	看	10.028484344482422
27	12	了	4.028589725494385
27	13	很多	6.540910243988037
27	14	电影	9.412671089172363
27	15	。	4.214074611663818
28	1	自从	10.495467185974121
28	2	申请	15.044989585876465
28	3	留学	14.88254451751709
28	4	的	4.34440279006958
28	5	她	13.696005821228027
28	6	学习	13.656282424926758
28	7	了	11.009147644042969
28	8	外语	17.936153411865234
28	9	。	7.023779392242432
29	1	因为	7.63633918762207
29	2	喝	14.712953567504883
29	3	了	2.7077391147613525
29	4	让	12.24454116821289
29	5	他	6.2495551109313965
29	6	开心	12.418068885803223
29	7	的	1.979185938835144
29	8	酒	11.283965110778809
29	9	，	1.1002315282821655
29	10	他	5.049737453460693
29	11	摔	10.669456481933594
29	12	了	1.033506155014038
29	13	。	2.7088775634765625
30	1	因为	7.63633918762207
30	2	喝	14.712953567504883
30	3	了	2.7077391147613525
30	4	让	12.24454116821289
30	5	他	6.2495551109313965
30	6	开心	12.418068885803223
30	7	的	1.979185938835144
30	8	酒	11.283965110778809
30	9	。	4.030306816101074
31	1	因为	7.63633918762207
31	2	需要	12.397111892700195
31	3	工作	11.235410690307617
31	4	的	2.635097026824951
31	5	他	11.666986465454102
31	6	要	7.214663982391357
31	7	迟到	17.36812400817871
31	8	了	4.397340297698975
31	9	，	1.909806728363037
31	10	他	6.370971202850342
31	11	结束	14.74237060546875
31	12	了	2.1016335487365723
31	13	谈话	15.47299575805664
31	14	。	0.953676700592041
32	1	因为	7.63633918762207
32	2	需要	12.397111892700195
32	3	工作	11.235410690307617
32	4	的	2.635097026824951
32	5	他	11.666986465454102
32	6	要	7.214663982391357
32	7	迟到	17.36812400817871
32	8	了	4.397340297698975
32	9	。	3.8970916271209717
33	1	因为	7.63633918762207
33	2	不	8.846811294555664
33	3	读书	18.173608779907227
33	4	的	4.970260143280029
33	5	他	11.713299751281738
33	6	没有	8.994596481323242
33	7	练习	14.260578155517578
33	8	题目	23.26218605041504
33	9	，	0.19716763496398926
33	10	他	6.093750953674316
33	11	没有	5.642455101013184
33	12	成功	10.113043785095215
33	13	。	3.381338357925415
34	1	因为	7.63633918762207
34	2	不	8.846811294555664
34	3	读书	18.173608779907227
34	4	的	4.970260143280029
34	5	他	11.713299751281738
34	6	没有	8.994596481323242
34	7	练习	14.260578155517578
34	8	题目	23.26218605041504
34	9	。	7.018486022949219
35	1	因为	7.63633918762207
35	2	困扰	16.56429100036621
35	3	着	10.287381172180176
35	4	她	9.438855171203613
35	5	的	1.0104507207870483
35	6	疾病	11.279708862304688
35	7	，	1.7771022319793701
35	8	她	5.213516712188721
35	9	拒绝	13.3798246383667
35	10	了	4.101855278015137
35	11	演出	18.033369064331055
35	12	。	4.943985939025879
36	1	因为	7.63633918762207
36	2	困扰	16.56429100036621
36	3	着	10.287381172180176
36	4	她	9.438855171203613
36	5	的	1.0104507207870483
36	6	疾病	11.279708862304688
36	7	。	8.049776077270508
37	1	因为	7.63633918762207
37	2	听	14.833672523498535
37	3	着	6.121970176696777
37	4	吸引	14.29348087310791
37	5	她	7.891520023345947
37	6	的	1.257256031036377
37	7	音乐	9.171968460083008
37	8	，	1.7894445657730103
37	9	她	4.346862316131592
37	10	错过	16.370080947875977
37	11	了	3.0939981937408447
37	12	广播	13.717081069946289
37	13	。	9.492506980895996
38	1	因为	7.63633918762207
38	2	听	14.833672523498535
38	3	着	6.121970176696777
38	4	吸引	14.29348087310791
38	5	她	7.891520023345947
38	6	的	1.257256031036377
38	7	音乐	9.171968460083008
38	8	。	9.240720748901367
39	1	尽管	9.082300186157227
39	2	负责	14.3656005859375
39	3	工程	10.996456146240234
39	4	的	2.161651849746704
39	5	领导	11.00015926361084
39	6	已经	5.620838642120361
39	7	离去	15.861445426940918
39	8	，	1.6271007061004639
39	9	工人	14.605154037475586
39	10	还	7.031156539916992
39	11	在	6.842648983001709
39	12	工作	9.477888107299805
39	13	。	8.071958541870117
40	1	尽管	9.082300186157227
40	2	负责	14.3656005859375
40	3	工程	10.996456146240234
40	4	的	2.161651849746704
40	5	领导	11.00015926361084
40	6	已经	5.620838642120361
40	7	离去	15.861445426940918
40	8	。	5.680390357971191
41	1	尽管	9.082300186157227
41	2	努力	15.552376747131348
41	3	工作	13.715082168579102
41	4	的	1.9693288803100586
41	5	他	12.191624641418457
41	6	年纪	15.353910446166992
41	7	小	11.102089881896973
41	8	，	3.2641584873199463
41	9	他	6.222275257110596
41	10	有	6.019260406494141
41	11	能力	6.737903118133545
41	12	。	6.692401885986328
42	1	尽管	9.082300186157227
42	2	努力	15.552376747131348
42	3	工作	13.715082168579102
42	4	的	1.9693288803100586
42	5	他	12.191624641418457
42	6	年纪	15.353910446166992
42	7	小	11.102089881896973
42	8	。	7.927573204040527
43	1	尽管	9.082300186157227
43	2	支持	11.73381233215332
43	3	环保	13.727739334106445
43	4	活动	5.221563339233398
43	5	的	1.6976618766784668
43	6	她	15.198685646057129
43	7	会	7.798675060272217
43	8	开车	13.893366813659668
43	9	，	4.226353645324707
43	10	她	8.43786907196045
43	11	今天	8.69188117980957
43	12	没有	7.947253704071045
43	13	开车	13.728047370910645
43	14	。	4.84049129486084
44	1	尽管	9.082300186157227
44	2	支持	11.73381233215332
44	3	环保	13.727739334106445
44	4	活动	5.221563339233398
44	5	的	1.6976618766784668
44	6	她	15.198685646057129
44	7	会	7.798675060272217
44	8	开车	13.893366813659668
44	9	。	6.725852012634277
45	1	尽管	9.082300186157227
45	2	买	13.666172981262207
45	3	了	2.037925958633423
45	4	房子	9.23376178741455
45	5	的	7.436601161956787
45	6	作家	17.379636764526367
45	7	很	9.212932586669922
45	8	年轻	10.488835334777832
45	9	，	1.2343567609786987
45	10	他	6.14668607711792
45	11	写	9.382789611816406
45	12	了	0.7722525000572205
45	13	很多	6.674063682556152
45	14	作品	9.003363609313965
45	15	。	3.584059238433838
46	1	尽管	9.082300186157227
46	2	买	13.666172981262207
46	3	了	2.037925958633423
46	4	房子	9.23376178741455
46	5	的	7.436601161956787
46	6	作家	17.379636764526367
46	7	很	9.212932586669922
46	8	年轻	10.488835334777832
46	9	。	6.4843974113464355
47	1	尽管	9.082300186157227
47	2	热爱	16.806489944458008
47	3	文学	10.434751510620117
47	4	的	3.669377088546753
47	5	父亲	10.513583183288574
47	6	不	7.497253894805908
47	7	同意	8.912572860717773
47	8	他	4.737349987030029
47	9	唱歌	16.623329162597656
47	10	，	0.1250072717666626
47	11	他	4.465031623840332
47	12	还是	7.163451671600342
47	13	买	12.258234024047852
47	14	了	2.2465896606445312
47	15	吉他	16.44194221496582
47	16	。	3.1889400482177734
48	1	尽管	9.082300186157227
48	2	热爱	16.806489944458008
48	3	文学	10.434751510620117
48	4	的	3.669377088546753
48	5	父亲	10.513583183288574
48	6	不	7.497253894805908
48	7	同意	8.912572860717773
48	8	他	4.737349987030029
48	9	唱歌	16.623329162597656
48	10	。	4.40908670425415
49	1	尽管	9.082300186157227
49	2	影响	12.684799194335938
49	3	他	9.699601173400879
49	4	收入	14.989179611206055
49	5	的	3.609344720840454
49	6	经济	6.9679036140441895
49	7	不	8.674070358276367
49	8	好	4.1416754722595215
49	9	，	0.13924093544483185
49	10	他	5.839651584625244
49	11	还是	6.903541564941406
49	12	关心	9.319562911987305
49	13	慈善	15.585772514343262
49	14	。	6.339285373687744
50	1	尽管	9.082300186157227
50	2	影响	12.684799194335938
50	3	他	9.699601173400879
50	4	收入	14.989179611206055
50	5	的	3.609344720840454
50	6	经济	6.9679036140441895
50	7	不	8.674070358276367
50	8	好	4.1416754722595215
50	9	。	5.061455726623535
51	1	如果	7.165791988372803
51	2	准备	11.675650596618652
51	3	比赛	17.064172744750977
51	4	的	7.289535999298096
51	5	她	12.674745559692383
51	6	做	11.545798301696777
51	7	完	13.03507137298584
51	8	作业	14.23980712890625
51	9	，	0.30725014209747314
51	10	她	5.963824272155762
51	11	去	10.001545906066895
51	12	健身房	16.772863388061523
51	13	。	9.767627716064453
52	1	如果	7.165791988372803
52	2	准备	11.675650596618652
52	3	比赛	17.064172744750977
52	4	的	7.289535999298096
52	5	她	12.674745559692383
52	6	做	11.545798301696777
52	7	完	13.03507137298584
52	8	作业	14.23980712890625
52	9	。	9.646960258483887
53	1	如果	7.165791988372803
53	2	即将	14.664137840270996
53	3	离开	10.125883102416992
53	4	的	6.372342586517334
53	5	她们	16.863746643066406
53	6	照	17.6425724029541
53	7	了	5.345061779022217
53	8	相	16.992387771606445
53	9	，	7.217429161071777
53	10	她们	12.422089576721191
53	11	就	2.7106378078460693
53	12	留下	14.754034996032715
53	13	了	0.3411760628223419
53	14	回忆	14.924233436584473
53	15	。	0.761816143989563
54	1	如果	7.165791988372803
54	2	即将	14.664137840270996
54	3	离开	10.125883102416992
54	4	的	6.372342586517334
54	5	她们	16.863746643066406
54	6	照	17.6425724029541
54	7	了	5.345061779022217
54	8	相	16.992387771606445
54	9	。	11.332832336425781
55	1	如果	7.165791988372803
55	2	培养	16.395671844482422
55	3	了	5.022028923034668
55	4	支撑	15.944415092468262
55	5	她	14.014847755432129
55	6	努力	13.286877632141113
55	7	的	3.374915838241577
55	8	信心	13.310491561889648
55	9	，	0.0652504563331604
55	10	她	7.910531044006348
55	11	可以	6.678981781005859
55	12	实现	7.65331506729126
55	13	梦想	14.428122520446777
55	14	。	3.635079860687256
56	1	如果	7.165791988372803
56	2	培养	16.395671844482422
56	3	了	5.022028923034668
56	4	支撑	15.944415092468262
56	5	她	14.014847755432129
56	6	努力	13.286877632141113
56	7	的	3.374915838241577
56	8	信心	13.310491561889648
56	9	。	6.454980850219727
57	1	如果	7.165791988372803
57	2	没有	6.6784868240356445
57	3	工作	7.937431335449219
57	4	的	5.3045244216918945
57	5	他	13.26698112487793
57	6	不	6.090651512145996
57	7	尝试	13.135526657104492
57	8	，	2.484661817550659
57	9	他	6.429767608642578
57	10	将	4.3821916580200195
57	11	失去	9.424118041992188
57	12	机会	9.131348609924316
57	13	。	3.1832313537597656
58	1	如果	7.165791988372803
58	2	没有	6.6784868240356445
58	3	工作	7.937431335449219
58	4	的	5.3045244216918945
58	5	他	13.26698112487793
58	6	不	6.090651512145996
58	7	尝试	13.135526657104492
58	8	。	7.8917975425720215
59	1	如果	7.165791988372803
59	2	喜欢	13.6580171585083
59	3	水果	16.308979034423828
59	4	的	3.521686553955078
59	5	她	11.897655487060547
59	6	来	10.93001937866211
59	7	，	3.7248311042785645
59	8	母亲	11.021212577819824
59	9	会	2.741588830947876
59	10	准备	10.619280815124512
59	11	水果	14.92977523803711
59	12	。	3.4740824699401855
60	1	如果	7.165791988372803
60	2	喜欢	13.6580171585083
60	3	水果	16.308979034423828
60	4	的	3.521686553955078
60	5	她	11.897655487060547
60	6	来	10.93001937866211
60	7	。	7.493612289428711
