sentence_id	token_id	token	surprisal
1	1	我	5.170108795166016
1	2	很	6.517590045928955
1	3	喜欢	4.777168273925781
1	4	一	5.396340370178223
1	5	位	5.195530414581299
1	6	国内	12.9920015335083
1	7	的	2.4368269443511963
1	8	明星	12.222549438476562
1	9	。	2.941025495529175
2	1	我	5.170108795166016
2	2	很	6.517590045928955
2	3	喜欢	4.777168273925781
2	4	一	5.396340370178223
2	5	首	10.807040214538574
2	6	国内	18.469642639160156
2	7	的	2.647512197494507
2	8	明星	11.921991348266602
2	9	。	1.7859667539596558
3	1	我	5.170108795166016
3	2	很	6.517590045928955
3	3	喜欢	4.777168273925781
3	4	一	5.396340370178223
3	5	首	10.807040214538574
3	6	国内	18.469642639160156
3	7	的	2.647512197494507
3	8	歌曲	12.271395683288574
3	9	。	3.3648107051849365
4	1	我	5.170108795166016
4	2	很	6.517590045928955
4	3	喜欢	4.777168273925781
4	4	一	5.396340370178223
4	5	位	5.195530414581299
4	6	国内	12.9920015335083
4	7	的	2.4368269443511963
4	8	歌曲	13.60252571105957
4	9	。	4.513820648193359
5	1	她	8.275067329406738
5	2	开车	14.360506057739258
5	3	去	6.657389163970947
5	4	了	2.5101161003112793
5	5	一	3.6970274448394775
5	6	家	4.921513557434082
5	7	郊外	16.976028442382812
5	8	的	5.604493618011475
5	9	店	12.802741050720215
5	10	。	4.094039440155029
6	1	她	8.275067329406738
6	2	开车	14.360506057739258
6	3	去	6.657389163970947
6	4	了	2.5101161003112793
6	5	一	3.6970274448394775
6	6	座	8.083905220031738
6	7	郊外	16.557512283325195
6	8	的	4.383866786956787
6	9	店	13.284428596496582
6	10	。	3.953317642211914
7	1	她	8.275067329406738
7	2	开车	14.360506057739258
7	3	去	6.657389163970947
7	4	了	2.5101161003112793
7	5	一	3.6970274448394775
7	6	座	8.083905220031738
7	7	郊外	16.557512283325195
7	8	的	4.383866786956787
7	9	山	12.990961074829102
7	10	。	6.3296732902526855
8	1	她	8.275067329406738
8	2	开车	14.360506057739258
8	3	去	6.657389163970947
8	4	了	2.5101161003112793
8	5	一	3.6970274448394775
8	6	家	4.921513557434082
8	7	郊外	16.976028442382812
8	8	的	5.604493618011475
8	9	山	13.604582786560059
8	10	。	5.66933012008667
9	1	他	5.4816460609436035
9	2	有	8.43742847442627
9	3	一	2.694441556930542
9	4	双	14.03486156463623
9	5	蓝色	16.074573516845703
9	6	的	1.3230700492858887
9	7	手套	14.167243003845215
9	8	。	5.2404255867004395
10	1	他	5.4816460609436035
10	2	有	8.43742847442627
10	3	一	2.694441556930542
10	4	枚	11.7356595993042
10	5	蓝色	14.227102279663086
10	6	的	1.1932332515716553
10	7	手套	13.932955741882324
10	8	。	5.838902473449707
11	1	他	5.4816460609436035
11	2	有	8.43742847442627
11	3	一	2.694441556930542
11	4	枚	11.7356595993042
11	5	蓝色	14.227102279663086
11	6	的	1.1932332515716553
11	7	纽扣	17.931764602661133
11	8	。	7.361886024475098
12	1	他	5.4816460609436035
12	2	有	8.43742847442627
12	3	一	2.694441556930542
12	4	双	14.03486156463623
12	5	蓝色	16.074573516845703
12	6	的	1.3230700492858887
12	7	纽扣	17.555355072021484
12	8	。	6.953869342803955
13	1	店长	19.18886375427246
13	2	拿	16.193376541137695
13	3	着	4.181065559387207
13	4	一	7.959003925323486
13	5	只	9.41165828704834
13	6	便宜	11.728432655334473
13	7	的	1.9125162363052368
13	8	兔子	15.36330509185791
13	9	。	6.119264602661133
14	1	店长	19.18886375427246
14	2	拿	16.193376541137695
14	3	着	4.181065559387207
14	4	一	7.959003925323486
14	5	根	9.271008491516113
14	6	便宜	10.295182228088379
14	7	的	1.0614577531814575
14	8	兔子	14.964900970458984
14	9	。	6.725002288818359
15	1	店长	19.18886375427246
15	2	拿	16.193376541137695
15	3	着	4.181065559387207
15	4	一	7.959003925323486
15	5	根	9.271008491516113
15	6	便宜	10.295182228088379
15	7	的	1.0614577531814575
15	8	萝卜	16.51764488220215
15	9	。	5.145078182220459
16	1	店长	19.18886375427246
16	2	拿	16.193376541137695
16	3	着	4.181065559387207
16	4	一	7.959003925323486
16	5	只	9.41165828704834
16	6	便宜	11.728432655334473
16	7	的	1.9125162363052368
16	8	萝卜	16.415067672729492
16	9	。	4.637969493865967
17	1	他	5.4816460609436035
17	2	认识	12.062052726745605
17	3	了	6.114317417144775
17	4	一	4.2878193855285645
17	5	名	7.1523942947387695
17	6	幸运	14.5405912399292
17	7	的	1.1086184978485107
17	8	男孩	12.365096092224121
17	9	。	2.836033344268799
18	1	他	5.4816460609436035
18	2	认识	12.062052726745605
18	3	了	6.114317417144775
18	4	一	4.2878193855285645
18	5	本	8.19241714477539
18	6	幸运	14.716416358947754
18	7	的	0.5560019612312317
18	8	男孩	13.426756858825684
18	9	。	2.144542932510376
19	1	他	5.4816460609436035
19	2	认识	12.062052726745605
19	3	了	6.114317417144775
19	4	一	4.2878193855285645
19	5	本	8.19241714477539
19	6	幸运	14.716416358947754
19	7	的	0.5560019612312317
19	8	小说	9.654747009277344
19	9	。	3.7421600818634033
20	1	他	5.4816460609436035
20	2	认识	12.062052726745605
20	3	了	6.114317417144775
20	4	一	4.2878193855285645
20	5	名	7.1523942947387695
20	6	幸运	14.5405912399292
20	7	的	1.1086184978485107
20	8	小说	10.223455429077148
20	9	。	4.480705738067627
21	1	男人	16.042673110961914
21	2	在	4.179671764373779
21	3	扫描	16.73343849182129
21	4	一	5.854809284210205
21	5	篇	7.233086109161377
21	6	很	10.454337120056152
21	7	短	8.17749309539795
21	8	的	0.24134372174739838
21	9	文章	7.5070977210998535
21	10	。	11.559231758117676
22	1	男人	16.042673110961914
22	2	在	4.179671764373779
22	3	扫描	16.73343849182129
22	4	一	5.854809284210205
22	5	张	5.889519691467285
22	6	很	10.38795280456543
22	7	短	7.4653239250183105
22	8	的	0.3327081799507141
22	9	文章	11.222600936889648
22	10	。	11.403657913208008
23	1	男人	16.042673110961914
23	2	在	4.179671764373779
23	3	扫描	16.73343849182129
23	4	一	5.854809284210205
23	5	张	5.889519691467285
23	6	很	10.38795280456543
23	7	短	7.4653239250183105
23	8	的	0.3327081799507141
23	9	图片	10.894174575805664
23	10	。	11.822799682617188
24	1	男人	16.042673110961914
24	2	在	4.179671764373779
24	3	扫描	16.73343849182129
24	4	一	5.854809284210205
24	5	篇	7.233086109161377
24	6	很	10.454337120056152
24	7	短	8.17749309539795
24	8	的	0.24134372174739838
24	9	图片	10.275421142578125
24	10	。	10.93678092956543
25	1	演员	15.160780906677246
25	2	在	9.803153038024902
25	3	看	12.876282691955566
25	4	一	3.4795446395874023
25	5	张	6.49397611618042
25	6	干净	14.308940887451172
25	7	的	1.3796007633209229
25	8	旧	10.949548721313477
25	9	照片	10.95385456085205
25	10	。	11.566113471984863
26	1	演员	15.160780906677246
26	2	在	9.803153038024902
26	3	看	12.876282691955566
26	4	一	3.4795446395874023
26	5	位	5.863870620727539
26	6	干净	16.321264266967773
26	7	的	1.0920121669769287
26	8	旧	11.008581161499023
26	9	照片	11.851947784423828
26	10	。	11.797224044799805
27	1	演员	15.160780906677246
27	2	在	9.803153038024902
27	3	看	12.876282691955566
27	4	一	3.4795446395874023
27	5	位	5.863870620727539
27	6	干净	16.321264266967773
27	7	的	1.0920121669769287
27	8	老师	8.895627975463867
27	9	。	11.81337833404541
28	1	演员	15.160780906677246
28	2	在	9.803153038024902
28	3	看	12.876282691955566
28	4	一	3.4795446395874023
28	5	张	6.49397611618042
28	6	干净	14.308940887451172
28	7	的	1.3796007633209229
28	8	老师	10.398826599121094
28	9	。	11.534150123596191
29	1	他	5.4816460609436035
29	2	在	4.652684211730957
29	3	修理	15.625471115112305
29	4	一	4.02470064163208
29	5	辆	5.147890090942383
29	6	倒霉	15.875967025756836
29	7	的	1.8780755996704102
29	8	汽车	8.10968017578125
29	9	。	7.43068790435791
30	1	他	5.4816460609436035
30	2	在	4.652684211730957
30	3	修理	15.625471115112305
30	4	一	4.02470064163208
30	5	套	6.814901351928711
30	6	倒霉	15.52939224243164
30	7	的	0.5431334376335144
30	8	汽车	8.600239753723145
30	9	。	6.839407920837402
31	1	他	5.4816460609436035
31	2	在	4.652684211730957
31	3	修理	15.625471115112305
31	4	一	4.02470064163208
31	5	套	6.814901351928711
31	6	倒霉	15.52939224243164
31	7	的	0.5431334376335144
31	8	系统	13.775105476379395
31	9	。	7.544133186340332
32	1	他	5.4816460609436035
32	2	在	4.652684211730957
32	3	修理	15.625471115112305
32	4	一	4.02470064163208
32	5	辆	5.147890090942383
32	6	倒霉	15.875967025756836
32	7	的	1.8780755996704102
32	8	系统	14.215208053588867
32	9	。	8.691056251525879
33	1	学生	12.633584022521973
33	2	们	17.80857276916504
33	3	在	3.7445929050445557
33	4	写	11.706941604614258
33	5	一	3.093071460723877
33	6	部	5.134792327880859
33	7	精彩	13.339689254760742
33	8	的	0.8370538353919983
33	9	电影	7.162343502044678
33	10	。	7.655993461608887
34	1	学生	12.633584022521973
34	2	们	17.80857276916504
34	3	在	3.7445929050445557
34	4	写	11.706941604614258
34	5	一	3.093071460723877
34	6	首	7.7456746101379395
34	7	精彩	12.853832244873047
34	8	的	0.6495591402053833
34	9	电影	8.285440444946289
34	10	。	7.34706449508667
35	1	学生	12.633584022521973
35	2	们	17.80857276916504
35	3	在	3.7445929050445557
35	4	写	11.706941604614258
35	5	一	3.093071460723877
35	6	首	7.7456746101379395
35	7	精彩	12.853832244873047
35	8	的	0.6495591402053833
35	9	戏曲	17.96953582763672
35	10	。	9.745278358459473
36	1	学生	12.633584022521973
36	2	们	17.80857276916504
36	3	在	3.7445929050445557
36	4	写	11.706941604614258
36	5	一	3.093071460723877
36	6	部	5.134792327880859
36	7	精彩	13.339689254760742
36	8	的	0.8370538353919983
36	9	戏曲	18.217052459716797
36	10	。	10.175978660583496
37	1	我们	6.432517051696777
37	2	在	5.399791717529297
37	3	看	7.2439351081848145
37	4	一	3.478349447250366
37	5	场	4.216325759887695
37	6	神奇	13.074204444885254
37	7	的	0.7377882599830627
37	8	他	11.934258460998535
37	9	的	3.148740530014038
37	10	表演	9.84050464630127
37	11	。	5.750006675720215
38	1	我们	6.432517051696777
38	2	在	5.399791717529297
38	3	看	7.2439351081848145
38	4	一	3.478349447250366
38	5	块	7.613537788391113
38	6	神奇	15.1495361328125
38	7	的	0.9841134548187256
38	8	他	11.969032287597656
38	9	的	4.753911972045898
38	10	表演	10.306931495666504
38	11	。	6.903043746948242
39	1	我们	6.432517051696777
39	2	在	5.399791717529297
39	3	看	7.2439351081848145
39	4	一	3.478349447250366
39	5	块	7.613537788391113
39	6	神奇	15.1495361328125
39	7	的	0.9841134548187256
39	8	他	11.969032287597656
39	9	的	4.753911972045898
39	10	场地	13.981822967529297
39	11	。	7.130886077880859
40	1	我们	6.432517051696777
40	2	在	5.399791717529297
40	3	看	7.2439351081848145
40	4	一	3.478349447250366
40	5	场	4.216325759887695
40	6	神奇	13.074204444885254
40	7	的	0.7377882599830627
40	8	他	11.934258460998535
40	9	的	3.148740530014038
40	10	场地	14.028552055358887
40	11	。	6.656563758850098
41	1	他	5.4816460609436035
41	2	最	10.228771209716797
41	3	喜欢	6.988315582275391
41	4	一	4.375204086303711
41	5	道	7.76561975479126
41	6	美味	16.93423843383789
41	7	的	8.22438907623291
41	8	菜	14.522041320800781
41	9	。	5.738628387451172
42	1	他	5.4816460609436035
42	2	最	10.228771209716797
42	3	喜欢	6.988315582275391
42	4	一	4.375204086303711
42	5	瓶	12.134203910827637
42	6	美味	16.247255325317383
42	7	的	7.04725456237793
42	8	菜	13.060721397399902
42	9	。	5.439376354217529
43	1	他	5.4816460609436035
43	2	最	10.228771209716797
43	3	喜欢	6.988315582275391
43	4	一	4.375204086303711
43	5	瓶	12.134203910827637
43	6	美味	16.247255325317383
43	7	的	7.04725456237793
43	8	醋	18.232120513916016
43	9	。	8.260920524597168
44	1	他	5.4816460609436035
44	2	最	10.228771209716797
44	3	喜欢	6.988315582275391
44	4	一	4.375204086303711
44	5	道	7.76561975479126
44	6	美味	16.93423843383789
44	7	的	8.22438907623291
44	8	醋	20.66013526916504
44	9	。	7.4403510093688965
45	1	她	8.275067329406738
45	2	拿	12.182428359985352
45	3	了	4.252815246582031
45	4	一	2.6283934116363525
45	5	份	6.693204879760742
45	6	今天	13.507643699645996
45	7	的	2.289530038833618
45	8	饭	15.830339431762695
45	9	。	5.100584983825684
46	1	她	8.275067329406738
46	2	拿	12.182428359985352
46	3	了	4.252815246582031
46	4	一	2.6283934116363525
46	5	卷	15.423354148864746
46	6	今天	13.761425971984863
46	7	的	1.9787009954452515
46	8	饭	13.487168312072754
46	9	。	3.82521390914917
47	1	她	8.275067329406738
47	2	拿	12.182428359985352
47	3	了	4.252815246582031
47	4	一	2.6283934116363525
47	5	卷	15.423354148864746
47	6	今天	13.761425971984863
47	7	的	1.9787009954452515
47	8	纸	13.560577392578125
47	9	。	7.669312477111816
48	1	她	8.275067329406738
48	2	拿	12.182428359985352
48	3	了	4.252815246582031
48	4	一	2.6283934116363525
48	5	份	6.693204879760742
48	6	今天	13.507643699645996
48	7	的	2.289530038833618
48	8	纸	14.459563255310059
48	9	。	8.884673118591309
49	1	学生	12.633584022521973
49	2	们	17.80857276916504
49	3	在	3.7445929050445557
49	4	写	11.706941604614258
49	5	一	3.093071460723877
49	6	部	5.134792327880859
49	7	复杂	14.654159545898438
49	8	的	0.4761838912963867
49	9	戏剧	11.217412948608398
49	10	。	8.293119430541992
50	1	学生	12.633584022521973
50	2	们	17.80857276916504
50	3	在	3.7445929050445557
50	4	写	11.706941604614258
50	5	一	3.093071460723877
50	6	篇	4.401329040527344
50	7	复杂	15.852818489074707
50	8	的	0.4597255289554596
50	9	戏剧	12.484907150268555
50	10	。	8.644763946533203
51	1	学生	12.633584022521973
51	2	们	17.80857276916504
51	3	在	3.7445929050445557
51	4	写	11.706941604614258
51	5	一	3.093071460723877
51	6	篇	4.401329040527344
51	7	复杂	15.852818489074707
51	8	的	0.4597255289554596
51	9	文章	3.1247925758361816
51	10	。	7.594679355621338
52	1	学生	12.633584022521973
52	2	们	17.80857276916504
52	3	在	3.7445929050445557
52	4	写	11.706941604614258
52	5	一	3.093071460723877
52	6	部	5.134792327880859
52	7	复杂	14.654159545898438
52	8	的	0.4761838912963867
52	9	文章	6.441407680511475
52	10	。	7.944385528564453
53	1	这	5.5177001953125
53	2	是	2.367466926574707
53	3	一	3.3964240550994873
53	4	架	10.112105369567871
53	5	红色	13.58978271484375
53	6	的	3.4673807621002197
53	7	火车	11.029458045959473
53	8	。	6.223735809326172
54	1	这	5.5177001953125
54	2	是	2.367466926574707
54	3	一	3.3964240550994873
54	4	扇	18.207666397094727
54	5	红色	13.861546516418457
54	6	的	1.6058621406555176
54	7	火车	12.54074478149414
54	8	。	5.11775541305542
55	1	这	5.5177001953125
55	2	是	2.367466926574707
55	3	一	3.3964240550994873
55	4	扇	18.207666397094727
55	5	红色	13.861546516418457
55	6	的	1.6058621406555176
55	7	窗户	11.430978775024414
55	8	。	4.922769069671631
56	1	这	5.5177001953125
56	2	是	2.367466926574707
56	3	一	3.3964240550994873
56	4	架	10.112105369567871
56	5	红色	13.58978271484375
56	6	的	3.4673807621002197
56	7	窗户	11.17920207977295
56	8	。	5.251852035522461
57	1	老师	13.19674015045166
57	2	在	5.614887714385986
57	3	责备	18.463411331176758
57	4	三	11.303726196289062
57	5	名	8.559499740600586
57	6	淘气	16.97639274597168
57	7	的	4.454546928405762
57	8	学生	6.561665058135986
57	9	。	9.672883033752441
58	1	老师	13.19674015045166
58	2	在	5.614887714385986
58	3	责备	18.463411331176758
58	4	三	11.303726196289062
58	5	只	8.991185188293457
58	6	淘气	17.431690216064453
58	7	的	3.816545009613037
58	8	学生	8.96027660369873
58	9	。	7.462615966796875
59	1	老师	13.19674015045166
59	2	在	5.614887714385986
59	3	责备	18.463411331176758
59	4	三	11.303726196289062
59	5	只	8.991185188293457
59	6	淘气	17.431690216064453
59	7	的	3.816545009613037
59	8	宠物	17.205591201782227
59	9	。	8.459671974182129
60	1	老师	13.19674015045166
60	2	在	5.614887714385986
60	3	责备	18.463411331176758
60	4	三	11.303726196289062
60	5	名	8.559499740600586
60	6	淘气	16.97639274597168
60	7	的	4.454546928405762
60	8	宠物	17.654817581176758
60	9	。	10.202089309692383
61	1	她	8.275067329406738
61	2	买	14.28164005279541
61	3	过	6.5607452392578125
61	4	两	6.611461639404297
61	5	杯	11.820548057556152
61	6	热	12.980571746826172
61	7	的	0.6635928153991699
61	8	咖啡	11.496025085449219
61	9	。	4.570827484130859
62	1	她	8.275067329406738
62	2	买	14.28164005279541
62	3	过	6.5607452392578125
62	4	两	6.611461639404297
62	5	个	2.0554044246673584
62	6	热	15.366495132446289
62	7	的	2.348803758621216
62	8	咖啡	14.039738655090332
62	9	。	5.336668014526367
63	1	她	8.275067329406738
63	2	买	14.28164005279541
63	3	过	6.5607452392578125
63	4	两	6.611461639404297
63	5	个	2.0554044246673584
63	6	热	15.366495132446289
63	7	的	2.348803758621216
63	8	杯子	14.249035835266113
63	9	。	6.024172306060791
64	1	她	8.275067329406738
64	2	买	14.28164005279541
64	3	过	6.5607452392578125
64	4	两	6.611461639404297
64	5	杯	11.820548057556152
64	6	热	12.980571746826172
64	7	的	0.6635928153991699
64	8	杯子	13.534005165100098
64	9	。	4.923180103302002
65	1	孩子	14.147611618041992
65	2	在	3.9458913803100586
65	3	卖	11.021330833435059
65	4	五	12.589926719665527
65	5	台	10.032439231872559
65	6	贵	13.349481582641602
65	7	的	3.709810495376587
65	8	桌子	13.903825759887695
65	9	。	10.041516304016113
66	1	孩子	14.147611618041992
66	2	在	3.9458913803100586
66	3	卖	11.021330833435059
66	4	五	12.589926719665527
66	5	块	7.354865550994873
66	6	贵	12.368636131286621
66	7	的	3.8365015983581543
66	8	桌子	13.917844772338867
66	9	。	10.102307319641113
67	1	孩子	14.147611618041992
67	2	在	3.9458913803100586
67	3	卖	11.021330833435059
67	4	五	12.589926719665527
67	5	块	7.354865550994873
67	6	贵	12.368636131286621
67	7	的	3.8365015983581543
67	8	蛋糕	14.91055679321289
67	9	。	5.9525628089904785
68	1	孩子	14.147611618041992
68	2	在	3.9458913803100586
68	3	卖	11.021330833435059
68	4	五	12.589926719665527
68	5	台	10.032439231872559
68	6	贵	13.349481582641602
68	7	的	3.709810495376587
68	8	蛋糕	15.266770362854004
68	9	。	6.168394565582275
69	1	妈妈	12.61479377746582
69	2	在	6.949159622192383
69	3	做	8.609267234802246
69	4	一	4.808798313140869
69	5	张	5.995638370513916
69	6	好看	16.68149757385254
69	7	的	0.13964377343654633
69	8	地图	13.699921607971191
69	9	。	9.049925804138184
70	1	妈妈	12.61479377746582
70	2	在	6.949159622192383
70	3	做	8.609267234802246
70	4	一	4.808798313140869
70	5	面	7.696653366088867
70	6	好看	16.516130447387695
70	7	的	0.3141796588897705
70	8	地图	14.029118537902832
70	9	。	8.366087913513184
71	1	妈妈	12.61479377746582
71	2	在	6.949159622192383
71	3	做	8.609267234802246
71	4	一	4.808798313140869
71	5	面	7.696653366088867
71	6	好看	16.516130447387695
71	7	的	0.3141796588897705
71	8	镜子	16.348493576049805
71	9	。	7.906876087188721
72	1	妈妈	12.61479377746582
72	2	在	6.949159622192383
72	3	做	8.609267234802246
72	4	一	4.808798313140869
72	5	张	5.995638370513916
72	6	好看	16.68149757385254
72	7	的	0.13964377343654633
72	8	镜子	16.09775161743164
72	9	。	8.737031936645508
73	1	爸爸	11.594902038574219
73	2	买	8.370784759521484
73	3	了	1.1621863842010498
73	4	一	4.8210930824279785
73	5	栋	6.020649433135986
73	6	很	12.473348617553711
73	7	大	4.729894638061523
73	8	的	1.017812967300415
73	9	房子	5.6942219734191895
73	10	。	4.124447822570801
74	1	爸爸	11.594902038574219
74	2	买	8.370784759521484
74	3	了	1.1621863842010498
74	4	一	4.8210930824279785
74	5	条	6.004736423492432
74	6	很	9.001065254211426
74	7	大	4.485959053039551
74	8	的	0.4692119061946869
74	9	房子	6.095543384552002
74	10	。	3.2763283252716064
75	1	爸爸	11.594902038574219
75	2	买	8.370784759521484
75	3	了	1.1621863842010498
75	4	一	4.8210930824279785
75	5	条	6.004736423492432
75	6	很	9.001065254211426
75	7	大	4.485959053039551
75	8	的	0.4692119061946869
75	9	沙发	16.228561401367188
75	10	。	8.969038009643555
76	1	爸爸	11.594902038574219
76	2	买	8.370784759521484
76	3	了	1.1621863842010498
76	4	一	4.8210930824279785
76	5	栋	6.020649433135986
76	6	很	12.473348617553711
76	7	大	4.729894638061523
76	8	的	1.017812967300415
76	9	沙发	15.948678970336914
76	10	。	9.132939338684082
77	1	我	5.170108795166016
77	2	想	4.249307155609131
77	3	种	18.76188087463379
77	4	一	7.563416957855225
77	5	朵	21.024534225463867
77	6	红色	14.22704029083252
77	7	的	3.509998083114624
77	8	玫瑰	16.230348587036133
77	9	。	8.35435962677002
78	1	我	5.170108795166016
78	2	想	4.249307155609131
78	3	种	18.76188087463379
78	4	一	7.563416957855225
78	5	颗	12.677017211914062
78	6	红色	12.002580642700195
78	7	的	2.2897777557373047
78	8	玫瑰	16.290563583374023
78	9	。	8.0027437210083
79	1	我	5.170108795166016
79	2	想	4.249307155609131
79	3	种	18.76188087463379
79	4	一	7.563416957855225
79	5	颗	12.677017211914062
79	6	红色	12.002580642700195
79	7	的	2.2897777557373047
79	8	种子	13.02129077911377
79	9	。	6.72808837890625
80	1	我	5.170108795166016
80	2	想	4.249307155609131
80	3	种	18.76188087463379
80	4	一	7.563416957855225
80	5	朵	21.024534225463867
80	6	红色	14.22704029083252
80	7	的	3.509998083114624
80	8	种子	12.789520263671875
80	9	。	8.308159828186035
81	1	我	5.170108795166016
81	2	经常	9.792675018310547
81	3	去	6.575747013092041
81	4	一	6.672874450683594
81	5	家	6.4391303062438965
81	6	有名	12.361190795898438
81	7	的	0.10125647485256195
81	8	医院	11.571625709533691
81	9	。	5.933742523193359
82	1	我	5.170108795166016
82	2	经常	9.792675018310547
82	3	去	6.575747013092041
82	4	一	6.672874450683594
82	5	座	8.771122932434082
82	6	有名	11.602036476135254
82	7	的	0.016175784170627594
82	8	医院	11.61865234375
82	9	。	5.199915885925293
83	1	我	5.170108795166016
83	2	经常	9.792675018310547
83	3	去	6.575747013092041
83	4	一	6.672874450683594
83	5	座	8.771122932434082
83	6	有名	11.602036476135254
83	7	的	0.016175784170627594
83	8	城市	7.562265396118164
83	9	。	4.570654392242432
84	1	我	5.170108795166016
84	2	经常	9.792675018310547
84	3	去	6.575747013092041
84	4	一	6.672874450683594
84	5	家	6.4391303062438965
84	6	有名	12.361190795898438
84	7	的	0.10125647485256195
84	8	城市	9.861844062805176
84	9	。	5.937394142150879
85	1	我	5.170108795166016
85	2	拜访	15.439969062805176
85	3	了	7.69422721862793
85	4	这	4.373195648193359
85	5	一	2.558494806289673
85	6	所	10.347164154052734
85	7	重要	9.246683120727539
85	8	的	0.022711526602506638
85	9	美丽	13.535340309143066
85	10	的	5.792286396026611
85	11	高中	15.1063232421875
85	12	。	6.2058563232421875
86	1	我	5.170108795166016
86	2	拜访	15.439969062805176
86	3	了	7.69422721862793
86	4	这	4.373195648193359
86	5	一	2.558494806289673
86	6	位	10.771618843078613
86	7	重要	11.703547477722168
86	8	的	1.6817939281463623
86	9	美丽	14.008103370666504
86	10	的	7.30847692489624
86	11	高中	15.131744384765625
86	12	。	5.767627239227295
87	1	我	5.170108795166016
87	2	拜访	15.439969062805176
87	3	了	7.69422721862793
87	4	这	4.373195648193359
87	5	一	2.558494806289673
87	6	位	10.771618843078613
87	7	重要	11.703547477722168
87	8	的	1.6817939281463623
87	9	美丽	14.008103370666504
87	10	的	7.30847692489624
87	11	老师	13.069784164428711
87	12	。	2.726123094558716
88	1	我	5.170108795166016
88	2	拜访	15.439969062805176
88	3	了	7.69422721862793
88	4	这	4.373195648193359
88	5	一	2.558494806289673
88	6	所	10.347164154052734
88	7	重要	9.246683120727539
88	8	的	0.022711526602506638
88	9	美丽	13.535340309143066
88	10	的	5.792286396026611
88	11	老师	14.321557998657227
88	12	。	2.0589792728424072
89	1	他	5.4816460609436035
89	2	在	4.652684211730957
89	3	读	12.075360298156738
89	4	一	2.9930896759033203
89	5	条	5.784703731536865
89	6	很	8.918180465698242
89	7	长	5.738351345062256
89	8	的	1.015278935432434
89	9	评论	11.329164505004883
89	10	。	7.23330545425415
90	1	他	5.4816460609436035
90	2	在	4.652684211730957
90	3	读	12.075360298156738
90	4	一	2.9930896759033203
90	5	首	10.625543594360352
90	6	很	13.782937049865723
90	7	长	6.2799177169799805
90	8	的	1.1610146760940552
90	9	评论	11.0814847946167
90	10	。	6.773773193359375
91	1	他	5.4816460609436035
91	2	在	4.652684211730957
91	3	读	12.075360298156738
91	4	一	2.9930896759033203
91	5	首	10.625543594360352
91	6	很	13.782937049865723
91	7	长	6.2799177169799805
91	8	的	1.1610146760940552
91	9	诗歌	17.086271286010742
91	10	。	4.04718017578125
92	1	他	5.4816460609436035
92	2	在	4.652684211730957
92	3	读	12.075360298156738
92	4	一	2.9930896759033203
92	5	条	5.784703731536865
92	6	很	8.918180465698242
92	7	长	5.738351345062256
92	8	的	1.015278935432434
92	9	诗歌	16.920625686645508
92	10	。	3.994448661804199
93	1	她	8.275067329406738
93	2	从来	10.384212493896484
93	3	没	6.379044055938721
93	4	见	8.556097030639648
93	5	过	0.2794654965400696
93	6	一	3.707821846008301
93	7	头	7.6731133460998535
93	8	黄色	17.802560806274414
93	9	的	3.1532809734344482
93	10	老虎	19.084802627563477
93	11	。	4.826393127441406
94	1	她	8.275067329406738
94	2	从来	10.384212493896484
94	3	没	6.379044055938721
94	4	见	8.556097030639648
94	5	过	0.2794654965400696
94	6	一	3.707821846008301
94	7	双	11.133490562438965
94	8	黄色	15.995323181152344
94	9	的	1.2501332759857178
94	10	老虎	18.778400421142578
94	11	。	5.064070224761963
95	1	她	8.275067329406738
95	2	从来	10.384212493896484
95	3	没	6.379044055938721
95	4	见	8.556097030639648
95	5	过	0.2794654965400696
95	6	一	3.707821846008301
95	7	双	11.133490562438965
95	8	黄色	15.995323181152344
95	9	的	1.2501332759857178
95	10	眼睛	8.565596580505371
95	11	。	2.782956600189209
96	1	她	8.275067329406738
96	2	从来	10.384212493896484
96	3	没	6.379044055938721
96	4	见	8.556097030639648
96	5	过	0.2794654965400696
96	6	一	3.707821846008301
96	7	头	7.6731133460998535
96	8	黄色	17.802560806274414
96	9	的	3.1532809734344482
96	10	眼睛	8.627214431762695
96	11	。	2.540634870529175
97	1	我	5.170108795166016
97	2	还	6.946949005126953
97	3	没有	3.9811787605285645
97	4	检查	12.441933631896973
97	5	一	8.57099723815918
97	6	份	5.692862510681152
97	7	很	10.001846313476562
97	8	难	4.32818603515625
97	9	的	5.314471244812012
97	10	作业	12.593936920166016
97	11	。	2.3440966606140137
98	1	我	5.170108795166016
98	2	还	6.946949005126953
98	3	没有	3.9811787605285645
98	4	检查	12.441933631896973
98	5	一	8.57099723815918
98	6	行	11.025530815124512
98	7	很	11.783089637756348
98	8	难	4.775768756866455
98	9	的	5.448561668395996
98	10	作业	13.288064956665039
98	11	。	1.7768601179122925
99	1	我	5.170108795166016
99	2	还	6.946949005126953
99	3	没有	3.9811787605285645
99	4	检查	12.441933631896973
99	5	一	8.57099723815918
99	6	行	11.025530815124512
99	7	很	11.783089637756348
99	8	难	4.775768756866455
99	9	的	5.448561668395996
99	10	公式	17.105607986450195
99	11	。	1.2553218603134155
100	1	我	5.170108795166016
100	2	还	6.946949005126953
100	3	没有	3.9811787605285645
100	4	检查	12.441933631896973
100	5	一	8.57099723815918
100	6	份	5.692862510681152
100	7	很	10.001846313476562
100	8	难	4.32818603515625
100	9	的	5.314471244812012
100	10	公式	16.54474449157715
100	11	。	1.6717071533203125
101	1	孩子	14.147611618041992
101	2	听到	12.346630096435547
101	3	了	2.4989988803863525
101	4	一	5.405147075653076
101	5	首	9.054965019226074
101	6	熟悉	16.072935104370117
101	7	的	3.016922950744629
101	8	歌曲	11.746707916259766
101	9	。	4.287973880767822
102	1	孩子	14.147611618041992
102	2	听到	12.346630096435547
102	3	了	2.4989988803863525
102	4	一	5.405147075653076
102	5	张	5.859367847442627
102	6	熟悉	15.595610618591309
102	7	的	2.710594415664673
102	8	歌曲	12.707932472229004
102	9	。	5.211453914642334
103	1	孩子	14.147611618041992
103	2	听到	12.346630096435547
103	3	了	2.4989988803863525
103	4	一	5.405147075653076
103	5	张	5.859367847442627
103	6	熟悉	15.595610618591309
103	7	的	2.710594415664673
103	8	专辑	12.373452186584473
103	9	。	5.706307411193848
104	1	孩子	14.147611618041992
104	2	听到	12.346630096435547
104	3	了	2.4989988803863525
104	4	一	5.405147075653076
104	5	首	9.054965019226074
104	6	熟悉	16.072935104370117
104	7	的	3.016922950744629
104	8	专辑	12.77466869354248
104	9	。	4.843918323516846
105	1	护士	17.207534790039062
105	2	做	10.297077178955078
105	3	了	2.2414684295654297
105	4	一	5.1871562004089355
105	5	次	6.347535133361816
105	6	必需	15.99072551727295
105	7	的	0.8226282596588135
105	8	检查	13.991872787475586
105	9	。	3.6020333766937256
106	1	护士	17.207534790039062
106	2	做	10.297077178955078
106	3	了	2.2414684295654297
106	4	一	5.1871562004089355
106	5	篇	5.852509021759033
106	6	必需	16.908489227294922
106	7	的	0.6108201742172241
106	8	检查	13.490198135375977
106	9	。	4.0128326416015625
107	1	护士	17.207534790039062
107	2	做	10.297077178955078
107	3	了	2.2414684295654297
107	4	一	5.1871562004089355
107	5	篇	5.852509021759033
107	6	必需	16.908489227294922
107	7	的	0.6108201742172241
107	8	报告	10.349699020385742
107	9	。	1.9113408327102661
108	1	护士	17.207534790039062
108	2	做	10.297077178955078
108	3	了	2.2414684295654297
108	4	一	5.1871562004089355
108	5	次	6.347535133361816
108	6	必需	15.99072551727295
108	7	的	0.8226282596588135
108	8	报告	11.920711517333984
108	9	。	1.1489259004592896
109	1	这里	9.676993370056152
109	2	是	1.0185798406600952
109	3	两	8.36717700958252
109	4	台	10.739352226257324
109	5	最新	13.824480056762695
109	6	的	0.7770103812217712
109	7	电视	11.376480102539062
109	8	。	4.26917839050293
110	1	这里	9.676993370056152
110	2	是	1.0185798406600952
110	3	两	8.36717700958252
110	4	份	10.343451499938965
110	5	最新	9.81325912475586
110	6	的	1.0259978771209717
110	7	电视	12.198418617248535
110	8	。	4.513126850128174
111	1	这里	9.676993370056152
111	2	是	1.0185798406600952
111	3	两	8.36717700958252
111	4	份	10.343451499938965
111	5	最新	9.81325912475586
111	6	的	1.0259978771209717
111	7	订单	16.785991668701172
111	8	。	2.873944044113159
112	1	这里	9.676993370056152
112	2	是	1.0185798406600952
112	3	两	8.36717700958252
112	4	台	10.739352226257324
112	5	最新	13.824480056762695
112	6	的	0.7770103812217712
112	7	订单	16.150880813598633
112	8	。	2.3427250385284424
113	1	他	5.4816460609436035
113	2	很	8.319292068481445
113	3	欣赏	12.793334007263184
113	4	一	7.736162185668945
113	5	处	9.912393569946289
113	6	环保	18.631799697875977
113	7	的	4.6179914474487305
113	8	景点	12.492888450622559
113	9	。	2.189998149871826
114	1	他	5.4816460609436035
114	2	很	8.319292068481445
114	3	欣赏	12.793334007263184
114	4	一	7.736162185668945
114	5	位	4.724135875701904
114	6	环保	16.628755569458008
114	7	的	4.467901706695557
114	8	景点	13.43362808227539
114	9	。	2.6906533241271973
115	1	他	5.4816460609436035
115	2	很	8.319292068481445
115	3	欣赏	12.793334007263184
115	4	一	7.736162185668945
115	5	位	4.724135875701904
115	6	环保	16.628755569458008
115	7	的	4.467901706695557
115	8	领导	9.157572746276855
115	9	。	4.900338649749756
116	1	他	5.4816460609436035
116	2	很	8.319292068481445
116	3	欣赏	12.793334007263184
116	4	一	7.736162185668945
116	5	处	9.912393569946289
116	6	环保	18.631799697875977
116	7	的	4.6179914474487305
116	8	领导	9.51406478881836
116	9	。	4.806488513946533
117	1	那里	13.674793243408203
117	2	有	2.131225347518921
117	3	一	2.478456497192383
117	4	支	7.680529594421387
117	5	海上	14.256158828735352
117	6	的	6.084670543670654
117	7	舰队	13.780701637268066
117	8	。	9.288652420043945
118	1	那里	13.674793243408203
118	2	有	2.131225347518921
118	3	一	2.478456497192383
118	4	艘	7.797506809234619
118	5	海上	13.168808937072754
118	6	的	5.903210639953613
118	7	舰队	12.829943656921387
118	8	。	8.205793380737305
119	1	那里	13.674793243408203
119	2	有	2.131225347518921
119	3	一	2.478456497192383
119	4	艘	7.797506809234619
119	5	海上	13.168808937072754
119	6	的	5.903210639953613
119	7	渔船	9.291261672973633
119	8	。	11.874980926513672
120	1	那里	13.674793243408203
120	2	有	2.131225347518921
120	3	一	2.478456497192383
120	4	支	7.680529594421387
120	5	海上	14.256158828735352
120	6	的	6.084670543670654
120	7	渔船	10.07155704498291
120	8	。	12.047472953796387
