sentence_id	token_id	token	surprisal
1	1	他	5.4816460609436035
1	2	喜欢	10.53304672241211
1	3	那	8.251065254211426
1	4	家	6.738696575164795
1	5	亲切	15.27517318725586
1	6	的	1.9737781286239624
1	7	老板	11.248187065124512
1	8	投资	14.742488861083984
1	9	的	6.161901473999023
1	10	饭店	13.139694213867188
1	11	。	5.593364715576172
2	1	他	5.4816460609436035
2	2	喜欢	10.53304672241211
2	3	那	8.251065254211426
2	4	个	4.6428070068359375
2	5	亲切	14.352136611938477
2	6	的	0.6646621227264404
2	7	老板	12.543712615966797
2	8	投资	15.220494270324707
2	9	的	5.525056838989258
2	10	饭店	13.870612144470215
2	11	。	5.39635705947876
3	1	她	8.275067329406738
3	2	在	4.42202615737915
3	3	看	9.103632926940918
3	4	那	6.670347690582275
3	5	幅	8.829201698303223
3	6	聪明	13.940308570861816
3	7	的	0.8949598670005798
3	8	朋友	8.451454162597656
3	9	喜欢	13.22500991821289
3	10	的	4.477282524108887
3	11	画	14.566283226013184
3	12	。	7.194733142852783
4	1	她	8.275067329406738
4	2	在	4.42202615737915
4	3	看	9.103632926940918
4	4	那	6.670347690582275
4	5	个	4.42800760269165
4	6	聪明	14.364224433898926
4	7	的	0.7963156700134277
4	8	朋友	7.766132354736328
4	9	喜欢	13.357819557189941
4	10	的	5.336642742156982
4	11	画	15.319480895996094
4	12	。	6.362680435180664
5	1	我	5.170108795166016
5	2	欣赏	15.401029586791992
5	3	那	6.022993564605713
5	4	件	4.933221340179443
5	5	细心	17.708080291748047
5	6	的	0.1299637109041214
5	7	老师	13.12064266204834
5	8	收藏	17.902189254760742
5	9	的	4.555037498474121
5	10	艺术品	16.70119285583496
5	11	。	5.625125408172607
6	1	我	5.170108795166016
6	2	欣赏	15.401029586791992
6	3	那	6.022993564605713
6	4	个	6.511422634124756
6	5	细心	13.944823265075684
6	6	的	0.17632170021533966
6	7	老师	11.009986877441406
6	8	收藏	18.124631881713867
6	9	的	4.9566545486450195
6	10	艺术品	16.38214874267578
6	11	。	4.7659101486206055
7	1	他	5.4816460609436035
7	2	打	12.4287748336792
7	3	了	4.1950249671936035
7	4	那	7.4852986335754395
7	5	只	8.541102409362793
7	6	负责	16.839326858520508
7	7	的	4.4876909255981445
7	8	店长	18.08892059326172
7	9	喜欢	12.439619064331055
7	10	的	4.200410842895508
7	11	宠物	15.820467948913574
7	12	。	6.452004909515381
8	1	他	5.4816460609436035
8	2	打	12.4287748336792
8	3	了	4.1950249671936035
8	4	那	7.4852986335754395
8	5	个	4.359043121337891
8	6	负责	15.40746021270752
8	7	的	2.712653398513794
8	8	店长	18.68473243713379
8	9	喜欢	12.428960800170898
8	10	的	3.971452236175537
8	11	宠物	15.91451644897461
8	12	。	7.019241809844971
9	1	我	5.170108795166016
9	2	在	5.624750137329102
9	3	思念	18.555328369140625
9	4	那	14.069263458251953
9	5	首	9.11050033569336
9	6	有名	17.8864688873291
9	7	的	0.4281219244003296
9	8	明星	11.58386516571045
9	9	唱	14.082566261291504
9	10	的	5.883193492889404
9	11	歌	9.774460792541504
9	12	。	4.654778003692627
10	1	我	5.170108795166016
10	2	在	5.624750137329102
10	3	思念	18.555328369140625
10	4	那	14.069263458251953
10	5	个	4.015878200531006
10	6	有名	13.70824146270752
10	7	的	0.4781302809715271
10	8	明星	11.891729354858398
10	9	唱	14.93984603881836
10	10	的	5.046028137207031
10	11	歌	10.096452713012695
10	12	。	4.8617634773254395
11	1	她	8.275067329406738
11	2	拜访	15.057050704956055
11	3	了	5.153831958770752
11	4	那	8.03122329711914
11	5	所	10.000438690185547
11	6	富有	13.682851791381836
11	7	的	0.2077590972185135
11	8	老人	12.320799827575684
11	9	去	10.57040023803711
11	10	的	4.345994472503662
11	11	学校	8.85414981842041
11	12	。	3.2719712257385254
12	1	她	8.275067329406738
12	2	拜访	15.057050704956055
12	3	了	5.153831958770752
12	4	那	8.03122329711914
12	5	个	3.3333547115325928
12	6	富有	14.84607219696045
12	7	的	3.247391939163208
12	8	老人	11.574613571166992
12	9	去	9.95313835144043
12	10	的	5.449164390563965
12	11	学校	9.332470893859863
12	12	。	2.9382073879241943
13	1	他	5.4816460609436035
13	2	检查	17.654300689697266
13	3	了	5.838735103607178
13	4	那	9.245272636413574
13	5	件	4.687798976898193
13	6	紧张	15.194657325744629
13	7	的	0.8214035630226135
13	8	司机	15.972765922546387
13	9	带	12.968595504760742
13	10	的	8.646700859069824
13	11	行李	14.639384269714355
13	12	。	9.525094985961914
14	1	他	5.4816460609436035
14	2	检查	17.654300689697266
14	3	了	5.838735103607178
14	4	那	9.245272636413574
14	5	个	3.8448054790496826
14	6	紧张	13.505827903747559
14	7	的	1.2185590267181396
14	8	司机	15.773754119873047
14	9	带	12.888797760009766
14	10	的	8.673643112182617
14	11	行李	13.968477249145508
14	12	。	9.206806182861328
15	1	我	5.170108795166016
15	2	听说	9.85650634765625
15	3	过	0.9960277080535889
15	4	那	5.640336513519287
15	5	本	4.930644989013672
15	6	有名	16.21324920654297
15	7	的	0.11825895309448242
15	8	作家	10.765949249267578
15	9	写	9.726272583007812
15	10	的	1.5338367223739624
15	11	书	5.001217365264893
15	12	。	3.288904905319214
16	1	我	5.170108795166016
16	2	听说	9.85650634765625
16	3	过	0.9960277080535889
16	4	那	5.640336513519287
16	5	个	4.489050388336182
16	6	有名	12.88412857055664
16	7	的	0.12218248099088669
16	8	作家	11.24638557434082
16	9	写	10.264179229736328
16	10	的	1.7545161247253418
16	11	书	5.491894245147705
16	12	。	3.4353132247924805
17	1	她	8.275067329406738
17	2	撞	16.558908462524414
17	3	了	2.869070529937744
17	4	那	7.431503772735596
17	5	辆	5.180598258972168
17	6	熟悉	17.364521026611328
17	7	的	0.43127885460853577
17	8	朋友	9.9246244430542
17	9	开	16.459875106811523
17	10	的	7.381985664367676
17	11	车	4.421098232269287
17	12	。	4.067429065704346
18	1	她	8.275067329406738
18	2	撞	16.558908462524414
18	3	了	2.869070529937744
18	4	那	7.431503772735596
18	5	个	4.161052703857422
18	6	熟悉	15.663853645324707
18	7	的	0.3999793231487274
18	8	朋友	7.815353870391846
18	9	开	16.536531448364258
18	10	的	7.301136493682861
18	11	车	6.893307209014893
18	12	。	3.1935887336730957
19	1	我们	6.432517051696777
19	2	认可	16.166284561157227
19	3	了	4.6713175773620605
19	4	那	8.358919143676758
19	5	份	6.08665657043457
19	6	淘气	19.683629989624023
19	7	的	2.283472776412964
19	8	孩子	12.030963897705078
19	9	做	12.02087688446045
19	10	的	4.13180685043335
19	11	作业	14.015006065368652
19	12	。	2.2436370849609375
20	1	我们	6.432517051696777
20	2	认可	16.166284561157227
20	3	了	4.6713175773620605
20	4	那	8.358919143676758
20	5	个	3.644345998764038
20	6	淘气	18.340065002441406
20	7	的	2.2199904918670654
20	8	孩子	9.61652946472168
20	9	做	12.122156143188477
20	10	的	4.316402435302734
20	11	作业	14.11375617980957
20	12	。	2.2758443355560303
21	1	他们	7.328033447265625
21	2	接受	11.510555267333984
21	3	了	1.933432698249817
21	4	那	6.674293041229248
21	5	份	6.162958145141602
21	6	严格	14.879542350769043
21	7	的	1.0063644647598267
21	8	老板	15.831497192382812
21	9	制定	15.569897651672363
21	10	的	2.2826201915740967
21	11	合同	12.385550498962402
21	12	。	2.837510108947754
22	1	他们	7.328033447265625
22	2	接受	11.510555267333984
22	3	了	1.933432698249817
22	4	那	6.674293041229248
22	5	个	3.734389305114746
22	6	严格	14.282330513000488
22	7	的	0.42070749402046204
22	8	老板	14.832992553710938
22	9	制定	16.15789794921875
22	10	的	2.7157540321350098
22	11	合同	12.634819030761719
22	12	。	2.4757587909698486
23	1	他	5.4816460609436035
23	2	离开	11.606525421142578
23	3	了	2.5189294815063477
23	4	那	8.214508056640625
23	5	间	10.569314956665039
23	6	负责	15.207279205322266
23	7	的	3.7361934185028076
23	8	朋友	9.950034141540527
23	9	开	16.491518020629883
23	10	的	7.306804656982422
23	11	工厂	13.904754638671875
23	12	。	4.453456878662109
24	1	他	5.4816460609436035
24	2	离开	11.606525421142578
24	3	了	2.5189294815063477
24	4	那	8.214508056640625
24	5	个	4.427631378173828
24	6	负责	15.179747581481934
24	7	的	2.929670810699463
24	8	朋友	8.477208137512207
24	9	开	17.181190490722656
24	10	的	7.090014457702637
24	11	工厂	14.018905639648438
24	12	。	4.199664115905762
25	1	她	8.275067329406738
25	2	找	13.61082649230957
25	3	了	2.5738635063171387
25	4	那	8.270645141601562
25	5	张	5.203073501586914
25	6	聪明	14.625043869018555
25	7	的	1.7052828073501587
25	8	孩子	7.142394065856934
25	9	照	16.479429244995117
25	10	的	7.301015853881836
25	11	照片	11.265158653259277
25	12	。	3.7688751220703125
26	1	她	8.275067329406738
26	2	找	13.61082649230957
26	3	了	2.5738635063171387
26	4	那	8.270645141601562
26	5	个	2.8464322090148926
26	6	聪明	13.071062088012695
26	7	的	1.5560990571975708
26	8	孩子	5.900829315185547
26	9	照	16.68971061706543
26	10	的	7.870426654815674
26	11	照片	11.875580787658691
26	12	。	3.177401542663574
27	1	我	5.170108795166016
27	2	需要	8.387723922729492
27	3	那	9.223479270935059
27	4	台	11.941328048706055
27	5	负责	16.927326202392578
27	6	的	3.1288084983825684
27	7	老师	14.031492233276367
27	8	用	11.97343921661377
27	9	的	5.790640830993652
27	10	手机	12.479574203491211
27	11	。	6.4904656410217285
28	1	我	5.170108795166016
28	2	需要	8.387723922729492
28	3	那	9.223479270935059
28	4	个	4.129962921142578
28	5	负责	13.983555793762207
28	6	的	2.6936392784118652
28	7	老师	14.175945281982422
28	8	用	12.26533317565918
28	9	的	5.023411750793457
28	10	手机	12.83361530303955
28	11	。	6.30806303024292
29	1	他	5.4816460609436035
29	2	在	4.652684211730957
29	3	画	14.748250007629395
29	4	那	10.313633918762207
29	5	朵	16.64912223815918
29	6	细心	18.08108901977539
29	7	的	0.3440355062484741
29	8	邻居	10.231459617614746
29	9	种	14.748512268066406
29	10	的	11.900968551635742
29	11	花	15.553714752197266
29	12	。	8.719990730285645
30	1	他	5.4816460609436035
30	2	在	4.652684211730957
30	3	画	14.748250007629395
30	4	那	10.313633918762207
30	5	个	3.9366023540496826
30	6	细心	15.645735740661621
30	7	的	0.2974259853363037
30	8	邻居	10.637396812438965
30	9	种	15.901588439941406
30	10	的	9.470634460449219
30	11	花	16.2054500579834
30	12	。	8.004889488220215
31	1	她	8.275067329406738
31	2	在	4.42202615737915
31	3	介绍	12.903090476989746
31	4	那	8.233579635620117
31	5	台	10.397221565246582
31	6	优秀	14.201051712036133
31	7	的	3.580394983291626
31	8	科学家	12.735010147094727
31	9	做	9.961631774902344
31	10	的	6.588227272033691
31	11	电视	10.759172439575195
31	12	。	7.376905918121338
32	1	她	8.275067329406738
32	2	在	4.42202615737915
32	3	介绍	12.903090476989746
32	4	那	8.233579635620117
32	5	个	3.7404537200927734
32	6	优秀	12.921101570129395
32	7	的	1.1307600736618042
32	8	科学家	11.754900932312012
32	9	做	9.07950496673584
32	10	的	5.822103977203369
32	11	电视	10.935203552246094
32	12	。	6.8870038986206055
33	1	我	5.170108795166016
33	2	见	12.123648643493652
33	3	过	0.24780207872390747
33	4	那	6.903799057006836
33	5	栋	7.115973472595215
33	6	富有	18.507932662963867
33	7	的	3.525513172149658
33	8	男人	7.004286289215088
33	9	买	13.038337707519531
33	10	的	4.78174352645874
33	11	房子	7.2220563888549805
33	12	。	4.115466117858887
34	1	我	5.170108795166016
34	2	见	12.123648643493652
34	3	过	0.24780207872390747
34	4	那	6.903799057006836
34	5	个	4.770637035369873
34	6	富有	15.681370735168457
34	7	的	2.6468539237976074
34	8	男人	6.770881175994873
34	9	买	14.040701866149902
34	10	的	4.168421745300293
34	11	房子	7.988452434539795
34	12	。	3.802657127380371
35	1	我	5.170108795166016
35	2	拒绝	13.047715187072754
35	3	了	6.242000102996826
35	4	那	6.422657489776611
35	5	条	5.437559604644775
35	6	紧张	13.28921890258789
35	7	的	1.8732649087905884
35	8	朋友	9.587053298950195
35	9	给	11.986915588378906
35	10	的	11.816862106323242
35	11	建议	7.94572639465332
35	12	。	2.077829599380493
36	1	我	5.170108795166016
36	2	拒绝	13.047715187072754
36	3	了	6.242000102996826
36	4	那	6.422657489776611
36	5	个	4.812522888183594
36	6	紧张	12.89810848236084
36	7	的	1.17180335521698
36	8	朋友	7.7190423011779785
36	9	给	12.522537231445312
36	10	的	11.320087432861328
36	11	建议	7.71407413482666
36	12	。	2.44104266166687
37	1	他	5.4816460609436035
37	2	在	4.652684211730957
37	3	看	8.817948341369629
37	4	那	7.02296257019043
37	5	支	9.683701515197754
37	6	负责	16.813671112060547
37	7	的	1.855254054069519
37	8	老师	13.313488006591797
37	9	用	10.429373741149902
37	10	的	4.0053863525390625
37	11	笔	14.07908821105957
37	12	。	8.177641868591309
38	1	他	5.4816460609436035
38	2	在	4.652684211730957
38	3	看	8.817948341369629
38	4	那	7.02296257019043
38	5	个	4.9119439125061035
38	6	负责	15.513916015625
38	7	的	2.2125954627990723
38	8	老师	13.100211143493652
38	9	用	11.290181159973145
38	10	的	3.680821180343628
38	11	笔	14.022522926330566
38	12	。	7.9861931800842285
39	1	她	8.275067329406738
39	2	在	4.42202615737915
39	3	找	12.939471244812012
39	4	那	9.244973182678223
39	5	只	9.253067970275879
39	6	内向	19.206714630126953
39	7	的	0.9028968811035156
39	8	女人	9.427850723266602
39	9	丢	13.714566230773926
39	10	的	8.870748519897461
39	11	鞋子	13.822006225585938
39	12	。	3.6081955432891846
40	1	她	8.275067329406738
40	2	在	4.42202615737915
40	3	找	12.939471244812012
40	4	那	9.244973182678223
40	5	个	2.298184633255005
40	6	内向	19.022653579711914
40	7	的	0.7465236783027649
40	8	女人	8.96873950958252
40	9	丢	13.93401050567627
40	10	的	7.821378231048584
40	11	鞋子	14.34518814086914
40	12	。	4.40254545211792
41	1	我	5.170108795166016
41	2	讨厌	12.892350196838379
41	3	那	6.887461185455322
41	4	条	6.463517189025879
41	5	孤独	14.214946746826172
41	6	的	2.039074182510376
41	7	邻居	12.576284408569336
41	8	养	16.222028732299805
41	9	的	4.9389328956604
41	10	狗	13.622241973876953
41	11	。	4.743127346038818
42	1	我	5.170108795166016
42	2	讨厌	12.892350196838379
42	3	那	6.887461185455322
42	4	个	5.0370073318481445
42	5	孤独	14.301350593566895
42	6	的	1.8890471458435059
42	7	邻居	12.341442108154297
42	8	养	17.09762954711914
42	9	的	4.854421615600586
42	10	狗	13.78691577911377
42	11	。	4.6376261711120605
43	1	他	5.4816460609436035
43	2	发现	8.926570892333984
43	3	了	4.027383327484131
43	4	那	9.88341999053955
43	5	座	7.210704326629639
43	6	幽默	15.357311248779297
43	7	的	1.3187865018844604
43	8	老人	10.810683250427246
43	9	修	15.015746116638184
43	10	的	1.6276342868804932
43	11	桥	12.400840759277344
43	12	。	5.323634624481201
44	1	他	5.4816460609436035
44	2	发现	8.926570892333984
44	3	了	4.027383327484131
44	4	那	9.88341999053955
44	5	个	3.6052896976470947
44	6	幽默	15.495447158813477
44	7	的	1.1122562885284424
44	8	老人	10.567665100097656
44	9	修	15.437936782836914
44	10	的	1.676171064376831
44	11	桥	13.074995994567871
44	12	。	5.294056415557861
45	1	她	8.275067329406738
45	2	评价	15.524677276611328
45	3	了	0.7481931447982788
45	4	那	8.095406532287598
45	5	篇	5.193657398223877
45	6	认真	17.382709503173828
45	7	的	1.2246644496917725
45	8	学生	13.905980110168457
45	9	准备	14.985830307006836
45	10	的	3.19052791595459
45	11	报告	8.720760345458984
45	12	。	2.7837204933166504
46	1	她	8.275067329406738
46	2	评价	15.524677276611328
46	3	了	0.7481931447982788
46	4	那	8.095406532287598
46	5	个	3.879345417022705
46	6	认真	14.863038063049316
46	7	的	1.0688536167144775
46	8	学生	13.255582809448242
46	9	准备	16.199974060058594
46	10	的	4.267940521240234
46	11	报告	10.79146671295166
46	12	。	2.2550864219665527
47	1	我	5.170108795166016
47	2	在	5.624750137329102
47	3	等	9.66662311553955
47	4	那	7.905287742614746
47	5	封	11.40877628326416
47	6	亲切	15.577726364135742
47	7	的	2.1985092163085938
47	8	朋友	8.922266960144043
47	9	写	9.349421501159668
47	10	的	5.655764102935791
47	11	信	11.590677261352539
47	12	。	5.958545207977295
48	1	我	5.170108795166016
48	2	在	5.624750137329102
48	3	等	9.66662311553955
48	4	那	7.905287742614746
48	5	个	4.799405574798584
48	6	亲切	14.780539512634277
48	7	的	1.208498239517212
48	8	朋友	8.148564338684082
48	9	写	9.24312973022461
48	10	的	5.592465877532959
48	11	信	12.322003364562988
48	12	。	5.378945350646973
49	1	他	5.4816460609436035
49	2	提到	11.160651206970215
49	3	了	4.322215557098389
49	4	那	9.400700569152832
49	5	堂	17.68754768371582
49	6	有名	13.630431175231934
49	7	的	0.04084453359246254
49	8	老师	12.176785469055176
49	9	教	15.854216575622559
49	10	的	7.8349995613098145
49	11	课	9.694368362426758
49	12	。	4.289437770843506
50	1	他	5.4816460609436035
50	2	提到	11.160651206970215
50	3	了	4.322215557098389
50	4	那	9.400700569152832
50	5	个	4.245307922363281
50	6	有名	12.524847984313965
50	7	的	0.09360180050134659
50	8	老师	13.128474235534668
50	9	教	15.349095344543457
50	10	的	8.514848709106445
50	11	课	10.376213073730469
50	12	。	4.379396438598633
51	1	她	8.275067329406738
51	2	推荐	15.344602584838867
51	3	了	3.2928433418273926
51	4	那	7.636281967163086
51	5	块	8.651495933532715
51	6	细心	15.942253112792969
51	7	的	0.9472926259040833
51	8	医生	10.063652992248535
51	9	喜欢	17.118541717529297
51	10	的	1.588189959526062
51	11	手表	18.28557014465332
51	12	。	3.8749163150787354
52	1	她	8.275067329406738
52	2	推荐	15.344602584838867
52	3	了	3.2928433418273926
52	4	那	7.636281967163086
52	5	个	4.23745584487915
52	6	细心	13.837210655212402
52	7	的	0.48247379064559937
52	8	医生	9.97694206237793
52	9	喜欢	18.52886199951172
52	10	的	1.8050117492675781
52	11	手表	18.61724090576172
52	12	。	4.75881814956665
53	1	我	5.170108795166016
53	2	选择	10.70134162902832
53	3	了	2.307246446609497
53	4	那	6.077176570892334
53	5	篇	6.285050868988037
53	6	优秀	15.781578063964844
53	7	的	1.873186707496643
53	8	学生	12.013835906982422
53	9	写	12.076570510864258
53	10	的	1.5596445798873901
53	11	论文	10.328985214233398
53	12	。	1.5773694515228271
54	1	我	5.170108795166016
54	2	选择	10.70134162902832
54	3	了	2.307246446609497
54	4	那	6.077176570892334
54	5	个	4.863429069519043
54	6	优秀	13.83808422088623
54	7	的	0.592228889465332
54	8	学生	9.896086692810059
54	9	写	14.495671272277832
54	10	的	3.1169581413269043
54	11	论文	9.967960357666016
54	12	。	1.3046307563781738
55	1	她	8.275067329406738
55	2	喜欢	9.915023803710938
55	3	那	8.386497497558594
55	4	场	6.23673152923584
55	5	专业	14.045891761779785
55	6	的	2.7743613719940186
55	7	演员	12.899980545043945
55	8	准备	12.201796531677246
55	9	的	7.18463659286499
55	10	表演	10.911532402038574
55	11	。	5.906908988952637
56	1	她	8.275067329406738
56	2	喜欢	9.915023803710938
56	3	那	8.386497497558594
56	4	个	4.192409515380859
56	5	专业	13.406938552856445
56	6	的	2.8671152591705322
56	7	演员	12.884469032287598
56	8	准备	12.289624214172363
56	9	的	7.230275630950928
56	10	表演	11.210866928100586
56	11	。	5.7711591720581055
57	1	他	5.4816460609436035
57	2	称赞	17.164100646972656
57	3	了	9.762368202209473
57	4	那	10.510187149047852
57	5	间	10.891097068786621
57	6	勇敢	16.862586975097656
57	7	的	0.2372187227010727
57	8	警察	11.19979476928711
57	9	工作	11.005282402038574
57	10	的	4.678439140319824
57	11	办公室	11.310017585754395
57	12	。	2.225848913192749
58	1	他	5.4816460609436035
58	2	称赞	17.164100646972656
58	3	了	9.762368202209473
58	4	那	10.510187149047852
58	5	个	3.856755495071411
58	6	勇敢	15.72750186920166
58	7	的	0.3097384572029114
58	8	警察	11.065342903137207
58	9	工作	11.404903411865234
58	10	的	5.036789417266846
58	11	办公室	11.272370338439941
58	12	。	2.225698232650757
59	1	我	5.170108795166016
59	2	听说	9.85650634765625
59	3	过	0.9960277080535889
59	4	那	5.640336513519287
59	5	首	8.52879810333252
59	6	聪明	17.689525604248047
59	7	的	1.608162760734558
59	8	孩子	8.927796363830566
59	9	写	13.684839248657227
59	10	的	4.351902484893799
59	11	诗	13.045930862426758
59	12	。	3.262683153152466
60	1	我	5.170108795166016
60	2	听说	9.85650634765625
60	3	过	0.9960277080535889
60	4	那	5.640336513519287
60	5	个	4.489050388336182
60	6	聪明	14.3147611618042
60	7	的	1.080599308013916
60	8	孩子	7.23103666305542
60	9	写	14.046318054199219
60	10	的	4.139217376708984
60	11	诗	13.395425796508789
60	12	。	3.251309871673584
61	1	我	5.170108795166016
61	2	选择	10.70134162902832
61	3	了	2.307246446609497
61	4	那	6.077176570892334
61	5	家	6.7274603843688965
61	6	细心	15.945671081542969
61	7	的	1.0284879207611084
61	8	朋友	5.691807270050049
61	9	去	11.145487785339355
61	10	的	6.147541046142578
61	11	银行	13.071432113647461
61	12	。	2.3255789279937744
62	1	我	5.170108795166016
62	2	选择	10.70134162902832
62	3	了	2.307246446609497
62	4	那	6.077176570892334
62	5	个	4.863429069519043
62	6	细心	13.799471855163574
62	7	的	0.5047143697738647
62	8	朋友	5.823416233062744
62	9	去	11.524035453796387
62	10	的	5.824261665344238
62	11	银行	14.367683410644531
62	12	。	2.440025806427002
