sentence_id	token_id	token	surprisal
1	1	随着	9.309834480285645
1	2	政府	9.686600685119629
1	3	发展	8.241218566894531
1	4	，	4.639134407043457
1	5	经济	6.925217628479004
1	6	变	12.861913681030273
1	7	好	6.736928939819336
1	8	了	6.107359886169434
1	9	。	6.268780708312988
2	1	随着	9.309834480285645
2	2	政府	9.686600685119629
2	3	发展	8.241218566894531
2	4	。	13.954217910766602
3	1	随着	9.309834480285645
3	2	互联网	12.344056129455566
3	3	的	0.7593334913253784
3	4	出现	11.538558959960938
3	5	，	0.5113884210586548
3	6	生活	11.769562721252441
3	7	质量	9.202459335327148
3	8	提高	8.954617500305176
3	9	了	0.800460159778595
3	10	。	8.596864700317383
4	1	随着	9.309834480285645
4	2	互联网	12.344056129455566
4	3	的	0.7593334913253784
4	4	出现	11.538558959960938
4	5	。	9.882563591003418
5	1	随着	9.309834480285645
5	2	一阵	19.304759979248047
5	3	铃声	20.033607482910156
5	4	，	4.971211910247803
5	5	火车	15.218541145324707
5	6	开	10.844223976135254
5	7	了	0.8339200615882874
5	8	。	7.445315361022949
6	1	随着	9.309834480285645
6	2	一阵	19.304759979248047
6	3	铃声	20.033607482910156
6	4	。	10.214406967163086
7	1	随着	9.309834480285645
7	2	他	9.435054779052734
7	3	的	0.8616042733192444
7	4	年龄	11.703103065490723
7	5	增长	8.410401344299316
7	6	，	0.19067047536373138
7	7	他	5.138838291168213
7	8	更	7.8961005210876465
7	9	有	5.650683879852295
7	10	自信	13.613945960998535
7	11	了	9.47364616394043
7	12	。	1.1743086576461792
8	1	随着	9.309834480285645
8	2	他	9.435054779052734
8	3	的	0.8616042733192444
8	4	年龄	11.703103065490723
8	5	增长	8.410401344299316
8	6	。	9.095742225646973
9	1	随着	9.309834480285645
9	2	冬天	14.792304992675781
9	3	的	1.4928420782089233
9	4	到来	10.976923942565918
9	5	，	0.09495828300714493
9	6	树木	18.326231002807617
9	7	凋零	19.84014320373535
9	8	了	6.978176593780518
9	9	。	8.047998428344727
10	1	随着	9.309834480285645
10	2	冬天	14.792304992675781
10	3	的	1.4928420782089233
10	4	到来	10.976923942565918
10	5	。	9.642394065856934
11	1	随着	9.309834480285645
11	2	科技	4.78640079498291
11	3	发展	3.4307732582092285
11	4	，	3.537214517593384
11	5	电脑	13.00066089630127
11	6	功能	10.645233154296875
11	7	变得	10.837285995483398
11	8	更	6.916299343109131
11	9	多	1.0708515644073486
11	10	了	7.488470554351807
11	11	。	4.049071311950684
12	1	随着	9.309834480285645
12	2	科技	4.78640079498291
12	3	发展	3.4307732582092285
12	4	。	11.087342262268066
13	1	自从	10.495467185974121
13	2	见	15.142230033874512
13	3	了	4.120141983032227
13	4	他	7.893344402313232
13	5	，	4.366785049438477
13	6	她	7.330163478851318
13	7	一直	5.906862258911133
13	8	在	2.4512548446655273
13	9	写信	16.280139923095703
13	10	。	5.046104907989502
14	1	自从	10.495467185974121
14	2	见	15.142230033874512
14	3	了	4.120141983032227
14	4	他	7.893344402313232
14	5	。	11.70809268951416
15	1	自从	10.495467185974121
15	2	修	18.72895622253418
15	3	了	3.600863218307495
15	4	公路	11.641243934631348
15	5	，	4.955715179443359
15	6	农村	10.843774795532227
15	7	经济	7.603076457977295
15	8	变	13.101431846618652
15	9	好	7.804182052612305
15	10	了	1.520812749862671
15	11	。	3.8366010189056396
16	1	自从	10.495467185974121
16	2	修	18.72895622253418
16	3	了	3.600863218307495
16	4	公路	11.641243934631348
16	5	。	10.059915542602539
17	1	自从	10.495467185974121
17	2	离开	15.247740745544434
17	3	家乡	12.791637420654297
17	4	，	5.160624027252197
17	5	她	5.43396520614624
17	6	一直	6.348092079162598
17	7	想念	13.604426383972168
17	8	父母	9.575143814086914
17	9	。	6.179013729095459
18	1	自从	10.495467185974121
18	2	离开	15.247740745544434
18	3	家乡	12.791637420654297
18	4	。	12.674449920654297
19	1	自从	10.495467185974121
19	2	他	6.751332759857178
19	3	开始	5.605535507202148
19	4	读书	14.499884605407715
19	5	，	2.493994951248169
19	6	他	4.671359062194824
19	7	的	4.040564060211182
19	8	成绩	10.896835327148438
19	9	提高	12.432515144348145
19	10	了	0.685163140296936
19	11	。	6.835114002227783
20	1	自从	10.495467185974121
20	2	他	6.751332759857178
20	3	开始	5.605535507202148
20	4	读书	14.499884605407715
20	5	。	12.569631576538086
21	1	自从	10.495467185974121
21	2	他	6.751332759857178
21	3	获得	10.16089153289795
21	4	大奖	15.643285751342773
21	5	，	8.059526443481445
21	6	他	2.7865614891052246
21	7	不	6.651627063751221
21	8	学习	13.983156204223633
21	9	了	3.6657252311706543
21	10	。	5.939146995544434
22	1	自从	10.495467185974121
22	2	他	6.751332759857178
22	3	获得	10.16089153289795
22	4	大奖	15.643285751342773
22	5	。	9.821228981018066
23	1	自从	10.495467185974121
23	2	她	9.294355392456055
23	3	认识	10.911096572875977
23	4	了	6.750911235809326
23	5	老师	13.76984691619873
23	6	，	2.998112201690674
23	7	她	3.5938360691070557
23	8	努力	13.409173011779785
23	9	训练	15.481881141662598
23	10	。	6.747971057891846
24	1	自从	10.495467185974121
24	2	她	9.294355392456055
24	3	认识	10.911096572875977
24	4	了	6.750911235809326
24	5	老师	13.76984691619873
24	6	。	9.35482406616211
25	1	自从	10.495467185974121
25	2	她	9.294355392456055
25	3	参与	13.608235359191895
25	4	了	5.1209397315979
25	5	活动	12.509419441223145
25	6	，	3.672837018966675
25	7	她	4.349274158477783
25	8	认识	11.614947319030762
25	9	了	3.8208484649658203
25	10	很多	7.175036430358887
25	11	人	1.6866443157196045
25	12	。	5.894915580749512
26	1	自从	10.495467185974121
26	2	她	9.294355392456055
26	3	参与	13.608235359191895
26	4	了	5.1209397315979
26	5	活动	12.509419441223145
26	6	。	9.254910469055176
27	1	自从	10.495467185974121
27	2	她	9.294355392456055
27	3	学习	12.490694999694824
27	4	了	6.24219274520874
27	5	外语	17.51375961303711
27	6	，	5.5359110832214355
27	7	她	7.496104717254639
27	8	看	9.26317310333252
27	9	了	2.911780834197998
27	10	很多	7.513460159301758
27	11	电影	9.723111152648926
27	12	。	5.2053704261779785
28	1	自从	10.495467185974121
28	2	她	9.294355392456055
28	3	学习	12.490694999694824
28	4	了	6.24219274520874
28	5	外语	17.51375961303711
28	6	。	10.357879638671875
29	1	因为	7.63633918762207
29	2	喝	14.712953567504883
29	3	了	2.7077391147613525
29	4	酒	8.549439430236816
29	5	，	1.406038522720337
29	6	他	8.290837287902832
29	7	摔	10.993142127990723
29	8	了	0.5667923092842102
29	9	。	4.011080265045166
30	1	因为	7.63633918762207
30	2	喝	14.712953567504883
30	3	了	2.7077391147613525
30	4	酒	8.549439430236816
30	5	。	5.770420074462891
31	1	因为	7.63633918762207
31	2	他	5.212230682373047
31	3	要	8.235637664794922
31	4	迟到	17.856367111206055
31	5	了	4.175894737243652
31	6	，	2.6787936687469482
31	7	他	4.678061008453369
31	8	结束	14.535589218139648
31	9	了	1.3779786825180054
31	10	谈话	15.631362915039062
31	11	。	0.7385242581367493
32	1	因为	7.63633918762207
32	2	他	5.212230682373047
32	3	要	8.235637664794922
32	4	迟到	17.856367111206055
32	5	了	4.175894737243652
32	6	。	6.491819381713867
33	1	因为	7.63633918762207
33	2	他	5.212230682373047
33	3	没有	5.593799114227295
33	4	练习	15.217121124267578
33	5	题目	22.60588264465332
33	6	，	0.5761574506759644
33	7	他	4.284730434417725
33	8	没有	5.088047027587891
33	9	成功	10.726247787475586
33	10	。	2.5209460258483887
34	1	因为	7.63633918762207
34	2	他	5.212230682373047
34	3	没有	5.593799114227295
34	4	练习	15.217121124267578
34	5	题目	22.60588264465332
34	6	。	7.488369941711426
35	1	因为	7.63633918762207
35	2	疾病	14.312923431396484
35	3	，	6.015550136566162
35	4	她	10.988438606262207
35	5	拒绝	13.42052936553955
35	6	了	4.698378562927246
35	7	演出	17.040950775146484
35	8	。	6.46816349029541
36	1	因为	7.63633918762207
36	2	疾病	14.312923431396484
36	3	。	13.634071350097656
37	1	因为	7.63633918762207
37	2	听	14.833672523498535
37	3	着	6.121970176696777
37	4	音乐	12.08217716217041
37	5	，	3.965674877166748
37	6	她	7.538475036621094
37	7	错过	16.266353607177734
37	8	了	3.369795083999634
37	9	广播	13.385478019714355
37	10	。	8.65186882019043
38	1	因为	7.63633918762207
38	2	听	14.833672523498535
38	3	着	6.121970176696777
38	4	音乐	12.08217716217041
38	5	。	10.690961837768555
39	1	尽管	9.082300186157227
39	2	领导	14.38564682006836
39	3	已经	6.566367149353027
39	4	离去	14.619342803955078
39	5	，	1.7848107814788818
39	6	工人	13.948622703552246
39	7	还	5.717992305755615
39	8	在	6.654172897338867
39	9	工作	8.968624114990234
39	10	。	6.857400894165039
40	1	尽管	9.082300186157227
40	2	领导	14.38564682006836
40	3	已经	6.566367149353027
40	4	离去	14.619342803955078
40	5	。	6.1320481300354
41	1	尽管	9.082300186157227
41	2	他	6.088529109954834
41	3	年纪	17.277202606201172
41	4	小	10.264077186584473
41	5	，	3.8013317584991455
41	6	他	6.039699077606201
41	7	有	5.79036283493042
41	8	能力	7.204555511474609
41	9	。	8.064956665039062
42	1	尽管	9.082300186157227
42	2	他	6.088529109954834
42	3	年纪	17.277202606201172
42	4	小	10.264077186584473
42	5	。	9.621500015258789
43	1	尽管	9.082300186157227
43	2	她	8.44178581237793
43	3	会	8.269129753112793
43	4	开车	12.407175064086914
43	5	，	4.285587310791016
43	6	她	5.106044292449951
43	7	今天	9.2098388671875
43	8	没有	8.049717903137207
43	9	开车	12.518034934997559
43	10	。	3.67002534866333
44	1	尽管	9.082300186157227
44	2	她	8.44178581237793
44	3	会	8.269129753112793
44	4	开车	12.407175064086914
44	5	。	7.754549026489258
45	1	尽管	9.082300186157227
45	2	作家	12.246258735656738
45	3	很	8.677652359008789
45	4	年轻	10.220926284790039
45	5	，	1.0793802738189697
45	6	他	4.813131332397461
45	7	写	10.019304275512695
45	8	了	0.752705991268158
45	9	很多	7.263584136962891
45	10	作品	7.093545436859131
45	11	。	6.263582706451416
46	1	尽管	9.082300186157227
46	2	作家	12.246258735656738
46	3	很	8.677652359008789
46	4	年轻	10.220926284790039
46	5	。	7.625837802886963
47	1	尽管	9.082300186157227
47	2	父亲	11.875751495361328
47	3	不	5.701561450958252
47	4	同意	6.935189247131348
47	5	他	3.612484931945801
47	6	唱歌	15.92871379852295
47	7	，	0.20033694803714752
47	8	他	4.8168792724609375
47	9	还是	6.730538845062256
47	10	买	11.573625564575195
47	11	了	2.3541502952575684
47	12	吉他	17.00176429748535
47	13	。	3.267820358276367
48	1	尽管	9.082300186157227
48	2	父亲	11.875751495361328
48	3	不	5.701561450958252
48	4	同意	6.935189247131348
48	5	他	3.612484931945801
48	6	唱歌	15.92871379852295
48	7	。	5.084927558898926
49	1	尽管	9.082300186157227
49	2	经济	8.833317756652832
49	3	不	6.27209997177124
49	4	好	6.012088775634766
49	5	，	0.09343206882476807
49	6	他	9.418423652648926
49	7	还是	7.517227649688721
49	8	关心	8.439748764038086
49	9	慈善	15.748647689819336
49	10	。	8.657285690307617
50	1	尽管	9.082300186157227
50	2	经济	8.833317756652832
50	3	不	6.27209997177124
50	4	好	6.012088775634766
50	5	。	8.116926193237305
51	1	如果	7.165791988372803
51	2	她	8.746118545532227
51	3	做	7.48865270614624
51	4	完	12.66728401184082
51	5	作业	15.134614944458008
51	6	，	0.6401413083076477
51	7	她	5.90929651260376
51	8	去	9.410876274108887
51	9	健身房	15.662616729736328
51	10	。	10.170330047607422
52	1	如果	7.165791988372803
52	2	她	8.746118545532227
52	3	做	7.48865270614624
52	4	完	12.66728401184082
52	5	作业	15.134614944458008
52	6	。	11.235118865966797
53	1	如果	7.165791988372803
53	2	她们	13.065211296081543
53	3	照	15.778855323791504
53	4	了	3.699392080307007
53	5	相	16.855104446411133
53	6	，	5.011439323425293
53	7	她们	11.422011375427246
53	8	就	2.0723626613616943
53	9	留下	14.949563026428223
53	10	了	1.1148407459259033
53	11	回忆	15.082015991210938
53	12	。	1.4332258701324463
54	1	如果	7.165791988372803
54	2	她们	13.065211296081543
54	3	照	15.778855323791504
54	4	了	3.699392080307007
54	5	相	16.855104446411133
54	6	。	10.352195739746094
55	1	如果	7.165791988372803
55	2	培养	16.395671844482422
55	3	了	5.022028923034668
55	4	信心	13.550859451293945
55	5	，	0.17678171396255493
55	6	她	11.588210105895996
55	7	可以	6.354099750518799
55	8	实现	7.285967826843262
55	9	梦想	14.281848907470703
55	10	。	5.29215145111084
56	1	如果	7.165791988372803
56	2	培养	16.395671844482422
56	3	了	5.022028923034668
56	4	信心	13.550859451293945
56	5	。	8.916747093200684
57	1	如果	7.165791988372803
57	2	他	5.898402214050293
57	3	不	4.553764343261719
57	4	尝试	12.517717361450195
57	5	，	4.264063358306885
57	6	他	4.387589454650879
57	7	将	4.743032932281494
57	8	失去	9.787413597106934
57	9	机会	9.919170379638672
57	10	。	4.250753402709961
58	1	如果	7.165791988372803
58	2	他	5.898402214050293
58	3	不	4.553764343261719
58	4	尝试	12.517717361450195
58	5	。	11.154627799987793
59	1	如果	7.165791988372803
59	2	她	8.746118545532227
59	3	来	9.486176490783691
59	4	，	4.875437259674072
59	5	母亲	11.01986026763916
59	6	会	4.4583001136779785
59	7	准备	9.959996223449707
59	8	水果	16.974681854248047
59	9	。	4.328464984893799
60	1	如果	7.165791988372803
60	2	她	8.746118545532227
60	3	来	9.486176490783691
60	4	。	9.709264755249023
