sentence_id	token_id	token	surprisal
1	1	那	7.3126373291015625
1	2	家	9.087579727172852
1	3	我	6.691701889038086
1	4	采访	12.969027519226074
1	5	过	3.01912260055542
1	6	的	4.928351879119873
1	7	老板	13.174861907958984
1	8	投资	14.942097663879395
1	9	的	4.974368095397949
1	10	饭店	13.601499557495117
1	11	很	8.279098510742188
1	12	受	8.83273696899414
1	13	欢迎	3.789106845855713
1	14	。	3.8349571228027344
2	1	那	7.3126373291015625
2	2	个	7.139135837554932
2	3	我	8.178204536437988
2	4	采访	13.720656394958496
2	5	过	3.5891950130462646
2	6	的	3.8791298866271973
2	7	老板	13.947489738464355
2	8	投资	15.514473915100098
2	9	的	5.070120811462402
2	10	饭店	14.405699729919434
2	11	很	8.592470169067383
2	12	受	8.991415023803711
2	13	欢迎	3.4880502223968506
2	14	。	3.268784523010254
3	1	那	7.3126373291015625
3	2	幅	11.694206237792969
3	3	我	11.054936408996582
3	4	介绍	13.167603492736816
3	5	的	4.907454490661621
3	6	朋友	8.929590225219727
3	7	喜欢	13.253313064575195
3	8	的	5.585080623626709
3	9	画	15.780654907226562
3	10	吸引	15.052522659301758
3	11	了	4.296491622924805
3	12	我	3.940014362335205
3	13	。	5.9070940017700195
4	1	那	7.3126373291015625
4	2	个	7.139135837554932
4	3	我	8.178204536437988
4	4	介绍	12.92236614227295
4	5	的	5.7697649002075195
4	6	朋友	8.111065864562988
4	7	喜欢	13.63590145111084
4	8	的	6.3701300621032715
4	9	画	16.214841842651367
4	10	吸引	15.097352027893066
4	11	了	4.636167049407959
4	12	我	4.0279717445373535
4	13	。	5.559423446655273
5	1	那	7.3126373291015625
5	2	件	8.181801795959473
5	3	我	13.186098098754883
5	4	喜欢	7.805971622467041
5	5	的	3.682080030441284
5	6	老师	14.202420234680176
5	7	收藏	17.68259620666504
5	8	的	4.2771830558776855
5	9	艺术品	16.97541618347168
5	10	获	16.600181579589844
5	11	了	2.6050467491149902
5	12	奖	15.171219825744629
5	13	。	1.6463392972946167
6	1	那	7.3126373291015625
6	2	个	7.139135837554932
6	3	我	8.178204536437988
6	4	喜欢	8.464483261108398
6	5	的	3.907984733581543
6	6	老师	11.569121360778809
6	7	收藏	17.62917709350586
6	8	的	5.0177154541015625
6	9	艺术品	16.83087158203125
6	10	获	16.836688995361328
6	11	了	2.884577512741089
6	12	奖	14.440642356872559
6	13	。	1.5732377767562866
7	1	那	7.3126373291015625
7	2	只	6.700488090515137
7	3	我	11.15494155883789
7	4	认识	9.815131187438965
7	5	的	4.899340629577637
7	6	店长	19.993125915527344
7	7	喜欢	12.707913398742676
7	8	的	5.863601207733154
7	9	宠物	17.38469886779785
7	10	生病	14.643047332763672
7	11	了	1.5544285774230957
7	12	。	1.644338846206665
8	1	那	7.3126373291015625
8	2	个	7.139135837554932
8	3	我	8.178204536437988
8	4	认识	10.365705490112305
8	5	的	3.260685682296753
8	6	店长	20.67057991027832
8	7	喜欢	12.939347267150879
8	8	的	4.699541091918945
8	9	宠物	17.461898803710938
8	10	生病	14.403948783874512
8	11	了	2.308074712753296
8	12	。	2.1336042881011963
9	1	那	7.3126373291015625
9	2	首	11.526004791259766
9	3	我	16.586856842041016
9	4	见	11.764854431152344
9	5	过	0.34911879897117615
9	6	的	5.355650901794434
9	7	明星	13.378990173339844
9	8	唱	16.734338760375977
9	9	的	5.3843994140625
9	10	歌	9.05778694152832
9	11	很	13.356154441833496
9	12	好听	14.55016803741455
9	13	。	4.232625484466553
10	1	那	7.3126373291015625
10	2	个	7.139135837554932
10	3	我	8.178204536437988
10	4	见	11.8706693649292
10	5	过	0.6550547480583191
10	6	的	5.868325710296631
10	7	明星	14.91523551940918
10	8	唱	17.570730209350586
10	9	的	4.234130382537842
10	10	歌	9.535752296447754
10	11	很	13.454084396362305
10	12	好听	14.470306396484375
10	13	。	4.234964847564697
11	1	那	7.3126373291015625
11	2	所	10.528809547424316
11	3	我	10.290705680847168
11	4	认识	10.009737968444824
11	5	的	0.3274039328098297
11	6	老人	15.38109302520752
11	7	去	10.048635482788086
11	8	的	4.693206310272217
11	9	学校	10.955041885375977
11	10	关闭	17.19254493713379
11	11	了	4.556066036224365
11	12	。	3.7890233993530273
12	1	那	7.3126373291015625
12	2	个	7.139135837554932
12	3	我	8.178204536437988
12	4	认识	10.365705490112305
12	5	的	3.260685682296753
12	6	老人	14.585752487182617
12	7	去	8.71040153503418
12	8	的	5.769219398498535
12	9	学校	10.478689193725586
12	10	关闭	16.683616638183594
12	11	了	4.340392112731934
12	12	。	3.5921342372894287
13	1	那	7.3126373291015625
13	2	件	8.181801795959473
13	3	我	13.186098098754883
13	4	采访	13.093762397766113
13	5	过	5.52510929107666
13	6	的	3.7641029357910156
13	7	司机	17.524940490722656
13	8	带	11.69605827331543
13	9	的	9.070839881896973
13	10	行李	15.424628257751465
13	11	丢	13.303030967712402
13	12	了	0.6599657535552979
13	13	。	5.528897762298584
14	1	那	7.3126373291015625
14	2	个	7.139135837554932
14	3	我	8.178204536437988
14	4	采访	13.720656394958496
14	5	过	3.5891950130462646
14	6	的	3.8791298866271973
14	7	司机	17.68174171447754
14	8	带	11.522932052612305
14	9	的	8.65354061126709
14	10	行李	15.292078018188477
14	11	丢	12.8768310546875
14	12	了	1.2738932371139526
14	13	。	5.30686616897583
15	1	那	7.3126373291015625
15	2	本	8.124296188354492
15	3	我	10.68682861328125
15	4	喜欢	8.363982200622559
15	5	的	3.6078193187713623
15	6	作家	12.832632064819336
15	7	写	10.275933265686035
15	8	的	2.102752447128296
15	9	书	4.8779096603393555
15	10	很	10.647467613220215
15	11	受	8.379317283630371
15	12	欢迎	2.71755313873291
15	13	。	3.404752254486084
16	1	那	7.3126373291015625
16	2	个	7.139135837554932
16	3	我	8.178204536437988
16	4	喜欢	8.464483261108398
16	5	的	3.907984733581543
16	6	作家	13.727489471435547
16	7	写	10.960794448852539
16	8	的	2.369926691055298
16	9	书	5.449803352355957
16	10	很	10.736079216003418
16	11	受	8.697603225708008
16	12	欢迎	2.6146886348724365
16	13	。	3.0951669216156006
17	1	那	7.3126373291015625
17	2	辆	10.05974292755127
17	3	我	11.279877662658691
17	4	介绍	14.342804908752441
17	5	的	6.467715740203857
17	6	朋友	10.52904987335205
17	7	开	14.103824615478516
17	8	的	8.073358535766602
17	9	车	4.798605918884277
17	10	坏	15.534589767456055
17	11	了	1.39047110080719
17	12	。	3.262024402618408
18	1	那	7.3126373291015625
18	2	个	7.139135837554932
18	3	我	8.178204536437988
18	4	介绍	12.92236614227295
18	5	的	5.7697649002075195
18	6	朋友	8.111065864562988
18	7	开	14.573526382446289
18	8	的	6.97309684753418
18	9	车	6.637652397155762
18	10	坏	16.625905990600586
18	11	了	1.7327638864517212
18	12	。	2.5743861198425293
19	1	那	7.3126373291015625
19	2	份	9.695184707641602
19	3	他	10.856757164001465
19	4	教	13.40178108215332
19	5	的	7.86372709274292
19	6	孩子	7.656370162963867
19	7	做	6.548239231109619
19	8	的	3.970428228378296
19	9	作业	14.044083595275879
19	10	获	17.069860458374023
19	11	了	2.2702763080596924
19	12	奖	13.470730781555176
19	13	。	3.227491855621338
20	1	那	7.3126373291015625
20	2	个	7.139135837554932
20	3	他	9.338885307312012
20	4	教	13.112186431884766
20	5	的	8.726054191589355
20	6	孩子	4.257292747497559
20	7	做	6.8510637283325195
20	8	的	3.965653419494629
20	9	作业	14.185514450073242
20	10	获	17.8676700592041
20	11	了	2.296468496322632
20	12	奖	14.03460693359375
20	13	。	2.936007261276245
21	1	那	7.3126373291015625
21	2	份	9.695184707641602
21	3	我	11.326849937438965
21	4	采访	12.285746574401855
21	5	过	3.9698596000671387
21	6	的	4.231111526489258
21	7	老板	14.932250022888184
21	8	制定	18.600248336791992
21	9	的	4.938804626464844
21	10	合同	14.567667961120605
21	11	到期	18.961158752441406
21	12	了	4.178071022033691
21	13	。	6.6965765953063965
22	1	那	7.3126373291015625
22	2	个	7.139135837554932
22	3	我	8.178204536437988
22	4	采访	13.720656394958496
22	5	过	3.5891950130462646
22	6	的	3.8791298866271973
22	7	老板	13.947489738464355
22	8	制定	18.93790626525879
22	9	的	5.792964935302734
22	10	合同	14.568326950073242
22	11	到期	19.38515853881836
22	12	了	3.0868663787841797
22	13	。	5.400920867919922
23	1	那	7.3126373291015625
23	2	间	13.492788314819336
23	3	我	5.551443099975586
23	4	尊敬	18.784090042114258
23	5	的	1.4203795194625854
23	6	朋友	7.558460712432861
23	7	开	15.13564395904541
23	8	的	6.685326099395752
23	9	工厂	14.375319480895996
23	10	倒闭	16.83312225341797
23	11	了	2.611693859100342
23	12	。	1.0391998291015625
24	1	那	7.3126373291015625
24	2	个	7.139135837554932
24	3	我	8.178204536437988
24	4	尊敬	18.98178482055664
24	5	的	0.8475887179374695
24	6	朋友	6.594643592834473
24	7	开	15.141777992248535
24	8	的	6.786580562591553
24	9	工厂	14.573063850402832
24	10	倒闭	16.719514846801758
24	11	了	1.9973077774047852
24	12	。	0.7941913604736328
25	1	那	7.3126373291015625
25	2	张	8.287511825561523
25	3	我	9.398473739624023
25	4	教	13.321041107177734
25	5	的	5.99917459487915
25	6	孩子	6.146446704864502
25	7	照	14.233772277832031
25	8	的	7.954030513763428
25	9	照片	10.728402137756348
25	10	丢	15.878281593322754
25	11	了	0.8956741094589233
25	12	。	3.20792293548584
26	1	那	7.3126373291015625
26	2	个	7.139135837554932
26	3	我	8.178204536437988
26	4	教	13.454986572265625
26	5	的	7.106208801269531
26	6	孩子	4.636072158813477
26	7	照	13.995359420776367
26	8	的	8.25610065460205
26	9	照片	11.834948539733887
26	10	丢	15.658411979675293
26	11	了	1.011125922203064
26	12	。	2.657392740249634
27	1	那	7.3126373291015625
27	2	台	14.246732711791992
27	3	我们	10.474142074584961
27	4	欣赏	14.877884864807129
27	5	的	4.642305374145508
27	6	老师	12.87348461151123
27	7	用	11.119715690612793
27	8	的	4.882077217102051
27	9	手机	11.10781192779541
27	10	很	12.198500633239746
27	11	好用	17.254514694213867
27	12	。	4.391785144805908
28	1	那	7.3126373291015625
28	2	个	7.139135837554932
28	3	我们	10.490172386169434
28	4	欣赏	14.808655738830566
28	5	的	3.600064992904663
28	6	老师	12.828410148620605
28	7	用	11.904826164245605
28	8	的	4.344477653503418
28	9	手机	11.433670997619629
28	10	很	12.231549263000488
28	11	好用	17.08710479736328
28	12	。	4.640132904052734
29	1	那	7.3126373291015625
29	2	朵	19.342166900634766
29	3	我	10.778987884521484
29	4	关心	13.118277549743652
29	5	的	1.8713570833206177
29	6	邻居	12.303092002868652
29	7	种	15.02523136138916
29	8	的	12.191662788391113
29	9	花	14.314835548400879
29	10	很	7.689788818359375
29	11	好看	13.985877990722656
29	12	。	4.092268943786621
30	1	那	7.3126373291015625
30	2	个	7.139135837554932
30	3	我	8.178204536437988
30	4	关心	13.290781021118164
30	5	的	1.0852768421173096
30	6	邻居	14.426456451416016
30	7	种	16.258224487304688
30	8	的	9.714624404907227
30	9	花	15.306437492370605
30	10	很	7.446957588195801
30	11	好看	13.761327743530273
30	12	。	3.6187498569488525
31	1	那	7.3126373291015625
31	2	台	14.246732711791992
31	3	我	9.099541664123535
31	4	尊敬	19.189422607421875
31	5	的	2.1255335807800293
31	6	科学家	16.271982192993164
31	7	做	11.425955772399902
31	8	的	8.366962432861328
31	9	电视	13.036236763000488
31	10	坏	15.711137771606445
31	11	了	3.7447712421417236
31	12	。	2.632857084274292
32	1	那	7.3126373291015625
32	2	个	7.139135837554932
32	3	我	8.178204536437988
32	4	尊敬	18.98178482055664
32	5	的	0.8475887179374695
32	6	科学家	15.300885200500488
32	7	做	10.727811813354492
32	8	的	7.000741004943848
32	9	电视	13.337310791015625
32	10	坏	16.79910659790039
32	11	了	3.95590877532959
32	12	。	2.7896971702575684
33	1	那	7.3126373291015625
33	2	栋	11.685580253601074
33	3	他	10.241071701049805
33	4	认识	12.380111694335938
33	5	的	5.107857704162598
33	6	男人	9.25341796875
33	7	买	12.123974800109863
33	8	的	6.0307440757751465
33	9	房子	8.259308815002441
33	10	起火	15.94662857055664
33	11	了	3.7328193187713623
33	12	。	2.082401990890503
34	1	那	7.3126373291015625
34	2	个	7.139135837554932
34	3	他	9.338885307312012
34	4	认识	11.346344947814941
34	5	的	4.294474124908447
34	6	男人	9.277667045593262
34	7	买	13.21867561340332
34	8	的	6.0955705642700195
34	9	房子	8.48558521270752
34	10	起火	16.84426498413086
34	11	了	2.9376637935638428
34	12	。	1.4607515335083008
35	1	那	7.3126373291015625
35	2	条	9.182947158813477
35	3	我	10.718270301818848
35	4	欣赏	15.89443302154541
35	5	的	5.725593566894531
35	6	朋友	8.254729270935059
35	7	给	7.270426273345947
35	8	的	12.173782348632812
35	9	建议	9.509054183959961
35	10	很	10.33778190612793
35	11	真诚	14.087563514709473
35	12	。	3.344501495361328
36	1	那	7.3126373291015625
36	2	个	7.139135837554932
36	3	我	8.178204536437988
36	4	欣赏	15.206466674804688
36	5	的	5.0966997146606445
36	6	朋友	7.060811519622803
36	7	给	7.349641799926758
36	8	的	11.985923767089844
36	9	建议	9.523295402526855
36	10	很	11.023661613464355
36	11	真诚	13.899127006530762
36	12	。	3.8688364028930664
37	1	那	7.3126373291015625
37	2	支	12.480785369873047
37	3	我	9.258729934692383
37	4	关心	13.463315963745117
37	5	的	1.3927021026611328
37	6	老师	13.366811752319336
37	7	用	10.74472427368164
37	8	的	5.261939525604248
37	9	笔	14.004460334777832
37	10	坏	11.772154808044434
37	11	了	3.2887160778045654
37	12	。	3.4691951274871826
38	1	那	7.3126373291015625
38	2	个	7.139135837554932
38	3	我	8.178204536437988
38	4	关心	13.290781021118164
38	5	的	1.0852768421173096
38	6	老师	13.46581745147705
38	7	用	11.450900077819824
38	8	的	5.787583351135254
38	9	笔	14.260621070861816
38	10	坏	12.762177467346191
38	11	了	3.4543347358703613
38	12	。	3.2411601543426514
39	1	那	7.3126373291015625
39	2	只	6.700488090515137
39	3	我	11.15494155883789
39	4	帮助	14.67629337310791
39	5	过	5.5506486892700195
39	6	的	7.442305564880371
39	7	女人	10.514981269836426
39	8	丢	18.914445877075195
39	9	的	8.020834922790527
39	10	鞋子	14.711533546447754
39	11	被	9.736490249633789
39	12	找到	9.810494422912598
39	13	了	0.7917446494102478
39	14	。	1.9435430765151978
40	1	那	7.3126373291015625
40	2	个	7.139135837554932
40	3	我	8.178204536437988
40	4	帮助	15.036190032958984
40	5	过	6.625161170959473
40	6	的	5.69210958480835
40	7	女人	10.54179573059082
40	8	丢	18.34830093383789
40	9	的	7.108710289001465
40	10	鞋子	15.18045425415039
40	11	被	9.476837158203125
40	12	找到	9.468901634216309
40	13	了	0.7972789406776428
40	14	。	2.3107988834381104
41	1	那	7.3126373291015625
41	2	条	9.182947158813477
41	3	我	10.718270301818848
41	4	关心	15.013051986694336
41	5	的	1.1216336488723755
41	6	邻居	14.440231323242188
41	7	养	15.881871223449707
41	8	的	5.123816013336182
41	9	狗	13.836224555969238
41	10	生病	15.54338550567627
41	11	了	2.2180967330932617
41	12	。	2.212193250656128
42	1	那	7.3126373291015625
42	2	个	7.139135837554932
42	3	我	8.178204536437988
42	4	关心	13.290781021118164
42	5	的	1.0852768421173096
42	6	邻居	14.426456451416016
42	7	养	16.182409286499023
42	8	的	5.1570000648498535
42	9	狗	13.8467435836792
42	10	生病	15.408916473388672
42	11	了	1.721474289894104
42	12	。	2.3499770164489746
43	1	那	7.3126373291015625
43	2	座	11.827424049377441
43	3	我	11.6962890625
43	4	采访	13.303232192993164
43	5	过	3.5043108463287354
43	6	的	3.6446735858917236
43	7	老人	13.379501342773438
43	8	修	18.660810470581055
43	9	的	4.4707441329956055
43	10	桥	13.578758239746094
43	11	帮助	14.86329174041748
43	12	了	4.651006698608398
43	13	我	1.4918231964111328
43	14	。	6.364326477050781
44	1	那	7.3126373291015625
44	2	个	7.139135837554932
44	3	我	8.178204536437988
44	4	采访	13.720656394958496
44	5	过	3.5891950130462646
44	6	的	3.8791298866271973
44	7	老人	13.77756404876709
44	8	修	18.959489822387695
44	9	的	4.498191833496094
44	10	桥	14.7138090133667
44	11	帮助	14.753447532653809
44	12	了	4.452749729156494
44	13	我	2.097194194793701
44	14	。	5.754068374633789
45	1	那	7.3126373291015625
45	2	篇	8.184793472290039
45	3	我	9.280317306518555
45	4	培养	15.51969051361084
45	5	的	3.051792860031128
45	6	学生	11.671154022216797
45	7	准备	13.951217651367188
45	8	的	5.912687301635742
45	9	报告	11.99673080444336
45	10	感动	14.89815616607666
45	11	了	3.5143511295318604
45	12	我	4.919375896453857
45	13	。	5.911229610443115
46	1	那	7.3126373291015625
46	2	个	7.139135837554932
46	3	我	8.178204536437988
46	4	培养	16.21628761291504
46	5	的	3.5475475788116455
46	6	学生	10.797053337097168
46	7	准备	13.933341026306152
46	8	的	6.064304828643799
46	9	报告	13.698888778686523
46	10	感动	15.154985427856445
46	11	了	3.0567924976348877
46	12	我	4.316129207611084
46	13	。	5.778501510620117
47	1	那	7.3126373291015625
47	2	封	12.846224784851074
47	3	我	8.296968460083008
47	4	依赖	16.394493103027344
47	5	的	4.1751389503479
47	6	朋友	7.061709403991699
47	7	写	10.591259956359863
47	8	的	4.871472358703613
47	9	信	11.512994766235352
47	10	很	6.525397300720215
47	11	真诚	13.876193046569824
47	12	。	2.9097297191619873
48	1	那	7.3126373291015625
48	2	个	7.139135837554932
48	3	我	8.178204536437988
48	4	依赖	16.216814041137695
48	5	的	3.9406564235687256
48	6	朋友	7.0744500160217285
48	7	写	11.320884704589844
48	8	的	5.059169769287109
48	9	信	12.628552436828613
48	10	很	6.880122661590576
48	11	真诚	13.726521492004395
48	12	。	2.1295132637023926
49	1	那	7.3126373291015625
49	2	堂	19.29017448425293
49	3	我	13.15955924987793
49	4	认识	11.147930145263672
49	5	的	3.323770761489868
49	6	老师	11.67341136932373
49	7	教	14.737627983093262
49	8	的	9.174510955810547
49	9	课	10.17689323425293
49	10	获	18.791135787963867
49	11	了	4.656566143035889
49	12	奖	14.86878490447998
49	13	。	2.463858127593994
50	1	那	7.3126373291015625
50	2	个	7.139135837554932
50	3	我	8.178204536437988
50	4	认识	10.365705490112305
50	5	的	3.260685682296753
50	6	老师	12.740272521972656
50	7	教	14.05920696258545
50	8	的	9.57547664642334
50	9	课	10.813215255737305
50	10	获	18.08627700805664
50	11	了	4.8874006271362305
50	12	奖	15.133857727050781
50	13	。	2.528393268585205
51	1	那	7.3126373291015625
51	2	块	12.108205795288086
51	3	我	5.260350227355957
51	4	信任	17.329477310180664
51	5	的	2.069964647293091
51	6	医生	9.602176666259766
51	7	喜欢	12.177353858947754
51	8	的	4.339887619018555
51	9	手表	18.365419387817383
51	10	丢	16.94561767578125
51	11	了	0.998525083065033
51	12	。	7.102350234985352
52	1	那	7.3126373291015625
52	2	个	7.139135837554932
52	3	我	8.178204536437988
52	4	信任	17.243206024169922
52	5	的	0.9966955184936523
52	6	医生	10.140249252319336
52	7	喜欢	12.816102981567383
52	8	的	4.035057067871094
52	9	手表	19.041704177856445
52	10	丢	17.079587936401367
52	11	了	0.8983440399169922
52	12	。	6.373916149139404
53	1	那	7.3126373291015625
53	2	篇	8.184793472290039
53	3	她	11.318233489990234
53	4	教	13.78452205657959
53	5	的	7.8882222175598145
53	6	学生	10.317337036132812
53	7	写	8.194441795349121
53	8	的	2.8777916431427
53	9	论文	9.771100997924805
53	10	感动	13.683671951293945
53	11	了	5.61655855178833
53	12	我	6.279969215393066
53	13	。	6.717757701873779
54	1	那	7.3126373291015625
54	2	个	7.139135837554932
54	3	她	12.711602210998535
54	4	教	13.719948768615723
54	5	的	8.404302597045898
54	6	学生	8.864872932434082
54	7	写	10.124541282653809
54	8	的	4.28171968460083
54	9	论文	10.393367767333984
54	10	感动	13.72712516784668
54	11	了	4.762129306793213
54	12	我	5.874026775360107
54	13	。	6.307020664215088
55	1	那	7.3126373291015625
55	2	场	8.878581047058105
55	3	我	9.208192825317383
55	4	听说	10.786598205566406
55	5	过	2.5372889041900635
55	6	的	3.641897439956665
55	7	演员	13.57198429107666
55	8	准备	14.131769180297852
55	9	的	7.1354451179504395
55	10	表演	11.985284805297852
55	11	很	8.569646835327148
55	12	受	8.787001609802246
55	13	欢迎	3.9504404067993164
55	14	。	3.78291392326355
56	1	那	7.3126373291015625
56	2	个	7.139135837554932
56	3	我	8.178204536437988
56	4	听说	11.010729789733887
56	5	过	2.6277015209198
56	6	的	4.409733772277832
56	7	演员	13.994549751281738
56	8	准备	13.748087882995605
56	9	的	7.436970233917236
56	10	表演	12.180737495422363
56	11	很	8.04246997833252
56	12	受	8.84719467163086
56	13	欢迎	4.164375305175781
56	14	。	2.995373010635376
57	1	那	7.3126373291015625
57	2	间	13.492788314819336
57	3	我	5.551443099975586
57	4	采访	13.238205909729004
57	5	过	2.7063355445861816
57	6	的	4.405229091644287
57	7	警察	12.960783004760742
57	8	工作	10.095680236816406
57	9	的	6.0502119064331055
57	10	办公室	9.985153198242188
57	11	起火	16.58570098876953
57	12	了	3.0344607830047607
57	13	。	3.4089574813842773
58	1	那	7.3126373291015625
58	2	个	7.139135837554932
58	3	我	8.178204536437988
58	4	采访	13.720656394958496
58	5	过	3.5891950130462646
58	6	的	3.8791298866271973
58	7	警察	13.484855651855469
58	8	工作	10.377242088317871
58	9	的	5.772636890411377
58	10	办公室	10.679140090942383
58	11	起火	16.42133331298828
58	12	了	2.704990863800049
58	13	。	2.6245648860931396
59	1	那	7.3126373291015625
59	2	首	11.526004791259766
59	3	他	16.610445022583008
59	4	培养	16.054895401000977
59	5	的	5.730104923248291
59	6	孩子	7.823638439178467
59	7	写	12.061201095581055
59	8	的	6.400834560394287
59	9	诗	13.034446716308594
59	10	很	9.446439743041992
59	11	有趣	8.559720993041992
59	12	。	2.6777024269104004
60	1	那	7.3126373291015625
60	2	个	7.139135837554932
60	3	他	9.338885307312012
60	4	培养	16.969341278076172
60	5	的	4.08852481842041
60	6	孩子	7.013973712921143
60	7	写	12.985064506530762
60	8	的	5.309556484222412
60	9	诗	13.575228691101074
60	10	很	8.972610473632812
60	11	有趣	8.533039093017578
60	12	。	2.904883861541748
61	1	那	7.3126373291015625
61	2	家	9.087579727172852
61	3	我	6.691701889038086
61	4	依赖	15.54892635345459
61	5	的	4.978600025177002
61	6	朋友	7.37300968170166
61	7	去	6.757136344909668
61	8	的	8.370408058166504
61	9	银行	12.786761283874512
61	10	帮助	11.23059368133545
61	11	了	6.478694915771484
61	12	我	1.9423834085464478
61	13	。	5.452878952026367
62	1	那	7.3126373291015625
62	2	个	7.139135837554932
62	3	我	8.178204536437988
62	4	依赖	16.216814041137695
62	5	的	3.9406564235687256
62	6	朋友	7.0744500160217285
62	7	去	6.846345901489258
62	8	的	8.150412559509277
62	9	银行	13.64513874053955
62	10	帮助	11.327532768249512
62	11	了	6.759073734283447
62	12	我	2.3261196613311768
62	13	。	5.528531074523926
