sentence_id	token_id	token	surprisal
1	1	那	7.688057158319886
1	2	家	10.568608728612393
1	3	我	11.845007634055023
1	4	采访	13.915566193823988
1	5	过	3.404247873950041
1	6	的	1.4323837682669875
1	7	老板	11.356537219144592
1	8	投资	15.633018286473515
1	9	的	10.693702419247785
1	10	饭店	15.725765672838321
1	11	很	11.771941423015932
1	12	受	9.168497152758022
1	13	欢迎	3.224739459703585
1	14	。	1.914723057778616
2	1	那	7.688057158319886
2	2	个	7.924143606102255
2	3	我	9.481297239494783
2	4	采访	13.057973219705165
2	5	过	3.28626472523365
2	6	的	1.1543515847510406
2	7	老板	13.252956577906765
2	8	投资	16.349078850853104
2	9	的	9.861893579546049
2	10	饭店	15.912598816746211
2	11	很	10.838567371705011
2	12	受	9.24697206448667
2	13	欢迎	3.285258744458332
2	14	。	1.6682986282208816
3	1	那	7.688057158319886
3	2	幅	13.024219068605017
3	3	我	10.105072665911273
3	4	介绍	11.519204025600747
3	5	的	3.0848029369077565
3	6	朋友	11.816738174202563
3	7	喜欢	11.337845661331357
3	8	的	7.445300175827768
3	9	画	15.478699054318028
3	10	吸引	15.138607053356765
3	11	了	0.33164978114490395
3	12	我	1.8763487072558291
3	13	。	1.6753318787149283
4	1	那	7.688057158319886
4	2	个	7.924143606102255
4	3	我	9.481297239494783
4	4	介绍	13.158152900769206
4	5	的	2.7652942612299043
4	6	朋友	11.278392623114826
4	7	喜欢	11.260007386896284
4	8	的	7.539647133207339
4	9	画	17.060951876983907
4	10	吸引	15.131909591533955
4	11	了	0.3896665714615324
4	12	我	1.8165884863909127
4	13	。	1.9147910219996191
5	1	那	7.688057158319886
5	2	件	8.664392268553414
5	3	我	9.97537250314755
5	4	喜欢	7.190539540627942
5	5	的	1.5581267365499585
5	6	老师	12.110968914880985
5	7	收藏	17.287128127041996
5	8	的	6.534957972258496
5	9	艺术品	19.35484796576027
5	10	获	14.12977223508534
5	11	了	3.927582432992182
5	12	奖	9.13392930628855
5	13	。	0.3976665504814463
6	1	那	7.688057158319886
6	2	个	7.924143606102255
6	3	我	9.481297239494783
6	4	喜欢	7.973670332244399
6	5	的	2.20251089652119
6	6	老师	11.51450162012027
6	7	收藏	17.387915800432104
6	8	的	6.591679025337427
6	9	艺术品	19.634519189718773
6	10	获	14.70648536629841
6	11	了	4.018996398005896
6	12	奖	8.475427988454484
6	13	。	0.26367244963770986
7	1	那	7.688057158319886
7	2	只	6.55511314699422
7	3	我	10.643434892256053
7	4	认识	10.563821983635616
7	5	的	5.98522877492703
7	6	店长	22.149797737789058
7	7	喜欢	10.746061261630857
7	8	的	14.566280897561882
7	9	宠物	18.907266913238203
7	10	生病	15.789642378930637
7	11	了	3.406736356872017
7	12	。	1.6441329933397668
8	1	那	7.688057158319886
8	2	个	7.924143606102255
8	3	我	9.481297239494783
8	4	认识	10.3273220466065
8	5	的	1.931183959073735
8	6	店长	21.47405139740762
8	7	喜欢	12.227861920486596
8	8	的	7.831118454890344
8	9	宠物	17.831840483510476
8	10	生病	17.38642166654313
8	11	了	2.26234161853705
8	12	。	3.811352943645147
9	1	那	7.688057158319886
9	2	首	11.961971385331545
9	3	我	12.518975211311442
9	4	见	10.514411984312353
9	5	过	2.897332553541517
9	6	的	3.1967325116543606
9	7	明星	13.48699337222422
9	8	唱	15.702126608850229
9	9	的	8.741217460723945
9	10	歌	15.232932147714166
9	11	很	8.900385856444686
9	12	好听	13.951652610137259
9	13	。	0.3397646851884275
10	1	那	7.688057158319886
10	2	个	7.924143606102255
10	3	我	9.481297239494783
10	4	见	11.408638967494223
10	5	过	1.8867109155012471
10	6	的	2.736571269910513
10	7	明星	14.590713465911847
10	8	唱	16.005239884126873
10	9	的	7.473930093073662
10	10	歌	15.24779785299313
10	11	很	8.965587871621182
10	12	好听	13.996511172624949
10	13	。	0.9972684157153537
11	1	那	7.688057158319886
11	2	所	12.632152713327716
11	3	我	9.203523044170385
11	4	认识	10.917212968261751
11	5	的	2.7602432261631336
11	6	老人	14.744936031866494
11	7	去	10.670114593741388
11	8	的	7.161291522518667
11	9	学校	9.637674171607088
11	10	关闭	13.564051670026473
11	11	了	0.8581522350316249
11	12	。	4.151788123640074
12	1	那	7.688057158319886
12	2	个	7.924143606102255
12	3	我	9.481297239494783
12	4	认识	10.3273220466065
12	5	的	1.931183959073735
12	6	老人	15.389795813868488
12	7	去	10.186450511271282
12	8	的	7.251497781060166
12	9	学校	9.650821660946306
12	10	关闭	13.607047774575307
12	11	了	0.9558948270692582
12	12	。	4.0205538488458785
13	1	那	7.688057158319886
13	2	件	8.664392268553414
13	3	我	9.97537250314755
13	4	采访	12.615109538702686
13	5	过	2.848985841201852
13	6	的	0.8589846281556248
13	7	司机	16.604276785473786
13	8	带	9.50086367916682
13	9	的	8.65525048889073
13	10	行李	15.662312525267069
13	11	丢	13.425199625319792
13	12	了	0.7609886135761457
13	13	。	8.700039491152452
14	1	那	7.688057158319886
14	2	个	7.924143606102255
14	3	我	9.481297239494783
14	4	采访	13.057973219705165
14	5	过	3.28626472523365
14	6	的	1.1543515847510406
14	7	司机	15.137075997123027
14	8	带	9.042024835746261
14	9	的	8.924417806765149
14	10	行李	15.453443700288204
14	11	丢	13.015409448989175
14	12	了	0.7622849043480784
14	13	。	7.914596084539866
15	1	那	7.688057158319886
15	2	本	10.455925139166418
15	3	我	11.624150373287321
15	4	喜欢	7.134015523905049
15	5	的	2.232180162106019
15	6	作家	12.043692929536263
15	7	写	10.395436369952925
15	8	的	7.7715723930107075
15	9	书	7.991435732965257
15	10	很	8.30768191447774
15	11	受	7.608959179639172
15	12	欢迎	1.9754408652877942
15	13	。	1.9702632285024464
16	1	那	7.688057158319886
16	2	个	7.924143606102255
16	3	我	9.481297239494783
16	4	喜欢	7.973670332244399
16	5	的	2.20251089652119
16	6	作家	12.79553619165776
16	7	写	10.217799834601252
16	8	的	7.320277035058247
16	9	书	8.063231247130943
16	10	很	7.791015909159384
16	11	受	8.193052513471258
16	12	欢迎	1.9246368822662987
16	13	。	1.8721773551321377
17	1	那	7.688057158319886
17	2	辆	10.531846398279018
17	3	我	11.886404941326564
17	4	介绍	12.576931659700982
17	5	的	2.825501719121476
17	6	朋友	10.7347743539597
17	7	开	11.479256486904006
17	8	的	7.273813807087905
17	9	车	7.286647923417377
17	10	坏	13.178287954646635
17	11	了	1.556449382717858
17	12	。	5.393227944382247
18	1	那	7.688057158319886
18	2	个	7.924143606102255
18	3	我	9.481297239494783
18	4	介绍	13.158152900769206
18	5	的	2.7652942612299043
18	6	朋友	11.278392623114826
18	7	开	13.163587552976345
18	8	的	7.393756636143465
18	9	车	9.018598145377922
18	10	坏	14.282778746536607
18	11	了	1.4274267021733777
18	12	。	4.048609471471352
19	1	那	7.688057158319886
19	2	份	10.18617444886258
19	3	他	13.5936382532917
19	4	教	11.96241927425016
19	5	的	5.439671295422457
19	6	孩子	6.525220283418058
19	7	做	10.238489925105767
19	8	的	6.258348922033562
19	9	作业	14.202640968087536
19	10	获	16.47561301071488
19	11	了	3.2107878889560766
19	12	奖	11.356400668598525
19	13	。	1.0881594937817454
20	1	那	7.688057158319886
20	2	个	7.924143606102255
20	3	他	12.311503728754989
20	4	教	12.0837594511875
20	5	的	4.765474093412124
20	6	孩子	5.920803318231499
20	7	做	10.231815988210833
20	8	的	6.107680391338178
20	9	作业	15.43012504454343
20	10	获	17.90109696369288
20	11	了	4.457409274573678
20	12	奖	10.57328265973176
20	13	。	1.3515094554107918
21	1	那	7.688057158319886
21	2	份	10.18617444886258
21	3	我	13.404311624402787
21	4	采访	11.650345730964915
21	5	过	4.125285104273544
21	6	的	0.9168236787764314
21	7	老板	13.873963177615288
21	8	制定	15.79164700771259
21	9	的	14.148306010550854
21	10	合同	13.49738657357345
21	11	到期	22.51885243827786
21	12	了	7.341421037323016
21	13	。	4.1048132491100375
22	1	那	7.688057158319886
22	2	个	7.924143606102255
22	3	我	9.481297239494783
22	4	采访	13.057973219705165
22	5	过	3.28626472523365
22	6	的	1.1543515847510406
22	7	老板	13.252956577906765
22	8	制定	16.576031458204326
22	9	的	13.515873439340098
22	10	合同	14.27938166606306
22	11	到期	22.601232124630414
22	12	了	8.194578968390289
22	13	。	3.3081340881346364
23	1	那	7.688057158319886
23	2	间	14.619608075916236
23	3	我	10.850894529991866
23	4	尊敬	19.040204058975
23	5	的	2.0186647768340436
23	6	朋友	9.759379116608926
23	7	开	13.491419031392347
23	8	的	8.836326794704377
23	9	工厂	16.34038711283567
23	10	倒闭	16.17617171287482
23	11	了	3.4666337499037496
23	12	。	0.752952768541391
24	1	那	7.688057158319886
24	2	个	7.924143606102255
24	3	我	9.481297239494783
24	4	尊敬	18.239095490124708
24	5	的	1.2015774011309048
24	6	朋友	9.328713056542021
24	7	开	12.838376446364983
24	8	的	7.871625733725253
24	9	工厂	16.15127627233167
24	10	倒闭	16.1833419631605
24	11	了	4.180790168223282
24	12	。	2.4167319474511544
25	1	那	7.688057158319886
25	2	张	9.139576438399388
25	3	我	10.03539153522453
25	4	教	12.716474105824329
25	5	的	4.797508775700557
25	6	孩子	6.041890860961125
25	7	照	15.891293296593034
25	8	的	14.164784470463161
25	9	照片	10.599004122330825
25	10	丢	15.711698766107077
25	11	了	1.3212631980899374
25	12	。	8.366236035303046
26	1	那	7.688057158319886
26	2	个	7.924143606102255
26	3	我	9.481297239494783
26	4	教	13.138641800300018
26	5	的	5.187579296685769
26	6	孩子	6.429269083886943
26	7	照	16.501232302532735
26	8	的	14.482476649161782
26	9	照片	10.955615163251991
26	10	丢	17.330992829984353
26	11	了	1.115494773455012
26	12	。	4.739394607890802
27	1	那	7.688057158319886
27	2	台	13.286305381216454
27	3	我们	11.201436378965038
27	4	欣赏	17.23012980118905
27	5	的	3.0040894501517243
27	6	老师	14.130524234218207
27	7	用	10.285469329175143
27	8	的	9.239897341758834
27	9	手机	14.092140194594336
27	10	很	10.309634472793249
27	11	好用	15.73104949530186
27	12	。	0.561844087495075
28	1	那	7.688057158319886
28	2	个	7.924143606102255
28	3	我们	11.890306313840544
28	4	欣赏	15.500538318420357
28	5	的	1.269105541514854
28	6	老师	14.699202416774988
28	7	用	10.14601799910195
28	8	的	8.196200268131747
28	9	手机	14.411680448989216
28	10	很	10.464351431782461
28	11	好用	16.037243132715517
28	12	。	3.0507691710582634
29	1	那	7.688057158319886
29	2	朵	22.08217454142197
29	3	我	5.8688604258469255
29	4	关心	14.149474332782013
29	5	的	8.926654722217933
29	6	邻居	15.597654783070098
29	7	种	15.650180271261704
29	8	的	7.483278243676793
29	9	花	11.971792607714391
29	10	很	7.721192903037178
29	11	好看	13.564468612388808
29	12	。	0.6298850456427374
30	1	那	7.688057158319886
30	2	个	7.924143606102255
30	3	我	9.481297239494783
30	4	关心	11.745134851215791
30	5	的	0.7180732815406685
30	6	邻居	14.864030446291594
30	7	种	15.776109111183004
30	8	的	10.651189809049825
30	9	花	10.514622978653875
30	10	很	8.962670480794188
30	11	好看	15.377188813843404
30	12	。	15.172767373394421
31	1	那	7.688057158319886
31	2	台	13.286305381216454
31	3	我	9.327179662098349
31	4	尊敬	19.368003740202944
31	5	的	4.277921214191494
31	6	科学家	14.821979670454375
31	7	做	11.296636559358532
31	8	的	6.654035552658243
31	9	电视	14.978508258612635
31	10	坏	15.40909871164503
31	11	了	3.226464869313645
31	12	。	2.7758731036897757
32	1	那	7.688057158319886
32	2	个	7.924143606102255
32	3	我	9.481297239494783
32	4	尊敬	18.239095490124708
32	5	的	1.2015774011309048
32	6	科学家	15.058246517149435
32	7	做	10.595260519292147
32	8	的	7.910502172544753
32	9	电视	15.576247280236572
32	10	坏	15.670775684831526
32	11	了	2.0391617154939325
32	12	。	3.218919867506372
33	1	那	7.688057158319886
33	2	栋	12.29007706330097
33	3	他	13.756938291746309
33	4	认识	12.268663638512159
33	5	的	3.9828642343259375
33	6	男人	7.9709586936892975
33	7	买	11.5365755916554
33	8	的	7.846722040233644
33	9	房子	9.205983545883214
33	10	起火	14.208568524687564
33	11	了	6.6969143167279555
33	12	。	4.410409666200508
34	1	那	7.688057158319886
34	2	个	7.924143606102255
34	3	他	12.311503728754989
34	4	认识	10.41871731877212
34	5	的	2.1953255334611725
34	6	男人	8.874203634446225
34	7	买	13.199954168951535
34	8	的	8.954119878181338
34	9	房子	9.25320850276934
34	10	起火	15.783674832130828
34	11	了	6.239720082937865
34	12	。	3.8408253388168845
35	1	那	7.688057158319886
35	2	条	9.831482258949755
35	3	我	9.683371681077041
35	4	欣赏	16.913523201199993
35	5	的	2.963605567609953
35	6	朋友	11.71701343452149
35	7	给	7.745402289590629
35	8	的	13.481241338407742
35	9	建议	11.004068292180733
35	10	很	10.31598028227829
35	11	真诚	12.268112470777211
35	12	。	1.4229481210532384
36	1	那	7.688057158319886
36	2	个	7.924143606102255
36	3	我	9.481297239494783
36	4	欣赏	15.692018143709351
36	5	的	1.367924425545688
36	6	朋友	9.775503050203675
36	7	给	7.742026798983737
36	8	的	13.37889740792346
36	9	建议	11.151181486163878
36	10	很	10.352929142499434
36	11	真诚	11.670532142315565
36	12	。	2.733529712906872
37	1	那	7.688057158319886
37	2	支	13.571467852584313
37	3	我	11.529600704137636
37	4	关心	12.659494766561167
37	5	的	0.9368376350364187
37	6	老师	13.679973691522115
37	7	用	9.860937566674394
37	8	的	8.496175507809596
37	9	笔	14.114620356251535
37	10	坏	14.964240180746756
37	11	了	2.753244586173551
37	12	。	4.048118962837094
38	1	那	7.688057158319886
38	2	个	7.924143606102255
38	3	我	9.481297239494783
38	4	关心	11.745134851215791
38	5	的	0.7180732815406685
38	6	老师	13.992812571635177
38	7	用	10.236843719291166
38	8	的	8.206630575971218
38	9	笔	14.297431306854804
38	10	坏	15.025830574864628
38	11	了	2.763323881108917
38	12	。	2.7481957635757652
39	1	那	7.688057158319886
39	2	只	6.55511314699422
39	3	我	10.643434892256053
39	4	帮助	14.479281590715576
39	5	过	7.116792640645571
39	6	的	7.775958564869931
39	7	女人	12.429501534376634
39	8	丢	17.014559798451714
39	9	的	9.757697066249037
39	10	鞋子	19.904376422356137
39	11	被	10.592442919870294
39	12	找到	10.86824751485895
39	13	了	1.364421894274784
39	14	。	1.4777029699257866
40	1	那	7.688057158319886
40	2	个	7.924143606102255
40	3	我	9.481297239494783
40	4	帮助	13.505391640929876
40	5	过	8.527551858324614
40	6	的	3.297460050831532
40	7	女人	10.23972793722092
40	8	丢	16.6277985285516
40	9	的	9.793375714331631
40	10	鞋子	19.76630499390062
40	11	被	10.009201877598173
40	12	找到	10.98085459421057
40	13	了	0.9884611997962338
40	14	。	3.114596150802413
41	1	那	7.688057158319886
41	2	条	9.831482258949755
41	3	我	9.683371681077041
41	4	关心	14.456686425059651
41	5	的	1.386416343266525
41	6	邻居	15.526120184021543
41	7	养	17.474106060378375
41	8	的	7.765604503634762
41	9	狗	12.498306624257452
41	10	生病	15.40592622877351
41	11	了	2.3507300265240616
41	12	。	2.6275656043559508
42	1	那	7.688057158319886
42	2	个	7.924143606102255
42	3	我	9.481297239494783
42	4	关心	11.745134851215791
42	5	的	0.7180732815406685
42	6	邻居	14.864030446291594
42	7	养	17.511513886387007
42	8	的	7.774796560246102
42	9	狗	12.966704686751413
42	10	生病	14.530907436080355
42	11	了	2.978695856151816
42	12	。	2.5808458900742153
43	1	那	7.688057158319886
43	2	座	12.532101422733685
43	3	我	12.409341719537903
43	4	采访	13.698609293147683
43	5	过	3.99254638390439
43	6	的	0.9180282731242144
43	7	老人	11.306932013191016
43	8	修	16.977907363601247
43	9	的	6.974700941445661
43	10	桥	14.556194704829423
43	11	帮助	13.513658365905016
43	12	了	1.4897757998038088
43	13	我	3.6211354468960053
43	14	。	1.8106515985910079
44	1	那	7.688057158319886
44	2	个	7.924143606102255
44	3	我	9.481297239494783
44	4	采访	13.057973219705165
44	5	过	3.28626472523365
44	6	的	1.1543515847510406
44	7	老人	13.30839514526079
44	8	修	16.97158774563689
44	9	的	7.288597547924482
44	10	桥	14.849533138336653
44	11	帮助	13.231002818208935
44	12	了	1.6917141480349187
44	13	我	3.2847366168635403
44	14	。	2.7123413681366486
45	1	那	7.688057158319886
45	2	篇	8.657334215702399
45	3	我	9.21685388023458
45	4	培养	17.886133664400226
45	5	的	4.09044416064863
45	6	学生	11.070106434948904
45	7	准备	12.461731857535653
45	8	的	14.150309282348957
45	9	报告	14.575886807855099
45	10	感动	15.410056284343696
45	11	了	3.2106479836822928
45	12	我	6.915806225651352
45	13	。	4.635382752964901
46	1	那	7.688057158319886
46	2	个	7.924143606102255
46	3	我	9.481297239494783
46	4	培养	17.923262349668125
46	5	的	2.5037828161763898
46	6	学生	11.269621273686198
46	7	准备	12.63396910865221
46	8	的	13.95933455090811
46	9	报告	15.657716908184426
46	10	感动	15.98385466707002
46	11	了	3.249411419595603
46	12	我	6.614192840359209
46	13	。	4.3377167627022715
47	1	那	7.688057158319886
47	2	封	13.175036747428777
47	3	我	10.481478527472941
47	4	依赖	15.999417273056242
47	5	的	3.23151836773156
47	6	朋友	9.295735988873112
47	7	写	10.191531061570451
47	8	的	6.747821021485706
47	9	信	12.530546785473675
47	10	很	8.712519371129517
47	11	真诚	12.064277406888152
47	12	。	1.2803879711453874
48	1	那	7.688057158319886
48	2	个	7.924143606102255
48	3	我	9.481297239494783
48	4	依赖	16.664994723392464
48	5	的	3.2046038599395175
48	6	朋友	9.132275106015214
48	7	写	10.544577329740683
48	8	的	6.474535948309267
48	9	信	12.646086580843004
48	10	很	9.306318624409897
48	11	真诚	12.004600220917538
48	12	。	1.2789194833077033
49	1	那	7.688057158319886
49	2	堂	21.62019064693226
49	3	我	11.522970733712842
49	4	认识	10.741958217999226
49	5	的	7.994118854867921
49	6	老师	16.394198806305667
49	7	教	14.536662240386548
49	8	的	9.797130706117116
49	9	课	13.84272844038459
49	10	获	17.224525022461663
49	11	了	3.737541871154008
49	12	奖	11.023254680642339
49	13	。	0.9685971163492013
50	1	那	7.688057158319886
50	2	个	7.924143606102255
50	3	我	9.481297239494783
50	4	认识	10.3273220466065
50	5	的	1.931183959073735
50	6	老师	14.043624846622734
50	7	教	13.737523771230222
50	8	的	11.109704463283833
50	9	课	14.915503400345528
50	10	获	17.60596101730833
50	11	了	3.8354453183662116
50	12	奖	10.855357497098254
50	13	。	0.8530171360043113
51	1	那	7.688057158319886
51	2	块	13.048125206409392
51	3	我	9.402697373757977
51	4	信任	18.98703217845315
51	5	的	2.372535626132958
51	6	医生	12.068110496581482
51	7	喜欢	11.41881727127727
51	8	的	7.733960582800904
51	9	手表	15.570434171288753
51	10	丢	15.862668553335354
51	11	了	1.2557068071961623
51	12	。	9.233828342950744
52	1	那	7.688057158319886
52	2	个	7.924143606102255
52	3	我	9.481297239494783
52	4	信任	17.83333609170423
52	5	的	1.469217073676944
52	6	医生	11.899689503272214
52	7	喜欢	11.367725660446148
52	8	的	7.6340342595172785
52	9	手表	16.575793255503584
52	10	丢	16.261300254611925
52	11	了	1.1757455542772277
52	12	。	10.178788510696194
53	1	那	7.688057158319886
53	2	篇	8.657334215702399
53	3	她	12.688589789308363
53	4	教	12.527106204279189
53	5	的	6.05003024017892
53	6	学生	7.710491902534109
53	7	写	9.483841652236812
53	8	的	6.67416531132011
53	9	论文	12.295222110785502
53	10	感动	14.533444725905525
53	11	了	2.7625205598750426
53	12	我	8.132803533069776
53	13	。	5.22195279079871
54	1	那	7.688057158319886
54	2	个	7.924143606102255
54	3	她	13.082577070579205
54	4	教	12.606213623796542
54	5	的	5.324345634468045
54	6	学生	8.176304952392421
54	7	写	10.242410987777902
54	8	的	5.842283664487738
54	9	论文	11.915345968794028
54	10	感动	15.351367041092459
54	11	了	2.6801565026528777
54	12	我	7.515219977455814
54	13	。	3.7899550717901036
55	1	那	7.688057158319886
55	2	场	8.522938198017261
55	3	我	11.914400528116055
55	4	听说	10.638265958183279
55	5	过	3.313663158127092
55	6	的	4.567740188540917
55	7	演员	14.464977895675439
55	8	准备	12.528899850484386
55	9	的	9.644804892894328
55	10	表演	11.051986003039502
55	11	很	9.187122148285837
55	12	受	8.417688183295951
55	13	欢迎	3.3524831795451604
55	14	。	1.3900831911646776
56	1	那	7.688057158319886
56	2	个	7.924143606102255
56	3	我	9.481297239494783
56	4	听说	11.117649528644055
56	5	过	3.057431298748824
56	6	的	4.3566703559030415
56	7	演员	15.571850886312326
56	8	准备	12.97589783550854
56	9	的	13.222913099447865
56	10	表演	13.182926866783134
56	11	很	10.87167763007146
56	12	受	8.787294551861308
56	13	欢迎	2.232725913663913
56	14	。	3.6769542853995176
57	1	那	7.688057158319886
57	2	间	14.619608075916236
57	3	我	10.850894529991866
57	4	采访	13.955129188258972
57	5	过	3.3943982975341953
57	6	的	1.3117930013667305
57	7	警察	13.075352019476213
57	8	工作	12.911062834091183
57	9	的	4.6860309744856465
57	10	办公室	12.790747250539667
57	11	起火	15.588926071304883
57	12	了	3.2045795930529835
57	13	。	6.45743825287191
58	1	那	7.688057158319886
58	2	个	7.924143606102255
58	3	我	9.481297239494783
58	4	采访	13.057973219705165
58	5	过	3.28626472523365
58	6	的	1.1543515847510406
58	7	警察	13.379543846026962
58	8	工作	13.3593108934923
58	9	的	6.634032895337214
58	10	办公室	11.482092041979897
58	11	起火	15.613487483865953
58	12	了	3.0983669760909436
58	13	。	7.296119968854839
59	1	那	7.688057158319886
59	2	首	11.961971385331545
59	3	他	13.130137002349912
59	4	培养	16.421865918729615
59	5	的	3.573199928562431
59	6	孩子	9.484192112488202
59	7	写	11.122173361630253
59	8	的	6.0057785884461055
59	9	诗	11.853112216351235
59	10	很	10.126676708443469
59	11	有趣	7.733618798436211
59	12	。	1.3376023258466603
60	1	那	7.688057158319886
60	2	个	7.924143606102255
60	3	他	12.311503728754989
60	4	培养	16.3079291971673
60	5	的	2.2798440411956804
60	6	孩子	7.982904683956107
60	7	写	11.00579787949394
60	8	的	6.212171837057454
60	9	诗	14.981048710392287
60	10	很	8.27574982642345
60	11	有趣	7.989745773382751
60	12	。	1.742015529119925
61	1	那	7.688057158319886
61	2	家	10.568608728612393
61	3	我	11.845007634055023
61	4	依赖	16.12998017521411
61	5	的	4.977049280373116
61	6	朋友	7.97265332682187
61	7	去	9.738669382810698
61	8	的	10.749454599768342
61	9	银行	10.779721888283134
61	10	帮助	9.433969817621033
61	11	了	4.019122306633847
61	12	我	3.255588593454462
61	13	。	2.548038053632567
62	1	那	7.688057158319886
62	2	个	7.924143606102255
62	3	我	9.481297239494783
62	4	依赖	16.664994723392464
62	5	的	3.2046038599395175
62	6	朋友	9.132275106015214
62	7	去	9.315489528532908
62	8	的	10.6078359863482
62	9	银行	11.550737489114937
62	10	帮助	9.4240008990365
62	11	了	4.0778373116755375
62	12	我	3.2441093423927327
62	13	。	2.525643721768944
