sentence_id	token_id	token	surprisal
1	1	那	7.688057374295153
1	2	家	10.568611134215395
1	3	认识	15.829348545636815
1	4	我	6.743941118694551
1	5	的	1.7091011935989968
1	6	老板	10.870759070909202
1	7	投资	15.773663366511613
1	8	的	10.652413814911426
1	9	饭店	16.02595187149943
1	10	很	11.029681155428037
1	11	受	8.866349920511041
1	12	欢迎	3.3096936769962753
1	13	。	1.094281357789555
2	1	那	7.688057374295153
2	2	个	7.9241479331289595
2	3	认识	13.470623616806972
2	4	我	6.580225311491194
2	5	的	0.8266463325429783
2	6	老板	12.87051454466765
2	7	投资	16.326943023620373
2	8	的	9.781580876316113
2	9	饭店	15.925839147636879
2	10	很	10.349607201670295
2	11	受	8.981756801549153
2	12	欢迎	3.314461296702717
2	13	。	0.882945361161191
3	1	那	7.688057374295153
3	2	幅	13.024224293307608
3	3	帮助	13.716560372713651
3	4	过	12.068208283599425
3	5	我	3.299860555480805
3	6	的	0.7858312000621339
3	7	朋友	6.339185868688546
3	8	喜欢	10.64242014795851
3	9	的	9.034193279474053
3	10	画	15.45307549988732
3	11	吸引	14.623996549078086
3	12	了	0.2556435347426884
3	13	我	1.305338937429653
3	14	。	2.0781581663678708
4	1	那	7.688057374295153
4	2	个	7.9241479331289595
4	3	帮助	12.734246931612997
4	4	过	12.743748401338781
4	5	我	2.659202004864646
4	6	的	0.7206283247027514
4	7	朋友	6.5290115260938535
4	8	喜欢	10.539836788208746
4	9	的	10.289648149422
4	10	画	17.822188933527073
4	11	吸引	15.220775280557191
4	12	了	0.44274536615085935
4	13	我	1.1377536605958483
4	14	。	2.1807429986276503
5	1	那	7.688057374295153
5	2	件	8.6643979142112
5	3	教	15.323957787536948
5	4	过	10.076888116137571
5	5	我	3.1091847791586176
5	6	的	1.4959825823469117
5	7	老师	11.83597873572932
5	8	收藏	17.51101858612482
5	9	的	4.523570424620175
5	10	艺术品	17.538528655710664
5	11	获	13.985577603126018
5	12	了	3.7222395168151223
5	13	奖	11.606179949232853
5	14	。	0.6095235345331531
6	1	那	7.688057374295153
6	2	个	7.9241479331289595
6	3	教	14.749723013772961
6	4	过	11.318710931312719
6	5	我	3.9861677777642157
6	6	的	1.3207988250770555
6	7	老师	12.177279154934219
6	8	收藏	17.555777519343373
6	9	的	7.850259935398327
6	10	艺术品	19.787893451256053
6	11	获	14.086669100723086
6	12	了	5.17291612879616
6	13	奖	10.044230833919542
6	14	。	0.7976848396858145
7	1	那	7.688057374295153
7	2	只	6.555114959873529
7	3	认识	13.222424326569142
7	4	我	5.394735799941472
7	5	的	1.7968760567959947
7	6	店长	19.347660568002347
7	7	喜欢	17.643823279682223
7	8	的	15.896722936693408
7	9	宠物	19.393407683647226
7	10	生病	15.510488447950536
7	11	了	5.600405242970069
7	12	。	0.5294406624302042
8	1	那	7.688057374295153
8	2	个	7.9241479331289595
8	3	认识	13.470623616806972
8	4	我	6.580225311491194
8	5	的	0.8266463325429783
8	6	店长	21.002498739884793
8	7	喜欢	12.47684161078125
8	8	的	14.622795965000421
8	9	宠物	18.673803151508935
8	10	生病	16.09506113512836
8	11	了	4.028915737436606
8	12	。	1.5415181718780815
9	1	那	7.688057374295153
9	2	首	11.961976546561317
9	3	热爱	13.873401027348496
9	4	艺术	7.53113838962917
9	5	的	0.8143163102482802
9	6	明星	10.79911097439554
9	7	唱	16.439697138993914
9	8	的	10.070181423875866
9	9	歌	13.818739648898472
9	10	很	10.447332638330693
9	11	好听	13.440234128243333
9	12	。	0.6395282622615213
10	1	那	7.688057374295153
10	2	个	7.9241479331289595
10	3	热爱	13.476486183434478
10	4	艺术	7.17728550246321
10	5	的	0.629681674994444
10	6	明星	10.803120371978665
10	7	唱	16.561129168209774
10	8	的	9.030844795760316
10	9	歌	13.750058433734878
10	10	很	10.11717144844468
10	11	好听	13.38163028830894
10	12	。	0.5902612038907336
11	1	那	7.688057374295153
11	2	所	12.63215679441982
11	3	学习	14.361854144190392
11	4	历史	10.37058984393228
11	5	的	1.037143057765583
11	6	老人	9.959640041713833
11	7	去	11.057366125547638
11	8	的	10.293716961277624
11	9	学校	7.8605129025282565
11	10	关闭	14.083511970823466
11	11	了	1.8210309471315753
11	12	。	3.3156629515359413
12	1	那	7.688057374295153
12	2	个	7.9241479331289595
12	3	学习	14.97935961566876
12	4	历史	9.760165593407866
12	5	的	0.9581512480551666
12	6	老人	11.100428166559858
12	7	去	10.77330463307213
12	8	的	10.254881598861857
12	9	学校	8.166381689059023
12	10	关闭	14.018344656759936
12	11	了	2.0479076048563343
12	12	。	3.3847359740359906
13	1	那	7.688057374295153
13	2	件	8.6643979142112
13	3	帮助	14.101452659830429
13	4	过	11.24526252210092
13	5	我	2.828661121046089
13	6	的	0.7683393691719829
13	7	司机	15.633182083264401
13	8	带	9.706012233312066
13	9	的	9.691222336353206
13	10	行李	16.367387407611787
13	11	丢	13.519997420947945
13	12	了	0.8572311910430983
13	13	。	7.2877258618486
14	1	那	7.688057374295153
14	2	个	7.9241479331289595
14	3	帮助	12.734246931612997
14	4	过	12.743748401338781
14	5	我	2.659202004864646
14	6	的	0.7206283247027514
14	7	司机	14.84032482057809
14	8	带	9.347867093827567
14	9	的	9.984093294666366
14	10	行李	16.18625391556138
14	11	丢	13.28741737850018
14	12	了	0.7701974792852724
14	13	。	6.241627726820241
15	1	那	7.688057374295153
15	2	本	10.455930346074052
15	3	学习	15.495423968026472
15	4	文学	11.80282705022448
15	5	的	1.3008082704583117
15	6	作家	8.505283457167486
15	7	写	10.593007385602668
15	8	的	8.031434037706816
15	9	书	9.226392008488233
15	10	很	8.643797906572843
15	11	受	7.579712816093519
15	12	欢迎	1.828102933178016
15	13	。	1.3298096538908055
16	1	那	7.688057374295153
16	2	个	7.9241479331289595
16	3	学习	14.97935961566876
16	4	文学	13.066245910500594
16	5	的	1.1510320976131183
16	6	作家	9.433140107231281
16	7	写	10.653074092680683
16	8	的	7.558411753436175
16	9	书	9.430181734249345
16	10	很	8.23987429541603
16	11	受	8.248108185340499
16	12	欢迎	1.8443507312217662
16	13	。	1.4183540068743667
17	1	那	7.688057374295153
17	2	辆	10.531849901144362
17	3	支持	14.213345326183482
17	4	环保	14.69067853322268
17	5	的	3.0139650747697218
17	6	朋友	10.708103974275318
17	7	开	11.178128780992502
17	8	的	7.829961764316238
17	9	车	8.323611882961941
17	10	坏	14.83504920398856
17	11	了	1.3890382659190976
17	12	。	5.28724529688202
18	1	那	7.688057374295153
18	2	个	7.9241479331289595
18	3	支持	12.809807891614472
18	4	环保	14.134687754102213
18	5	的	1.860598488615139
18	6	朋友	10.75773756527061
18	7	开	12.510963783666256
18	8	的	8.072642884068216
18	9	车	9.98203711320997
18	10	坏	15.794156769306113
18	11	了	1.1596421512120827
18	12	。	4.968392218298504
19	1	那	7.688057374295153
19	2	份	10.18618042525668
19	3	喜欢	13.596390708055768
19	4	书	8.337903505195783
19	5	的	0.5498347468095375
19	6	孩子	6.909735126983087
19	7	做	11.341798986158537
19	8	的	7.520397772431245
19	9	作业	14.547648943760791
19	10	获	16.09813184232401
19	11	了	4.906069079186963
19	12	奖	8.576372370280183
19	13	。	0.9491086434308045
20	1	那	7.688057374295153
20	2	个	7.9241479331289595
20	3	喜欢	12.473586551147125
20	4	书	8.63709880238493
20	5	的	0.4188834872050009
20	6	孩子	4.769115059757233
20	7	做	11.032014684397865
20	8	的	6.728540832502226
20	9	作业	14.985213004285661
20	10	获	16.80650636572537
20	11	了	5.538842407156665
20	12	奖	8.615019868758424
20	13	。	1.0054069002467827
21	1	那	7.688057374295153
21	2	份	10.18618042525668
21	3	认识	14.55808213795822
21	4	我	8.171032196520876
21	5	的	0.9130369863825081
21	6	老板	13.537065792496065
21	7	制定	15.994775365891158
21	8	的	14.724878003177082
21	9	合同	13.340450538729499
21	10	到期	22.533497456914688
21	11	了	7.468097441011011
21	12	。	2.6269437091720533
22	1	那	7.688057374295153
22	2	个	7.9241479331289595
22	3	认识	13.470623616806972
22	4	我	6.580225311491194
22	5	的	0.8266463325429783
22	6	老板	12.87051454466765
22	7	制定	16.70038268443659
22	8	的	13.998725575414014
22	9	合同	14.215429198731329
22	10	到期	22.430571166024265
22	11	了	7.845907679385988
22	12	。	2.484476716437541
23	1	那	7.688057374295153
23	2	间	14.61961217530746
23	3	帮助	13.097356553376091
23	4	过	12.59306067534905
23	5	我	3.225554341864452
23	6	的	1.1151449237747357
23	7	朋友	5.923407941306763
23	8	开	11.926855655144358
23	9	的	8.326751144478933
23	10	工厂	15.07290653319329
23	11	倒闭	17.16375916487401
23	12	了	1.6315576843269355
23	13	。	0.8767037365635417
24	1	那	7.688057374295153
24	2	个	7.9241479331289595
24	3	帮助	12.734246931612997
24	4	过	12.743748401338781
24	5	我	2.659202004864646
24	6	的	0.7206283247027514
24	7	朋友	6.5290115260938535
24	8	开	11.769732618416406
24	9	的	8.043429104227428
24	10	工厂	15.369992053133515
24	11	倒闭	17.333608644925576
24	12	了	1.6329236647449932
24	13	。	0.9445128266923462
25	1	那	7.688057374295153
25	2	张	9.13958045281526
25	3	喜欢	11.63387631938198
25	4	艺术	11.579847726809199
25	5	的	0.800267865997121
25	6	孩子	6.399229108913261
25	7	照	16.2266305683045
25	8	的	13.830962843637664
25	9	照片	11.332095054531777
25	10	丢	14.980585695243278
25	11	了	2.028750813489367
25	12	。	6.304416981975436
26	1	那	7.688057374295153
26	2	个	7.9241479331289595
26	3	喜欢	12.473586551147125
26	4	艺术	11.498677589183227
26	5	的	0.6947331042918492
26	6	孩子	5.542174026088404
26	7	照	16.81377115396314
26	8	的	14.223551894952855
26	9	照片	11.514511646597867
26	10	丢	14.61879043618049
26	11	了	2.398122917468072
26	12	。	6.3202476635663345
27	1	那	7.688057374295153
27	2	台	13.286308411036256
27	3	教	13.73494791869792
27	4	过	11.554761522783934
27	5	我	3.678098797634135
27	6	的	3.0221878874719863
27	7	老师	10.754149990697684
27	8	用	9.721168790392696
27	9	的	8.192065397749673
27	10	手机	14.643502077750526
27	11	很	10.430306394140743
27	12	好用	16.024864998323565
27	13	。	2.557264427607606
28	1	那	7.688057374295153
28	2	个	7.9241479331289595
28	3	教	14.749723013772961
28	4	过	11.318710931312719
28	5	我	3.9861677777642157
28	6	的	1.3207988250770555
28	7	老师	12.177279154934219
28	8	用	9.70091828402736
28	9	的	7.935788502906021
28	10	手机	14.644251346703683
28	11	很	10.639164987199209
28	12	好用	16.150721918161068
28	13	。	2.32935827615529
29	1	那	7.688057374295153
29	2	朵	22.082177022132267
29	3	关心	16.34218209112852
29	4	他	7.462754835862178
29	5	的	1.133334622489123
29	6	邻居	11.659268384025133
29	7	种	16.305159887658746
29	8	的	11.934468612331898
29	9	花	10.378468246763958
29	10	很	10.290483471011925
29	11	好看	13.483201937111318
29	12	。	1.4954200719919868
30	1	那	7.688057374295153
30	2	个	7.9241479331289595
30	3	关心	14.254670944554451
30	4	他	8.053809919136885
30	5	的	0.847103863130684
30	6	邻居	13.406046643208178
30	7	种	16.107801807235482
30	8	的	1.7317289764232555
30	9	花	16.71082719019313
30	10	很	8.497818215971932
30	11	好看	14.245440046553526
30	12	。	0.7572659692092856
31	1	那	7.688057374295153
31	2	台	13.286308411036256
31	3	鼓励	15.36206093752017
31	4	她	11.684774250055398
31	5	的	6.107569035757223
31	6	科学家	12.915239861063007
31	7	做	9.92018242617057
31	8	的	8.771209854941077
31	9	电视	14.885775700478234
31	10	坏	15.986332190626086
31	11	了	4.040588436995932
31	12	。	1.5226665946816809
32	1	那	7.688057374295153
32	2	个	7.9241479331289595
32	3	鼓励	16.603593902738353
32	4	她	12.146505518121955
32	5	的	4.9822202342419715
32	6	科学家	12.944513409095478
32	7	做	11.217422234931902
32	8	的	8.506773351691905
32	9	电视	15.879234889105803
32	10	坏	15.719890290530898
32	11	了	2.4228180413546596
32	12	。	4.016879503174351
33	1	那	7.688057374295153
33	2	栋	12.290078580617084
33	3	认识	16.632101863363165
33	4	父亲	11.994824174411264
33	5	的	0.6356648555878834
33	6	男人	6.873440323627634
33	7	买	11.7883154363561
33	8	的	7.808599802499245
33	9	房子	9.930470360010688
33	10	起火	14.12575774834994
33	11	了	6.54436904505134
33	12	。	4.51790231370363
34	1	那	7.688057374295153
34	2	个	7.9241479331289595
34	3	认识	13.470623616806972
34	4	父亲	11.628520240299547
34	5	的	0.5530835325897385
34	6	男人	5.801292366010394
34	7	买	12.993559131250137
34	8	的	8.521690367926219
34	9	房子	10.128196593569811
34	10	起火	15.65249589253844
34	11	了	6.029358760990988
34	12	。	4.4641407448492885
35	1	那	7.688057374295153
35	2	条	9.831487492274178
35	3	关心	15.69864138441896
35	4	我	6.810911980044473
35	5	的	1.4420438767818808
35	6	朋友	8.380822944419585
35	7	给	7.981440043273331
35	8	的	14.079010481127298
35	9	建议	10.777129762953379
35	10	很	10.461847636008827
35	11	真诚	11.787466723883924
35	12	。	2.047216616231097
36	1	那	7.688057374295153
36	2	个	7.9241479331289595
36	3	关心	14.254670944554451
36	4	我	6.486001448647148
36	5	的	0.9986312995917146
36	6	朋友	7.3230478190467
36	7	给	8.149878640471655
36	8	的	14.017772253748888
36	9	建议	10.778961269186482
36	10	很	10.403331947827382
36	11	真诚	11.391767213121085
36	12	。	2.6670043558919616
37	1	那	7.688057374295153
37	2	支	13.571471143092865
37	3	教	14.907906924100612
37	4	数学	16.955087479605716
37	5	的	2.4247113777945017
37	6	老师	11.417723344927971
37	7	用	8.876696087960653
37	8	的	7.708633156439035
37	9	笔	13.156027873901138
37	10	坏	15.40601387788287
37	11	了	2.3800872035615157
37	12	。	4.3582272637506065
38	1	那	7.688057374295153
38	2	个	7.9241479331289595
38	3	教	14.749723013772961
38	4	数学	17.22965318028334
38	5	的	2.3535522773820574
38	6	老师	11.477831978778198
38	7	用	9.06591220913755
38	8	的	7.3602616027001915
38	9	笔	12.978094784531748
38	10	坏	15.643180570756883
38	11	了	2.505553823919911
38	12	。	3.845373169055904
39	1	那	7.688057374295153
39	2	只	6.555114959873529
39	3	撞	19.720325627173303
39	4	了	2.700380734187462
39	5	我	5.510158152815308
39	6	的	2.2707277760222198
39	7	女人	8.884763564491948
39	8	丢	16.056845617786088
39	9	的	9.254273408714823
39	10	鞋子	18.49317543428012
39	11	被	12.53656101862667
39	12	找到	11.425098794001485
39	13	了	2.5044962406351345
39	14	。	2.3712586028353257
40	1	那	7.688057374295153
40	2	个	7.9241479331289595
40	3	撞	19.215407280442676
40	4	了	6.719177065241951
40	5	我	6.785025039315094
40	6	的	0.6587925502386085
40	7	女人	5.706909417875281
40	8	丢	15.803905062079075
40	9	的	9.711838608817857
40	10	鞋子	19.24452886669863
40	11	被	8.945067451635495
40	12	找到	11.743990195851396
40	13	了	0.7210253122186572
40	14	。	2.452504969165446
41	1	那	7.688057374295153
41	2	条	9.831487492274178
41	3	打扰	18.854840055645777
41	4	了	9.085856489385044
41	5	我	9.901444364427057
41	6	的	1.9824604779817605
41	7	邻居	13.79158922080699
41	8	养	15.880720385965176
41	9	的	2.2314500688500942
41	10	狗	12.063939117878107
41	11	生病	17.009460670453805
41	12	了	0.9908475941592343
41	13	。	4.784967767250194
42	1	那	7.688057374295153
42	2	个	7.9241479331289595
42	3	打扰	19.879666336351818
42	4	了	8.821896816039875
42	5	我	9.538489014684458
42	6	的	1.7045912076663114
42	7	邻居	12.62157984336902
42	8	养	16.216147335697272
42	9	的	3.278246386176491
42	10	狗	12.183940719990531
42	11	生病	17.00164297642145
42	12	了	0.9713012201187325
42	13	。	4.314927794923861
43	1	那	7.688057374295153
43	2	座	12.532105311085509
43	3	写	12.03666770450425
43	4	过	4.926376364958571
43	5	书	6.714343870275741
43	6	的	0.272040387399322
43	7	老人	9.898131006532793
43	8	修	17.041259737013753
43	9	的	6.910857670331225
43	10	桥	15.200921477866885
43	11	帮助	14.577621744508804
43	12	了	1.631901398190891
43	13	我	4.805459136435545
43	14	。	1.7284249775114375
44	1	那	7.688057374295153
44	2	个	7.9241479331289595
44	3	写	11.754381723712736
44	4	过	4.034428870264662
44	5	书	5.625608559083933
44	6	的	0.2613132819853021
44	7	老人	10.311124524788369
44	8	修	16.775707847232482
44	9	的	7.006947514781203
44	10	桥	15.624651878162197
44	11	帮助	14.385360515776895
44	12	了	1.8464288441828671
44	13	我	4.384144920308785
44	14	。	2.2217805952596166
45	1	那	7.688057374295153
45	2	篇	8.65734006723444
45	3	获	14.204267451152603
45	4	奖	7.875011541441069
45	5	的	0.3437820612968494
45	6	学生	8.160055268459367
45	7	准备	11.806660765349747
45	8	的	13.309211159679819
45	9	报告	13.034391223555133
45	10	感动	15.658002481494947
45	11	了	3.369225220580219
45	12	我	8.240651321237152
45	13	。	3.989572253210298
46	1	那	7.688057374295153
46	2	个	7.9241479331289595
46	3	获	15.090767444026078
46	4	奖	7.350493481727121
46	5	的	0.2902768466951997
46	6	学生	7.224691546750151
46	7	准备	11.269444236721526
46	8	的	13.397215306072084
46	9	报告	13.931201626970136
46	10	感动	15.802189127381126
46	11	了	3.550190507739643
46	12	我	8.107882138256585
46	13	。	3.399523209063915
47	1	那	7.688057374295153
47	2	封	13.175041771224087
47	3	依赖	16.023241485744382
47	4	我	5.212349409659701
47	5	的	0.8143924511482012
47	6	朋友	7.385348171845486
47	7	写	10.116048075774202
47	8	的	7.097487192059894
47	9	信	12.826648099864286
47	10	很	8.708375500916205
47	11	真诚	11.952834470564596
47	12	。	1.2803353173177072
48	1	那	7.688057374295153
48	2	个	7.9241479331289595
48	3	依赖	16.139920187312416
48	4	我	6.180949619915051
48	5	的	0.5334384754972277
48	6	朋友	7.400053373711906
48	7	写	10.553279418908964
48	8	的	7.018021132757831
48	9	信	13.043693220604133
48	10	很	9.44581298219434
48	11	真诚	11.784082721324978
48	12	。	1.322839751047681
49	1	那	7.688057374295153
49	2	堂	21.620193420494047
49	3	教	13.527469253232145
49	4	过	10.907327106229367
49	5	我	2.7958578743131355
49	6	的	4.774794721833587
49	7	老师	11.23734044991906
49	8	教	13.262704281598971
49	9	的	10.622803996130429
49	10	课	13.347421420904695
49	11	获	18.352388902202776
49	12	了	5.00860747098946
49	13	奖	10.4269459379164
49	14	。	0.456484433362192
50	1	那	7.688057374295153
50	2	个	7.9241479331289595
50	3	教	14.749723013772961
50	4	过	11.318710931312719
50	5	我	3.9861677777642157
50	6	的	1.3207988250770555
50	7	老师	12.177279154934219
50	8	教	13.141330834340486
50	9	的	8.819074591193768
50	10	课	12.356542215481454
50	11	获	17.449724755497144
50	12	了	3.4255780508403433
50	13	奖	12.50690684859893
50	14	。	0.6632993829886971
51	1	那	7.688057374295153
51	2	块	13.04812880837531
51	3	喜欢	12.321654072560715
51	4	音乐	10.272509440372552
51	5	的	0.5026821935636363
51	6	医生	11.28152958551474
51	7	喜欢	11.554317628344776
51	8	的	11.280833655730106
51	9	手表	18.18804148175299
51	10	丢	16.997573514786254
51	11	了	1.882985475221247
51	12	。	4.784070828048868
52	1	那	7.688057374295153
52	2	个	7.9241479331289595
52	3	喜欢	12.473586551147125
52	4	音乐	10.069426286009762
52	5	的	0.44518679744338385
52	6	医生	10.789135909748076
52	7	喜欢	11.455425116354505
52	8	的	11.828909632915476
52	9	手表	18.792223209710173
52	10	丢	17.313634646584035
52	11	了	1.288748479223301
52	12	。	5.311369097569198
53	1	那	7.688057374295153
53	2	篇	8.65734006723444
53	3	获	14.204267451152603
53	4	奖	7.875011541441069
53	5	的	0.3437820612968494
53	6	学生	8.160055268459367
53	7	写	10.733286835702302
53	8	的	7.966939917800644
53	9	论文	13.613027355827882
53	10	感动	14.278103752717243
53	11	了	2.7341752795484666
53	12	我	8.235974391416093
53	13	。	3.8831981087861323
54	1	那	7.688057374295153
54	2	个	7.9241479331289595
54	3	获	15.090767444026078
54	4	奖	7.350493481727121
54	5	的	0.2902768466951997
54	6	学生	7.224691546750151
54	7	写	11.140111508477105
54	8	的	7.315342162631708
54	9	论文	13.220270244609182
54	10	感动	14.479218715292788
54	11	了	2.6464062171917817
54	12	我	7.439831734062295
54	13	。	3.597035396387284
55	1	那	7.688057374295153
55	2	场	8.522943351866658
55	3	参加	12.15089232665018
55	4	过	5.8420409200810575
55	5	比赛	7.322755017140409
55	6	的	0.17074732438214113
55	7	演员	11.465352344965488
55	8	准备	11.151739158082883
55	9	的	13.059798489237963
55	10	表演	11.465904695449822
55	11	很	13.366012342573853
55	12	受	7.511453827841322
55	13	欢迎	1.2223290335612091
55	14	。	4.240473606394417
56	1	那	7.688057374295153
56	2	个	7.9241479331289595
56	3	参加	11.853645618019971
56	4	过	5.112752024842525
56	5	比赛	8.230864837433096
56	6	的	0.11931065550039222
56	7	演员	10.691278599970452
56	8	准备	11.241218265580017
56	9	的	13.456180329724653
56	10	表演	11.598638005933225
56	11	很	13.19664752669911
56	12	受	8.06763560408892
56	13	欢迎	1.1985828384252386
56	14	。	4.753323198170534
57	1	那	7.688057374295153
57	2	间	14.61961217530746
57	3	救	14.976954726328845
57	4	过	8.18009115904232
57	5	我	5.140617695176658
57	6	的	0.7245055849554944
57	7	警察	12.437213700113595
57	8	工作	13.953903546340015
57	9	的	9.700832646981368
57	10	办公室	15.763006626113707
57	11	起火	13.618805212426764
57	12	了	6.2689474440461765
57	13	。	2.3636251637698393
58	1	那	7.688057374295153
58	2	个	7.9241479331289595
58	3	救	15.48511579753151
58	4	过	8.08548186665865
58	5	我	4.431622690138248
58	6	的	0.5108830420406747
58	7	警察	13.148079827412772
58	8	工作	14.121188515919215
58	9	的	9.883980243730434
58	10	办公室	15.40140913157802
58	11	起火	14.453165735344683
58	12	了	5.826641079072871
58	13	。	2.7091793178676653
59	1	那	7.688057374295153
59	2	首	11.961976546561317
59	3	打	13.547944121429811
59	4	游戏	12.624035191400345
59	5	的	0.5926993590050174
59	6	孩子	5.712264771782522
59	7	写	9.880610016488632
59	8	的	5.900885761076559
59	9	诗	15.004979932630945
59	10	很	9.013733755636082
59	11	有趣	8.34255717512822
59	12	。	1.9990127597892382
60	1	那	7.688057374295153
60	2	个	7.9241479331289595
60	3	打	12.794014267447416
60	4	游戏	12.679347880835408
60	5	的	0.388658772471949
60	6	孩子	5.600340429397505
60	7	写	10.530241783362513
60	8	的	5.28573671505076
60	9	诗	15.378029729314314
60	10	很	8.789779662651156
60	11	有趣	8.211954130719405
60	12	。	2.0226167229456564
61	1	那	7.688057374295153
61	2	家	10.568611134215395
61	3	依赖	15.70757058578695
61	4	我	6.7914121164265
61	5	的	1.9686165203749368
61	6	朋友	6.5861550021421
61	7	去	9.744615450783499
61	8	的	10.695576493518509
61	9	银行	11.440717590071799
61	10	帮助	9.536663532221866
61	11	了	4.169494712261141
61	12	我	3.051194162017268
61	13	。	2.5756955316578
62	1	那	7.688057374295153
62	2	个	7.9241479331289595
62	3	依赖	16.139920187312416
62	4	我	6.180949619915051
62	5	的	0.5334384754972277
62	6	朋友	7.400053373711906
62	7	去	9.426863583506403
62	8	的	10.608228694246954
62	9	银行	12.326228382184453
62	10	帮助	9.474118586430194
62	11	了	4.327965580728687
62	12	我	2.9465199200136993
62	13	。	2.4070618865598448
