sentence_id	token_id	token	surprisal
1	1	我	5.782586499337038
1	2	很	6.679386019684191
1	3	喜欢	3.7350718349376795
1	4	一	4.808167565397984
1	5	位	4.131187911814308
1	6	新闻	9.85753067038154
1	7	提到	16.40643460538068
1	8	的	3.0138639911857297
1	9	明星	12.444000676607189
1	10	。	3.5665959582461397
2	1	我	5.782586499337038
2	2	很	6.679386019684191
2	3	喜欢	3.7350718349376795
2	4	一	4.808167565397984
2	5	首	8.561667906519414
2	6	新闻	10.867498969480472
2	7	提到	14.985822561051734
2	8	的	0.7025627407934394
2	9	明星	12.585472381264452
2	10	。	2.0125737458092487
3	1	我	5.782586499337038
3	2	很	6.679386019684191
3	3	喜欢	3.7350718349376795
3	4	一	4.808167565397984
3	5	首	8.561667906519414
3	6	新闻	10.867498969480472
3	7	提到	14.985822561051734
3	8	的	0.7025627407934394
3	9	歌曲	11.634648827497372
3	10	。	1.4465067611082958
4	1	我	5.782586499337038
4	2	很	6.679386019684191
4	3	喜欢	3.7350718349376795
4	4	一	4.808167565397984
4	5	位	4.131187911814308
4	6	新闻	9.85753067038154
4	7	提到	16.40643460538068
4	8	的	3.0138639911857297
4	9	歌曲	13.195744542682178
4	10	。	3.033838958175565
5	1	她	8.324536132943386
5	2	开车	14.314667815331191
5	3	去	5.477855900409363
5	4	了	2.1958894821704114
5	5	一	3.433206667614243
5	6	家	3.8116419671922728
5	7	我	10.132255495678386
5	8	推荐	16.828589145332124
5	9	过	5.271752056051682
5	10	的	1.3329488303308068
5	11	店	11.662276164349834
5	12	。	4.229962549756479
6	1	她	8.324536132943386
6	2	开车	14.314667815331191
6	3	去	5.477855900409363
6	4	了	2.1958894821704114
6	5	一	3.433206667614243
6	6	座	6.835925286529871
6	7	我	11.485682796550755
6	8	推荐	15.493930514894238
6	9	过	4.932224981404644
6	10	的	1.0210738115069802
6	11	店	12.617508889833871
6	12	。	3.3375751888334833
7	1	她	8.324536132943386
7	2	开车	14.314667815331191
7	3	去	5.477855900409363
7	4	了	2.1958894821704114
7	5	一	3.433206667614243
7	6	座	6.835925286529871
7	7	我	11.485682796550755
7	8	推荐	15.493930514894238
7	9	过	4.932224981404644
7	10	的	1.0210738115069802
7	11	山	11.55666644082983
7	12	。	2.211085992762847
8	1	她	8.324536132943386
8	2	开车	14.314667815331191
8	3	去	5.477855900409363
8	4	了	2.1958894821704114
8	5	一	3.433206667614243
8	6	家	3.8116419671922728
8	7	我	10.132255495678386
8	8	推荐	16.828589145332124
8	9	过	5.271752056051682
8	10	的	1.3329488303308068
8	11	山	12.401415361306391
8	12	。	2.997928224335027
9	1	他	6.40879256660523
9	2	有	8.704707261626062
9	3	一	2.9948716824237014
9	4	双	11.63066038873086
9	5	我	13.140673157257407
9	6	穿	11.6385100911372
9	7	坏	14.354877553480428
9	8	了	1.8335857855077649
9	9	的	12.963442377286327
9	10	手套	17.11759576565501
9	11	。	6.4457973113810425
10	1	他	6.40879256660523
10	2	有	8.704707261626062
10	3	一	2.9948716824237014
10	4	枚	11.856533436184758
10	5	我	12.18881582002755
10	6	穿	12.08717228735587
10	7	坏	14.556330411563472
10	8	了	7.942145062787262
10	9	的	0.7389833603151175
10	10	手套	14.597887785794683
10	11	。	6.292935816081027
11	1	他	6.40879256660523
11	2	有	8.704707261626062
11	3	一	2.9948716824237014
11	4	枚	11.856533436184758
11	5	我	12.18881582002755
11	6	穿	12.08717228735587
11	7	坏	14.556330411563472
11	8	了	7.942145062787262
11	9	的	0.7389833603151175
11	10	纽扣	18.454517828141675
11	11	。	7.75276067025861
12	1	他	6.40879256660523
12	2	有	8.704707261626062
12	3	一	2.9948716824237014
12	4	双	11.63066038873086
12	5	我	13.140673157257407
12	6	穿	11.6385100911372
12	7	坏	14.354877553480428
12	8	了	1.8335857855077649
12	9	的	12.963442377286327
12	10	纽扣	19.954296610720803
12	11	。	7.822148107760839
13	1	店长	21.093672867675878
13	2	拿	14.429023114511764
13	3	着	1.0522133642796945
13	4	一	2.6351733359283926
13	5	只	5.620782036713855
13	6	他	13.622336864128314
13	7	买	8.631941960169272
13	8	的	2.0922974657991062
13	9	兔子	15.05762408739318
13	10	。	14.634767955480541
14	1	店长	21.093672867675878
14	2	拿	14.429023114511764
14	3	着	1.0522133642796945
14	4	一	2.6351733359283926
14	5	根	8.06541629684579
14	6	他	14.242498336607476
14	7	买	9.173445231081466
14	8	的	3.00165231929482
14	9	兔子	15.104554650367376
14	10	。	14.416495302024401
15	1	店长	21.093672867675878
15	2	拿	14.429023114511764
15	3	着	1.0522133642796945
15	4	一	2.6351733359283926
15	5	根	8.06541629684579
15	6	他	14.242498336607476
15	7	买	9.173445231081466
15	8	的	3.00165231929482
15	9	萝卜	17.25599168132743
15	10	。	11.946824205290042
16	1	店长	21.093672867675878
16	2	拿	14.429023114511764
16	3	着	1.0522133642796945
16	4	一	2.6351733359283926
16	5	只	5.620782036713855
16	6	他	13.622336864128314
16	7	买	8.631941960169272
16	8	的	2.0922974657991062
16	9	萝卜	17.24675655655578
16	10	。	11.754593506101486
17	1	他	6.40879256660523
17	2	认识	11.433207129066728
17	3	了	4.5048247843277345
17	4	一	4.468012165420426
17	5	名	5.5983062303986735
17	6	我	9.867881976788851
17	7	知道	11.52281414030908
17	8	的	0.7512145912418688
17	9	男孩	10.7842004883937
17	10	。	5.515795263982255
18	1	他	6.40879256660523
18	2	认识	11.433207129066728
18	3	了	4.5048247843277345
18	4	一	4.468012165420426
18	5	本	6.762246966314681
18	6	我	9.515066269183663
18	7	知道	8.937785734316847
18	8	的	0.3041109070848407
18	9	男孩	12.933110521445315
18	10	。	5.937906648491861
19	1	他	6.40879256660523
19	2	认识	11.433207129066728
19	3	了	4.5048247843277345
19	4	一	4.468012165420426
19	5	本	6.762246966314681
19	6	我	9.515066269183663
19	7	知道	8.937785734316847
19	8	的	0.3041109070848407
19	9	小说	11.58255137722076
19	10	。	4.290149342148759
20	1	他	6.40879256660523
20	2	认识	11.433207129066728
20	3	了	4.5048247843277345
20	4	一	4.468012165420426
20	5	名	5.5983062303986735
20	6	我	9.867881976788851
20	7	知道	11.52281414030908
20	8	的	0.7512145912418688
20	9	小说	11.689932760242463
20	10	。	4.046889069634474
21	1	男人	15.732756644447418
21	2	在	4.068947099157652
21	3	扫描	19.57669396698419
21	4	一	5.648165845207863
21	5	篇	8.379096385713034
21	6	我	8.36906283141704
21	7	发	15.050698995236935
21	8	的	0.7714785948870428
21	9	文章	3.5494079049057348
21	10	。	3.3323763485237095
22	1	男人	15.732756644447418
22	2	在	4.068947099157652
22	3	扫描	19.57669396698419
22	4	一	5.648165845207863
22	5	张	7.085065580734771
22	6	我	9.269501126751074
22	7	发	13.948914349738075
22	8	的	0.7268560811763081
22	9	文章	7.605951184521103
22	10	。	3.1911810194437606
23	1	男人	15.732756644447418
23	2	在	4.068947099157652
23	3	扫描	19.57669396698419
23	4	一	5.648165845207863
23	5	张	7.085065580734771
23	6	我	9.269501126751074
23	7	发	13.948914349738075
23	8	的	0.7268560811763081
23	9	图片	9.961267764285509
23	10	。	3.34253713934784
24	1	男人	15.732756644447418
24	2	在	4.068947099157652
24	3	扫描	19.57669396698419
24	4	一	5.648165845207863
24	5	篇	8.379096385713034
24	6	我	8.36906283141704
24	7	发	15.050698995236935
24	8	的	0.7714785948870428
24	9	图片	9.476532951122024
24	10	。	3.6123755246318865
25	1	演员	15.48372680952163
25	2	在	3.7597450845963305
25	3	看	10.186149130392085
25	4	一	5.701491194792357
25	5	张	5.586717571503733
25	6	她	10.037871149399223
25	7	以前	11.75795473588272
25	8	拍	10.29718029587886
25	9	过	3.069570526857902
25	10	的	0.8135374667042186
25	11	照片	7.301063447642392
25	12	。	3.8026028133401866
26	1	演员	15.48372680952163
26	2	在	3.7597450845963305
26	3	看	10.186149130392085
26	4	一	5.701491194792357
26	5	位	4.749565902483241
26	6	她	9.293641201582282
26	7	以前	11.970702871894936
26	8	拍	10.931683398908625
26	9	过	3.0032682088090326
26	10	的	1.0257004785706556
26	11	照片	8.078718376613878
26	12	。	4.223923628998591
27	1	演员	15.48372680952163
27	2	在	3.7597450845963305
27	3	看	10.186149130392085
27	4	一	5.701491194792357
27	5	位	4.749565902483241
27	6	她	9.293641201582282
27	7	以前	11.970702871894936
27	8	拍	10.931683398908625
27	9	过	3.0032682088090326
27	10	的	1.0257004785706556
27	11	老师	7.232452576133994
27	12	。	5.43549112513054
28	1	演员	15.48372680952163
28	2	在	3.7597450845963305
28	3	看	10.186149130392085
28	4	一	5.701491194792357
28	5	张	5.586717571503733
28	6	她	10.037871149399223
28	7	以前	11.75795473588272
28	8	拍	10.29718029587886
28	9	过	3.069570526857902
28	10	的	0.8135374667042186
28	11	老师	8.326083847123982
28	12	。	5.002216785570695
29	1	他	6.40879256660523
29	2	在	4.378416821459375
29	3	修理	15.601236094026019
29	4	一	4.846619998462895
29	5	辆	5.185378256194841
29	6	我	12.751888051289761
29	7	使用	10.089327504014271
29	8	过	8.012936365188828
29	9	的	1.7042610411568404
29	10	汽车	6.089115429444206
29	11	。	3.0293637454640674
30	1	他	6.40879256660523
30	2	在	4.378416821459375
30	3	修理	15.601236094026019
30	4	一	4.846619998462895
30	5	套	6.654001084094634
30	6	我	12.865377090041484
30	7	使用	10.009402383775303
30	8	过	7.565307609919266
30	9	的	1.7586318184484924
30	10	汽车	6.910295172632345
30	11	。	4.1334583214507745
31	1	他	6.40879256660523
31	2	在	4.378416821459375
31	3	修理	15.601236094026019
31	4	一	4.846619998462895
31	5	套	6.654001084094634
31	6	我	12.865377090041484
31	7	使用	10.009402383775303
31	8	过	7.565307609919266
31	9	的	1.7586318184484924
31	10	系统	9.43769672782291
31	11	。	3.7951125458573927
32	1	他	6.40879256660523
32	2	在	4.378416821459375
32	3	修理	15.601236094026019
32	4	一	4.846619998462895
32	5	辆	5.185378256194841
32	6	我	12.751888051289761
32	7	使用	10.089327504014271
32	8	过	8.012936365188828
32	9	的	1.7042610411568404
32	10	系统	10.992643537788268
32	11	。	2.7988978234918136
33	1	学生	12.737262046835088
33	2	们	17.28922385379279
33	3	在	4.58725148382484
33	4	写	12.322315914790408
33	5	一	4.598700928105849
33	6	部	3.757346153279066
33	7	他	12.486057647168224
33	8	要	10.727169438771313
33	9	评价	11.669330323109875
33	10	的	0.42157737238883897
33	11	电影	4.506426208620354
33	12	。	14.688184608364537
34	1	学生	12.737262046835088
34	2	们	17.28922385379279
34	3	在	4.58725148382484
34	4	写	12.322315914790408
34	5	一	4.598700928105849
34	6	首	7.981765312660073
34	7	他	13.286862536423449
34	8	要	11.438368522984106
34	9	评价	11.632983392523656
34	10	的	0.4072687739767531
34	11	电影	5.358784111464772
34	12	。	14.474627883241581
35	1	学生	12.737262046835088
35	2	们	17.28922385379279
35	3	在	4.58725148382484
35	4	写	12.322315914790408
35	5	一	4.598700928105849
35	6	首	7.981765312660073
35	7	他	13.286862536423449
35	8	要	11.438368522984106
35	9	评价	11.632983392523656
35	10	的	0.4072687739767531
35	11	戏曲	19.63091969382586
35	12	。	15.626265613496969
36	1	学生	12.737262046835088
36	2	们	17.28922385379279
36	3	在	4.58725148382484
36	4	写	12.322315914790408
36	5	一	4.598700928105849
36	6	部	3.757346153279066
36	7	他	12.486057647168224
36	8	要	10.727169438771313
36	9	评价	11.669330323109875
36	10	的	0.42157737238883897
36	11	戏曲	19.89594318008767
36	12	。	15.531696146779936
37	1	我们	6.7266847821672995
37	2	在	5.113242202931391
37	3	看	4.957635670442235
37	4	一	4.2986644186308105
37	5	场	3.867999486041896
37	6	很多	15.803483966780824
37	7	人	4.1750081533329535
37	8	看	10.248493745887075
37	9	的	2.3905555480064535
37	10	表演	10.79472944166595
37	11	。	2.7313861392026837
38	1	我们	6.7266847821672995
38	2	在	5.113242202931391
38	3	看	4.957635670442235
38	4	一	4.2986644186308105
38	5	块	9.822932699101301
38	6	很多	15.05605886533796
38	7	人	3.8789931180270614
38	8	看	8.558134556941305
38	9	的	2.3093659244521234
38	10	表演	12.094922836482468
38	11	。	2.030307999245821
39	1	我们	6.7266847821672995
39	2	在	5.113242202931391
39	3	看	4.957635670442235
39	4	一	4.2986644186308105
39	5	块	9.822932699101301
39	6	很多	15.05605886533796
39	7	人	3.8789931180270614
39	8	看	8.558134556941305
39	9	的	2.3093659244521234
39	10	场地	15.956603638004694
39	11	。	1.2022174428406487
40	1	我们	6.7266847821672995
40	2	在	5.113242202931391
40	3	看	4.957635670442235
40	4	一	4.2986644186308105
40	5	场	3.867999486041896
40	6	很多	15.803483966780824
40	7	人	4.1750081533329535
40	8	看	10.248493745887075
40	9	的	2.3905555480064535
40	10	场地	17.265950603134286
40	11	。	1.6548472511955623
41	1	他	6.40879256660523
41	2	最	10.737922503835113
41	3	喜欢	4.2664820006445225
41	4	一	6.792347928252486
41	5	道	8.927289543696563
41	6	妈妈	14.818253377764577
41	7	做	8.882027122742443
41	8	的	3.618141250260088
41	9	菜	9.418126081306312
41	10	。	6.603383281987433
42	1	他	6.40879256660523
42	2	最	10.737922503835113
42	3	喜欢	4.2664820006445225
42	4	一	6.792347928252486
42	5	瓶	10.321109786404659
42	6	妈妈	13.292496754815765
42	7	做	8.85267535699706
42	8	的	4.4474974730180605
42	9	菜	9.057131711352142
42	10	。	6.12869656144737
43	1	他	6.40879256660523
43	2	最	10.737922503835113
43	3	喜欢	4.2664820006445225
43	4	一	6.792347928252486
43	5	瓶	10.321109786404659
43	6	妈妈	13.292496754815765
43	7	做	8.85267535699706
43	8	的	4.4474974730180605
43	9	醋	18.719933753145526
43	10	。	9.320564689711631
44	1	他	6.40879256660523
44	2	最	10.737922503835113
44	3	喜欢	4.2664820006445225
44	4	一	6.792347928252486
44	5	道	8.927289543696563
44	6	妈妈	14.818253377764577
44	7	做	8.882027122742443
44	8	的	3.618141250260088
44	9	醋	18.985812685420825
44	10	。	9.780518508032372
45	1	她	8.324536132943386
45	2	拿	11.62429164088778
45	3	了	4.292477628503146
45	4	一	2.2593342897984954
45	5	份	5.803546923131414
45	6	她	7.707487118778957
45	7	准备	12.782872900093913
45	8	的	3.4025174726976744
45	9	饭	13.258391545944924
45	10	。	3.6487703502807562
46	1	她	8.324536132943386
46	2	拿	11.62429164088778
46	3	了	4.292477628503146
46	4	一	2.2593342897984954
46	5	卷	14.251234027740011
46	6	她	10.447154131042524
46	7	准备	12.48358132779152
46	8	的	3.6868989360748756
46	9	饭	12.209914150694999
46	10	。	1.811939490966381
47	1	她	8.324536132943386
47	2	拿	11.62429164088778
47	3	了	4.292477628503146
47	4	一	2.2593342897984954
47	5	卷	14.251234027740011
47	6	她	10.447154131042524
47	7	准备	12.48358132779152
47	8	的	3.6868989360748756
47	9	纸	13.421965706928503
47	10	。	3.9656553709809685
48	1	她	8.324536132943386
48	2	拿	11.62429164088778
48	3	了	4.292477628503146
48	4	一	2.2593342897984954
48	5	份	5.803546923131414
48	6	她	7.707487118778957
48	7	准备	12.782872900093913
48	8	的	3.4025174726976744
48	9	纸	13.512537002134728
48	10	。	6.573483943004916
49	1	学生	12.737262046835088
49	2	们	17.28922385379279
49	3	在	4.58725148382484
49	4	写	12.322315914790408
49	5	一	4.598700928105849
49	6	部	3.757346153279066
49	7	老师	11.308430990687413
49	8	需要	18.07810485553877
49	9	的	3.2737675631536973
49	10	戏剧	11.292177005577344
49	11	。	15.61107151404552
50	1	学生	12.737262046835088
50	2	们	17.28922385379279
50	3	在	4.58725148382484
50	4	写	12.322315914790408
50	5	一	4.598700928105849
50	6	篇	2.1676671131147387
50	7	老师	14.45564192168544
50	8	需要	15.882274400603677
50	9	的	2.9252063965979715
50	10	戏剧	12.84268558564716
50	11	。	15.63580516346478
51	1	学生	12.737262046835088
51	2	们	17.28922385379279
51	3	在	4.58725148382484
51	4	写	12.322315914790408
51	5	一	4.598700928105849
51	6	篇	2.1676671131147387
51	7	老师	14.45564192168544
51	8	需要	15.882274400603677
51	9	的	2.9252063965979715
51	10	文章	1.5164400388774197
51	11	。	16.77374792736444
52	1	学生	12.737262046835088
52	2	们	17.28922385379279
52	3	在	4.58725148382484
52	4	写	12.322315914790408
52	5	一	4.598700928105849
52	6	部	3.757346153279066
52	7	老师	11.308430990687413
52	8	需要	18.07810485553877
52	9	的	3.2737675631536973
52	10	文章	3.1230329078595673
52	11	。	17.057062914611038
53	1	这	5.690295005447939
53	2	是	2.495982416762634
53	3	一	2.5055923238677185
53	4	辆	10.714747839850878
53	5	她	13.335196194127299
53	6	设计	13.489665903182924
53	7	的	1.4760015470093109
53	8	火车	10.103747972442001
53	9	。	2.1489944608197504
54	1	这	5.690295005447939
54	2	是	2.495982416762634
54	3	一	2.5055923238677185
54	4	扇	15.06940061497387
54	5	她	9.994268833351661
54	6	设计	14.168470408685856
54	7	的	1.3986393641953896
54	8	火车	12.673809981733669
54	9	。	4.7478786234348505
55	1	这	5.690295005447939
55	2	是	2.495982416762634
55	3	一	2.5055923238677185
55	4	扇	15.06940061497387
55	5	她	9.994268833351661
55	6	设计	14.168470408685856
55	7	的	1.3986393641953896
55	8	窗户	13.549719037598116
55	9	。	5.142857116249829
56	1	这	5.690295005447939
56	2	是	2.495982416762634
56	3	一	2.5055923238677185
56	4	辆	10.714747839850878
56	5	她	13.335196194127299
56	6	设计	13.489665903182924
56	7	的	1.4760015470093109
56	8	窗户	12.530685327564818
56	9	。	2.4749609266470216
57	1	老师	14.276155875842708
57	2	在	5.056958174731655
57	3	责备	16.101651556877155
57	4	三	13.843930550426329
57	5	名	7.256218343729479
57	6	他	8.620085527247447
57	7	责备	19.195960676189145
57	8	过	8.377368530426665
57	9	的	10.961676981093717
57	10	学生	11.088889901895229
57	11	。	2.4096009983971385
58	1	老师	14.276155875842708
58	2	在	5.056958174731655
58	3	责备	16.101651556877155
58	4	三	13.843930550426329
58	5	只	8.418081149568543
58	6	他	12.057544232806272
58	7	责备	18.336052892172972
58	8	过	8.32295951959479
58	9	的	10.95893926749632
58	10	学生	12.17929713124093
58	11	。	2.372958970777745
59	1	老师	14.276155875842708
59	2	在	5.056958174731655
59	3	责备	16.101651556877155
59	4	三	13.843930550426329
59	5	只	8.418081149568543
59	6	他	12.057544232806272
59	7	责备	18.336052892172972
59	8	过	8.32295951959479
59	9	的	10.95893926749632
59	10	宠物	19.153926898432942
59	11	。	1.221742696087503
60	1	老师	14.276155875842708
60	2	在	5.056958174731655
60	3	责备	16.101651556877155
60	4	三	13.843930550426329
60	5	名	7.256218343729479
60	6	他	8.620085527247447
60	7	责备	19.195960676189145
60	8	过	8.377368530426665
60	9	的	10.961676981093717
60	10	宠物	18.566112865560726
60	11	。	1.2125203157213917
61	1	她	8.324536132943386
61	2	买	14.71122339596176
61	3	过	5.4684838834459875
61	4	两	5.277909748444369
61	5	杯	10.801221640912289
61	6	我	11.70607032988714
61	7	想要	13.682939703743742
61	8	的	4.4655161505995835
61	9	咖啡	9.55655054709409
61	10	。	7.523135308128161
62	1	她	8.324536132943386
62	2	买	14.71122339596176
62	3	过	5.4684838834459875
62	4	两	5.277909748444369
62	5	个	2.6148066479666667
62	6	我	12.78872904545257
62	7	想要	12.15674457093808
62	8	的	3.436336939112053
62	9	咖啡	12.751690002471832
62	10	。	5.203951947542862
63	1	她	8.324536132943386
63	2	买	14.71122339596176
63	3	过	5.4684838834459875
63	4	两	5.277909748444369
63	5	个	2.6148066479666667
63	6	我	12.78872904545257
63	7	想要	12.15674457093808
63	8	的	3.436336939112053
63	9	杯子	14.457495895635233
63	10	。	3.394471450779335
64	1	她	8.324536132943386
64	2	买	14.71122339596176
64	3	过	5.4684838834459875
64	4	两	5.277909748444369
64	5	杯	10.801221640912289
64	6	我	11.70607032988714
64	7	想要	13.682939703743742
64	8	的	4.4655161505995835
64	9	杯子	13.696877260351187
64	10	。	6.589692349042934
65	1	孩子	13.720210582251347
65	2	在	6.002853583269836
65	3	卖	9.619476264184296
65	4	五	11.742002439193314
65	5	台	6.607400452354263
65	6	他	14.744377746751482
65	7	买	10.96611598476671
65	8	的	9.557351867167426
65	9	桌子	15.11342551470085
65	10	。	3.01454104878259
66	1	孩子	13.720210582251347
66	2	在	6.002853583269836
66	3	卖	9.619476264184296
66	4	五	11.742002439193314
66	5	块	6.516413010197397
66	6	他	15.217927429071914
66	7	买	10.08547693318507
66	8	的	8.723439964842967
66	9	桌子	15.334099536940755
66	10	。	2.44396799331291
67	1	孩子	13.720210582251347
67	2	在	6.002853583269836
67	3	卖	9.619476264184296
67	4	五	11.742002439193314
67	5	块	6.516413010197397
67	6	他	15.217927429071914
67	7	买	10.08547693318507
67	8	的	8.723439964842967
67	9	蛋糕	17.338358154874314
67	10	。	1.9154517657223806
68	1	孩子	13.720210582251347
68	2	在	6.002853583269836
68	3	卖	9.619476264184296
68	4	五	11.742002439193314
68	5	台	6.607400452354263
68	6	他	14.744377746751482
68	7	买	10.96611598476671
68	8	的	9.557351867167426
68	9	蛋糕	16.924073327469486
68	10	。	1.985757322850347
69	1	妈妈	13.191253643869969
69	2	在	5.260128028491048
69	3	做	8.849947284847804
69	4	一	4.210046216512648
69	5	张	6.165106746838333
69	6	我	10.459096286191837
69	7	正在	8.429045704763055
69	8	用	7.68550176004306
69	9	的	1.4520934556786358
69	10	地图	12.246592118532902
69	11	。	3.214718566799732
70	1	妈妈	13.191253643869969
70	2	在	5.260128028491048
70	3	做	8.849947284847804
70	4	一	4.210046216512648
70	5	面	9.544624669617761
70	6	我	10.806019246982828
70	7	正在	10.317185076738227
70	8	用	7.735326937049116
70	9	的	1.209956244746806
70	10	地图	12.542294175983201
70	11	。	3.089377233632135
71	1	妈妈	13.191253643869969
71	2	在	5.260128028491048
71	3	做	8.849947284847804
71	4	一	4.210046216512648
71	5	面	9.544624669617761
71	6	我	10.806019246982828
71	7	正在	10.317185076738227
71	8	用	7.735326937049116
71	9	的	1.209956244746806
71	10	镜子	14.142170226380685
71	11	。	2.2811485258782227
72	1	妈妈	13.191253643869969
72	2	在	5.260128028491048
72	3	做	8.849947284847804
72	4	一	4.210046216512648
72	5	张	6.165106746838333
72	6	我	10.459096286191837
72	7	正在	8.429045704763055
72	8	用	7.68550176004306
72	9	的	1.4520934556786358
72	10	镜子	13.720749453195992
72	11	。	2.4582594762044607
73	1	爸爸	11.78706115206356
73	2	买	9.206319463151692
73	3	了	1.4480437921990834
73	4	一	3.495682279924658
73	5	栋	7.418188780177342
73	6	他	11.368652685253373
73	7	听说	12.013734116701272
73	8	过	5.810560360559656
73	9	的	1.9360319838799924
73	10	房子	6.235213739356112
73	11	。	1.526375337924378
74	1	爸爸	11.78706115206356
74	2	买	9.206319463151692
74	3	了	1.4480437921990834
74	4	一	3.495682279924658
74	5	条	4.45123085332737
74	6	他	12.441301800881952
74	7	听说	11.95740332211291
74	8	过	5.859092480710672
74	9	的	2.4224043695286284
74	10	房子	6.780608913672445
74	11	。	2.1106415370326346
75	1	爸爸	11.78706115206356
75	2	买	9.206319463151692
75	3	了	1.4480437921990834
75	4	一	3.495682279924658
75	5	条	4.45123085332737
75	6	他	12.441301800881952
75	7	听说	11.95740332211291
75	8	过	5.859092480710672
75	9	的	2.4224043695286284
75	10	沙发	14.013462838293684
75	11	。	0.8450391085269473
76	1	爸爸	11.78706115206356
76	2	买	9.206319463151692
76	3	了	1.4480437921990834
76	4	一	3.495682279924658
76	5	栋	7.418188780177342
76	6	他	11.368652685253373
76	7	听说	12.013734116701272
76	8	过	5.810560360559656
76	9	的	1.9360319838799924
76	10	沙发	13.74245042615425
76	11	。	0.6451144513396514
77	1	我	5.782586499337038
77	2	想	4.610167318230703
77	3	种	15.074678290462593
77	4	一	5.055080934219774
77	5	朵	22.200866627540176
77	6	她	14.05502049724263
77	7	研究	14.847491977384465
77	8	过	4.389267205873551
77	9	的	0.5701350835748684
77	10	玫瑰	18.953409562345854
77	11	。	2.971027611689891
78	1	我	5.782586499337038
78	2	想	4.610167318230703
78	3	种	15.074678290462593
78	4	一	5.055080934219774
78	5	颗	12.465560797022281
78	6	她	15.42607929343324
78	7	研究	12.835667928906751
78	8	过	4.288652888347599
78	9	的	0.3798773738185304
78	10	玫瑰	18.740401452609234
78	11	。	3.2862532603781887
79	1	我	5.782586499337038
79	2	想	4.610167318230703
79	3	种	15.074678290462593
79	4	一	5.055080934219774
79	5	颗	12.465560797022281
79	6	她	15.42607929343324
79	7	研究	12.835667928906751
79	8	过	4.288652888347599
79	9	的	0.3798773738185304
79	10	种子	12.821763767642295
79	11	。	3.103802452976538
80	1	我	5.782586499337038
80	2	想	4.610167318230703
80	3	种	15.074678290462593
80	4	一	5.055080934219774
80	5	朵	22.200866627540176
80	6	她	14.05502049724263
80	7	研究	14.847491977384465
80	8	过	4.389267205873551
80	9	的	0.5701350835748684
80	10	种子	13.351099011298047
80	11	。	2.612414654678986
81	1	我	5.782586499337038
81	2	经常	9.832079509623357
81	3	去	5.174650836410464
81	4	一	7.463452624353362
81	5	家	4.608796439981155
81	6	他	12.002913790587485
81	7	去年	15.733248382921659
81	8	去	5.090496872154063
81	9	过	5.941243493750619
81	10	的	1.5996259475302423
81	11	医院	6.331931038142898
81	12	。	3.1899160038179275
82	1	我	5.782586499337038
82	2	经常	9.832079509623357
82	3	去	5.174650836410464
82	4	一	7.463452624353362
82	5	座	8.510017015610195
82	6	他	14.030385895453222
82	7	去年	15.101972603706798
82	8	去	5.679823116426604
82	9	过	5.667130948326744
82	10	的	1.3430430418141412
82	11	医院	6.289855502336778
82	12	。	2.172076016892973
83	1	我	5.782586499337038
83	2	经常	9.832079509623357
83	3	去	5.174650836410464
83	4	一	7.463452624353362
83	5	座	8.510017015610195
83	6	他	14.030385895453222
83	7	去年	15.101972603706798
83	8	去	5.679823116426604
83	9	过	5.667130948326744
83	10	的	1.3430430418141412
83	11	城市	8.304305937024068
83	12	。	1.8717944221009901
84	1	我	5.782586499337038
84	2	经常	9.832079509623357
84	3	去	5.174650836410464
84	4	一	7.463452624353362
84	5	家	4.608796439981155
84	6	他	12.002913790587485
84	7	去年	15.733248382921659
84	8	去	5.090496872154063
84	9	过	5.941243493750619
84	10	的	1.5996259475302423
84	11	城市	9.209994302985976
84	12	。	2.959333827193049
85	1	我	5.782586499337038
85	2	拜访	15.055247931863944
85	3	了	4.8224697418582565
85	4	这	4.217827631140732
85	5	一	4.567104026053759
85	6	所	10.206880115595062
85	7	我	10.303884601177792
85	8	怀念	14.882027236295336
85	9	的	1.3898151678691164
85	10	高中	13.28102835321647
85	11	。	1.4411681850725273
86	1	我	5.782586499337038
86	2	拜访	15.055247931863944
86	3	了	4.8224697418582565
86	4	这	4.217827631140732
86	5	一	4.567104026053759
86	6	位	4.534976400382249
86	7	我	9.380437207702073
86	8	怀念	16.10685938063056
86	9	的	1.321286868223737
86	10	高中	13.32314203237263
86	11	。	1.6875048115265514
87	1	我	5.782586499337038
87	2	拜访	15.055247931863944
87	3	了	4.8224697418582565
87	4	这	4.217827631140732
87	5	一	4.567104026053759
87	6	位	4.534976400382249
87	7	我	9.380437207702073
87	8	怀念	16.10685938063056
87	9	的	1.321286868223737
87	10	老师	11.340310141283894
87	11	。	1.4838781821997884
88	1	我	5.782586499337038
88	2	拜访	15.055247931863944
88	3	了	4.8224697418582565
88	4	这	4.217827631140732
88	5	一	4.567104026053759
88	6	所	10.206880115595062
88	7	我	10.303884601177792
88	8	怀念	14.882027236295336
88	9	的	1.3898151678691164
88	10	老师	12.46544026057228
88	11	。	1.4271669876659416
89	1	他	6.40879256660523
89	2	在	4.378416821459375
89	3	读	10.988832675282817
89	4	一	5.751558293905539
89	5	条	5.991290640071025
89	6	网友	15.920295999318498
89	7	写	13.079368306472787
89	8	的	9.76685868868747
89	9	评论	8.147802738500474
89	10	。	2.7469958054666392
90	1	他	6.40879256660523
90	2	在	4.378416821459375
90	3	读	10.988832675282817
90	4	一	5.751558293905539
90	5	首	7.981805853555475
90	6	网友	14.567916927761637
90	7	写	13.470225456427286
90	8	的	9.488046031395903
90	9	评论	7.8265991912686275
90	10	。	2.3403627295400753
91	1	他	6.40879256660523
91	2	在	4.378416821459375
91	3	读	10.988832675282817
91	4	一	5.751558293905539
91	5	首	7.981805853555475
91	6	网友	14.567916927761637
91	7	写	13.470225456427286
91	8	的	9.488046031395903
91	9	诗歌	19.81644358207582
91	10	。	2.1993719463603583
92	1	他	6.40879256660523
92	2	在	4.378416821459375
92	3	读	10.988832675282817
92	4	一	5.751558293905539
92	5	条	5.991290640071025
92	6	网友	15.920295999318498
92	7	写	13.079368306472787
92	8	的	9.76685868868747
92	9	诗歌	20.454834434425848
92	10	。	2.715323672264276
93	1	她	8.324536132943386
93	2	从来	11.001664328645024
93	3	没	4.2004271996222755
93	4	见	7.083542181352399
93	5	过	0.23466242779974777
93	6	一	4.802483295128727
93	7	头	8.885141744954076
93	8	他	8.885703816104837
93	9	画	14.11677367796024
93	10	的	0.9444423550531553
93	11	老虎	17.077391730043033
93	12	。	2.1055433773695995
94	1	她	8.324536132943386
94	2	从来	11.001664328645024
94	3	没	4.2004271996222755
94	4	见	7.083542181352399
94	5	过	0.23466242779974777
94	6	一	4.802483295128727
94	7	双	10.066871602729968
94	8	他	10.342722726718911
94	9	画	14.502343944754479
94	10	的	0.6449528408729748
94	11	老虎	16.802480508629216
94	12	。	1.7169531829450762
95	1	她	8.324536132943386
95	2	从来	11.001664328645024
95	3	没	4.2004271996222755
95	4	见	7.083542181352399
95	5	过	0.23466242779974777
95	6	一	4.802483295128727
95	7	双	10.066871602729968
95	8	他	10.342722726718911
95	9	画	14.502343944754479
95	10	的	0.6449528408729748
95	11	眼睛	7.793702730693923
95	12	。	1.6848164528342977
96	1	她	8.324536132943386
96	2	从来	11.001664328645024
96	3	没	4.2004271996222755
96	4	见	7.083542181352399
96	5	过	0.23466242779974777
96	6	一	4.802483295128727
96	7	头	8.885141744954076
96	8	他	8.885703816104837
96	9	画	14.11677367796024
96	10	的	0.9444423550531553
96	11	眼睛	7.618210900140809
96	12	。	2.4417861112996917
97	1	我	5.782586499337038
97	2	还	7.5867484035008985
97	3	没有	3.7685794381594935
97	4	检查	11.903845548665007
97	5	一	6.549333716510077
97	6	份	4.886852751455251
97	7	他	9.704302439441747
97	8	刚刚	11.082556320374437
97	9	在	4.521754738468978
97	10	看	12.22296239563724
97	11	的	1.989467698729129
97	12	作业	13.915708578306749
97	13	。	5.972084395312905
98	1	我	5.782586499337038
98	2	还	7.5867484035008985
98	3	没有	3.7685794381594935
98	4	检查	11.903845548665007
98	5	一	6.549333716510077
98	6	行	13.470613724775575
98	7	他	9.84039921014822
98	8	刚刚	10.766276705920724
98	9	在	4.954738339864122
98	10	看	11.320482135197778
98	11	的	1.7635555100325888
98	12	作业	13.957590529609902
98	13	。	5.574971419691579
99	1	我	5.782586499337038
99	2	还	7.5867484035008985
99	3	没有	3.7685794381594935
99	4	检查	11.903845548665007
99	5	一	6.549333716510077
99	6	行	13.470613724775575
99	7	他	9.84039921014822
99	8	刚刚	10.766276705920724
99	9	在	4.954738339864122
99	10	看	11.320482135197778
99	11	的	1.7635555100325888
99	12	公式	17.209276585921103
99	13	。	3.961280662224155
100	1	我	5.782586499337038
100	2	还	7.5867484035008985
100	3	没有	3.7685794381594935
100	4	检查	11.903845548665007
100	5	一	6.549333716510077
100	6	份	4.886852751455251
100	7	他	9.704302439441747
100	8	刚刚	11.082556320374437
100	9	在	4.521754738468978
100	10	看	12.22296239563724
100	11	的	1.989467698729129
100	12	公式	17.093071302808596
100	13	。	3.9912853033459896
101	1	孩子	13.720210582251347
101	2	听到	11.982863990952257
101	3	了	4.814907675358793
101	4	一	3.7320470635127165
101	5	首	8.570923765343984
101	6	他	9.379699030760186
101	7	熟悉	15.267815044416437
101	8	的	0.5169933831906945
101	9	歌曲	8.844464805121405
101	10	。	1.8009311695730474
102	1	孩子	13.720210582251347
102	2	听到	11.982863990952257
102	3	了	4.814907675358793
102	4	一	3.7320470635127165
102	5	张	5.33310621083978
102	6	他	9.0606849807468
102	7	熟悉	15.604620098259211
102	8	的	0.42000118517326257
102	9	歌曲	9.428303760607875
102	10	。	2.6533750526838844
103	1	孩子	13.720210582251347
103	2	听到	11.982863990952257
103	3	了	4.814907675358793
103	4	一	3.7320470635127165
103	5	张	5.33310621083978
103	6	他	9.0606849807468
103	7	熟悉	15.604620098259211
103	8	的	0.42000118517326257
103	9	专辑	10.21600584581968
103	10	。	2.4051318341751085
104	1	孩子	13.720210582251347
104	2	听到	11.982863990952257
104	3	了	4.814907675358793
104	4	一	3.7320470635127165
104	5	首	8.570923765343984
104	6	他	9.379699030760186
104	7	熟悉	15.267815044416437
104	8	的	0.5169933831906945
104	9	专辑	10.112241678281848
104	10	。	1.6371779218486893
105	1	护士	17.740021956407777
105	2	做	11.729884088101343
105	3	了	1.3862781338403636
105	4	一	3.0721270742441043
105	5	次	4.612769375088789
105	6	她	7.531721655298085
105	7	需要	12.613110796198626
105	8	做	5.037171332236305
105	9	的	0.5834166123332167
105	10	检查	11.460174277658297
105	11	。	4.259706936509033
106	1	护士	17.740021956407777
106	2	做	11.729884088101343
106	3	了	1.3862781338403636
106	4	一	3.0721270742441043
106	5	篇	5.141365121928594
106	6	她	7.615102751701109
106	7	需要	11.540305242579635
106	8	做	4.267889202400902
106	9	的	0.3708929934447198
106	10	检查	12.371733770205708
106	11	。	4.635954864520826
107	1	护士	17.740021956407777
107	2	做	11.729884088101343
107	3	了	1.3862781338403636
107	4	一	3.0721270742441043
107	5	篇	5.141365121928594
107	6	她	7.615102751701109
107	7	需要	11.540305242579635
107	8	做	4.267889202400902
107	9	的	0.3708929934447198
107	10	报告	9.319751016177207
107	11	。	4.507028636661275
108	1	护士	17.740021956407777
108	2	做	11.729884088101343
108	3	了	1.3862781338403636
108	4	一	3.0721270742441043
108	5	次	4.612769375088789
108	6	她	7.531721655298085
108	7	需要	12.613110796198626
108	8	做	5.037171332236305
108	9	的	0.5834166123332167
108	10	报告	11.193317621582082
108	11	。	3.6816635074031723
109	1	这里	9.738826879945467
109	2	是	1.2548737401273389
109	3	两	8.615712651095594
109	4	台	10.488746228777035
109	5	厂家	14.933494366596353
109	6	刚	17.33679804469049
109	7	接到	13.773911407202455
109	8	的	1.5091727739220744
109	9	电视	12.027479039820037
109	10	。	11.343297887496192
110	1	这里	9.738826879945467
110	2	是	1.2548737401273389
110	3	两	8.615712651095594
110	4	份	9.680573358423423
110	5	厂家	14.979195963655755
110	6	刚	16.180560639737756
110	7	接到	13.128914681129324
110	8	的	1.1841586269965063
110	9	电视	12.872947273874573
110	10	。	10.919879611505635
111	1	这里	9.738826879945467
111	2	是	1.2548737401273389
111	3	两	8.615712651095594
111	4	份	9.680573358423423
111	5	厂家	14.979195963655755
111	6	刚	16.180560639737756
111	7	接到	13.128914681129324
111	8	的	1.1841586269965063
111	9	订单	16.87583981070611
111	10	。	7.926539209753116
112	1	这里	9.738826879945467
112	2	是	1.2548737401273389
112	3	两	8.615712651095594
112	4	台	10.488746228777035
112	5	厂家	14.933494366596353
112	6	刚	17.33679804469049
112	7	接到	13.773911407202455
112	8	的	1.5091727739220744
112	9	订单	16.417717153206638
112	10	。	5.067325096512619
113	1	他	6.40879256660523
113	2	很	7.708184630932365
113	3	欣赏	11.614786902949254
113	4	一	6.214564490582603
113	5	处	10.469204891062063
113	6	他	10.211061562235962
113	7	今天	12.267318550239295
113	8	见到	13.438932176577467
113	9	的	3.755174849069121
113	10	景点	13.51682292951395
113	11	。	1.002220875568824
114	1	他	6.40879256660523
114	2	很	7.708184630932365
114	3	欣赏	11.614786902949254
114	4	一	6.214564490582603
114	5	位	4.560325389887474
114	6	他	9.457315647205128
114	7	今天	12.097266313262388
114	8	见到	13.217195829200136
114	9	的	2.2697391113145358
114	10	景点	14.385334878015613
114	11	。	1.874043345541594
115	1	他	6.40879256660523
115	2	很	7.708184630932365
115	3	欣赏	11.614786902949254
115	4	一	6.214564490582603
115	5	位	4.560325389887474
115	6	他	9.457315647205128
115	7	今天	12.097266313262388
115	8	见到	13.217195829200136
115	9	的	2.2697391113145358
115	10	领导	13.118849030319083
115	11	。	3.3390450201866884
116	1	他	6.40879256660523
116	2	很	7.708184630932365
116	3	欣赏	11.614786902949254
116	4	一	6.214564490582603
116	5	处	10.469204891062063
116	6	他	10.211061562235962
116	7	今天	12.267318550239295
116	8	见到	13.438932176577467
116	9	的	3.755174849069121
116	10	领导	13.596196251907756
116	11	。	2.3566209930826005
117	1	那里	14.160025097085716
117	2	有	4.246946776421433
117	3	一	2.957537013429743
117	4	支	7.557798421963518
117	5	司令	15.627468399476026
117	6	安排	12.383491324649349
117	7	的	12.269414072099806
117	8	舰队	16.14367419044288
117	9	。	5.157222016780736
118	1	那里	14.160025097085716
118	2	有	4.246946776421433
118	3	一	2.957537013429743
118	4	艘	7.70317457036683
118	5	司令	14.639883705299447
118	6	安排	12.45386442852169
118	7	的	11.109742191742733
118	8	舰队	16.359705871688135
118	9	。	4.305542916531536
119	1	那里	14.160025097085716
119	2	有	4.246946776421433
119	3	一	2.957537013429743
119	4	艘	7.70317457036683
119	5	司令	14.639883705299447
119	6	安排	12.45386442852169
119	7	的	11.109742191742733
119	8	渔船	15.818695228581305
119	9	。	3.196831257971226
120	1	那里	14.160025097085716
120	2	有	4.246946776421433
120	3	一	2.957537013429743
120	4	支	7.557798421963518
120	5	司令	15.627468399476026
120	6	安排	12.383491324649349
120	7	的	12.269414072099806
120	8	渔船	16.31953642534863
120	9	。	4.447733604725798
