sentence_id	token_id	token	surprisal
1	1	他	6.408791996377333
1	2	喜欢	12.202044386521523
1	3	那	7.767826664063222
1	4	家	7.141851048664325
1	5	老板	9.866288369120433
1	6	投资	14.427782568631834
1	7	的	3.911385069552445
1	8	饭店	12.454871378100492
1	9	。	10.805761401716751
2	1	他	6.408791996377333
2	2	喜欢	12.202044386521523
2	3	那	7.767826664063222
2	4	个	4.380943814720862
2	5	老板	11.627979587582203
2	6	投资	16.1039870271102
2	7	的	10.005199947372411
2	8	饭店	14.76188834417789
2	9	。	2.395533316185521
3	1	她	8.324534752268313
3	2	在	4.270462509988064
3	3	看	8.477226595398204
3	4	那	6.623128554236043
3	5	幅	10.346409396727985
3	6	朋友	11.716196480239404
3	7	喜欢	12.82050800381242
3	8	的	1.4803909393955976
3	9	画	13.006523666162252
3	10	。	1.5208031688951138
4	1	她	8.324534752268313
4	2	在	4.270462509988064
4	3	看	8.477226595398204
4	4	那	6.623128554236043
4	5	个	5.846216412580347
4	6	朋友	9.79702595126615
4	7	喜欢	13.58956833916912
4	8	的	2.3160081793704634
4	9	画	15.26587646636117
4	10	。	2.406376702222218
5	1	我	5.782587890090463
5	2	欣赏	16.404010421891954
5	3	那	6.226750091404931
5	4	件	3.9166323394634333
5	5	老师	17.13379112477042
5	6	收藏	16.141353531807844
5	7	的	0.32876727501063385
5	8	艺术品	16.71432253374924
5	9	。	1.2468049637107868
6	1	我	5.782587890090463
6	2	欣赏	16.404010421891954
6	3	那	6.226750091404931
6	4	个	5.54568085327368
6	5	老师	13.16115692070268
6	6	收藏	19.18797761911415
6	7	的	0.6905894287872627
6	8	艺术品	16.338620916672667
6	9	。	1.149146402738836
7	1	他	6.408791996377333
7	2	打	12.706867505565567
7	3	了	2.4338463845616864
7	4	那	10.96535081352381
7	5	只	9.276511607690566
7	6	店长	19.009266724360856
7	7	喜欢	15.346842222106169
7	8	的	14.096184159788024
7	9	宠物	17.687521559087912
7	10	。	2.256507103533494
8	1	他	6.408791996377333
8	2	打	12.706867505565567
8	3	了	2.4338463845616864
8	4	那	10.96535081352381
8	5	个	3.5459862038512924
8	6	店长	19.437698042529796
8	7	喜欢	16.4375081714657
8	8	的	12.055988582857253
8	9	宠物	18.608979587039812
8	10	。	3.3815330219963187
9	1	我	5.782587890090463
9	2	在	5.616493859451449
9	3	思念	19.089856914833135
9	4	那	7.553088606076134
9	5	首	9.50760478109899
9	6	明星	11.880841198270296
9	7	唱	19.98660868538144
9	8	的	3.370522417401631
9	9	歌	8.83086187949732
9	10	。	0.808596397111927
10	1	我	5.782587890090463
10	2	在	5.616493859451449
10	3	思念	19.089856914833135
10	4	那	7.553088606076134
10	5	个	6.489347358952003
10	6	明星	12.561864965590232
10	7	唱	20.162189332047454
10	8	的	2.750109555176607
10	9	歌	8.942323276147391
10	10	。	1.2747112670455891
11	1	她	8.324534752268313
11	2	拜访	14.619394091319922
11	3	了	4.25126916664891
11	4	那	7.1999032337273725
11	5	所	8.178530603121402
11	6	老人	11.069121917555577
11	7	去	11.180714255612259
11	8	的	5.373317917434633
11	9	学校	5.779301330162738
11	10	。	2.576424612534751
12	1	她	8.324534752268313
12	2	拜访	14.619394091319922
12	3	了	4.25126916664891
12	4	那	7.1999032337273725
12	5	个	4.691549799609923
12	6	老人	11.821456863717657
12	7	去	10.866263260907942
12	8	的	5.547728391525631
12	9	学校	6.217123247457707
12	10	。	2.323251108310913
13	1	他	6.408791996377333
13	2	检查	15.206049690512947
13	3	了	1.3186962113219316
13	4	那	7.426223009919941
13	5	件	4.045546700968956
13	6	司机	17.065047704788
13	7	带	10.21080256378385
13	8	的	5.402945791923216
13	9	行李	14.949824034974881
13	10	。	6.450828826222164
14	1	他	6.408791996377333
14	2	检查	15.206049690512947
14	3	了	1.3186962113219316
14	4	那	7.426223009919941
14	5	个	5.239423808968269
14	6	司机	12.579556961360481
14	7	带	12.292985006249268
14	8	的	6.451311186560169
14	9	行李	13.615758913378514
14	10	。	4.577893872707222
15	1	我	5.782587890090463
15	2	听说	9.872771957790276
15	3	过	1.4265832730171404
15	4	那	5.0549929937065095
15	5	本	4.871801439656821
15	6	作家	14.60298032541634
15	7	写	10.091775397606114
15	8	的	2.47879334395121
15	9	书	2.358164230302954
15	10	。	3.296149362579662
16	1	我	5.782587890090463
16	2	听说	9.872771957790276
16	3	过	1.4265832730171404
16	4	那	5.0549929937065095
16	5	个	6.484591341263151
16	6	作家	13.872664527832672
16	7	写	10.838494141661926
16	8	的	3.0058992469420076
16	9	书	3.500499264075806
16	10	。	3.1733502717238977
17	1	她	8.324534752268313
17	2	撞	18.835267873303664
17	3	了	2.949939423768555
17	4	那	8.197747228532592
17	5	辆	6.1088416936092
17	6	朋友	12.163692963941067
17	7	开	13.061987073499317
17	8	的	6.4238147423430405
17	9	车	4.853926537268322
17	10	。	2.7396177408049454
18	1	她	8.324534752268313
18	2	撞	18.835267873303664
18	3	了	2.949939423768555
18	4	那	8.197747228532592
18	5	个	4.523596901507204
18	6	朋友	9.168382089027126
18	7	开	13.642027625937573
18	8	的	7.106246799126751
18	9	车	7.175633387950086
18	10	。	3.9889295214573934
19	1	我们	6.726683767149853
19	2	认可	15.918497873335372
19	3	了	3.455520147242307
19	4	那	6.772033157863387
19	5	份	7.091735155555654
19	6	孩子	12.628303451067659
19	7	做	11.898912222644888
19	8	的	1.096487445135594
19	9	作业	13.544987940621283
19	10	。	1.5006911816624893
20	1	我们	6.726683767149853
20	2	认可	15.918497873335372
20	3	了	3.455520147242307
20	4	那	6.772033157863387
20	5	个	4.801376845565464
20	6	孩子	8.178781278723164
20	7	做	12.592161835439882
20	8	的	2.512620944282233
20	9	作业	15.191583424076448
20	10	。	1.4307701205742234
21	1	他们	7.381532384994534
21	2	接受	11.173013542406766
21	3	了	2.065566731968346
21	4	那	7.932703009283408
21	5	份	6.147120473432764
21	6	老板	17.28115621140146
21	7	制定	16.68782318049586
21	8	的	1.6910038461865042
21	9	合同	9.969059962016559
21	10	。	1.6031275933785878
22	1	他们	7.381532384994534
22	2	接受	11.173013542406766
22	3	了	2.065566731968346
22	4	那	7.932703009283408
22	5	个	5.460384727212464
22	6	老板	15.462188108067984
22	7	制定	17.023057849952863
22	8	的	4.442029588060322
22	9	合同	10.952835050989734
22	10	。	1.8738398707433106
23	1	他	6.408791996377333
23	2	离开	10.755984234521398
23	3	了	1.7213305907171161
23	4	那	8.15791863465914
23	5	间	11.681141672695702
23	6	朋友	10.181637582967603
23	7	开	12.640703469514392
23	8	的	8.026525313158075
23	9	工厂	12.533981092231684
23	10	。	11.317308907993734
24	1	他	6.408791996377333
24	2	离开	10.755984234521398
24	3	了	1.7213305907171161
24	4	那	8.15791863465914
24	5	个	3.273421706121848
24	6	朋友	10.828534302774006
24	7	开	13.378687081505142
24	8	的	7.597603407798083
24	9	工厂	12.922824987404702
24	10	。	11.343877500781758
25	1	她	8.324534752268313
25	2	找	13.308491034748688
25	3	了	1.2419928277119539
25	4	那	10.464362704624921
25	5	张	4.415357082197794
25	6	孩子	7.98973804105038
25	7	照	16.941215228943094
25	8	的	12.09680470599524
25	9	照片	9.245606302002159
25	10	。	3.3909408193235606
26	1	她	8.324534752268313
26	2	找	13.308491034748688
26	3	了	1.2419928277119539
26	4	那	10.464362704624921
26	5	个	4.174732148878512
26	6	孩子	5.8634887288048105
26	7	照	17.634034744047923
26	8	的	11.922392886257889
26	9	照片	9.818297845500538
26	10	。	3.1977420162282755
27	1	我	5.782587890090463
27	2	需要	7.671223691016806
27	3	那	9.123807204625725
27	4	台	11.386594435955786
27	5	老师	11.748331444829851
27	6	用	10.225651648592198
27	7	的	7.904079391954625
27	8	手机	13.521573567884076
27	9	。	2.390418380368942
28	1	我	5.782587890090463
28	2	需要	7.671223691016806
28	3	那	9.123807204625725
28	4	个	4.796958395148778
28	5	老师	12.690982117590202
28	6	用	10.617974771984208
28	7	的	8.247014752459066
28	8	手机	13.344071542457819
28	9	。	2.0618864603981564
29	1	他	6.408791996377333
29	2	在	4.378417316282681
29	3	画	13.230869191292523
29	4	那	14.090837736797816
29	5	朵	18.18112951754747
29	6	邻居	15.051641725275246
29	7	种	15.631921331149613
29	8	的	7.402947084257534
29	9	花	10.275280679428391
29	10	。	14.581843179902862
30	1	他	6.408791996377333
30	2	在	4.378417316282681
30	3	画	13.230869191292523
30	4	那	14.090837736797816
30	5	个	4.039259848553414
30	6	邻居	14.439525668128894
30	7	种	15.452329010369716
30	8	的	4.287982598704659
30	9	花	10.658261177509019
30	10	。	14.604919411615938
31	1	她	8.324534752268313
31	2	在	4.270462509988064
31	3	介绍	11.33348408872763
31	4	那	7.724554206395492
31	5	台	11.213744848921724
31	6	科学家	14.726674719357376
31	7	做	11.870199195106999
31	8	的	1.0346199126000215
31	9	电视	14.584845808805426
31	10	。	3.466340903997988
32	1	她	8.324534752268313
32	2	在	4.270462509988064
32	3	介绍	11.33348408872763
32	4	那	7.724554206395492
32	5	个	5.232111828464237
32	6	科学家	15.89178331079421
32	7	做	9.470185026944954
32	8	的	0.6796438806238285
32	9	电视	15.558416439771726
32	10	。	3.670912101339553
33	1	我	5.782587890090463
33	2	见	12.577932290800499
33	3	过	1.0082611110280695
33	4	那	5.576528778905114
33	5	栋	11.50859542507715
33	6	男人	11.488704769961487
33	7	买	11.787199915183201
33	8	的	7.485393023751946
33	9	房子	7.303322603837941
33	10	。	3.2367458385441523
34	1	我	5.782587890090463
34	2	见	12.577932290800499
34	3	过	1.0082611110280695
34	4	那	5.576528778905114
34	5	个	6.247610568608373
34	6	男人	7.52303799753
34	7	买	13.530361971531477
34	8	的	9.377199296450975
34	9	房子	9.844509600297783
34	10	。	5.5206881970527775
35	1	我	5.782587890090463
35	2	拒绝	11.51583895703479
35	3	了	4.743080256300786
35	4	那	5.046995796973125
35	5	条	5.788720754240195
35	6	朋友	12.609382694106557
35	7	给	8.847643322074148
35	8	的	9.576713705360682
35	9	建议	7.352167600779509
35	10	。	1.8476447055896728
36	1	我	5.782587890090463
36	2	拒绝	11.51583895703479
36	3	了	4.743080256300786
36	4	那	5.046995796973125
36	5	个	5.891009695975754
36	6	朋友	10.316440201794315
36	7	给	8.944357131138815
36	8	的	10.646183198017475
36	9	建议	6.208139967521845
36	10	。	2.5027473467529404
37	1	他	6.408791996377333
37	2	在	4.378417316282681
37	3	看	9.392353909569689
37	4	那	7.4123441077803776
37	5	支	11.822127175287143
37	6	老师	13.44916480534885
37	7	用	13.06288858857264
37	8	的	10.818299150067247
37	9	笔	13.052930853131258
37	10	。	3.313629366838896
38	1	他	6.408791996377333
38	2	在	4.378417316282681
38	3	看	9.392353909569689
38	4	那	7.4123441077803776
38	5	个	5.483570515523205
38	6	老师	11.506027830803824
38	7	用	13.140239438604766
38	8	的	4.292699563396688
38	9	笔	13.569894280270844
38	10	。	2.180520730851441
39	1	她	8.324534752268313
39	2	在	4.270462509988064
39	3	找	11.535349108654039
39	4	那	10.441859024358592
39	5	只	9.62974456844281
39	6	女人	8.634207373505447
39	7	丢	14.999564039606177
39	8	的	7.026253142635653
39	9	鞋子	18.58704052446096
39	10	。	2.124499035468503
40	1	她	8.324534752268313
40	2	在	4.270462509988064
40	3	找	11.535349108654039
40	4	那	10.441859024358592
40	5	个	4.279552810287299
40	6	女人	8.800297048822863
40	7	丢	15.246598865374978
40	8	的	6.3074369814791496
40	9	鞋子	18.660681591154272
40	10	。	2.2837750710334603
41	1	我	5.782587890090463
41	2	讨厌	12.871275254680148
41	3	那	6.855364646920261
41	4	条	5.811564316669706
41	5	邻居	15.74591695288909
41	6	养	17.265957321559455
41	7	的	2.899067253234932
41	8	狗	11.708179846209518
41	9	。	1.2683750894138655
42	1	我	5.782587890090463
42	2	讨厌	12.871275254680148
42	3	那	6.855364646920261
42	4	个	5.149304019758791
42	5	邻居	13.481821187934301
42	6	养	17.764832209076197
42	7	的	4.567777632529122
42	8	狗	12.294931582770417
42	9	。	1.6595588518374313
43	1	他	6.408791996377333
43	2	发现	9.01374172750739
43	3	了	3.801562347019276
43	4	那	6.839114768252372
43	5	座	8.380461605002171
43	6	老人	12.492856815154859
43	7	修	16.34951334688474
43	8	的	2.414549959653023
43	9	桥	10.477010011330307
43	10	。	2.945092016324466
44	1	他	6.408791996377333
44	2	发现	9.01374172750739
44	3	了	3.801562347019276
44	4	那	6.839114768252372
44	5	个	4.628850581339329
44	6	老人	13.436156264093828
44	7	修	15.15260026045236
44	8	的	2.5652977266194554
44	9	桥	11.1590373274447
44	10	。	2.908560737212838
45	1	她	8.324534752268313
45	2	评价	14.818312806463904
45	3	了	0.9182556769025148
45	4	那	7.497377264343331
45	5	篇	5.364929021371093
45	6	学生	12.12917506613784
45	7	准备	14.043193866770032
45	8	的	3.8533418802988706
45	9	报告	8.024153816439764
45	10	。	2.154729170807826
46	1	她	8.324534752268313
46	2	评价	14.818312806463904
46	3	了	0.9182556769025148
46	4	那	7.497377264343331
46	5	个	5.413043454818013
46	6	学生	11.329433115089373
46	7	准备	14.471028016289878
46	8	的	4.955240046533142
46	9	报告	11.656799867762984
46	10	。	1.6846876387552214
47	1	我	5.782587890090463
47	2	在	5.616493859451449
47	3	等	7.476439123804559
47	4	那	8.34817773174671
47	5	封	12.225820805029148
47	6	朋友	11.704848898325743
47	7	写	9.323890928666764
47	8	的	3.759055498739407
47	9	信	11.642778693417341
47	10	。	1.4169359475693568
48	1	我	5.782587890090463
48	2	在	5.616493859451449
48	3	等	7.476439123804559
48	4	那	8.34817773174671
48	5	个	6.246306770155993
48	6	朋友	10.741235753379968
48	7	写	9.709346549389586
48	8	的	3.5476956352354065
48	9	信	9.967971926181932
48	10	。	1.3714188931395626
49	1	他	6.408791996377333
49	2	提到	11.494701008691921
49	3	了	3.440382517293475
49	4	那	6.269737956972257
49	5	堂	19.176637631088106
49	6	老师	13.24323998454743
49	7	教	17.26345629324488
49	8	的	11.460700692308862
49	9	课	14.228412344907639
49	10	。	3.0166588686101363
50	1	他	6.408791996377333
50	2	提到	11.494701008691921
50	3	了	3.440382517293475
50	4	那	6.269737956972257
50	5	个	5.247014569187968
50	6	老师	12.258570944277203
50	7	教	16.761856781906516
50	8	的	5.870024039018894
50	9	课	10.490854281965213
50	10	。	8.336625464020273
51	1	她	8.324534752268313
51	2	推荐	17.59036433293356
51	3	了	3.087352513311739
51	4	那	7.8300807192250765
51	5	块	10.799446741832206
51	6	医生	11.831790938301602
51	7	喜欢	14.340100227048566
51	8	的	1.4989298590438977
51	9	手表	13.402171036643239
51	10	。	2.3254559761616207
52	1	她	8.324534752268313
52	2	推荐	17.59036433293356
52	3	了	3.087352513311739
52	4	那	7.8300807192250765
52	5	个	5.1246393433957635
52	6	医生	10.195929656665726
52	7	喜欢	13.746866598471392
52	8	的	1.7569585660157827
52	9	手表	14.644719618569027
52	10	。	3.8376376814368456
53	1	我	5.782587890090463
53	2	选择	9.939359636937239
53	3	了	1.4067416901892997
53	4	那	6.167723415307222
53	5	篇	6.174295677396266
53	6	学生	11.582283240199217
53	7	写	11.556349326301408
53	8	的	1.1431732880545695
53	9	论文	10.6772337103191
53	10	。	2.6498852683919267
54	1	我	5.782587890090463
54	2	选择	9.939359636937239
54	3	了	1.4067416901892997
54	4	那	6.167723415307222
54	5	个	5.204488618732192
54	6	学生	10.895062547862679
54	7	写	13.044991750271265
54	8	的	1.6953285289186724
54	9	论文	11.361100456193725
54	10	。	2.7773397971470644
55	1	她	8.324534752268313
55	2	喜欢	11.227824763329306
55	3	那	7.20683915030369
55	4	场	6.2916709540782705
55	5	演员	12.629825254982968
55	6	准备	14.421245249475987
55	7	的	6.915995164448795
55	8	表演	11.737498705593865
55	9	。	5.619880749728864
56	1	她	8.324534752268313
56	2	喜欢	11.227824763329306
56	3	那	7.20683915030369
56	4	个	4.662675873098749
56	5	演员	11.786656037355712
56	6	准备	15.000317601875885
56	7	的	6.694297195198438
56	8	表演	13.009885743620586
56	9	。	10.415859225567047
57	1	他	6.408791996377333
57	2	称赞	16.697305285279825
57	3	了	2.3019071928343102
57	4	那	8.959318380984204
57	5	间	11.624887900205152
57	6	警察	10.656347257719197
57	7	工作	11.241021619625698
57	8	的	6.065403740655597
57	9	办公室	11.09504960690063
57	10	。	1.5282563490000598
58	1	他	6.408791996377333
58	2	称赞	16.697305285279825
58	3	了	2.3019071928343102
58	4	那	8.959318380984204
58	5	个	4.451642240043093
58	6	警察	11.341059575183444
58	7	工作	12.108184745098022
58	8	的	5.1323014176670085
58	9	办公室	11.333649674787452
58	10	。	0.7881253513467499
59	1	我	5.782587890090463
59	2	听说	9.872771957790276
59	3	过	1.4265832730171404
59	4	那	5.0549929937065095
59	5	首	10.07067640172859
59	6	孩子	9.151215531473518
59	7	写	10.2042171973454
59	8	的	4.095324323369894
59	9	诗	11.520546968196356
59	10	。	2.8839176755792835
60	1	我	5.782587890090463
60	2	听说	9.872771957790276
60	3	过	1.4265832730171404
60	4	那	5.0549929937065095
60	5	个	6.484591341263151
60	6	孩子	8.021193948300148
60	7	写	11.051928184964503
60	8	的	3.9010858890793116
60	9	诗	12.387888558305562
60	10	。	2.90501650573335
61	1	我	5.782587890090463
61	2	选择	9.939359636937239
61	3	了	1.4067416901892997
61	4	那	6.167723415307222
61	5	家	9.190453457648424
61	6	朋友	8.49367148224129
61	7	去	8.762295770797728
61	8	的	11.79714880589944
61	9	银行	13.695977730789316
61	10	。	2.529608448659488
62	1	我	5.782587890090463
62	2	选择	9.939359636937239
62	3	了	1.4067416901892997
62	4	那	6.167723415307222
62	5	个	5.204488618732192
62	6	朋友	9.519110397769545
62	7	去	9.40024902575945
62	8	的	9.005710523919227
62	9	银行	14.555742730731957
62	10	。	2.5936022246637833
