sentence_id	token_id	token	surprisal
1	1	我	5.782586430385144
1	2	很	6.6793854082042765
1	3	喜欢	3.7350719607472627
1	4	一	4.808166005028788
1	5	位	4.131186991793879
1	6	国内	13.850464258104484
1	7	的	1.2796663171054234
1	8	明星	10.525396180780454
1	9	。	1.5107710049120158
2	1	我	5.782586430385144
2	2	很	6.6793854082042765
2	3	喜欢	3.7350719607472627
2	4	一	4.808166005028788
2	5	首	8.561670399383964
2	6	国内	14.722644594043679
2	7	的	0.8178789674138187
2	8	明星	9.485725123168265
2	9	。	0.9526998684995718
3	1	我	5.782586430385144
3	2	很	6.6793854082042765
3	3	喜欢	3.7350719607472627
3	4	一	4.808166005028788
3	5	首	8.561670399383964
3	6	国内	14.722644594043679
3	7	的	0.8178789674138187
3	8	歌曲	11.391043427508095
3	9	。	0.9430923212904645
4	1	我	5.782586430385144
4	2	很	6.6793854082042765
4	3	喜欢	3.7350719607472627
4	4	一	4.808166005028788
4	5	位	4.131186991793879
4	6	国内	13.850464258104484
4	7	的	1.2796663171054234
4	8	歌曲	13.367697964700824
4	9	。	1.5121660280503946
5	1	她	8.324535953695557
5	2	开车	14.314667374787563
5	3	去	5.477855479033629
5	4	了	2.1958895782577272
5	5	一	3.433206174813236
5	6	家	3.811640871890944
5	7	郊外	17.227145076807247
5	8	的	4.8745436562196645
5	9	店	11.886900643499239
5	10	。	4.127730941852263
6	1	她	8.324535953695557
6	2	开车	14.314667374787563
6	3	去	5.477855479033629
6	4	了	2.1958895782577272
6	5	一	3.433206174813236
6	6	座	6.835924988749525
6	7	郊外	16.618886169035967
6	8	的	5.967610227300106
6	9	店	12.321662643133848
6	10	。	2.939869276660886
7	1	她	8.324535953695557
7	2	开车	14.314667374787563
7	3	去	5.477855479033629
7	4	了	2.1958895782577272
7	5	一	3.433206174813236
7	6	座	6.835924988749525
7	7	郊外	16.618886169035967
7	8	的	5.967610227300106
7	9	山	9.863122868425577
7	10	。	2.100393072642987
8	1	她	8.324535953695557
8	2	开车	14.314667374787563
8	3	去	5.477855479033629
8	4	了	2.1958895782577272
8	5	一	3.433206174813236
8	6	家	3.811640871890944
8	7	郊外	17.227145076807247
8	8	的	4.8745436562196645
8	9	山	10.710178954042924
8	10	。	2.990100204585545
9	1	他	6.408792415233733
9	2	有	8.704705816576471
9	3	一	2.9948720849278345
9	4	双	11.63066177689501
9	5	蓝色	14.150566670899025
9	6	的	3.2665768383420115
9	7	手套	14.064075313237105
9	8	。	4.788028360467187
10	1	他	6.408792415233733
10	2	有	8.704705816576471
10	3	一	2.9948720849278345
10	4	枚	11.856534614443344
10	5	蓝色	14.149725634097589
10	6	的	2.285332768255749
10	7	手套	14.061087101134618
10	8	。	5.6096957162221415
11	1	他	6.408792415233733
11	2	有	8.704705816576471
11	3	一	2.9948720849278345
11	4	枚	11.856534614443344
11	5	蓝色	14.149725634097589
11	6	的	2.285332768255749
11	7	纽扣	17.276192403913647
11	8	。	8.405948455525504
12	1	他	6.408792415233733
12	2	有	8.704705816576471
12	3	一	2.9948720849278345
12	4	双	11.63066177689501
12	5	蓝色	14.150566670899025
12	6	的	3.2665768383420115
12	7	纽扣	17.838457251714317
12	8	。	6.286409304293457
13	1	店长	21.093672371363954
13	2	拿	14.429022807422673
13	3	着	1.0522130813913364
13	4	一	2.6351755761695372
13	5	只	5.620781511510053
13	6	便宜	12.327170285065776
13	7	的	1.0772611188005996
13	8	兔子	14.536101851004993
13	9	。	13.515483081780971
14	1	店长	21.093672371363954
14	2	拿	14.429022807422673
14	3	着	1.0522130813913364
14	4	一	2.6351755761695372
14	5	根	8.065417770378971
14	6	便宜	12.27872644153441
14	7	的	0.9598505940387199
14	8	兔子	14.702187570098268
14	9	。	13.739654397496281
15	1	店长	21.093672371363954
15	2	拿	14.429022807422673
15	3	着	1.0522130813913364
15	4	一	2.6351755761695372
15	5	根	8.065417770378971
15	6	便宜	12.27872644153441
15	7	的	0.9598505940387199
15	8	萝卜	17.109383843498883
15	9	。	11.770828703404447
16	1	店长	21.093672371363954
16	2	拿	14.429022807422673
16	3	着	1.0522130813913364
16	4	一	2.6351755761695372
16	5	只	5.620781511510053
16	6	便宜	12.327170285065776
16	7	的	1.0772611188005996
16	8	萝卜	16.659375207102308
16	9	。	10.805688815983572
17	1	他	6.408792415233733
17	2	认识	11.433206263564966
17	3	了	4.504822836676535
17	4	一	4.468010281212109
17	5	名	5.598304520042106
17	6	幸运	12.640725089618442
17	7	的	0.05214562742805384
17	8	男孩	9.096918624252588
17	9	。	5.429113769198366
18	1	他	6.408792415233733
18	2	认识	11.433206263564966
18	3	了	4.504822836676535
18	4	一	4.468010281212109
18	5	本	6.762243149632496
18	6	幸运	12.102736477006047
18	7	的	0.07728437294211687
18	8	男孩	9.605289465093811
18	9	。	5.342742629603933
19	1	他	6.408792415233733
19	2	认识	11.433206263564966
19	3	了	4.504822836676535
19	4	一	4.468010281212109
19	5	本	6.762243149632496
19	6	幸运	12.102736477006047
19	7	的	0.07728437294211687
19	8	小说	9.359709483399868
19	9	。	3.926592095689955
20	1	他	6.408792415233733
20	2	认识	11.433206263564966
20	3	了	4.504822836676535
20	4	一	4.468010281212109
20	5	名	5.598304520042106
20	6	幸运	12.640725089618442
20	7	的	0.05214562742805384
20	8	小说	10.886707574977315
20	9	。	4.274598151235054
21	1	男人	15.732756518754409
21	2	在	4.068944486682353
21	3	扫描	19.576693892932248
21	4	一	5.648165154038274
21	5	篇	8.379102666859701
21	6	很	8.087227481157193
21	7	短	7.517199177031436
21	8	的	0.012775022250238521
21	9	文章	5.672698234296433
21	10	。	3.1316841925150243
22	1	男人	15.732756518754409
22	2	在	4.068944486682353
22	3	扫描	19.576693892932248
22	4	一	5.648165154038274
22	5	张	7.0850685208740956
22	6	很	6.655146041794609
22	7	短	7.188059320324143
22	8	的	0.012297757236169105
22	9	文章	9.55079930289773
22	10	。	2.738608469470776
23	1	男人	15.732756518754409
23	2	在	4.068944486682353
23	3	扫描	19.576693892932248
23	4	一	5.648165154038274
23	5	张	7.0850685208740956
23	6	很	6.655146041794609
23	7	短	7.188059320324143
23	8	的	0.012297757236169105
23	9	图片	10.896644617916039
23	10	。	2.929925082353307
24	1	男人	15.732756518754409
24	2	在	4.068944486682353
24	3	扫描	19.576693892932248
24	4	一	5.648165154038274
24	5	篇	8.379102666859701
24	6	很	8.087227481157193
24	7	短	7.517199177031436
24	8	的	0.012775022250238521
24	9	图片	9.931392304706975
24	10	。	3.3979436297906886
25	1	演员	15.483726902891949
25	2	在	3.75974733375363
25	3	看	10.186150105990443
25	4	一	5.701487147657989
25	5	张	5.58671840437853
25	6	干净	14.708395964722435
25	7	的	0.39760086031061803
25	8	旧	11.255070419798841
25	9	照片	8.141315629251508
25	10	。	2.6919948710313264
26	1	演员	15.483726902891949
26	2	在	3.75974733375363
26	3	看	10.186150105990443
26	4	一	5.701487147657989
26	5	位	4.749564276041546
26	6	干净	14.659007354847688
26	7	的	0.3250988621062021
26	8	旧	11.718579954864282
26	9	照片	8.632365265520818
26	10	。	3.459019459471989
27	1	演员	15.483726902891949
27	2	在	3.75974733375363
27	3	看	10.186150105990443
27	4	一	5.701487147657989
27	5	位	4.749564276041546
27	6	干净	14.659007354847688
27	7	的	0.3250988621062021
27	8	老师	8.35074221663978
27	9	。	4.280557000634765
28	1	演员	15.483726902891949
28	2	在	3.75974733375363
28	3	看	10.186150105990443
28	4	一	5.701487147657989
28	5	张	5.58671840437853
28	6	干净	14.708395964722435
28	7	的	0.39760086031061803
28	8	老师	9.861273938582215
28	9	。	3.388213528535161
29	1	他	6.408792415233733
29	2	在	4.378418053590901
29	3	修理	15.60123713786327
29	4	一	4.846620335523433
29	5	辆	5.185378736878548
29	6	倒霉	17.269203170010428
29	7	的	0.31954223327807796
29	8	汽车	6.254153586398665
29	9	。	3.7459388713480806
30	1	他	6.408792415233733
30	2	在	4.378418053590901
30	3	修理	15.60123713786327
30	4	一	4.846620335523433
30	5	套	6.654000588613819
30	6	倒霉	17.07535349669221
30	7	的	0.372766224696484
30	8	汽车	7.182500408227362
30	9	。	4.612814864635787
31	1	他	6.408792415233733
31	2	在	4.378418053590901
31	3	修理	15.60123713786327
31	4	一	4.846620335523433
31	5	套	6.654000588613819
31	6	倒霉	17.07535349669221
31	7	的	0.372766224696484
31	8	系统	12.071103232362063
31	9	。	4.657987784762668
32	1	他	6.408792415233733
32	2	在	4.378418053590901
32	3	修理	15.60123713786327
32	4	一	4.846620335523433
32	5	辆	5.185378736878548
32	6	倒霉	17.269203170010428
32	7	的	0.31954223327807796
32	8	系统	13.505427136789052
32	9	。	3.7646982191712794
33	1	学生	12.73726166424094
33	2	们	17.289223829663324
33	3	在	4.58725229212094
33	4	写	12.322314877309694
33	5	一	4.598699947133909
33	6	部	3.7573484890771525
33	7	精彩	10.374575650483308
33	8	的	0.7851901881065686
33	9	电影	4.890457256171786
33	10	。	14.279591482438988
34	1	学生	12.73726166424094
34	2	们	17.289223829663324
34	3	在	4.58725229212094
34	4	写	12.322314877309694
34	5	一	4.598699947133909
34	6	首	7.981764392050316
34	7	精彩	10.401651162499931
34	8	的	0.3936008024237907
34	9	电影	5.636755936766306
34	10	。	14.383172825057116
35	1	学生	12.73726166424094
35	2	们	17.289223829663324
35	3	在	4.58725229212094
35	4	写	12.322314877309694
35	5	一	4.598699947133909
35	6	首	7.981764392050316
35	7	精彩	10.401651162499931
35	8	的	0.3936008024237907
35	9	戏曲	18.859652946757805
35	10	。	15.3016783879646
36	1	学生	12.73726166424094
36	2	们	17.289223829663324
36	3	在	4.58725229212094
36	4	写	12.322314877309694
36	5	一	4.598699947133909
36	6	部	3.7573484890771525
36	7	精彩	10.374575650483308
36	8	的	0.7851901881065686
36	9	戏曲	19.3021666252869
36	10	。	15.012175593513888
37	1	我们	6.726684516130838
37	2	在	5.11324171418968
37	3	看	4.95763908047374
37	4	一	4.298664125698185
37	5	场	3.867998785213093
37	6	神奇	13.85666331667488
37	7	的	0.47635596000559133
37	8	他	13.246522716244037
37	9	的	4.818729659221269
37	10	表演	9.82091517550601
37	11	。	2.381932690226421
38	1	我们	6.726684516130838
38	2	在	5.11324171418968
38	3	看	4.95763908047374
38	4	一	4.298664125698185
38	5	块	9.82293140678054
38	6	神奇	14.764147238175141
38	7	的	0.5982371188683757
38	8	他	14.632277798655387
38	9	的	5.796128791890389
38	10	表演	10.788147512264999
38	11	。	1.9688606023607917
39	1	我们	6.726684516130838
39	2	在	5.11324171418968
39	3	看	4.95763908047374
39	4	一	4.298664125698185
39	5	块	9.82293140678054
39	6	神奇	14.764147238175141
39	7	的	0.5982371188683757
39	8	他	14.632277798655387
39	9	的	5.796128791890389
39	10	场地	14.528445937837233
39	11	。	1.043074137349123
40	1	我们	6.726684516130838
40	2	在	5.11324171418968
40	3	看	4.95763908047374
40	4	一	4.298664125698185
40	5	场	3.867998785213093
40	6	神奇	13.85666331667488
40	7	的	0.47635596000559133
40	8	他	13.246522716244037
40	9	的	4.818729659221269
40	10	场地	16.311436729761645
40	11	。	1.327509554462324
41	1	他	6.408792415233733
41	2	最	10.737923157425701
41	3	喜欢	4.2664829032665175
41	4	一	6.79234851405716
41	5	道	8.927289081725455
41	6	美味	18.314780137282582
41	7	的	1.7184111454315527
41	8	菜	13.103413544597664
41	9	。	3.439270802128661
42	1	他	6.408792415233733
42	2	最	10.737923157425701
42	3	喜欢	4.2664829032665175
42	4	一	6.79234851405716
42	5	瓶	10.321110666283957
42	6	美味	17.83563298611022
42	7	的	2.4523781720823408
42	8	菜	11.60956464581566
42	9	。	3.002551341642828
43	1	他	6.408792415233733
43	2	最	10.737923157425701
43	3	喜欢	4.2664829032665175
43	4	一	6.79234851405716
43	5	瓶	10.321110666283957
43	6	美味	17.83563298611022
43	7	的	2.4523781720823408
43	8	醋	17.54878819805976
43	9	。	8.394854653278898
44	1	他	6.408792415233733
44	2	最	10.737923157425701
44	3	喜欢	4.2664829032665175
44	4	一	6.79234851405716
44	5	道	8.927289081725455
44	6	美味	18.314780137282582
44	7	的	1.7184111454315527
44	8	醋	17.829554266645523
44	9	。	8.699358354740554
45	1	她	8.324535953695557
45	2	拿	11.624291257640591
45	3	了	4.292470937319287
45	4	一	2.2593316016085723
45	5	份	5.803546819026504
45	6	今天	11.09217440012307
45	7	的	1.225380447238841
45	8	饭	15.42892476705282
45	9	。	4.244184232150218
46	1	她	8.324535953695557
46	2	拿	11.624291257640591
46	3	了	4.292470937319287
46	4	一	2.2593316016085723
46	5	卷	14.251233262743458
46	6	今天	13.024194608320329
46	7	的	1.8913403724894877
46	8	饭	12.716565762334902
46	9	。	2.3162318772521786
47	1	她	8.324535953695557
47	2	拿	11.624291257640591
47	3	了	4.292470937319287
47	4	一	2.2593316016085723
47	5	卷	14.251233262743458
47	6	今天	13.024194608320329
47	7	的	1.8913403724894877
47	8	纸	14.059982770296948
47	9	。	5.881759552177286
48	1	她	8.324535953695557
48	2	拿	11.624291257640591
48	3	了	4.292470937319287
48	4	一	2.2593316016085723
48	5	份	5.803546819026504
48	6	今天	11.09217440012307
48	7	的	1.225380447238841
48	8	纸	14.762784308746724
48	9	。	8.240151928756624
49	1	学生	12.73726166424094
49	2	们	17.289223829663324
49	3	在	4.58725229212094
49	4	写	12.322314877309694
49	5	一	4.598699947133909
49	6	部	3.7573484890771525
49	7	复杂	12.404780557142487
49	8	的	0.6424424322680693
49	9	戏剧	10.307125950436372
49	10	。	15.029896660659645
50	1	学生	12.73726166424094
50	2	们	17.289223829663324
50	3	在	4.58725229212094
50	4	写	12.322314877309694
50	5	一	4.598699947133909
50	6	篇	2.167665646125066
50	7	复杂	13.235012909709397
50	8	的	0.6056434373417119
50	9	戏剧	12.205720433264574
50	10	。	14.75325895078413
51	1	学生	12.73726166424094
51	2	们	17.289223829663324
51	3	在	4.58725229212094
51	4	写	12.322314877309694
51	5	一	4.598699947133909
51	6	篇	2.167665646125066
51	7	复杂	13.235012909709397
51	8	的	0.6056434373417119
51	9	文章	1.3371448225464206
51	10	。	16.21812880288988
52	1	学生	12.73726166424094
52	2	们	17.289223829663324
52	3	在	4.58725229212094
52	4	写	12.322314877309694
52	5	一	4.598699947133909
52	6	部	3.7573484890771525
52	7	复杂	12.404780557142487
52	8	的	0.6424424322680693
52	9	文章	4.05373159052489
52	10	。	16.546568160782
53	1	这	5.690293951087926
53	2	是	2.495982702272232
53	3	一	2.50559180310613
53	4	架	10.972272381452541
53	5	红色	14.141588359677492
53	6	的	0.5426779249358376
53	7	火车	9.93523057032764
53	8	。	2.3841242082962495
54	1	这	5.690293951087926
54	2	是	2.495982702272232
54	3	一	2.50559180310613
54	4	扇	15.069403605898657
54	5	红色	13.383643843267436
54	6	的	1.2086837253664768
54	7	火车	10.698954579172721
54	8	。	3.622359600328849
55	1	这	5.690293951087926
55	2	是	2.495982702272232
55	3	一	2.50559180310613
55	4	扇	15.069403605898657
55	5	红色	13.383643843267436
55	6	的	1.2086837253664768
55	7	窗户	11.891882225061494
55	8	。	4.498298815542498
56	1	这	5.690293951087926
56	2	是	2.495982702272232
56	3	一	2.50559180310613
56	4	架	10.972272381452541
56	5	红色	14.141588359677492
56	6	的	0.5426779249358376
56	7	窗户	11.853583109025323
56	8	。	2.5678532306548263
57	1	老师	14.276155181607347
57	2	在	5.056957084206211
57	3	责备	16.10164862572756
57	4	三	13.843931695009374
57	5	名	7.256219938551055
57	6	淘气	18.363426681152305
57	7	的	3.007941666217903
57	8	学生	5.658284421969952
57	9	。	1.0583480264672858
58	1	老师	14.276155181607347
58	2	在	5.056957084206211
58	3	责备	16.10164862572756
58	4	三	13.843931695009374
58	5	只	8.41807862091838
58	6	淘气	17.471895389475435
58	7	的	4.199702409088616
58	8	学生	7.931446941039098
58	9	。	0.8899316396776698
59	1	老师	14.276155181607347
59	2	在	5.056957084206211
59	3	责备	16.10164862572756
59	4	三	13.843931695009374
59	5	只	8.41807862091838
59	6	淘气	17.471895389475435
59	7	的	4.199702409088616
59	8	宠物	16.120123606666567
59	9	。	2.4208793761148826
60	1	老师	14.276155181607347
60	2	在	5.056957084206211
60	3	责备	16.10164862572756
60	4	三	13.843931695009374
60	5	名	7.256219938551055
60	6	淘气	18.363426681152305
60	7	的	3.007941666217903
60	8	宠物	15.969336534946422
60	9	。	2.531758341966807
61	1	她	8.324535953695557
61	2	买	14.711222892656346
61	3	过	5.46848605798257
61	4	两	5.277908498616117
61	5	杯	10.801223666047058
61	6	热	14.89049780477081
61	7	的	4.202034224367409
61	8	咖啡	8.51115299461322
61	9	。	6.211441672327396
62	1	她	8.324535953695557
62	2	买	14.711222892656346
62	3	过	5.46848605798257
62	4	两	5.277908498616117
62	5	个	2.6148081052590086
62	6	热	15.539970931920571
62	7	的	2.253671213428703
62	8	咖啡	10.404380792554058
62	9	。	5.019598375399184
63	1	她	8.324535953695557
63	2	买	14.711222892656346
63	3	过	5.46848605798257
63	4	两	5.277908498616117
63	5	个	2.6148081052590086
63	6	热	15.539970931920571
63	7	的	2.253671213428703
63	8	杯子	13.758320187782694
63	9	。	3.1656082415850477
64	1	她	8.324535953695557
64	2	买	14.711222892656346
64	3	过	5.46848605798257
64	4	两	5.277908498616117
64	5	杯	10.801223666047058
64	6	热	14.89049780477081
64	7	的	4.202034224367409
64	8	杯子	14.368132290479672
64	9	。	4.360828403757495
65	1	孩子	13.720210419374311
65	2	在	6.002854994129088
65	3	卖	9.619475019240436
65	4	五	11.742002284996499
65	5	台	6.607402267685238
65	6	贵	14.520245976283611
65	7	的	7.536260542430583
65	8	桌子	10.924013998625753
65	9	。	1.7651333246697902
66	1	孩子	13.720210419374311
66	2	在	6.002854994129088
66	3	卖	9.619475019240436
66	4	五	11.742002284996499
66	5	块	6.516413013126147
66	6	贵	15.270223483809886
66	7	的	10.305418504964301
66	8	桌子	17.137657596847546
66	9	。	1.153064383018318
67	1	孩子	13.720210419374311
67	2	在	6.002854994129088
67	3	卖	9.619475019240436
67	4	五	11.742002284996499
67	5	块	6.516413013126147
67	6	贵	15.270223483809886
67	7	的	10.305418504964301
67	8	蛋糕	18.022479855322473
67	9	。	1.011399467812069
68	1	孩子	13.720210419374311
68	2	在	6.002854994129088
68	3	卖	9.619475019240436
68	4	五	11.742002284996499
68	5	台	6.607402267685238
68	6	贵	14.520245976283611
68	7	的	7.536260542430583
68	8	蛋糕	12.943194710417302
68	9	。	1.3250770177258602
69	1	妈妈	13.191253466198091
69	2	在	5.260128091065589
69	3	做	8.84994623803297
69	4	一	4.210045021924994
69	5	张	6.165104854158475
69	6	好看	14.443923308558027
69	7	的	0.3396946562686409
69	8	地图	12.698055259993524
69	9	。	1.9157739078024747
70	1	妈妈	13.191253466198091
70	2	在	5.260128091065589
70	3	做	8.84994623803297
70	4	一	4.210045021924994
70	5	面	9.54462385632998
70	6	好看	15.076210010311343
70	7	的	0.6225049241711673
70	8	地图	12.935296473590206
70	9	。	2.078122217755407
71	1	妈妈	13.191253466198091
71	2	在	5.260128091065589
71	3	做	8.84994623803297
71	4	一	4.210045021924994
71	5	面	9.54462385632998
71	6	好看	15.076210010311343
71	7	的	0.6225049241711673
71	8	镜子	13.9883500936238
71	9	。	1.4928364572067494
72	1	妈妈	13.191253466198091
72	2	在	5.260128091065589
72	3	做	8.84994623803297
72	4	一	4.210045021924994
72	5	张	6.165104854158475
72	6	好看	14.443923308558027
72	7	的	0.3396946562686409
72	8	镜子	13.563848562160643
72	9	。	1.3836327974921119
73	1	爸爸	11.78706124814576
73	2	买	9.206319961958522
73	3	了	1.4480438553057375
73	4	一	3.495681681219949
73	5	栋	7.41818759781653
73	6	很	11.932250180786554
73	7	大	3.556663157448064
73	8	的	0.04966727269641069
73	9	房子	5.881281142416363
73	10	。	2.2249815301700693
74	1	爸爸	11.78706124814576
74	2	买	9.206319961958522
74	3	了	1.4480438553057375
74	4	一	3.495681681219949
74	5	条	4.451230010793147
74	6	很	9.901992890401946
74	7	大	3.067869658858818
74	8	的	0.02804451253214779
74	9	房子	6.60882193902372
74	10	。	2.516458589771794
75	1	爸爸	11.78706124814576
75	2	买	9.206319961958522
75	3	了	1.4480438553057375
75	4	一	3.495681681219949
75	5	条	4.451230010793147
75	6	很	9.901992890401946
75	7	大	3.067869658858818
75	8	的	0.02804451253214779
75	9	沙发	14.279486777351494
75	10	。	1.4265953390724277
76	1	爸爸	11.78706124814576
76	2	买	9.206319961958522
76	3	了	1.4480438553057375
76	4	一	3.495681681219949
76	5	栋	7.41818759781653
76	6	很	11.932250180786554
76	7	大	3.556663157448064
76	8	的	0.04966727269641069
76	9	沙发	14.020935051836808
76	10	。	1.3434740757221206
77	1	我	5.782586430385144
77	2	想	4.610165430953015
77	3	种	15.074680207133959
77	4	一	5.0550849761603125
77	5	朵	22.2008637443615
77	6	红色	13.966798862974706
77	7	的	0.582252841684678
77	8	玫瑰	18.00351492134996
77	9	。	2.4421485782261527
78	1	我	5.782586430385144
78	2	想	4.610165430953015
78	3	种	15.074680207133959
78	4	一	5.0550849761603125
78	5	颗	12.465558744231274
78	6	红色	14.080266685813342
78	7	的	0.9758043917721082
78	8	玫瑰	16.732221642958777
78	9	。	3.0182118504836666
79	1	我	5.782586430385144
79	2	想	4.610165430953015
79	3	种	15.074680207133959
79	4	一	5.0550849761603125
79	5	颗	12.465558744231274
79	6	红色	14.080266685813342
79	7	的	0.9758043917721082
79	8	种子	12.111174074173675
79	9	。	2.696707151912804
80	1	我	5.782586430385144
80	2	想	4.610165430953015
80	3	种	15.074680207133959
80	4	一	5.0550849761603125
80	5	朵	22.2008637443615
80	6	红色	13.966798862974706
80	7	的	0.582252841684678
80	8	种子	12.826757078487205
80	9	。	2.0224904096750578
81	1	我	5.782586430385144
81	2	经常	9.832079158049265
81	3	去	5.174650326996931
81	4	一	7.463451606709757
81	5	家	4.608797260938854
81	6	有名	11.885047819816137
81	7	的	0.019979230531710357
81	8	医院	8.042252834693862
81	9	。	4.271621064896799
82	1	我	5.782586430385144
82	2	经常	9.832079158049265
82	3	去	5.174650326996931
82	4	一	7.463451606709757
82	5	座	8.510018552141123
82	6	有名	11.404633605060255
82	7	的	0.007860861423893084
82	8	医院	9.193101814099464
82	9	。	3.0766082094758787
83	1	我	5.782586430385144
83	2	经常	9.832079158049265
83	3	去	5.174650326996931
83	4	一	7.463451606709757
83	5	座	8.510018552141123
83	6	有名	11.404633605060255
83	7	的	0.007860861423893084
83	8	城市	8.870670052416628
83	9	。	2.6674578545721417
84	1	我	5.782586430385144
84	2	经常	9.832079158049265
84	3	去	5.174650326996931
84	4	一	7.463451606709757
84	5	家	4.608797260938854
84	6	有名	11.885047819816137
84	7	的	0.019979230531710357
84	8	城市	8.984294613136598
84	9	。	3.583791875099358
85	1	我	5.782586430385144
85	2	拜访	15.055247398186932
85	3	了	4.822464482111066
85	4	这	4.217826539502294
85	5	一	4.567104739829517
85	6	所	10.206881837366524
85	7	重要	9.367706928845706
85	8	的	0.7439952047888241
85	9	美丽	12.296258270867725
85	10	的	3.4054956550209
85	11	高中	13.197409628767588
85	12	。	1.5953498701663875
86	1	我	5.782586430385144
86	2	拜访	15.055247398186932
86	3	了	4.822464482111066
86	4	这	4.217826539502294
86	5	一	4.567104739829517
86	6	位	4.534976137247668
86	7	重要	10.28699886099482
86	8	的	0.535838796869271
86	9	美丽	12.980090781938635
86	10	的	2.866898046648153
86	11	高中	13.28772052195815
86	12	。	1.9322173159604432
87	1	我	5.782586430385144
87	2	拜访	15.055247398186932
87	3	了	4.822464482111066
87	4	这	4.217826539502294
87	5	一	4.567104739829517
87	6	位	4.534976137247668
87	7	重要	10.28699886099482
87	8	的	0.535838796869271
87	9	美丽	12.980090781938635
87	10	的	2.866898046648153
87	11	老师	13.12710057191579
87	12	。	1.5684374268752492
88	1	我	5.782586430385144
88	2	拜访	15.055247398186932
88	3	了	4.822464482111066
88	4	这	4.217826539502294
88	5	一	4.567104739829517
88	6	所	10.206881837366524
88	7	重要	9.367706928845706
88	8	的	0.7439952047888241
88	9	美丽	12.296258270867725
88	10	的	3.4054956550209
88	11	老师	14.94788829817621
88	12	。	1.420685689437036
89	1	他	6.408792415233733
89	2	在	4.378418053590901
89	3	读	10.988835575626
89	4	一	5.751557310347444
89	5	条	5.991292368980833
89	6	很	6.967813574666927
89	7	长	6.078403684682108
89	8	的	0.10235381332248039
89	9	评论	10.137477629028844
89	10	。	4.508910473694755
90	1	他	6.408792415233733
90	2	在	4.378418053590901
90	3	读	10.988835575626
90	4	一	5.751557310347444
90	5	首	7.981804720148094
90	6	很	8.616534256477614
90	7	长	6.644982258719985
90	8	的	0.026188923324028224
90	9	评论	10.262474602987574
90	10	。	4.682626179115488
91	1	他	6.408792415233733
91	2	在	4.378418053590901
91	3	读	10.988835575626
91	4	一	5.751557310347444
91	5	首	7.981804720148094
91	6	很	8.616534256477614
91	7	长	6.644982258719985
91	8	的	0.026188923324028224
91	9	诗歌	17.503705776439254
91	10	。	4.985342614107864
92	1	他	6.408792415233733
92	2	在	4.378418053590901
92	3	读	10.988835575626
92	4	一	5.751557310347444
92	5	条	5.991292368980833
92	6	很	6.967813574666927
92	7	长	6.078403684682108
92	8	的	0.10235381332248039
92	9	诗歌	18.224993033669335
92	10	。	4.842038413406911
93	1	她	8.324535953695557
93	2	从来	11.00166490567174
93	3	没	4.200428024169746
93	4	见	7.0835425946051345
93	5	过	0.23466235748253794
93	6	一	4.802482022708563
93	7	头	8.885143454091619
93	8	黄色	15.366041644580832
93	9	的	1.402643267303148
93	10	老虎	16.918609122838525
93	11	。	2.1976503834167858
94	1	她	8.324535953695557
94	2	从来	11.00166490567174
94	3	没	4.200428024169746
94	4	见	7.0835425946051345
94	5	过	0.23466235748253794
94	6	一	4.802482022708563
94	7	双	10.066872119134842
94	8	黄色	15.263778264064648
94	9	的	2.0108669743304617
94	10	老虎	16.99189072031232
94	11	。	1.983780684607595
95	1	她	8.324535953695557
95	2	从来	11.00166490567174
95	3	没	4.200428024169746
95	4	见	7.0835425946051345
95	5	过	0.23466235748253794
95	6	一	4.802482022708563
95	7	双	10.066872119134842
95	8	黄色	15.263778264064648
95	9	的	2.0108669743304617
95	10	眼睛	8.211298809556276
95	11	。	2.4221961422963147
96	1	她	8.324535953695557
96	2	从来	11.00166490567174
96	3	没	4.200428024169746
96	4	见	7.0835425946051345
96	5	过	0.23466235748253794
96	6	一	4.802482022708563
96	7	头	8.885143454091619
96	8	黄色	15.366041644580832
96	9	的	1.402643267303148
96	10	眼睛	8.752477368564449
96	11	。	2.819611252329949
97	1	我	5.782586430385144
97	2	还	7.58675028437873
97	3	没有	3.768578487027261
97	4	检查	11.903845010176006
97	5	一	6.549333081795144
97	6	份	4.886851130402803
97	7	很	8.476371822726804
97	8	难	7.077514582738047
97	9	的	2.160593405440558
97	10	作业	12.617995003960367
97	11	。	3.480880456324428
98	1	我	5.782586430385144
98	2	还	7.58675028437873
98	3	没有	3.768578487027261
98	4	检查	11.903845010176006
98	5	一	6.549333081795144
98	6	行	13.47061643635655
98	7	很	8.444008840770536
98	8	难	7.699791214949258
98	9	的	1.4311533544494068
98	10	作业	12.944687147652061
98	11	。	3.1361428113659002
99	1	我	5.782586430385144
99	2	还	7.58675028437873
99	3	没有	3.768578487027261
99	4	检查	11.903845010176006
99	5	一	6.549333081795144
99	6	行	13.47061643635655
99	7	很	8.444008840770536
99	8	难	7.699791214949258
99	9	的	1.4311533544494068
99	10	公式	17.315583111458253
99	11	。	2.961664914052463
100	1	我	5.782586430385144
100	2	还	7.58675028437873
100	3	没有	3.768578487027261
100	4	检查	11.903845010176006
100	5	一	6.549333081795144
100	6	份	4.886851130402803
100	7	很	8.476371822726804
100	8	难	7.077514582738047
100	9	的	2.160593405440558
100	10	公式	16.875204168227945
100	11	。	3.0626553253619164
101	1	孩子	13.720210419374311
101	2	听到	11.982864542331725
101	3	了	4.81490496629343
101	4	一	3.732048268034017
101	5	首	8.570922968082414
101	6	熟悉	13.537843191980883
101	7	的	1.319714592287788
101	8	歌曲	8.734271949134673
101	9	。	2.1458329505016565
102	1	孩子	13.720210419374311
102	2	听到	11.982864542331725
102	3	了	4.81490496629343
102	4	一	3.732048268034017
102	5	张	5.333105558162153
102	6	熟悉	14.193927109360999
102	7	的	1.1139105379574232
102	8	歌曲	9.106730344853538
102	9	。	2.804024862034055
103	1	孩子	13.720210419374311
103	2	听到	11.982864542331725
103	3	了	4.81490496629343
103	4	一	3.732048268034017
103	5	张	5.333105558162153
103	6	熟悉	14.193927109360999
103	7	的	1.1139105379574232
103	8	专辑	10.217580405909494
103	9	。	2.445318159287112
104	1	孩子	13.720210419374311
104	2	听到	11.982864542331725
104	3	了	4.81490496629343
104	4	一	3.732048268034017
104	5	首	8.570922968082414
104	6	熟悉	13.537843191980883
104	7	的	1.319714592287788
104	8	专辑	10.148992050461835
104	9	。	1.9305649210415226
105	1	护士	17.740021784430045
105	2	做	11.729883994714527
105	3	了	1.3862769433215902
105	4	一	3.072124529205201
105	5	次	4.612769101878051
105	6	必需	16.38644016588026
105	7	的	1.1468300641358908
105	8	检查	10.92855701022598
105	9	。	5.277979661542048
106	1	护士	17.740021784430045
106	2	做	11.729883994714527
106	3	了	1.3862769433215902
106	4	一	3.072124529205201
106	5	篇	5.141362362880045
106	6	必需	16.69306358123847
106	7	的	1.1633337783086262
106	8	检查	13.245650461169944
106	9	。	5.24766724559025
107	1	护士	17.740021784430045
107	2	做	11.729883994714527
107	3	了	1.3862769433215902
107	4	一	3.072124529205201
107	5	篇	5.141362362880045
107	6	必需	16.69306358123847
107	7	的	1.1633337783086262
107	8	报告	8.5764016066056
107	9	。	4.852120858613262
108	1	护士	17.740021784430045
108	2	做	11.729883994714527
108	3	了	1.3862769433215902
108	4	一	3.072124529205201
108	5	次	4.612769101878051
108	6	必需	16.38644016588026
108	7	的	1.1468300641358908
108	8	报告	9.966618499949313
108	9	。	4.472127103692856
109	1	这里	9.738826566230527
109	2	是	1.2548732257161106
109	3	两	8.615711664593162
109	4	台	10.488742834443645
109	5	最新	12.3724120380191
109	6	的	1.2331338905783085
109	7	电视	13.362292703701293
109	8	。	8.924867184203286
110	1	这里	9.738826566230527
110	2	是	1.2548732257161106
110	3	两	8.615711664593162
110	4	份	9.6805743394588
110	5	最新	9.06510919122363
110	6	的	1.1326424968769757
110	7	电视	14.808745140176889
110	8	。	9.654709754937272
111	1	这里	9.738826566230527
111	2	是	1.2548732257161106
111	3	两	8.615711664593162
111	4	份	9.6805743394588
111	5	最新	9.06510919122363
111	6	的	1.1326424968769757
111	7	订单	19.306903073852908
111	8	。	3.1601980856362246
112	1	这里	9.738826566230527
112	2	是	1.2548732257161106
112	3	两	8.615711664593162
112	4	台	10.488742834443645
112	5	最新	12.3724120380191
112	6	的	1.2331338905783085
112	7	订单	17.890872557999536
112	8	。	2.5983685735584103
113	1	他	6.408792415233733
113	2	很	7.708185226247919
113	3	欣赏	11.614787069175781
113	4	一	6.214562055821091
113	5	处	10.469203697775871
113	6	环保	15.026936278292766
113	7	的	4.899014907222387
113	8	景点	10.650534642693955
113	9	。	1.5452835783864032
114	1	他	6.408792415233733
114	2	很	7.708185226247919
114	3	欣赏	11.614787069175781
114	4	一	6.214562055821091
114	5	位	4.560327144529889
114	6	环保	15.513539703371379
114	7	的	4.221019548566915
114	8	景点	12.066360898609162
114	9	。	0.9338527211593686
115	1	他	6.408792415233733
115	2	很	7.708185226247919
115	3	欣赏	11.614787069175781
115	4	一	6.214562055821091
115	5	位	4.560327144529889
115	6	环保	15.513539703371379
115	7	的	4.221019548566915
115	8	领导	11.472919368125105
115	9	。	3.0521721845733794
116	1	他	6.408792415233733
116	2	很	7.708185226247919
116	3	欣赏	11.614787069175781
116	4	一	6.214562055821091
116	5	处	10.469203697775871
116	6	环保	15.026936278292766
116	7	的	4.899014907222387
116	8	领导	12.459083133568043
116	9	。	2.1009474707212235
117	1	那里	14.160024930109579
117	2	有	4.246946979113513
117	3	一	2.9575349457033724
117	4	支	7.5577990996539945
117	5	海上	15.669493902393015
117	6	的	3.621524288701572
117	7	舰队	13.256469260757271
117	8	。	5.038451737455205
118	1	那里	14.160024930109579
118	2	有	4.246946979113513
118	3	一	2.9575349457033724
118	4	艘	7.703175188164124
118	5	海上	13.848980768800065
118	6	的	4.831703640143154
118	7	舰队	12.702826831560039
118	8	。	8.268077730629237
119	1	那里	14.160024930109579
119	2	有	4.246946979113513
119	3	一	2.9575349457033724
119	4	艘	7.703175188164124
119	5	海上	13.848980768800065
119	6	的	4.831703640143154
119	7	渔船	9.718452766506402
119	8	。	8.96500951621536
120	1	那里	14.160024930109579
120	2	有	4.246946979113513
120	3	一	2.9575349457033724
120	4	支	7.5577990996539945
120	5	海上	15.669493902393015
120	6	的	3.621524288701572
120	7	渔船	11.60996546140749
120	8	。	4.752550148487437
