sentence_id	token_id	token	surprisal
1	1	他	6.40879256660523
1	2	喜欢	12.202045032329226
1	3	那	7.767823884923459
1	4	家	7.14185166355286
1	5	我	10.06592324426994
1	6	采访	14.8383553566916
1	7	过	3.049428318928314
1	8	的	0.8289770271096515
1	9	老板	11.940450713645788
1	10	投资	18.463354267291678
1	11	的	11.04877942800016
1	12	饭店	12.302782998599895
1	13	。	0.8221280110881821
2	1	他	6.40879256660523
2	2	喜欢	12.202045032329226
2	3	那	7.767823884923459
2	4	个	4.380944981507856
2	5	我	9.83785387460582
2	6	采访	12.176469734551617
2	7	过	1.887284240895049
2	8	的	0.6145603645085558
2	9	老板	12.990611950092429
2	10	投资	18.762467292859895
2	11	的	10.384018861186703
2	12	饭店	13.349211553302098
2	13	。	1.5544975457154493
3	1	她	8.324536132943386
3	2	在	4.270463996734781
3	3	看	8.47722483376422
3	4	那	6.623132579160018
3	5	幅	10.3464120284325
3	6	我	9.709700770917621
3	7	介绍	11.68897226029462
3	8	的	0.6908552748573129
3	9	朋友	10.155271371084439
3	10	喜欢	17.646406348500918
3	11	的	7.025340920403053
3	12	画	13.910334890762641
3	13	。	1.1931166723354636
4	1	她	8.324536132943386
4	2	在	4.270463996734781
4	3	看	8.47722483376422
4	4	那	6.623132579160018
4	5	个	5.846219127334901
4	6	我	8.046812928773534
4	7	介绍	13.372253127457888
4	8	的	1.4516692392226176
4	9	朋友	10.398967819556624
4	10	喜欢	16.373745854861482
4	11	的	2.291220800577676
4	12	画	15.748509673779026
4	13	。	2.0452388176249343
5	1	我	5.782586499337038
5	2	欣赏	16.404009940291402
5	3	那	6.226747935172529
5	4	件	3.9166351056919524
5	5	我	7.903532786726039
5	6	喜欢	7.792380273463586
5	7	的	1.060365992385968
5	8	老师	14.164525939156619
5	9	收藏	20.59115569446992
5	10	的	9.366485220434527
5	11	艺术品	19.169885794588552
5	12	。	2.572678239897485
6	1	我	5.782586499337038
6	2	欣赏	16.404009940291402
6	3	那	6.226747935172529
6	4	个	5.545683109739947
6	5	我	8.476256791125287
6	6	喜欢	7.479717919774949
6	7	的	1.3415841923502327
6	8	老师	13.044515704194879
6	9	收藏	21.169508618788342
6	10	的	5.351910578247384
6	11	艺术品	17.204642766407673
6	12	。	0.2783911238076229
7	1	他	6.40879256660523
7	2	打	12.70686786009418
7	3	了	2.4338464559851083
7	4	那	10.965348289655864
7	5	只	9.276509051022735
7	6	我	10.643898746334422
7	7	认识	11.13218054738779
7	8	的	1.1027879300967314
7	9	店长	19.718549875686705
7	10	喜欢	16.33254291416999
7	11	的	9.845530911831304
7	12	宠物	18.231053286862746
7	13	。	3.6817336114936268
8	1	他	6.40879256660523
8	2	打	12.70686786009418
8	3	了	2.4338464559851083
8	4	那	10.965348289655864
8	5	个	3.5459812703627662
8	6	我	10.86838333478606
8	7	认识	10.542713618973835
8	8	的	0.9637111469633766
8	9	店长	19.918772185949734
8	10	喜欢	17.138987578352527
8	11	的	9.840628379348686
8	12	宠物	18.242066867866626
8	13	。	4.430070127518377
9	1	我	5.782586499337038
9	2	在	5.616494246005267
9	3	思念	19.089857745186016
9	4	那	7.5530829189297215
9	5	首	9.507608107910706
9	6	我	9.963039242694784
9	7	见	9.832366086168477
9	8	过	1.7320073247477836
9	9	的	0.9321091027969572
9	10	明星	12.334696698947056
9	11	唱	20.090814520113227
9	12	的	9.017926921893235
9	13	歌	12.586643696548037
9	14	。	0.9252214649359303
10	1	我	5.782586499337038
10	2	在	5.616494246005267
10	3	思念	19.089857745186016
10	4	那	7.5530829189297215
10	5	个	6.489346209861225
10	6	我	9.151309002074392
10	7	见	9.571944815253808
10	8	过	1.0756275516781955
10	9	的	1.0136502103271994
10	10	明星	12.858139777033145
10	11	唱	20.42198631133094
10	12	的	9.36841667170809
10	13	歌	12.679635910274598
10	14	。	1.2324334369106822
11	1	她	8.324536132943386
11	2	拜访	14.61939355933978
11	3	了	4.25127065910921
11	4	那	7.19989565216542
11	5	所	8.178534347886064
11	6	我	9.797800438332445
11	7	认识	9.694413148215212
11	8	的	1.446752328063269
11	9	老人	13.037131164501375
11	10	去	11.70264523859494
11	11	的	7.357150478932027
11	12	学校	8.140944091430327
11	13	。	1.8334754712997352
12	1	她	8.324536132943386
12	2	拜访	14.61939355933978
12	3	了	4.25127065910921
12	4	那	7.19989565216542
12	5	个	4.691555742852124
12	6	我	9.326977133435534
12	7	认识	9.640659862063679
12	8	的	1.6725494407862485
12	9	老人	13.572177556823384
12	10	去	11.80887231949174
12	11	的	7.464000927229634
12	12	学校	7.732762765957304
12	13	。	1.7151532760419315
13	1	他	6.40879256660523
13	2	检查	15.206051256562917
13	3	了	1.3186982108176544
13	4	那	7.426219181832806
13	5	件	4.045546396216459
13	6	我	9.82755590206584
13	7	采访	12.948806704215102
13	8	过	2.0275387721871283
13	9	的	0.7667159607190115
13	10	司机	15.411389474631996
13	11	带	12.79525297781882
13	12	的	7.937539752880028
13	13	行李	14.592603263505268
13	14	。	5.741690514205274
14	1	他	6.40879256660523
14	2	检查	15.206051256562917
14	3	了	1.3186982108176544
14	4	那	7.426219181832806
14	5	个	5.23942556463485
14	6	我	9.879229672644605
14	7	采访	12.232995429910012
14	8	过	1.803503401854833
14	9	的	1.1306636996996318
14	10	司机	13.433969123565412
14	11	带	12.72758262362477
14	12	的	8.9197887805243
14	13	行李	14.638795766451409
14	14	。	4.503577511485048
15	1	我	5.782586499337038
15	2	听说	9.872770369931496
15	3	过	1.4265850751127758
15	4	那	5.05499692263027
15	5	本	4.8718043281266965
15	6	我	8.184430044077406
15	7	喜欢	7.92535051158773
15	8	的	1.5212092313651908
15	9	作家	13.335415281263998
15	10	写	13.199780742426256
15	11	的	5.790097537623751
15	12	书	3.4704155841846784
15	13	。	1.7375560617233674
16	1	我	5.782586499337038
16	2	听说	9.872770369931496
16	3	过	1.4265850751127758
16	4	那	5.05499692263027
16	5	个	6.484597791209165
16	6	我	8.301675298476706
16	7	喜欢	7.9859265078917545
16	8	的	1.4324693527679742
16	9	作家	13.472076687036932
16	10	写	13.908813808404894
16	11	的	5.178894526236377
16	12	书	4.091180264876726
16	13	。	1.6340148531607355
17	1	她	8.324536132943386
17	2	撞	18.835267659295763
17	3	了	2.9499423201296544
17	4	那	8.197747049869115
17	5	辆	6.108842170816409
17	6	我	11.223751596043535
17	7	介绍	17.17431271262383
17	8	的	1.0287820010781985
17	9	朋友	9.989928177945686
17	10	开	15.865297014571041
17	11	的	8.202891052000894
17	12	车	6.762920799933454
17	13	。	2.7332079834827567
18	1	她	8.324536132943386
18	2	撞	18.835267659295763
18	3	了	2.9499423201296544
18	4	那	8.197747049869115
18	5	个	4.523593136215233
18	6	我	10.285472974479482
18	7	介绍	16.37749738009542
18	8	的	1.2011401696867097
18	9	朋友	9.636699221856148
18	10	开	16.72386285529724
18	11	的	9.192423917104549
18	12	车	7.721388966601182
18	13	。	3.7716608420500393
19	1	我们	6.7266847821672995
19	2	认可	15.918497610873583
19	3	了	3.4555235753856763
19	4	那	6.772034328668518
19	5	份	7.091731447347428
19	6	他	10.875256482998402
19	7	教	13.735862224084435
19	8	的	3.043367500118819
19	9	孩子	7.799128140944234
19	10	做	12.83075674495457
19	11	的	2.9430878498780118
19	12	作业	14.072644226728542
19	13	。	1.1676668401732968
20	1	我们	6.7266847821672995
20	2	认可	15.918497610873583
20	3	了	3.4555235753856763
20	4	那	6.772034328668518
20	5	个	4.801376264817236
20	6	他	12.052442251755366
20	7	教	12.149652846230936
20	8	的	2.947606952881131
20	9	孩子	6.451369486086605
20	10	做	13.687713731673426
20	11	的	5.3809375301964195
20	12	作业	14.471092862043704
20	13	。	1.551760793160554
21	1	他们	7.381531774862312
21	2	接受	11.173012948992513
21	3	了	2.0655647270915516
21	4	那	7.9326986807459825
21	5	份	6.147119810544872
21	6	我	12.168615406080079
21	7	采访	11.892163874306114
21	8	过	3.3931104154744887
21	9	的	0.5572859876907614
21	10	老板	15.955745217908323
21	11	制定	16.0940721123861
21	12	的	7.767315013699118
21	13	合同	11.17685764517205
21	14	。	1.9656636673053924
22	1	他们	7.381531774862312
22	2	接受	11.173012948992513
22	3	了	2.0655647270915516
22	4	那	7.9326986807459825
22	5	个	5.460385167625084
22	6	我	11.158522713263181
22	7	采访	11.443416948565954
22	8	过	2.0553100757911906
22	9	的	0.6573498029728952
22	10	老板	15.119944220746554
22	11	制定	17.05593797460429
22	12	的	9.357233813668714
22	13	合同	11.828209440497176
22	14	。	2.0759593457069627
23	1	他	6.40879256660523
23	2	离开	10.755985354913308
23	3	了	1.7213292895103542
23	4	那	8.157914090222132
23	5	间	11.681146653543248
23	6	我	11.844648651208146
23	7	尊敬	17.257517642294914
23	8	的	0.4121432330842367
23	9	朋友	9.022930908459486
23	10	开	13.140608045099313
23	11	的	8.980468724603156
23	12	工厂	15.78766420108093
23	13	。	6.699356394831284
24	1	他	6.40879256660523
24	2	离开	10.755985354913308
24	3	了	1.7213292895103542
24	4	那	8.157914090222132
24	5	个	3.2734226248489513
24	6	我	11.071380886340393
24	7	尊敬	16.893278598520276
24	8	的	0.5209713978777444
24	9	朋友	9.55943022561678
24	10	开	13.403543998288768
24	11	的	9.132122906066073
24	12	工厂	15.698255433197318
24	13	。	6.290968800364553
25	1	她	8.324536132943386
25	2	找	13.308489923069974
25	3	了	1.2419926630302704
25	4	那	10.464357286700832
25	5	张	4.415355877277449
25	6	我	8.81226818351628
25	7	教	14.070185159783023
25	8	的	3.9779007503571577
25	9	孩子	6.135460888169916
25	10	照	16.373561742223032
25	11	的	12.423720398605141
25	12	照片	7.676457879093817
25	13	。	2.8793690833980463
26	1	她	8.324536132943386
26	2	找	13.308489923069974
26	3	了	1.2419926630302704
26	4	那	10.464357286700832
26	5	个	4.174732253176643
26	6	我	9.324753920731261
26	7	教	13.969926618145294
26	8	的	3.4871294994838564
26	9	孩子	5.62322254380085
26	10	照	16.863130893882
26	11	的	12.525328535509715
26	12	照片	8.50675973883338
26	13	。	2.5581969886022193
27	1	我	5.782586499337038
27	2	需要	7.671224502473006
27	3	那	9.123805719400204
27	4	台	11.386593782797718
27	5	我们	13.88915161230721
27	6	欣赏	15.05181416806304
27	7	的	0.8538356921355899
27	8	老师	14.349710265335943
27	9	用	13.422905436493707
27	10	的	5.546454193061265
27	11	手机	11.352049068565336
27	12	。	1.5619788073933734
28	1	我	5.782586499337038
28	2	需要	7.671224502473006
28	3	那	9.123805719400204
28	4	个	4.796960160656798
28	5	我们	12.906529217249993
28	6	欣赏	14.67473780702371
28	7	的	0.9162386305078698
28	8	老师	14.576812654156939
28	9	用	12.573316360482977
28	10	的	9.000627973658382
28	11	手机	13.101599342963766
28	12	。	2.2624298798693303
29	1	他	6.40879256660523
29	2	在	4.378416821459375
29	3	画	13.230868787302358
29	4	那	14.090832875031754
29	5	朵	18.181128932979668
29	6	我	13.71313460401688
29	7	关心	15.25725074400627
29	8	的	0.8413611604617159
29	9	邻居	13.605934736135112
29	10	种	16.221325234995206
29	11	的	15.58820163450585
29	12	花	12.194623903466834
29	13	。	11.865520687621881
30	1	他	6.40879256660523
30	2	在	4.378416821459375
30	3	画	13.230868787302358
30	4	那	14.090832875031754
30	5	个	4.039260479877775
30	6	我	11.994080258566498
30	7	关心	11.436104906647536
30	8	的	0.7839492841091271
30	9	邻居	14.02132233720998
30	10	种	15.795377833037776
30	11	的	14.840637127944973
30	12	花	13.250977422428761
30	13	。	10.528897149223297
31	1	她	8.324536132943386
31	2	在	4.270463996734781
31	3	介绍	11.333482063849749
31	4	那	7.7245525365886
31	5	台	11.213745702598317
31	6	我	10.94632576398088
31	7	尊敬	17.084720464691415
31	8	的	0.6446203599771962
31	9	科学家	16.102315565097342
31	10	做	14.430780273485112
31	11	的	8.135308139283708
31	12	电视	14.083464072626015
31	13	。	1.995532364643708
32	1	她	8.324536132943386
32	2	在	4.270463996734781
32	3	介绍	11.333482063849749
32	4	那	7.7245525365886
32	5	个	5.232112059961082
32	6	我	8.959096405040981
32	7	尊敬	16.67001614987636
32	8	的	0.7917810598644266
32	9	科学家	16.12406410320002
32	10	做	14.447102847989896
32	11	的	7.988925047107244
32	12	电视	14.603505319341508
32	13	。	2.3973718447513193
33	1	我	5.782586499337038
33	2	见	12.577931759505889
33	3	过	1.0082610008190152
33	4	那	5.576524380239967
33	5	栋	11.508595153555873
33	6	他	11.8826143735077
33	7	认识	11.915101199343233
33	8	的	1.6360367213918892
33	9	男人	7.102145230622355
33	10	买	13.715010634193575
33	11	的	9.242903018501778
33	12	房子	8.437798357581443
33	13	。	3.699059569203058
34	1	我	5.782586499337038
34	2	见	12.577931759505889
34	3	过	1.0082610008190152
34	4	那	5.576524380239967
34	5	个	6.247609312722744
34	6	他	11.016929218472384
34	7	认识	10.263161132893693
34	8	的	1.2984100317078529
34	9	男人	8.546478813614883
34	10	买	14.799515941795008
34	11	的	10.10069769193099
34	12	房子	8.87882215920503
34	13	。	4.553747192391697
35	1	我	5.782586499337038
35	2	拒绝	11.515837675480155
35	3	了	4.743077009263139
35	4	那	5.046996013886847
35	5	条	5.788723675438121
35	6	我	9.208354820848491
35	7	欣赏	16.86792900251195
35	8	的	0.8164208922868852
35	9	朋友	11.039900358661605
35	10	给	9.222517404450784
35	11	的	11.897413482980028
35	12	建议	10.441213024249635
35	13	。	2.359378131575099
36	1	我	5.782586499337038
36	2	拒绝	11.515837675480155
36	3	了	4.743077009263139
36	4	那	5.046996013886847
36	5	个	5.891009250274017
36	6	我	9.123587179708515
36	7	欣赏	15.916343771564925
36	8	的	1.0186383308930402
36	9	朋友	10.133654429207617
36	10	给	9.69985422211289
36	11	的	12.179425566860985
36	12	建议	10.13988849357986
36	13	。	2.32220401670682
37	1	他	6.40879256660523
37	2	在	4.378416821459375
37	3	看	9.392349084927874
37	4	那	7.412349668464305
37	5	支	11.822127162492293
37	6	我	11.824805374195229
37	7	关心	12.467889549781141
37	8	的	0.8527534366274239
37	9	老师	13.195512722798753
37	10	用	14.11876037185148
37	11	的	5.40346521820473
37	12	笔	14.260538816873122
37	13	。	1.896223472045989
38	1	他	6.40879256660523
38	2	在	4.378416821459375
38	3	看	9.392349084927874
38	4	那	7.412349668464305
38	5	个	5.483569124783244
38	6	我	8.849306842074654
38	7	关心	11.000662422205195
38	8	的	0.9115357433556497
38	9	老师	13.568116305020517
38	10	用	14.59707619484439
38	11	的	4.254551738464372
38	12	笔	14.299370498982071
38	13	。	1.8330089739058764
39	1	她	8.324536132943386
39	2	在	4.270463996734781
39	3	找	11.535348829211609
39	4	那	10.441861208851172
39	5	只	9.629743914111785
39	6	我	8.993814148260796
39	7	帮助	13.153421430199685
39	8	过	7.099994514299524
39	9	的	1.0745171484764313
39	10	女人	9.688517593063438
39	11	丢	15.070623092114431
39	12	的	8.528520430163809
39	13	鞋子	19.04072944333923
39	14	。	2.054878936337886
40	1	她	8.324536132943386
40	2	在	4.270463996734781
40	3	找	11.535348829211609
40	4	那	10.441861208851172
40	5	个	4.279554338236011
40	6	我	9.338767701238623
40	7	帮助	12.257587803173863
40	8	过	7.400167830200246
40	9	的	1.0105254727126436
40	10	女人	10.077551726785046
40	11	丢	15.681455701648588
40	12	的	8.317966612835079
40	13	鞋子	19.062341630225617
40	14	。	2.323001910518002
41	1	我	5.782586499337038
41	2	讨厌	12.87127225487348
41	3	那	6.855361114583328
41	4	条	5.811564432911489
41	5	我	8.47706301018994
41	6	关心	12.206890221962283
41	7	的	0.43369856606017265
41	8	邻居	14.798805147756433
41	9	养	19.43921435796426
41	10	的	4.880822952915651
41	11	狗	11.925389180946652
41	12	。	1.1379160068071315
42	1	我	5.782586499337038
42	2	讨厌	12.87127225487348
42	3	那	6.855361114583328
42	4	个	5.149300789711344
42	5	我	7.162679010599064
42	6	关心	11.441702503768575
42	7	的	0.7027154214531421
42	8	邻居	14.392947378751053
42	9	养	19.596992904977768
42	10	的	5.688915748730636
42	11	狗	12.05601033838012
42	12	。	1.4044483105883359
43	1	他	6.40879256660523
43	2	发现	9.013744304896537
43	3	了	3.801562180739184
43	4	那	6.8391134401300135
43	5	座	8.380460520002636
43	6	我	12.465940818870543
43	7	采访	13.851350369035444
43	8	过	2.220743958413742
43	9	的	0.4119657300322217
43	10	老人	11.808540362946935
43	11	修	20.206527899364616
43	12	的	6.3057015273966925
43	13	桥	16.91024380276525
43	14	。	1.990903991164899
44	1	他	6.40879256660523
44	2	发现	9.013744304896537
44	3	了	3.801562180739184
44	4	那	6.8391134401300135
44	5	个	4.628847032119676
44	6	我	10.00700659699351
44	7	采访	13.162688042754652
44	8	过	1.7091048689713304
44	9	的	0.6006191133030043
44	10	老人	13.284703951373757
44	11	修	20.112388182029974
44	12	的	4.352591281688419
44	13	桥	11.760606460505059
44	14	。	10.421422157486404
45	1	她	8.324536132943386
45	2	评价	14.81831253176654
45	3	了	0.918258508076434
45	4	那	7.497381088508156
45	5	篇	5.364929334019582
45	6	我	9.568793876173252
45	7	培养	17.580136960726435
45	8	的	1.9751871993874772
45	9	学生	12.475663950474953
45	10	准备	15.38180577244627
45	11	的	6.330722479030257
45	12	报告	10.888861917857696
45	13	。	1.1859743968033598
46	1	她	8.324536132943386
46	2	评价	14.81831253176654
46	3	了	0.918258508076434
46	4	那	7.497381088508156
46	5	个	5.413044031734589
46	6	我	9.858742255529897
46	7	培养	16.88501413578819
46	8	的	2.0353031834116777
46	9	学生	12.794066812906124
46	10	准备	16.457736597289298
46	11	的	5.204525864707918
46	12	报告	13.008255299663787
46	13	。	1.2268900817146715
47	1	我	5.782586499337038
47	2	在	5.616494246005267
47	3	等	7.476438665037664
47	4	那	8.348178115810953
47	5	封	12.225820724932301
47	6	我	8.687400350066653
47	7	依赖	16.57999112010272
47	8	的	1.9496141967007503
47	9	朋友	9.595227700153956
47	10	写	10.52150520658563
47	11	的	4.575433021150317
47	12	信	12.008824123935298
47	13	。	1.2784924702980334
48	1	我	5.782586499337038
48	2	在	5.616494246005267
48	3	等	7.476438665037664
48	4	那	8.348178115810953
48	5	个	6.246303462956217
48	6	我	8.548831408326997
48	7	依赖	15.48708525115569
48	8	的	1.858332318424253
48	9	朋友	9.694112781155482
48	10	写	12.158156438026026
48	11	的	5.144222051113161
48	12	信	12.582918422740107
48	13	。	1.4107665310947652
49	1	他	6.40879256660523
49	2	提到	11.49470018107088
49	3	了	3.4403864231171575
49	4	那	6.269737001222325
49	5	堂	19.17663774176479
49	6	我	12.170328665864062
49	7	认识	11.43513741252331
49	8	的	2.0578183364939377
49	9	老师	13.154254314612558
49	10	教	18.113120764532297
49	11	的	11.565305638765892
49	12	课	14.478690800444141
49	13	。	2.2331851202942232
50	1	他	6.40879256660523
50	2	提到	11.49470018107088
50	3	了	3.4403864231171575
50	4	那	6.269737001222325
50	5	个	5.2470175338344625
50	6	我	10.196031909788658
50	7	认识	9.910521187775245
50	8	过	7.51678183615234
50	9	的	1.1967347808452686
50	10	老师	13.289151156369563
50	11	教	17.282458353417482
50	12	的	10.758807737721582
50	13	课	14.766148849743018
50	14	。	3.4785554497296687
51	1	她	8.324536132943386
51	2	推荐	17.590363104534518
51	3	了	3.0873529576945558
51	4	那	7.8300839586528355
51	5	块	10.79944298717227
51	6	我	9.398999514651969
51	7	信任	18.25461106031839
51	8	的	0.967245702307082
51	9	医生	10.653866882183678
51	10	喜欢	17.03213221853963
51	11	的	3.272145611986147
51	12	手表	14.485103703073875
51	13	。	1.7730933492519796
52	1	她	8.324536132943386
52	2	推荐	17.590363104534518
52	3	了	3.0873529576945558
52	4	那	7.8300839586528355
52	5	个	5.12463688107696
52	6	我	9.98284492617126
52	7	信任	16.797227080110687
52	8	的	1.16718346857904
52	9	医生	9.594786997072745
52	10	喜欢	16.39244077464062
52	11	的	3.8680778379767276
52	12	手表	15.385708203461022
52	13	。	2.9951551677811494
53	1	我	5.782586499337038
53	2	选择	9.939359902913468
53	3	了	1.406741692800157
53	4	那	6.1677211209768785
53	5	篇	6.174291462259934
53	6	她	9.899897199150264
53	7	教	13.659617014993465
53	8	的	4.131194873338735
53	9	学生	8.918970242703018
53	10	写	14.787138624941903
53	11	的	3.9405964553469346
53	12	论文	11.627863675988166
53	13	。	2.445634901713987
54	1	我	5.782586499337038
54	2	选择	9.939359902913468
54	3	了	1.406741692800157
54	4	那	6.1677211209768785
54	5	个	5.204489408450012
54	6	她	11.338128294034096
54	7	教	13.145063789017279
54	8	的	3.813058737692039
54	9	学生	9.082963876213611
54	10	写	15.194657517739401
54	11	的	6.685896586263567
54	12	论文	10.79655347055575
54	13	。	2.3820560561639468
55	1	她	8.324536132943386
55	2	喜欢	11.227822245875704
55	3	那	7.206842386794296
55	4	场	6.291672476557572
55	5	我	9.992781109022495
55	6	听说	14.542590430507516
55	7	过	1.2341531718515597
55	8	的	1.6531471581168589
55	9	演员	13.10227204458787
55	10	准备	17.226603161496982
55	11	的	5.147715285017227
55	12	表演	10.105253486799569
55	13	。	1.9193631954913002
56	1	她	8.324536132943386
56	2	喜欢	11.227822245875704
56	3	那	7.206842386794296
56	4	个	4.662675682576168
56	5	我	8.936102028529458
56	6	听说	13.465672002006698
56	7	过	1.1025356105938968
56	8	的	1.558441412942443
56	9	演员	13.505517976833012
56	10	准备	15.501867641604989
56	11	的	12.892968625384128
56	12	表演	12.30036493108652
56	13	。	4.4411383680455
57	1	他	6.40879256660523
57	2	称赞	16.69730665221998
57	3	了	2.301903755472683
57	4	那	8.959320298478634
57	5	间	11.624887864601739
57	6	我	12.37328319663299
57	7	采访	14.080041274758692
57	8	过	1.991144053413592
57	9	的	0.8482207639255819
57	10	警察	11.093138019782572
57	11	工作	10.710546514338375
57	12	的	8.626534013225083
57	13	办公室	10.855552256673036
57	14	。	1.5300817142333045
58	1	他	6.40879256660523
58	2	称赞	16.69730665221998
58	3	了	2.301903755472683
58	4	那	8.959320298478634
58	5	个	4.451644957951281
58	6	我	11.523491099860252
58	7	采访	13.256789257715475
58	8	过	1.6969517893292405
58	9	的	1.0143090012912381
58	10	警察	11.158203860778755
58	11	工作	11.219857799563101
58	12	的	8.657430746946446
58	13	办公室	11.239437967049014
58	14	。	0.45265084534155164
59	1	我	5.782586499337038
59	2	听说	9.872770369931496
59	3	过	1.4265850751127758
59	4	那	5.05499692263027
59	5	首	10.070676642277299
59	6	他	10.381651034061264
59	7	培养	17.39601388167889
59	8	的	1.5721941590568278
59	9	孩子	9.655499704183988
59	10	写	12.547747561727618
59	11	的	4.8374644129357875
59	12	诗	11.983644347890774
59	13	。	1.3489679997466482
60	1	我	5.782586499337038
60	2	听说	9.872770369931496
60	3	过	1.4265850751127758
60	4	那	5.05499692263027
60	5	个	6.484597791209165
60	6	他	11.10509598705789
60	7	培养	16.702962547421322
60	8	的	1.9432671898146054
60	9	孩子	9.50479259049073
60	10	写	12.980381330469484
60	11	的	3.35163404543691
60	12	诗	11.984198994380534
60	13	。	2.0169710210808773
61	1	我	5.782586499337038
61	2	选择	9.939359902913468
61	3	了	1.406741692800157
61	4	那	6.1677211209768785
61	5	家	9.190453819166251
61	6	我	8.364643758663817
61	7	依赖	17.00848424061553
61	8	的	3.097892900531029
61	9	朋友	7.758185438807068
61	10	去	11.695389796133057
61	11	的	12.518010103617513
61	12	银行	12.382409110352796
61	13	。	1.5311612495178792
62	1	我	5.782586499337038
62	2	选择	9.939359902913468
62	3	了	1.406741692800157
62	4	那	6.1677211209768785
62	5	个	5.204489408450012
62	6	我	7.8547822150035636
62	7	依赖	15.759197153824523
62	8	的	2.967288593929716
62	9	朋友	8.982178510798967
62	10	去	10.30826708016157
62	11	的	11.94710512227924
62	12	银行	13.582134434389758
62	13	。	1.9798081443302067
