sentence_id	token_id	token	surprisal
1	1	他	6.408791996377333
1	2	喜欢	12.202044386521523
1	3	那	7.767826664063222
1	4	家	7.141851048664325
1	5	亲切	16.732008440666405
1	6	的	1.5318910163623585
1	7	老板	11.472445218970954
1	8	投资	16.4424138746593
1	9	的	10.794775009700714
1	10	饭店	13.740561829844793
1	11	。	1.7879793505628498
2	1	他	6.408791996377333
2	2	喜欢	12.202044386521523
2	3	那	7.767826664063222
2	4	个	4.380943814720862
2	5	亲切	16.09377536598077
2	6	的	0.6867566728969123
2	7	老板	12.682800375726472
2	8	投资	17.247462671307602
2	9	的	10.318163391692238
2	10	饭店	14.007792599060508
2	11	。	1.9406924661622327
3	1	她	8.324534752268313
3	2	在	4.270462509988064
3	3	看	8.477226595398204
3	4	那	6.623128554236043
3	5	幅	10.346409396727985
3	6	聪明	13.843413812439046
3	7	的	0.9917729564338416
3	8	朋友	9.595447167591999
3	9	喜欢	18.787291989283325
3	10	的	14.121204686139478
3	11	画	14.532197712221773
3	12	。	3.2779100512772885
4	1	她	8.324534752268313
4	2	在	4.270462509988064
4	3	看	8.477226595398204
4	4	那	6.623128554236043
4	5	个	5.846216412580347
4	6	聪明	13.532711068352391
4	7	的	1.321040447718417
4	8	朋友	9.592953506815789
4	9	喜欢	18.783575752049437
4	10	的	14.550013995990582
4	11	画	15.849211199131133
4	12	。	2.9838578846594714
5	1	我	5.782587890090463
5	2	欣赏	16.404010421891954
5	3	那	6.226750091404931
5	4	件	3.9166323394634333
5	5	细心	15.967778696009177
5	6	的	0.17951520094016615
5	7	老师	14.183716585631686
5	8	收藏	20.20789127288223
5	9	的	10.524346644084432
5	10	艺术品	18.89949941368276
5	11	。	1.5699083001519654
6	1	我	5.782587890090463
6	2	欣赏	16.404010421891954
6	3	那	6.226750091404931
6	4	个	5.54568085327368
6	5	细心	15.142927991730886
6	6	的	0.4383966628893248
6	7	老师	13.807327874098945
6	8	收藏	20.420036031687836
6	9	的	11.684635518778393
6	10	艺术品	18.389860792223487
6	11	。	1.1628294941550337
7	1	他	6.408791996377333
7	2	打	12.706867505565567
7	3	了	2.4338463845616864
7	4	那	10.96535081352381
7	5	只	9.276511607690566
7	6	负责	14.37962615003272
7	7	的	2.287425376741254
7	8	店长	20.845293457845735
7	9	喜欢	16.97890599399993
7	10	的	14.357127829208153
7	11	宠物	18.176404873854636
7	12	。	2.046360811394294
8	1	他	6.408791996377333
8	2	打	12.706867505565567
8	3	了	2.4338463845616864
8	4	那	10.96535081352381
8	5	个	3.5459862038512924
8	6	负责	14.420280896728087
8	7	的	1.9879772945342395
8	8	店长	21.291358377918023
8	9	喜欢	17.664642978386496
8	10	的	14.576994233713052
8	11	宠物	18.333030397132163
8	12	。	1.9636748947725664
9	1	我	5.782587890090463
9	2	在	5.616493859451449
9	3	思念	19.089856914833135
9	4	那	7.553088606076134
9	5	首	9.50760478109899
9	6	有名	11.575081159526569
9	7	的	0.04762716115557453
9	8	明星	11.939589028718913
9	9	唱	20.6140836829196
9	10	的	10.388103471099441
9	11	歌	12.80773092516867
9	12	。	0.629401729584032
10	1	我	5.782587890090463
10	2	在	5.616493859451449
10	3	思念	19.089856914833135
10	4	那	7.553088606076134
10	5	个	6.489347358952003
10	6	有名	11.834939859412273
10	7	的	0.033657122648229176
10	8	明星	12.267054547728321
10	9	唱	20.83605948146416
10	10	的	10.852025385380443
10	11	歌	13.030833655905496
10	12	。	0.9715566715789379
11	1	她	8.324534752268313
11	2	拜访	14.619394091319922
11	3	了	4.25126916664891
11	4	那	7.1999032337273725
11	5	所	8.178530603121402
11	6	富有	12.629804200837569
11	7	的	3.794731401966793
11	8	老人	11.759055245371705
11	9	去	13.990225810461126
11	10	的	6.240020735888336
11	11	学校	7.439707628460127
11	12	。	1.211269263907397
12	1	她	8.324534752268313
12	2	拜访	14.619394091319922
12	3	了	4.25126916664891
12	4	那	7.1999032337273725
12	5	个	4.691549799609923
12	6	富有	13.057807497882678
12	7	的	3.252451442477728
12	8	老人	12.145927513436263
12	9	去	14.29916683976991
12	10	的	5.740756130365156
12	11	学校	7.819027733196066
12	12	。	1.0929028092288036
13	1	他	6.408791996377333
13	2	检查	15.206049690512947
13	3	了	1.3186962113219316
13	4	那	7.426223009919941
13	5	件	4.045546700968956
13	6	紧张	13.708870884605801
13	7	的	0.8198115917493567
13	8	司机	15.627172993857435
13	9	带	12.919855360861376
13	10	的	9.46194432043265
13	11	行李	14.98121472049769
13	12	。	5.140864691712693
14	1	他	6.408791996377333
14	2	检查	15.206049690512947
14	3	了	1.3186962113219316
14	4	那	7.426223009919941
14	5	个	5.239423808968269
14	6	紧张	12.94639022515441
14	7	的	1.397985474463212
14	8	司机	14.915078248441034
14	9	带	13.09084449988488
14	10	的	9.681080826276997
14	11	行李	15.1197273773885
14	12	。	3.614994049740403
15	1	我	5.782587890090463
15	2	听说	9.872771957790276
15	3	过	1.4265832730171404
15	4	那	5.0549929937065095
15	5	本	4.871801439656821
15	6	有名	12.199896859107177
15	7	的	0.019488187265991996
15	8	作家	12.989682195412875
15	9	写	11.711866685600498
15	10	的	7.9312497647349645
15	11	书	8.492708393217711
15	12	。	3.023014660309002
16	1	我	5.782587890090463
16	2	听说	9.872771957790276
16	3	过	1.4265832730171404
16	4	那	5.0549929937065095
16	5	个	6.484591341263151
16	6	有名	12.102427285232022
16	7	的	0.045904582696252305
16	8	作家	13.575349174017298
16	9	写	12.422525330981067
16	10	的	7.601932599896358
16	11	书	9.006604191142415
16	12	。	2.921187660924076
17	1	她	8.324534752268313
17	2	撞	18.835267873303664
17	3	了	2.949939423768555
17	4	那	8.197747228532592
17	5	辆	6.1088416936092
17	6	熟悉	16.168859139849936
17	7	的	2.1208323402765217
17	8	朋友	9.40986547238662
17	9	开	14.754005868810864
17	10	的	8.657488693923412
17	11	车	7.494669280868976
17	12	。	3.7128084417336
18	1	她	8.324534752268313
18	2	撞	18.835267873303664
18	3	了	2.949939423768555
18	4	那	8.197747228532592
18	5	个	4.523596901507204
18	6	熟悉	14.593924035538265
18	7	的	1.9135099914510718
18	8	朋友	8.052031633855222
18	9	开	16.104833382329687
18	10	的	9.23774941184466
18	11	车	8.39141919732731
18	12	。	4.963801571813505
19	1	我们	6.726683767149853
19	2	认可	15.918497873335372
19	3	了	3.455520147242307
19	4	那	6.772033157863387
19	5	份	7.091735155555654
19	6	淘气	20.50012882243412
19	7	的	0.44504845667236737
19	8	孩子	11.309171585264778
19	9	做	14.788231748448496
19	10	的	8.43395916746401
19	11	作业	13.594860671851976
19	12	。	1.6572984330473446
20	1	我们	6.726683767149853
20	2	认可	15.918497873335372
20	3	了	3.455520147242307
20	4	那	6.772033157863387
20	5	个	4.801376845565464
20	6	淘气	18.99349714247208
20	7	的	0.5846858352827695
20	8	孩子	9.273542569231871
20	9	做	14.046471675207144
20	10	的	8.423144501296292
20	11	作业	13.994471984734759
20	12	。	1.6745189659531263
21	1	他们	7.381532384994534
21	2	接受	11.173013542406766
21	3	了	2.065566731968346
21	4	那	7.932703009283408
21	5	份	6.147120473432764
21	6	严格	15.226873037001226
21	7	的	0.2529087328599715
21	8	老板	16.586904309069247
21	9	制定	13.819889001632035
21	10	的	14.810698675060422
21	11	合同	11.623645767282028
21	12	。	0.806301330702766
22	1	他们	7.381532384994534
22	2	接受	11.173013542406766
22	3	了	2.065566731968346
22	4	那	7.932703009283408
22	5	个	5.460384727212464
22	6	严格	14.462854612673127
22	7	的	0.32616395595499625
22	8	老板	16.090654067979862
22	9	制定	14.521363374337156
22	10	的	14.485950048165222
22	11	合同	12.34817534272247
22	12	。	1.10318620389846
23	1	他	6.408791996377333
23	2	离开	10.755984234521398
23	3	了	1.7213305907171161
23	4	那	8.15791863465914
23	5	间	11.681141672695702
23	6	负责	14.029402883038806
23	7	的	3.0934192139255288
23	8	朋友	8.714676996730788
23	9	开	12.974148527936421
23	10	的	10.054757241083124
23	11	工厂	14.295770818212972
23	12	。	5.109516735633505
24	1	他	6.408791996377333
24	2	离开	10.755984234521398
24	3	了	1.7213305907171161
24	4	那	8.15791863465914
24	5	个	3.273421706121848
24	6	负责	13.642347727291263
24	7	的	2.63484976931111
24	8	朋友	9.315420834350043
24	9	开	13.425127202039448
24	10	的	10.115040480022358
24	11	工厂	14.286210654226778
24	12	。	4.848566647969577
25	1	她	8.324534752268313
25	2	找	13.308491034748688
25	3	了	1.2419928277119539
25	4	那	10.464362704624921
25	5	张	4.415357082197794
25	6	聪明	13.474638142278124
25	7	的	2.634406941049768
25	8	孩子	7.0290346046101675
25	9	照	16.854053327831544
25	10	的	12.259213069672214
25	11	照片	8.314169859834465
25	12	。	2.4877604141076404
26	1	她	8.324534752268313
26	2	找	13.308491034748688
26	3	了	1.2419928277119539
26	4	那	10.464362704624921
26	5	个	4.174732148878512
26	6	聪明	13.751158692623427
26	7	的	1.9942456802522912
26	8	孩子	5.943289359138227
26	9	照	17.45563138685204
26	10	的	12.307718411969688
26	11	照片	9.081001011438076
26	12	。	2.286378456885643
27	1	我	5.782587890090463
27	2	需要	7.671223691016806
27	3	那	9.123807204625725
27	4	台	11.386594435955786
27	5	负责	13.633380636635302
27	6	的	2.2720915039147016
27	7	老师	12.278284751820564
27	8	用	11.178241940178026
27	9	的	8.342266387376227
27	10	手机	13.183895193997841
27	11	。	2.239652616231922
28	1	我	5.782587890090463
28	2	需要	7.671223691016806
28	3	那	9.123807204625725
28	4	个	4.796958395148778
28	5	负责	12.346935145355936
28	6	的	2.0351931997047714
28	7	老师	12.553961527938334
28	8	用	11.590069236194616
28	9	的	9.247389173851886
28	10	手机	12.474689436782768
28	11	。	2.024299345063696
29	1	他	6.408791996377333
29	2	在	4.378417316282681
29	3	画	13.230869191292523
29	4	那	14.090837736797816
29	5	朵	18.18112951754747
29	6	细心	16.984069831142165
29	7	的	1.571569020928166
29	8	邻居	13.256666110579914
29	9	种	15.361291911231689
29	10	的	14.676714994556463
29	11	花	13.012736461941628
29	12	。	12.398963399144407
30	1	他	6.408791996377333
30	2	在	4.378417316282681
30	3	画	13.230869191292523
30	4	那	14.090837736797816
30	5	个	4.039259848553414
30	6	细心	16.25818477410884
30	7	的	1.3424929459035226
30	8	邻居	12.815476470189822
30	9	种	14.196663472675525
30	10	的	14.569620748458306
30	11	花	12.833470478699809
30	12	。	9.974256220453839
31	1	她	8.324534752268313
31	2	在	4.270462509988064
31	3	介绍	11.33348408872763
31	4	那	7.724554206395492
31	5	台	11.213744848921724
31	6	优秀	10.614386284637789
31	7	的	2.3950038857443587
31	8	科学家	11.18877422066712
31	9	做	15.663387137878743
31	10	的	9.226362560229276
31	11	电视	13.09410180276521
31	12	。	2.2364811675872716
32	1	她	8.324534752268313
32	2	在	4.270462509988064
32	3	介绍	11.33348408872763
32	4	那	7.724554206395492
32	5	个	5.232111828464237
32	6	优秀	11.037891551354143
32	7	的	0.9963176235223017
32	8	科学家	11.731385916429666
32	9	做	13.440221261230107
32	10	的	4.412442179487414
32	11	电视	12.863014653491916
32	12	。	4.644511391966333
33	1	我	5.782587890090463
33	2	见	12.577932290800499
33	3	过	1.0082611110280695
33	4	那	5.576528778905114
33	5	栋	11.50859542507715
33	6	富有	15.1514291373052
33	7	的	3.725675571455888
33	8	男人	10.545270739025419
33	9	买	16.94515640678833
33	10	的	8.696940947681142
33	11	房子	8.39330535471855
33	12	。	3.926911844350741
34	1	我	5.782587890090463
34	2	见	12.577932290800499
34	3	过	1.0082611110280695
34	4	那	5.576528778905114
34	5	个	6.247610568608373
34	6	富有	13.917875155537995
34	7	的	1.9949166629139796
34	8	男人	8.849138618986728
34	9	买	15.02319037436689
34	10	的	11.098839486982357
34	11	房子	8.370872346210092
34	12	。	2.898042072013311
35	1	我	5.782587890090463
35	2	拒绝	11.51583895703479
35	3	了	4.743080256300786
35	4	那	5.046995796973125
35	5	条	5.788720754240195
35	6	紧张	14.42132579352711
35	7	的	0.8810315985211474
35	8	朋友	13.180972618394186
35	9	给	8.821000788738907
35	10	的	11.981045898555763
35	11	建议	11.506064806942632
35	12	。	2.762185046382541
36	1	我	5.782587890090463
36	2	拒绝	11.51583895703479
36	3	了	4.743080256300786
36	4	那	5.046995796973125
36	5	个	5.891009695975754
36	6	紧张	13.759420922898528
36	7	的	1.1738903720247222
36	8	朋友	12.75805140096994
36	9	给	9.520317076213743
36	10	的	11.801463161689455
36	11	建议	10.873913415753819
36	12	。	2.3670487770628625
37	1	他	6.408791996377333
37	2	在	4.378417316282681
37	3	看	9.392353909569689
37	4	那	7.4123441077803776
37	5	支	11.822127175287143
37	6	负责	12.200119755028062
37	7	的	3.7620746110079466
37	8	老师	12.416818063228469
37	9	用	12.34738415938476
37	10	的	8.8333730329976
37	11	笔	13.90187782705749
37	12	。	3.707012150197812
38	1	他	6.408791996377333
38	2	在	4.378417316282681
38	3	看	9.392353909569689
38	4	那	7.4123441077803776
38	5	个	5.483570515523205
38	6	负责	12.212136151942452
38	7	的	2.9283264486804796
38	8	老师	11.53585381058187
38	9	用	13.701858274579088
38	10	的	10.523809715678098
38	11	笔	14.181133543818305
38	12	。	1.7310093499981463
39	1	她	8.324534752268313
39	2	在	4.270462509988064
39	3	找	11.535349108654039
39	4	那	10.441859024358592
39	5	只	9.62974456844281
39	6	内向	19.743954691532835
39	7	的	1.3632323517248963
39	8	女人	9.009177262451331
39	9	丢	14.799113340247942
39	10	的	7.47328916074801
39	11	鞋子	19.365580402323417
39	12	。	1.065284090044372
40	1	她	8.324534752268313
40	2	在	4.270462509988064
40	3	找	11.535349108654039
40	4	那	10.441859024358592
40	5	个	4.279552810287299
40	6	内向	20.086578738863622
40	7	的	1.2828945368890103
40	8	女人	9.167376483098401
40	9	丢	15.080711114538204
40	10	的	7.000205372352795
40	11	鞋子	19.488898514799544
40	12	。	1.3132932594263877
41	1	我	5.782587890090463
41	2	讨厌	12.871275254680148
41	3	那	6.855364646920261
41	4	条	5.811564316669706
41	5	孤独	16.54490155591442
41	6	的	0.8279644948667624
41	7	邻居	12.451321738002164
41	8	养	18.076439170503733
41	9	的	9.797398473793052
41	10	狗	12.076615200459727
41	11	。	1.0934345733923294
42	1	我	5.782587890090463
42	2	讨厌	12.871275254680148
42	3	那	6.855364646920261
42	4	个	5.149304019758791
42	5	孤独	15.782725111168695
42	6	的	0.40153162297087164
42	7	邻居	11.16255423718242
42	8	养	18.265616602985716
42	9	的	9.40295141006311
42	10	狗	11.834514411389762
42	11	。	1.26371519955363
43	1	他	6.408791996377333
43	2	发现	9.01374172750739
43	3	了	3.801562347019276
43	4	那	6.839114768252372
43	5	座	8.380461605002171
43	6	幽默	14.205200382540703
43	7	的	0.5780462843860192
43	8	老人	10.925207334698364
43	9	修	19.61971540851909
43	10	的	6.7706250188628445
43	11	桥	15.182499741552405
43	12	。	2.6620659698109392
44	1	他	6.408791996377333
44	2	发现	9.01374172750739
44	3	了	3.801562347019276
44	4	那	6.839114768252372
44	5	个	4.628850581339329
44	6	幽默	14.702384327966538
44	7	的	0.687853961970184
44	8	老人	11.194557074743003
44	9	修	19.625745637215232
44	10	的	6.88552225234298
44	11	桥	15.3981628614154
44	12	。	3.046502542347568
45	1	她	8.324534752268313
45	2	评价	14.818312806463904
45	3	了	0.9182556769025148
45	4	那	7.497377264343331
45	5	篇	5.364929021371093
45	6	认真	14.457657086149766
45	7	的	1.3915332948104577
45	8	学生	12.575814203886353
45	9	准备	12.579303680901816
45	10	的	7.9101620909102905
45	11	报告	7.854623735467513
45	12	。	2.1642032293465263
46	1	她	8.324534752268313
46	2	评价	14.818312806463904
46	3	了	0.9182556769025148
46	4	那	7.497377264343331
46	5	个	5.413043454818013
46	6	认真	13.837473763338963
46	7	的	0.8611310719929008
46	8	学生	13.063172461348195
46	9	准备	13.22882183856126
46	10	的	7.55517229064715
46	11	报告	10.284729845291253
46	12	。	2.17718801829686
47	1	我	5.782587890090463
47	2	在	5.616493859451449
47	3	等	7.476439123804559
47	4	那	8.34817773174671
47	5	封	12.225820805029148
47	6	亲切	16.96150975282721
47	7	的	2.0800183034073
47	8	朋友	10.352889264920684
47	9	写	9.226594722509674
47	10	的	5.0611413164248376
47	11	信	11.085044088765144
47	12	。	0.9434933818917415
48	1	我	5.782587890090463
48	2	在	5.616493859451449
48	3	等	7.476439123804559
48	4	那	8.34817773174671
48	5	个	6.246306770155993
48	6	亲切	16.47404169187017
48	7	的	1.776782524960268
48	8	朋友	10.840531060228265
48	9	写	16.755121581001994
48	10	的	6.533410838478048
48	11	信	11.07656764473333
48	12	。	1.0555064639349467
49	1	他	6.408791996377333
49	2	提到	11.494701008691921
49	3	了	3.440382517293475
49	4	那	6.269737956972257
49	5	堂	19.176637631088106
49	6	有名	12.418233042589193
49	7	的	0.11269792741052242
49	8	老师	14.234013204454008
49	9	教	17.254544630135584
49	10	的	11.34243340371603
49	11	课	15.03104831005291
49	12	。	2.724401969382285
50	1	他	6.408791996377333
50	2	提到	11.494701008691921
50	3	了	3.440382517293475
50	4	那	6.269737956972257
50	5	个	5.247014569187968
50	6	有名	11.56385113645755
50	7	的	0.009490681714432014
50	8	老师	13.869135308205742
50	9	教	16.83051389651422
50	10	的	11.189684005567472
50	11	课	15.372714781201537
50	12	。	3.1109701469725763
51	1	她	8.324534752268313
51	2	推荐	17.59036433293356
51	3	了	3.087352513311739
51	4	那	7.8300807192250765
51	5	块	10.799446741832206
51	6	细心	15.785093307765237
51	7	的	0.5951237774917288
51	8	医生	9.844974032608434
51	9	喜欢	17.625299793303554
51	10	的	12.890881605475585
51	11	手表	17.194585124480383
51	12	。	2.5817429490509483
52	1	她	8.324534752268313
52	2	推荐	17.59036433293356
52	3	了	3.087352513311739
52	4	那	7.8300807192250765
52	5	个	5.1246393433957635
52	6	细心	15.764753387939344
52	7	的	0.5525535112508209
52	8	医生	9.155288354136545
52	9	喜欢	17.30199172373507
52	10	的	11.378936027348956
52	11	手表	17.343233106016385
52	12	。	4.148871870590142
53	1	我	5.782587890090463
53	2	选择	9.939359636937239
53	3	了	1.4067416901892997
53	4	那	6.167723415307222
53	5	篇	6.174295677396266
53	6	优秀	12.746800777963017
53	7	的	0.6408659083818407
53	8	学生	8.838884902925386
53	9	写	13.327510840068648
53	10	的	9.611656968058725
53	11	论文	10.796257019029198
53	12	。	1.9212356448321088
54	1	我	5.782587890090463
54	2	选择	9.939359636937239
54	3	了	1.4067416901892997
54	4	那	6.167723415307222
54	5	个	5.204488618732192
54	6	优秀	12.298525959069067
54	7	的	0.5257684768717112
54	8	学生	7.671587623054208
54	9	写	14.847806012049503
54	10	的	8.399684960521014
54	11	论文	10.767035595984083
54	12	。	1.901617585431893
55	1	她	8.324534752268313
55	2	喜欢	11.227824763329306
55	3	那	7.20683915030369
55	4	场	6.2916709540782705
55	5	专业	13.990326469872073
55	6	的	2.606639054443278
55	7	演员	11.712244144232805
55	8	准备	14.119699790320176
55	9	的	13.738559678974653
55	10	表演	10.898200628152708
55	11	。	3.3268739415692465
56	1	她	8.324534752268313
56	2	喜欢	11.227824763329306
56	3	那	7.20683915030369
56	4	个	4.662675873098749
56	5	专业	12.674456859004202
56	6	的	3.085384728859559
56	7	演员	11.220959039835456
56	8	准备	15.176359857319305
56	9	的	14.137352913053917
56	10	表演	11.8317517993041
56	11	。	3.049837577589244
57	1	他	6.408791996377333
57	2	称赞	16.697305285279825
57	3	了	2.3019071928343102
57	4	那	8.959318380984204
57	5	间	11.624887900205152
57	6	勇敢	16.30290769600061
57	7	的	1.4120239477371115
57	8	警察	11.12186378107775
57	9	工作	9.120982157455884
57	10	的	16.491694983552478
57	11	办公室	11.375628361734357
57	12	。	2.7599717369734265
58	1	他	6.408791996377333
58	2	称赞	16.697305285279825
58	3	了	2.3019071928343102
58	4	那	8.959318380984204
58	5	个	4.451642240043093
58	6	勇敢	15.622148527920032
58	7	的	0.7749929745675672
58	8	警察	11.114949930674925
58	9	工作	9.749132320914981
58	10	的	8.71318327837406
58	11	办公室	11.317466369583286
58	12	。	0.5227889548331319
59	1	我	5.782587890090463
59	2	听说	9.872771957790276
59	3	过	1.4265832730171404
59	4	那	5.0549929937065095
59	5	首	10.07067640172859
59	6	聪明	13.468356182088385
59	7	的	1.1498219403137355
59	8	孩子	9.046067109501813
59	9	写	12.644706515025867
59	10	的	5.304017229738989
59	11	诗	11.976131181471686
59	12	。	1.7718197738575725
60	1	我	5.782587890090463
60	2	听说	9.872771957790276
60	3	过	1.4265832730171404
60	4	那	5.0549929937065095
60	5	个	6.484591341263151
60	6	聪明	13.389769855508472
60	7	的	1.2683320390375812
60	8	孩子	8.736286778116792
60	9	写	13.456186317463242
60	10	的	4.453584422804269
60	11	诗	12.62927993753378
60	12	。	1.95299584686515
61	1	我	5.782587890090463
61	2	选择	9.939359636937239
61	3	了	1.4067416901892997
61	4	那	6.167723415307222
61	5	家	9.190453457648424
61	6	细心	16.598676716183384
61	7	的	0.4164301542257576
61	8	朋友	5.945794153789606
61	9	去	10.202311040951379
61	10	的	12.158336375882513
61	11	银行	13.407746911191339
61	12	。	1.3559590304671332
62	1	我	5.782587890090463
62	2	选择	9.939359636937239
62	3	了	1.4067416901892997
62	4	那	6.167723415307222
62	5	个	5.204488618732192
62	6	细心	15.341833269621588
62	7	的	0.6423400527345464
62	8	朋友	7.418607939106096
62	9	去	10.592870383182358
62	10	的	12.082766316220528
62	11	银行	14.375422112139233
62	12	。	1.4483459290219258
