sentence_id	token_id	token	surprisal
1	1	记者	9.20323618745253
1	2	采访	7.941371195708191
1	3	了	5.640570464613727
1	4	研发	16.44832150388772
1	5	产品	10.876446942006837
1	6	并且	15.149228806605855
1	7	获	13.284481884859133
1	8	了	2.0354063850622452
1	9	奖	13.786961978154267
1	10	。	0.5610234200823356
2	1	记者	9.20323618745253
2	2	采访	7.941371195708191
2	3	了	5.640570464613727
2	4	研发	16.44832150388772
2	5	产品	10.876446942006837
2	6	并且	15.149228806605855
2	7	获	13.284481884859133
2	8	了	2.0354063850622452
2	9	奖	13.786961978154267
2	10	的	4.381633773045365
2	11	科学家	12.954095919866703
2	12	。	0.46007359144219606
3	1	他	6.40879256660523
3	2	认识	11.433207129066728
3	3	了	4.5048247843277345
3	4	写	13.741913772154401
3	5	书	7.670656625913722
3	6	并且	11.430176016921145
3	7	教	12.092954790990106
3	8	课	14.853510295657372
3	9	。	15.570173028267362
4	1	他	6.40879256660523
4	2	认识	11.433207129066728
4	3	了	4.5048247843277345
4	4	写	13.741913772154401
4	5	书	7.670656625913722
4	6	并且	11.430176016921145
4	7	教	12.092954790990106
4	8	课	14.853510295657372
4	9	的	1.4769060139995247
4	10	老师	9.191455247523052
4	11	。	2.65557866523082
5	1	他	6.40879256660523
5	2	拍	15.097586980539221
5	3	下	12.689426798404785
5	4	了	1.0818603160900864
5	5	获得	16.05375124491907
5	6	大奖	16.71562100819751
5	7	并且	15.096126747767059
5	8	吸引	12.745532305226135
5	9	游客	8.817816526204254
5	10	。	10.218133601381723
6	1	他	6.40879256660523
6	2	拍	15.097586980539221
6	3	下	12.689426798404785
6	4	了	1.0818603160900864
6	5	获得	16.05375124491907
6	6	大奖	16.71562100819751
6	7	并且	15.096126747767059
6	8	吸引	12.745532305226135
6	9	游客	8.817816526204254
6	10	的	1.419004499380108
6	11	艺术品	17.50984283488357
6	12	。	8.264652612859791
7	1	我们	6.7266847821672995
7	2	参加	13.381039348591749
7	3	了	1.917999732752481
7	4	吸引	13.949616592292081
7	5	学生	12.203994466909776
7	6	并且	13.508404948236432
7	7	受到	11.003965689282914
7	8	好评	12.69214924985232
7	9	。	16.711215487293586
8	1	我们	6.7266847821672995
8	2	参加	13.381039348591749
8	3	了	1.917999732752481
8	4	吸引	13.949616592292081
8	5	学生	12.203994466909776
8	6	并且	13.508404948236432
8	7	受到	11.003965689282914
8	8	好评	12.69214924985232
8	9	的	0.08159305927839
8	10	活动	8.016026250367418
8	11	。	0.3069724194217258
9	1	他	6.40879256660523
9	2	想起	13.930948046833754
9	3	了	1.5806159133955546
9	4	写	12.448822065422647
9	5	过	2.266581782801744
9	6	歌	14.35357950329162
9	7	而且	14.404542988720678
9	8	写	7.240978321558401
9	9	过	2.57475457242505
9	10	书	5.928711174458115
9	11	。	15.496739120006865
10	1	他	6.40879256660523
10	2	想起	13.930948046833754
10	3	了	1.5806159133955546
10	4	写	12.448822065422647
10	5	过	2.266581782801744
10	6	歌	14.35357950329162
10	7	而且	14.404542988720678
10	8	写	7.240978321558401
10	9	过	2.57475457242505
10	10	书	5.928711174458115
10	11	的	0.20859604131186416
10	12	同学	11.891258682791374
10	13	。	8.655927613621571
11	1	司机	15.75095312309593
11	2	启动	15.703704063850738
11	3	了	2.514778212414548
11	4	装有	16.273395617818643
11	5	音响	17.84910681064958
11	6	并且	13.334353585603665
11	7	配备	15.404410347557246
11	8	屏幕	18.014262761513365
11	9	。	0.5127346271980144
12	1	司机	15.75095312309593
12	2	启动	15.703704063850738
12	3	了	2.514778212414548
12	4	装有	16.273395617818643
12	5	音响	17.84910681064958
12	6	并且	13.334353585603665
12	7	配备	15.404410347557246
12	8	屏幕	18.014262761513365
12	9	的	6.27333478611024
12	10	车	10.026382795951406
12	11	。	0.4711948866128637
13	1	爸爸	11.78706115206356
13	2	买	9.206319463151692
13	3	了	1.4480437921990834
13	4	带	13.726012968309963
13	5	家具	16.021569305117104
13	6	还	9.483692185611915
13	7	配	15.100814610919926
13	8	保险	15.672893190299803
13	9	。	1.4994563287886251
14	1	爸爸	11.78706115206356
14	2	买	9.206319463151692
14	3	了	1.4480437921990834
14	4	带	13.726012968309963
14	5	家具	16.021569305117104
14	6	还	9.483692185611915
14	7	配	15.100814610919926
14	8	保险	15.672893190299803
14	9	的	3.093216987403224
14	10	房子	6.598495011165511
14	11	。	1.6073949049988698
15	1	他	6.40879256660523
15	2	损失	18.289535065322518
15	3	了	1.2231489401983922
15	4	买	15.19087905386802
15	5	药	12.421636371021037
15	6	和	6.087121380026289
15	7	买	5.56788140023918
15	8	菜	7.263316088628585
15	9	。	9.193991168601016
16	1	他	6.40879256660523
16	2	损失	18.289535065322518
16	3	了	1.2231489401983922
16	4	买	15.19087905386802
16	5	药	12.421636371021037
16	6	和	6.087121380026289
16	7	买	5.56788140023918
16	8	菜	7.263316088628585
16	9	的	0.5029994550185819
16	10	现金	10.5191165888357
16	11	。	0.2795394260427315
17	1	我	5.782586499337038
17	2	拜访	15.055247931863944
17	3	了	4.8224697418582565
17	4	去	12.23899989895898
17	5	过	6.1846979020016875
17	6	中国	7.8828808853212
17	7	并且	9.03585682257571
17	8	去	3.754660185168383
17	9	过	5.939095104392067
17	10	美国	5.024235172868629
17	11	。	14.25703749097049
18	1	我	5.782586499337038
18	2	拜访	15.055247931863944
18	3	了	4.8224697418582565
18	4	去	12.23899989895898
18	5	过	6.1846979020016875
18	6	中国	7.8828808853212
18	7	并且	9.03585682257571
18	8	去	3.754660185168383
18	9	过	5.939095104392067
18	10	美国	5.024235172868629
18	11	的	0.34336495414906665
18	12	邻居	10.765371566764756
18	13	。	2.0269693282209147
19	1	爷爷	17.12734880300706
19	2	中止	19.402227894421408
19	3	了	3.331410799831275
19	4	引发	15.046233596543694
19	5	争吵	16.810262788659806
19	6	并且	12.620010849511004
19	7	伤害	11.901960643970924
19	8	亲情	20.665516720434525
19	9	。	3.133023050251765
20	1	爷爷	17.12734880300706
20	2	中止	19.402227894421408
20	3	了	3.331410799831275
20	4	引发	15.046233596543694
20	5	争吵	16.810262788659806
20	6	并且	12.620010849511004
20	7	伤害	11.901960643970924
20	8	亲情	20.665516720434525
20	9	的	2.7396847491566803
20	10	谈话	13.961675187308757
20	11	。	0.8776386724101712
21	1	她	8.324536132943386
21	2	提到	11.589331467387648
21	3	了	3.5263338914542253
21	4	看	12.542561783602864
21	5	着	2.734688309187028
21	6	电视	10.335283119857117
21	7	和	7.36933807085714
21	8	听	9.111444933921547
21	9	着	4.0303520730982285
21	10	歌	14.365270296247303
21	11	。	2.632452330977074
22	1	她	8.324536132943386
22	2	提到	11.589331467387648
22	3	了	3.5263338914542253
22	4	看	12.542561783602864
22	5	着	2.734688309187028
22	6	电视	10.335283119857117
22	7	和	7.36933807085714
22	8	听	9.111444933921547
22	9	着	4.0303520730982285
22	10	歌	14.365270296247303
22	11	的	3.5259743210920504
22	12	女儿	11.100306873819704
22	13	。	1.6009039795581685
23	1	医生	13.376965251110361
23	2	表扬	17.767982726841232
23	3	了	0.8525418331633787
23	4	帮助	11.596449300039758
23	5	老人	17.71008318146589
23	6	并且	11.117059395259822
23	7	关心	12.709129063808675
23	8	同学	14.631100564783168
23	9	。	4.483369593814217
24	1	医生	13.376965251110361
24	2	表扬	17.767982726841232
24	3	了	0.8525418331633787
24	4	帮助	11.596449300039758
24	5	老人	17.71008318146589
24	6	并且	11.117059395259822
24	7	关心	12.709129063808675
24	8	同学	14.631100564783168
24	9	的	3.4600397011588058
24	10	孩子	8.220768839668438
24	11	。	3.6019997421225014
25	1	她	8.324536132943386
25	2	介绍	10.157242739546934
25	3	了	3.9472183129680225
25	4	生产	15.446668583897505
25	5	电视	13.036061937402906
25	6	并且	10.987635269113333
25	7	安装	14.022221775330529
25	8	电视	10.42488320167486
25	9	。	10.403492050706816
26	1	她	8.324536132943386
26	2	介绍	10.157242739546934
26	3	了	3.9472183129680225
26	4	生产	15.446668583897505
26	5	电视	13.036061937402906
26	6	并且	10.987635269113333
26	7	安装	14.022221775330529
26	8	电视	10.42488320167486
26	9	的	0.606667067363901
26	10	工厂	11.595610141548178
26	11	。	8.431541955844708
27	1	我	5.782586499337038
27	2	洗	17.150763110493173
27	3	了	4.087280651851959
27	4	陪伴	15.945010422474102
27	5	过	7.687112625272334
27	6	母亲	9.684162600618762
27	7	也	16.12641164444861
27	8	陪伴	15.065251629788392
27	9	过	1.4212103000357956
27	10	我	3.877206986980852
27	11	。	12.561049966674275
28	1	我	5.782586499337038
28	2	洗	17.150763110493173
28	3	了	4.087280651851959
28	4	陪伴	15.945010422474102
28	5	过	7.687112625272334
28	6	母亲	9.684162600618762
28	7	也	16.12641164444861
28	8	陪伴	15.065251629788392
28	9	过	1.4212103000357956
28	10	我	3.877206986980852
28	11	的	0.4056229921368981
28	12	衣服	10.625147995232055
28	13	。	0.8003213627677894
29	1	学生	12.737262046835088
29	2	们	17.28922385379279
29	3	写	9.779164720483639
29	4	着	4.021903320849013
29	5	困扰	17.70205671884795
29	6	他们	10.302087650550114
29	7	还	12.63066820466723
29	8	困扰	15.563575618777094
29	9	家长	12.122466256715725
29	10	。	6.500905345538314
30	1	学生	12.737262046835088
30	2	们	17.28922385379279
30	3	写	9.779164720483639
30	4	着	4.021903320849013
30	5	困扰	17.70205671884795
30	6	他们	10.302087650550114
30	7	还	12.63066820466723
30	8	困扰	15.563575618777094
30	9	家长	12.122466256715725
30	10	的	0.45486160752949445
30	11	作业	13.247371197825132
30	12	。	2.5035577065244894
31	1	店长	21.093672867675878
31	2	拿	14.429023114511764
31	3	着	1.0522133642796945
31	4	开	11.060030883019976
31	5	大门	14.397653716403774
31	6	和	9.796571366893708
31	7	开	8.178628237649548
31	8	仓库	11.891844807979055
31	9	。	17.143973653392862
32	1	店长	21.093672867675878
32	2	拿	14.429023114511764
32	3	着	1.0522133642796945
32	4	开	11.060030883019976
32	5	大门	14.397653716403774
32	6	和	9.796571366893708
32	7	开	8.178628237649548
32	8	仓库	11.891844807979055
32	9	的	0.42885365107812845
32	10	钥匙	13.762458860714759
32	11	。	13.232396266768305
33	1	有人	18.064993669803197
33	2	听	9.723649551953319
33	3	着	4.316893604571995
33	4	打扰	20.88227627517667
33	5	了	3.9137336183484095
33	6	邻居	13.507111817969836
33	7	而且	17.576025561362258
33	8	触发	19.033197148504655
33	9	了	2.097114911005832
33	10	警报	16.69325303176113
33	11	。	8.978420318795969
34	1	有人	18.064993669803197
34	2	听	9.723649551953319
34	3	着	4.316893604571995
34	4	打扰	20.88227627517667
34	5	了	3.9137336183484095
34	6	邻居	13.507111817969836
34	7	而且	17.576025561362258
34	8	触发	19.033197148504655
34	9	了	2.097114911005832
34	10	警报	16.69325303176113
34	11	的	1.818381741001204
34	12	音乐	11.042569841357405
34	13	。	8.52035287734168
35	1	我	5.782586499337038
35	2	观察	13.909938541635457
35	3	着	6.758493684601433
35	4	经营	17.92296945388431
35	5	商店	11.831839656013933
35	6	还	13.257996803019132
35	7	经营	13.286297135751525
35	8	餐厅	11.878214452950616
35	9	。	15.952307486038208
36	1	我	5.782586499337038
36	2	观察	13.909938541635457
36	3	着	6.758493684601433
36	4	经营	17.92296945388431
36	5	商店	11.831839656013933
36	6	还	13.257996803019132
36	7	经营	13.286297135751525
36	8	餐厅	11.878214452950616
36	9	的	0.4441260576204371
36	10	男人	11.653707301559706
36	11	。	10.25981950360925
37	1	学生	12.737262046835088
37	2	们	17.28922385379279
37	3	读	12.11472913353342
37	4	着	5.051216726043791
37	5	描述	16.221475522890564
37	6	故事	10.127762632601218
37	7	并且	14.801617101063826
37	8	带来	12.198573646594028
37	9	乐趣	15.020680151725443
37	10	。	7.2436353884888405
38	1	学生	12.737262046835088
38	2	们	17.28922385379279
38	3	读	12.11472913353342
38	4	着	5.051216726043791
38	5	描述	16.221475522890564
38	6	故事	10.127762632601218
38	7	并且	14.801617101063826
38	8	带来	12.198573646594028
38	9	乐趣	15.020680151725443
38	10	的	4.124904909238438
38	11	书	12.652571434611204
38	12	。	7.11152352902505
39	1	教练	17.472534340633413
39	2	创办	12.999291488047689
39	3	过	13.243955148756715
39	4	教	16.5895972848013
39	5	动作	13.34202815964484
39	6	并且	10.764284430887855
39	7	辅导	13.144923886457775
39	8	孩子	10.564088224146502
39	9	。	9.930592073969507
40	1	教练	17.472534340633413
40	2	创办	12.999291488047689
40	3	过	13.243955148756715
40	4	教	16.5895972848013
40	5	动作	13.34202815964484
40	6	并且	10.764284430887855
40	7	辅导	13.144923886457775
40	8	孩子	10.564088224146502
40	9	的	7.245963375233657
40	10	健身房	13.935983854956902
40	11	。	11.274312334578497
41	1	我	5.782586499337038
41	2	喜欢	7.686600015959657
41	3	过	5.281201919634562
41	4	给	11.327934213264143
41	5	我	1.9123009320048965
41	6	信心	14.221252845686532
41	7	并且	15.315248649994203
41	8	帮助	5.1175498282911605
41	9	过	8.565002788190299
41	10	我	3.0025139220799133
41	11	。	14.564392290744038
42	1	我	5.782586499337038
42	2	喜欢	7.686600015959657
42	3	过	5.281201919634562
42	4	给	11.327934213264143
42	5	我	1.9123009320048965
42	6	信心	14.221252845686532
42	7	并且	15.315248649994203
42	8	帮助	5.1175498282911605
42	9	过	8.565002788190299
42	10	我	3.0025139220799133
42	11	的	0.15004211896166453
42	12	音乐	12.948845997121083
42	13	。	3.377219134624582
43	1	她	8.324536132943386
43	2	开	12.873082674756223
43	3	过	4.873404610712328
43	4	容纳	17.35104778968468
43	5	很多	10.233616618686852
43	6	人	3.852163252567152
43	7	并且	11.83889295302577
43	8	通过	9.486675554873699
43	9	安全	9.772689278707531
43	10	测试	12.111419010575318
43	11	。	3.6038116484231466
44	1	她	8.324536132943386
44	2	开	12.873082674756223
44	3	过	4.873404610712328
44	4	容纳	17.35104778968468
44	5	很多	10.233616618686852
44	6	人	3.852163252567152
44	7	并且	11.83889295302577
44	8	通过	9.486675554873699
44	9	安全	9.772689278707531
44	10	测试	12.111419010575318
44	11	的	11.403854871269516
44	12	车	11.72057603563195
44	13	。	1.8572358963952098
45	1	他	6.40879256660523
45	2	修理	18.98665170411769
45	3	过	7.480328993286843
45	4	丢失	17.926070227048207
45	5	了	1.7783965502191208
45	6	芯片	15.0167826360628
45	7	还	11.409783344505286
45	8	丢失	14.951428277827617
45	9	了	0.04623357882100265
45	10	屏幕	12.901022341204282
45	11	。	1.0061959040429258
46	1	他	6.40879256660523
46	2	修理	18.98665170411769
46	3	过	7.480328993286843
46	4	丢失	17.926070227048207
46	5	了	1.7783965502191208
46	6	芯片	15.0167826360628
46	7	还	11.409783344505286
46	8	丢失	14.951428277827617
46	9	了	0.04623357882100265
46	10	屏幕	12.901022341204282
46	11	的	4.862328683525874
46	12	电脑	10.068531363685992
46	13	。	1.0620134287642315
47	1	他	6.40879256660523
47	2	讲	11.7453031091219
47	3	过	5.071141726048296
47	4	介绍	14.954143374559106
47	5	画家	20.251832658047334
47	6	并且	13.314875658727537
47	7	介绍	9.235576563832666
47	8	博物馆	12.8958014133907
47	9	。	11.35203887369994
48	1	他	6.40879256660523
48	2	讲	11.7453031091219
48	3	过	5.071141726048296
48	4	介绍	14.954143374559106
48	5	画家	20.251832658047334
48	6	并且	13.314875658727537
48	7	介绍	9.235576563832666
48	8	博物馆	12.8958014133907
48	9	的	1.948728292921487
48	10	课	10.533145917932558
48	11	。	4.206939822391774
49	1	我	5.782586499337038
49	2	邀请	14.462568915921588
49	3	过	6.840884544787915
49	4	喜欢	13.69747163833506
49	5	明星	13.675448317263523
49	6	而且	15.205179442871085
49	7	喜欢	12.02519218737396
49	8	作家	12.700825391647598
49	9	。	1.86436266971198
50	1	我	5.782586499337038
50	2	邀请	14.462568915921588
50	3	过	6.840884544787915
50	4	喜欢	13.69747163833506
50	5	明星	13.675448317263523
50	6	而且	15.205179442871085
50	7	喜欢	12.02519218737396
50	8	作家	12.700825391647598
50	9	的	4.364505929442572
50	10	朋友	7.398388735868721
50	11	。	1.3662374199369083
51	1	她	8.324536132943386
51	2	申请	14.362551096804491
51	3	过	5.422473269752668
51	4	减轻	17.159562986849878
51	5	她	8.094888471891757
51	6	负担	16.305221443190852
51	7	同时	18.652717373130983
51	8	缓解	17.464757592659495
51	9	她	11.099971226223715
51	10	压力	11.758774415776074
51	11	。	15.63997012025635
52	1	她	8.324536132943386
52	2	申请	14.362551096804491
52	3	过	5.422473269752668
52	4	减轻	17.159562986849878
52	5	她	8.094888471891757
52	6	负担	16.305221443190852
52	7	同时	18.652717373130983
52	8	缓解	17.464757592659495
52	9	她	11.099971226223715
52	10	压力	11.758774415776074
52	11	的	0.5121453675998282
52	12	奖金	14.11592635532071
52	13	。	0.56261989513348
53	1	她	8.324536132943386
53	2	去	11.681113409057794
53	3	卖	13.344891641530175
53	4	礼物	12.603030542252561
53	5	并且	11.667253937530091
53	6	回收	14.722584480879078
53	7	报纸	14.491595262674693
53	8	。	5.381523504609973
54	1	她	8.324536132943386
54	2	去	11.681113409057794
54	3	卖	13.344891641530175
54	4	礼物	12.603030542252561
54	5	并且	11.667253937530091
54	6	回收	14.722584480879078
54	7	报纸	14.491595262674693
54	8	的	7.275512327973303
54	9	商店	12.675853858594593
54	10	。	7.308797023548763
55	1	弟弟	17.788931148123538
55	2	需要	11.40488348459461
55	3	用于	13.486159641623718
55	4	游戏	13.479797334016446
55	5	和	5.6573520157301544
55	6	买	11.41866162389465
55	7	书	9.76662920497121
55	8	。	6.939790254138003
56	1	弟弟	17.788931148123538
56	2	需要	11.40488348459461
56	3	用于	13.486159641623718
56	4	游戏	13.479797334016446
56	5	和	5.6573520157301544
56	6	买	11.41866162389465
56	7	书	9.76662920497121
56	8	的	8.313911226341574
56	9	钱	5.1330849294945295
56	10	。	7.11649295607036
57	1	他	6.40879256660523
57	2	很	7.708184630932365
57	3	欣赏	11.614786902949254
57	4	写	14.359491957378609
57	5	小说	10.743091710316122
57	6	并且	15.483230537798256
57	7	做	4.683449812082316
57	8	慈善	13.009580016677631
57	9	。	16.314114716786833
58	1	他	6.40879256660523
58	2	很	7.708184630932365
58	3	欣赏	11.614786902949254
58	4	写	14.359491957378609
58	5	小说	10.743091710316122
58	6	并且	15.483230537798256
58	7	做	4.683449812082316
58	8	慈善	13.009580016677631
58	9	的	1.7434529601477067
58	10	作家	9.384737147589334
58	11	。	0.6559615198005275
59	1	我	5.782586499337038
59	2	经常	9.832079509623357
59	3	去	5.174650836410464
59	4	提供	12.39601250620164
59	5	停车位	19.771392758169156
59	6	并且	11.836731197335787
59	7	帮助	8.438056347370534
59	8	残疾人	16.520557615039422
59	9	。	5.977793426103204
60	1	我	5.782586499337038
60	2	经常	9.832079509623357
60	3	去	5.174650836410464
60	4	提供	12.39601250620164
60	5	停车位	19.771392758169156
60	6	并且	11.836731197335787
60	7	帮助	8.438056347370534
60	8	残疾人	16.520557615039422
60	9	的	4.8141310550217185
60	10	医院	15.275422757876797
60	11	。	7.442827784451538
