sentence_id	token_id	token	surprisal
1	1	我	7.862820148468018
1	2	很	6.385560035705566
1	3	喜欢	3.9104983806610107
1	4	一	6.371318817138672
1	5	位	2.5568630695343018
1	6	国内	11.368446350097656
1	7	的	0.7362653017044067
1	8	明星	12.672880172729492
1	9	。	1.849306344985962
2	1	我	7.862820148468018
2	2	很	6.385560035705566
2	3	喜欢	3.9104983806610107
2	4	一	6.371318817138672
2	5	首	10.230146408081055
2	6	国内	13.73769760131836
2	7	的	0.7639304399490356
2	8	明星	13.434026718139648
2	9	。	2.2292771339416504
3	1	我	7.862820148468018
3	2	很	6.385560035705566
3	3	喜欢	3.9104983806610107
3	4	一	6.371318817138672
3	5	首	10.230146408081055
3	6	国内	13.73769760131836
3	7	的	0.7639304399490356
3	8	歌曲	6.4731550216674805
3	9	。	2.070892572402954
4	1	我	7.862820148468018
4	2	很	6.385560035705566
4	3	喜欢	3.9104983806610107
4	4	一	6.371318817138672
4	5	位	2.5568630695343018
4	6	国内	11.368446350097656
4	7	的	0.7362653017044067
4	8	歌曲	12.755355834960938
4	9	。	2.2403252124786377
5	1	她	7.418179035186768
5	2	开车	20.289955139160156
5	3	去	4.121302127838135
5	4	了	3.7519521713256836
5	5	一	2.6072440147399902
5	6	家	5.051524639129639
5	7	郊外	12.847219467163086
5	8	的	2.4965248107910156
5	9	店	10.124003410339355
5	10	。	3.0121195316314697
6	1	她	7.418179035186768
6	2	开车	20.289955139160156
6	3	去	4.121302127838135
6	4	了	3.7519521713256836
6	5	一	2.6072440147399902
6	6	座	5.264190196990967
6	7	郊外	14.185874938964844
6	8	的	2.570861339569092
6	9	店	12.716300964355469
6	10	。	2.7468814849853516
7	1	她	7.418179035186768
7	2	开车	20.289955139160156
7	3	去	4.121302127838135
7	4	了	3.7519521713256836
7	5	一	2.6072440147399902
7	6	座	5.264190196990967
7	7	郊外	14.185874938964844
7	8	的	2.570861339569092
7	9	山	11.731822967529297
7	10	。	3.019376277923584
8	1	她	7.418179035186768
8	2	开车	20.289955139160156
8	3	去	4.121302127838135
8	4	了	3.7519521713256836
8	5	一	2.6072440147399902
8	6	家	5.051524639129639
8	7	郊外	12.847219467163086
8	8	的	2.4965248107910156
8	9	山	11.791221618652344
8	10	。	3.574782371520996
9	1	他	4.461699962615967
9	2	有	11.480596542358398
9	3	一	3.381887674331665
9	4	双	8.067201614379883
9	5	蓝色	14.153090476989746
9	6	的	0.19080021977424622
9	7	手套	12.558089256286621
9	8	。	6.085411548614502
10	1	他	4.461699962615967
10	2	有	11.480596542358398
10	3	一	3.381887674331665
10	4	枚	10.705838203430176
10	5	蓝色	11.835138320922852
10	6	的	0.24753686785697937
10	7	手套	12.606779098510742
10	8	。	6.234436511993408
11	1	他	4.461699962615967
11	2	有	11.480596542358398
11	3	一	3.381887674331665
11	4	枚	10.705838203430176
11	5	蓝色	11.835138320922852
11	6	的	0.24753686785697937
11	7	纽扣	18.913291931152344
11	8	。	5.673125743865967
12	1	他	4.461699962615967
12	2	有	11.480596542358398
12	3	一	3.381887674331665
12	4	双	8.067201614379883
12	5	蓝色	14.153090476989746
12	6	的	0.19080021977424622
12	7	纽扣	19.028364181518555
12	8	。	5.787553310394287
13	1	店长	22.399904251098633
13	2	拿	16.487590789794922
13	3	着	0.7964906096458435
13	4	一	5.916977882385254
13	5	只	5.194562911987305
13	6	便宜	14.114551544189453
13	7	的	0.37580084800720215
13	8	兔子	13.507577896118164
13	9	。	10.60138988494873
14	1	店长	22.399904251098633
14	2	拿	16.487590789794922
14	3	着	0.7964906096458435
14	4	一	5.916977882385254
14	5	根	7.2515740394592285
14	6	便宜	14.766997337341309
14	7	的	0.36684831976890564
14	8	兔子	14.417341232299805
14	9	。	10.296415328979492
15	1	店长	22.399904251098633
15	2	拿	16.487590789794922
15	3	着	0.7964906096458435
15	4	一	5.916977882385254
15	5	根	7.2515740394592285
15	6	便宜	14.766997337341309
15	7	的	0.36684831976890564
15	8	萝卜	11.99402904510498
15	9	。	5.747414588928223
16	1	店长	22.399904251098633
16	2	拿	16.487590789794922
16	3	着	0.7964906096458435
16	4	一	5.916977882385254
16	5	只	5.194562911987305
16	6	便宜	14.114551544189453
16	7	的	0.37580084800720215
16	8	萝卜	10.340752601623535
16	9	。	6.409247875213623
17	1	他	4.461699962615967
17	2	认识	15.714367866516113
17	3	了	8.969386100769043
17	4	一	6.689874649047852
17	5	名	5.568187713623047
17	6	幸运	12.216507911682129
17	7	的	1.3793213367462158
17	8	男孩	8.591062545776367
17	9	。	2.8977649211883545
18	1	他	4.461699962615967
18	2	认识	15.714367866516113
18	3	了	8.969386100769043
18	4	一	6.689874649047852
18	5	本	8.82300853729248
18	6	幸运	15.54400634765625
18	7	的	1.0729798078536987
18	8	男孩	10.726865768432617
18	9	。	3.147216320037842
19	1	他	4.461699962615967
19	2	认识	15.714367866516113
19	3	了	8.969386100769043
19	4	一	6.689874649047852
19	5	本	8.82300853729248
19	6	幸运	15.54400634765625
19	7	的	1.0729798078536987
19	8	小说	12.121121406555176
19	9	。	3.907492160797119
20	1	他	4.461699962615967
20	2	认识	15.714367866516113
20	3	了	8.969386100769043
20	4	一	6.689874649047852
20	5	名	5.568187713623047
20	6	幸运	12.216507911682129
20	7	的	1.3793213367462158
20	8	小说	15.574868202209473
20	9	。	5.20590353012085
21	1	男人	17.112215042114258
21	2	在	5.03345251083374
21	3	扫描	20.239097595214844
21	4	一	13.524628639221191
21	5	篇	5.351247310638428
21	6	很	7.863131999969482
21	7	短	9.942352294921875
21	8	的	0.05918236821889877
21	9	文章	4.844608306884766
21	10	。	12.554397583007812
22	1	男人	17.112215042114258
22	2	在	5.03345251083374
22	3	扫描	20.239097595214844
22	4	一	13.524628639221191
22	5	张	3.598390579223633
22	6	很	8.803177833557129
22	7	短	8.008805274963379
22	8	的	0.046116169542074203
22	9	文章	10.866830825805664
22	10	。	12.38132095336914
23	1	男人	17.112215042114258
23	2	在	5.03345251083374
23	3	扫描	20.239097595214844
23	4	一	13.524628639221191
23	5	张	3.598390579223633
23	6	很	8.803177833557129
23	7	短	8.008805274963379
23	8	的	0.046116169542074203
23	9	图片	9.719200134277344
23	10	。	11.6628999710083
24	1	男人	17.112215042114258
24	2	在	5.03345251083374
24	3	扫描	20.239097595214844
24	4	一	13.524628639221191
24	5	篇	5.351247310638428
24	6	很	7.863131999969482
24	7	短	9.942352294921875
24	8	的	0.05918236821889877
24	9	图片	8.982080459594727
24	10	。	12.054506301879883
25	1	演员	15.440248489379883
25	2	在	5.589714050292969
25	3	看	13.456470489501953
25	4	一	9.398633003234863
25	5	张	5.008190155029297
25	6	干净	13.656549453735352
25	7	的	1.5960984230041504
25	8	旧	12.920212745666504
25	9	照片	9.899840354919434
25	10	。	10.450681686401367
26	1	演员	15.440248489379883
26	2	在	5.589714050292969
26	3	看	13.456470489501953
26	4	一	9.398633003234863
26	5	位	3.997892379760742
26	6	干净	18.681659698486328
26	7	的	1.6036701202392578
26	8	旧	15.107614517211914
26	9	照片	13.337235450744629
26	10	。	9.895506858825684
27	1	演员	15.440248489379883
27	2	在	5.589714050292969
27	3	看	13.456470489501953
27	4	一	9.398633003234863
27	5	位	3.997892379760742
27	6	干净	18.681659698486328
27	7	的	1.6036701202392578
27	8	老师	8.790322303771973
27	9	。	5.398367404937744
28	1	演员	15.440248489379883
28	2	在	5.589714050292969
28	3	看	13.456470489501953
28	4	一	9.398633003234863
28	5	张	5.008190155029297
28	6	干净	13.656549453735352
28	7	的	1.5960984230041504
28	8	老师	13.987581253051758
28	9	。	5.540544509887695
29	1	他	4.461699962615967
29	2	在	5.712044715881348
29	3	修理	16.50798225402832
29	4	一	5.6605610847473145
29	5	辆	5.569588661193848
29	6	倒霉	15.910995483398438
29	7	的	0.024229146540164948
29	8	汽车	6.255392074584961
29	9	。	6.923531532287598
30	1	他	4.461699962615967
30	2	在	5.712044715881348
30	3	修理	16.50798225402832
30	4	一	5.6605610847473145
30	5	套	4.598277568817139
30	6	倒霉	17.210935592651367
30	7	的	0.02658388949930668
30	8	汽车	8.086040496826172
30	9	。	6.297776222229004
31	1	他	4.461699962615967
31	2	在	5.712044715881348
31	3	修理	16.50798225402832
31	4	一	5.6605610847473145
31	5	套	4.598277568817139
31	6	倒霉	17.210935592651367
31	7	的	0.02658388949930668
31	8	系统	10.644713401794434
31	9	。	7.428783416748047
32	1	他	4.461699962615967
32	2	在	5.712044715881348
32	3	修理	16.50798225402832
32	4	一	5.6605610847473145
32	5	辆	5.569588661193848
32	6	倒霉	15.910995483398438
32	7	的	0.024229146540164948
32	8	系统	15.314455032348633
32	9	。	6.995040416717529
33	1	学生	13.86217975616455
33	2	们	20.752887725830078
33	3	在	6.588001728057861
33	4	写	11.715688705444336
33	5	一	4.156578540802002
33	6	部	5.606423377990723
33	7	精彩	11.568511009216309
33	8	的	0.17904892563819885
33	9	电影	4.566223621368408
33	10	。	5.0088582038879395
34	1	学生	13.86217975616455
34	2	们	20.752887725830078
34	3	在	6.588001728057861
34	4	写	11.715688705444336
34	5	一	4.156578540802002
34	6	首	5.821261882781982
34	7	精彩	12.153522491455078
34	8	的	0.19412876665592194
34	9	电影	6.455252647399902
34	10	。	5.1575517654418945
35	1	学生	13.86217975616455
35	2	们	20.752887725830078
35	3	在	6.588001728057861
35	4	写	11.715688705444336
35	5	一	4.156578540802002
35	6	首	5.821261882781982
35	7	精彩	12.153522491455078
35	8	的	0.19412876665592194
35	9	戏曲	12.536498069763184
35	10	。	4.9829936027526855
36	1	学生	13.86217975616455
36	2	们	20.752887725830078
36	3	在	6.588001728057861
36	4	写	11.715688705444336
36	5	一	4.156578540802002
36	6	部	5.606423377990723
36	7	精彩	11.568511009216309
36	8	的	0.17904892563819885
36	9	戏曲	12.345858573913574
36	10	。	5.3629560470581055
37	1	我们	7.831811904907227
37	2	在	5.985087871551514
37	3	看	10.183115005493164
37	4	一	4.07391881942749
37	5	场	3.1475961208343506
37	6	神奇	13.872868537902832
37	7	的	0.2339288592338562
37	8	他	17.118200302124023
37	9	的	2.1983706951141357
37	10	表演	6.804977893829346
37	11	。	6.796253681182861
38	1	我们	7.831811904907227
38	2	在	5.985087871551514
38	3	看	10.183115005493164
38	4	一	4.07391881942749
38	5	块	13.294713020324707
38	6	神奇	11.687784194946289
38	7	的	0.06717320531606674
38	8	他	16.735687255859375
38	9	的	2.102149248123169
38	10	表演	13.494768142700195
38	11	。	6.3400983810424805
39	1	我们	7.831811904907227
39	2	在	5.985087871551514
39	3	看	10.183115005493164
39	4	一	4.07391881942749
39	5	块	13.294713020324707
39	6	神奇	11.687784194946289
39	7	的	0.06717320531606674
39	8	他	16.735687255859375
39	9	的	2.102149248123169
39	10	场地	16.574983596801758
39	11	。	4.408695697784424
40	1	我们	7.831811904907227
40	2	在	5.985087871551514
40	3	看	10.183115005493164
40	4	一	4.07391881942749
40	5	场	3.1475961208343506
40	6	神奇	13.872868537902832
40	7	的	0.2339288592338562
40	8	他	17.118200302124023
40	9	的	2.1983706951141357
40	10	场地	16.342342376708984
40	11	。	4.287750244140625
41	1	他	4.461699962615967
41	2	最	11.946891784667969
41	3	喜欢	5.885903835296631
41	4	一	8.736637115478516
41	5	道	8.119795799255371
41	6	美味	16.442359924316406
41	7	的	2.0181503295898438
41	8	菜	7.635004043579102
41	9	。	2.39501690864563
42	1	他	4.461699962615967
42	2	最	11.946891784667969
42	3	喜欢	5.885903835296631
42	4	一	8.736637115478516
42	5	瓶	11.051823616027832
42	6	美味	14.616546630859375
42	7	的	1.2285383939743042
42	8	菜	8.2394380569458
42	9	。	2.6175012588500977
43	1	他	4.461699962615967
43	2	最	11.946891784667969
43	3	喜欢	5.885903835296631
43	4	一	8.736637115478516
43	5	瓶	11.051823616027832
43	6	美味	14.616546630859375
43	7	的	1.2285383939743042
43	8	醋	16.162857055664062
43	9	。	5.449533462524414
44	1	他	4.461699962615967
44	2	最	11.946891784667969
44	3	喜欢	5.885903835296631
44	4	一	8.736637115478516
44	5	道	8.119795799255371
44	6	美味	16.442359924316406
44	7	的	2.0181503295898438
44	8	醋	16.70674705505371
44	9	。	5.65848970413208
45	1	她	7.418179035186768
45	2	拿	13.559978485107422
45	3	了	2.905688762664795
45	4	一	3.35040020942688
45	5	份	4.958115100860596
45	6	今天	14.973413467407227
45	7	的	1.3175880908966064
45	8	饭	15.049781799316406
45	9	。	5.3991241455078125
46	1	她	7.418179035186768
46	2	拿	13.559978485107422
46	3	了	2.905688762664795
46	4	一	3.35040020942688
46	5	卷	15.14245891571045
46	6	今天	16.257036209106445
46	7	的	1.527984857559204
46	8	饭	14.183960914611816
46	9	。	5.507889270782471
47	1	她	7.418179035186768
47	2	拿	13.559978485107422
47	3	了	2.905688762664795
47	4	一	3.35040020942688
47	5	卷	15.14245891571045
47	6	今天	16.257036209106445
47	7	的	1.527984857559204
47	8	纸	14.44885540008545
47	9	。	8.130581855773926
48	1	她	7.418179035186768
48	2	拿	13.559978485107422
48	3	了	2.905688762664795
48	4	一	3.35040020942688
48	5	份	4.958115100860596
48	6	今天	14.973413467407227
48	7	的	1.3175880908966064
48	8	纸	15.166803359985352
48	9	。	7.8504533767700195
49	1	学生	13.86217975616455
49	2	们	20.752887725830078
49	3	在	6.588001728057861
49	4	写	11.715688705444336
49	5	一	4.156578540802002
49	6	部	5.606423377990723
49	7	复杂	11.43588638305664
49	8	的	0.7350165843963623
49	9	戏剧	10.24276065826416
49	10	。	8.110064506530762
50	1	学生	13.86217975616455
50	2	们	20.752887725830078
50	3	在	6.588001728057861
50	4	写	11.715688705444336
50	5	一	4.156578540802002
50	6	篇	0.9409745335578918
50	7	复杂	11.004554748535156
50	8	的	0.39156612753868103
50	9	戏剧	13.395513534545898
50	10	。	8.620977401733398
51	1	学生	13.86217975616455
51	2	们	20.752887725830078
51	3	在	6.588001728057861
51	4	写	11.715688705444336
51	5	一	4.156578540802002
51	6	篇	0.9409745335578918
51	7	复杂	11.004554748535156
51	8	的	0.39156612753868103
51	9	文章	1.2061620950698853
51	10	。	6.278355121612549
52	1	学生	13.86217975616455
52	2	们	20.752887725830078
52	3	在	6.588001728057861
52	4	写	11.715688705444336
52	5	一	4.156578540802002
52	6	部	5.606423377990723
52	7	复杂	11.43588638305664
52	8	的	0.7350165843963623
52	9	文章	4.598330974578857
52	10	。	6.683441162109375
53	1	这	6.246974468231201
53	2	是	5.16676139831543
53	3	一	2.6577308177948
53	4	架	15.003045082092285
53	5	红色	11.241629600524902
53	6	的	5.603579044342041
53	7	火车	7.947819232940674
53	8	。	5.03408670425415
54	1	这	6.246974468231201
54	2	是	5.16676139831543
54	3	一	2.6577308177948
54	4	扇	17.619140625
54	5	红色	9.598328590393066
54	6	的	3.246001958847046
54	7	火车	10.8226900100708
54	8	。	4.242680549621582
55	1	这	6.246974468231201
55	2	是	5.16676139831543
55	3	一	2.6577308177948
55	4	扇	17.619140625
55	5	红色	9.598328590393066
55	6	的	3.246001958847046
55	7	窗户	9.989787101745605
55	8	。	3.8320682048797607
56	1	这	6.246974468231201
56	2	是	5.16676139831543
56	3	一	2.6577308177948
56	4	架	15.003045082092285
56	5	红色	11.241629600524902
56	6	的	5.603579044342041
56	7	窗户	12.27017879486084
56	8	。	4.460809707641602
57	1	老师	15.167257308959961
57	2	在	6.015915870666504
57	3	责备	21.503694534301758
57	4	三	15.223430633544922
57	5	名	9.947027206420898
57	6	淘气	21.45500373840332
57	7	的	3.407287836074829
57	8	学生	8.718231201171875
57	9	。	5.512147903442383
58	1	老师	15.167257308959961
58	2	在	6.015915870666504
58	3	责备	21.503694534301758
58	4	三	15.223430633544922
58	5	只	9.057464599609375
58	6	淘气	19.24516487121582
58	7	的	3.3342206478118896
58	8	学生	13.977682113647461
58	9	。	5.109179496765137
59	1	老师	15.167257308959961
59	2	在	6.015915870666504
59	3	责备	21.503694534301758
59	4	三	15.223430633544922
59	5	只	9.057464599609375
59	6	淘气	19.24516487121582
59	7	的	3.3342206478118896
59	8	宠物	18.896177291870117
59	9	。	8.275501251220703
60	1	老师	15.167257308959961
60	2	在	6.015915870666504
60	3	责备	21.503694534301758
60	4	三	15.223430633544922
60	5	名	9.947027206420898
60	6	淘气	21.45500373840332
60	7	的	3.407287836074829
60	8	宠物	18.507444381713867
60	9	。	8.712617874145508
61	1	她	7.418179035186768
61	2	买	12.950541496276855
61	3	过	8.004886627197266
61	4	两	5.222401142120361
61	5	杯	9.701011657714844
61	6	热	14.693113327026367
61	7	的	3.8536148071289062
61	8	咖啡	10.117408752441406
61	9	。	4.524526596069336
62	1	她	7.418179035186768
62	2	买	12.950541496276855
62	3	过	8.004886627197266
62	4	两	5.222401142120361
62	5	个	4.553143501281738
62	6	热	15.964794158935547
62	7	的	3.6976077556610107
62	8	咖啡	9.957719802856445
62	9	。	3.684330701828003
63	1	她	7.418179035186768
63	2	买	12.950541496276855
63	3	过	8.004886627197266
63	4	两	5.222401142120361
63	5	个	4.553143501281738
63	6	热	15.964794158935547
63	7	的	3.6976077556610107
63	8	杯子	15.691633224487305
63	9	。	4.216465473175049
64	1	她	7.418179035186768
64	2	买	12.950541496276855
64	3	过	8.004886627197266
64	4	两	5.222401142120361
64	5	杯	9.701011657714844
64	6	热	14.693113327026367
64	7	的	3.8536148071289062
64	8	杯子	16.583892822265625
64	9	。	5.078612804412842
65	1	孩子	15.043646812438965
65	2	在	4.556599140167236
65	3	卖	15.08645248413086
65	4	五	13.42871379852295
65	5	台	9.360517501831055
65	6	贵	13.183547019958496
65	7	的	0.6463159918785095
65	8	桌子	11.281889915466309
65	9	。	7.979091644287109
66	1	孩子	15.043646812438965
66	2	在	4.556599140167236
66	3	卖	15.08645248413086
66	4	五	13.42871379852295
66	5	块	9.27745532989502
66	6	贵	12.397581100463867
66	7	的	0.7741376757621765
66	8	桌子	10.962685585021973
66	9	。	7.960604190826416
67	1	孩子	15.043646812438965
67	2	在	4.556599140167236
67	3	卖	15.08645248413086
67	4	五	13.42871379852295
67	5	块	9.27745532989502
67	6	贵	12.397581100463867
67	7	的	0.7741376757621765
67	8	蛋糕	14.285024642944336
67	9	。	6.679841041564941
68	1	孩子	15.043646812438965
68	2	在	4.556599140167236
68	3	卖	15.08645248413086
68	4	五	13.42871379852295
68	5	台	9.360517501831055
68	6	贵	13.183547019958496
68	7	的	0.6463159918785095
68	8	蛋糕	14.511026382446289
68	9	。	6.987476348876953
69	1	妈妈	15.108735084533691
69	2	在	5.508315086364746
69	3	做	7.331265926361084
69	4	一	4.796649932861328
69	5	张	6.187926769256592
69	6	好看	13.337410926818848
69	7	的	0.20182359218597412
69	8	地图	15.306716918945312
69	9	。	7.090376853942871
70	1	妈妈	15.108735084533691
70	2	在	5.508315086364746
70	3	做	7.331265926361084
70	4	一	4.796649932861328
70	5	面	10.04107666015625
70	6	好看	14.939940452575684
70	7	的	0.3815898001194
70	8	地图	16.935943603515625
70	9	。	6.017716407775879
71	1	妈妈	15.108735084533691
71	2	在	5.508315086364746
71	3	做	7.331265926361084
71	4	一	4.796649932861328
71	5	面	10.04107666015625
71	6	好看	14.939940452575684
71	7	的	0.3815898001194
71	8	镜子	15.021553039550781
71	9	。	7.050191879272461
72	1	妈妈	15.108735084533691
72	2	在	5.508315086364746
72	3	做	7.331265926361084
72	4	一	4.796649932861328
72	5	张	6.187926769256592
72	6	好看	13.337410926818848
72	7	的	0.20182359218597412
72	8	镜子	14.457953453063965
72	9	。	7.113605499267578
73	1	爸爸	14.470151901245117
73	2	买	6.320626735687256
73	3	了	3.0866503715515137
73	4	一	1.3899766206741333
73	5	栋	9.122461318969727
73	6	很	13.487250328063965
73	7	大	4.624293327331543
73	8	的	0.16320709884166718
73	9	房子	2.3607184886932373
73	10	。	3.958976984024048
74	1	爸爸	14.470151901245117
74	2	买	6.320626735687256
74	3	了	3.0866503715515137
74	4	一	1.3899766206741333
74	5	条	4.175941467285156
74	6	很	12.923532485961914
74	7	大	6.093824863433838
74	8	的	0.13699111342430115
74	9	房子	4.011577606201172
74	10	。	3.6410934925079346
75	1	爸爸	14.470151901245117
75	2	买	6.320626735687256
75	3	了	3.0866503715515137
75	4	一	1.3899766206741333
75	5	条	4.175941467285156
75	6	很	12.923532485961914
75	7	大	6.093824863433838
75	8	的	0.13699111342430115
75	9	沙发	13.098901748657227
75	10	。	3.3357791900634766
76	1	爸爸	14.470151901245117
76	2	买	6.320626735687256
76	3	了	3.0866503715515137
76	4	一	1.3899766206741333
76	5	栋	9.122461318969727
76	6	很	13.487250328063965
76	7	大	4.624293327331543
76	8	的	0.16320709884166718
76	9	沙发	13.390119552612305
76	10	。	4.054211139678955
77	1	我	7.862820148468018
77	2	想	4.351330757141113
77	3	种	15.102733612060547
77	4	一	6.317197799682617
77	5	朵	14.330801010131836
77	6	红色	11.058201789855957
77	7	的	3.3566441535949707
77	8	玫瑰	10.771883010864258
77	9	。	4.180211544036865
78	1	我	7.862820148468018
78	2	想	4.351330757141113
78	3	种	15.102733612060547
78	4	一	6.317197799682617
78	5	颗	10.671042442321777
78	6	红色	11.125861167907715
78	7	的	0.6189842820167542
78	8	玫瑰	11.53846263885498
78	9	。	5.014974117279053
79	1	我	7.862820148468018
79	2	想	4.351330757141113
79	3	种	15.102733612060547
79	4	一	6.317197799682617
79	5	颗	10.671042442321777
79	6	红色	11.125861167907715
79	7	的	0.6189842820167542
79	8	种子	13.430681228637695
79	9	。	4.295201778411865
80	1	我	7.862820148468018
80	2	想	4.351330757141113
80	3	种	15.102733612060547
80	4	一	6.317197799682617
80	5	朵	14.330801010131836
80	6	红色	11.058201789855957
80	7	的	3.3566441535949707
80	8	种子	16.005962371826172
80	9	。	3.1038312911987305
81	1	我	7.862820148468018
81	2	经常	9.864368438720703
81	3	去	5.325547218322754
81	4	一	5.6213507652282715
81	5	家	4.651501178741455
81	6	有名	12.385170936584473
81	7	的	0.007571411784738302
81	8	医院	9.400904655456543
81	9	。	4.714175224304199
82	1	我	7.862820148468018
82	2	经常	9.864368438720703
82	3	去	5.325547218322754
82	4	一	5.6213507652282715
82	5	座	6.17113733291626
82	6	有名	13.778316497802734
82	7	的	0.007860682904720306
82	8	医院	9.994747161865234
82	9	。	4.0401201248168945
83	1	我	7.862820148468018
83	2	经常	9.864368438720703
83	3	去	5.325547218322754
83	4	一	5.6213507652282715
83	5	座	6.17113733291626
83	6	有名	13.778316497802734
83	7	的	0.007860682904720306
83	8	城市	7.171128273010254
83	9	。	3.5732290744781494
84	1	我	7.862820148468018
84	2	经常	9.864368438720703
84	3	去	5.325547218322754
84	4	一	5.6213507652282715
84	5	家	4.651501178741455
84	6	有名	12.385170936584473
84	7	的	0.007571411784738302
84	8	城市	10.174501419067383
84	9	。	4.523961067199707
85	1	我	7.862820148468018
85	2	拜访	15.957141876220703
85	3	了	1.930863618850708
85	4	这	5.1744184494018555
85	5	一	4.050543785095215
85	6	所	11.448892593383789
85	7	重要	13.31209945678711
85	8	的	0.8562574982643127
85	9	美丽	17.80933380126953
85	10	的	1.0267261266708374
85	11	高中	14.530821800231934
85	12	。	4.062657833099365
86	1	我	7.862820148468018
86	2	拜访	15.957141876220703
86	3	了	1.930863618850708
86	4	这	5.1744184494018555
86	5	一	4.050543785095215
86	6	位	6.727538585662842
86	7	重要	9.064552307128906
86	8	的	0.6496266722679138
86	9	美丽	16.92073631286621
86	10	的	1.106855034828186
86	11	高中	15.162020683288574
86	12	。	5.1333723068237305
87	1	我	7.862820148468018
87	2	拜访	15.957141876220703
87	3	了	1.930863618850708
87	4	这	5.1744184494018555
87	5	一	4.050543785095215
87	6	位	6.727538585662842
87	7	重要	9.064552307128906
87	8	的	0.6496266722679138
87	9	美丽	16.92073631286621
87	10	的	1.106855034828186
87	11	老师	13.998515129089355
87	12	。	3.2164132595062256
88	1	我	7.862820148468018
88	2	拜访	15.957141876220703
88	3	了	1.930863618850708
88	4	这	5.1744184494018555
88	5	一	4.050543785095215
88	6	所	11.448892593383789
88	7	重要	13.31209945678711
88	8	的	0.8562574982643127
88	9	美丽	17.80933380126953
88	10	的	1.0267261266708374
88	11	老师	16.136276245117188
88	12	。	2.9818737506866455
89	1	他	4.461699962615967
89	2	在	5.712044715881348
89	3	读	12.213906288146973
89	4	一	7.0784125328063965
89	5	条	10.199239730834961
89	6	很	9.394694328308105
89	7	长	3.1035568714141846
89	8	的	0.05147365853190422
89	9	评论	11.302228927612305
89	10	。	6.591226100921631
90	1	他	4.461699962615967
90	2	在	5.712044715881348
90	3	读	12.213906288146973
90	4	一	7.0784125328063965
90	5	首	7.44840145111084
90	6	很	15.050185203552246
90	7	长	4.4849348068237305
90	8	的	0.07515986263751984
90	9	评论	9.135859489440918
90	10	。	7.098530292510986
91	1	他	4.461699962615967
91	2	在	5.712044715881348
91	3	读	12.213906288146973
91	4	一	7.0784125328063965
91	5	首	7.44840145111084
91	6	很	15.050185203552246
91	7	长	4.4849348068237305
91	8	的	0.07515986263751984
91	9	诗歌	10.133305549621582
91	10	。	10.12355899810791
92	1	他	4.461699962615967
92	2	在	5.712044715881348
92	3	读	12.213906288146973
92	4	一	7.0784125328063965
92	5	条	10.199239730834961
92	6	很	9.394694328308105
92	7	长	3.1035568714141846
92	8	的	0.05147365853190422
92	9	诗歌	13.178547859191895
92	10	。	10.51719856262207
93	1	她	7.418179035186768
93	2	从来	12.79251480102539
93	3	没	4.1979660987854
93	4	见	7.844358444213867
93	5	过	0.06305467337369919
93	6	一	5.343012809753418
93	7	头	12.583354949951172
93	8	黄色	13.350796699523926
93	9	的	3.218519687652588
93	10	老虎	12.004384994506836
93	11	。	1.9745090007781982
94	1	她	7.418179035186768
94	2	从来	12.79251480102539
94	3	没	4.1979660987854
94	4	见	7.844358444213867
94	5	过	0.06305467337369919
94	6	一	5.343012809753418
94	7	双	9.679364204406738
94	8	黄色	12.255414962768555
94	9	的	2.9711458683013916
94	10	老虎	13.231200218200684
94	11	。	1.896674394607544
95	1	她	7.418179035186768
95	2	从来	12.79251480102539
95	3	没	4.1979660987854
95	4	见	7.844358444213867
95	5	过	0.06305467337369919
95	6	一	5.343012809753418
95	7	双	9.679364204406738
95	8	黄色	12.255414962768555
95	9	的	2.9711458683013916
95	10	眼睛	5.626498222351074
95	11	。	1.916517734527588
96	1	她	7.418179035186768
96	2	从来	12.79251480102539
96	3	没	4.1979660987854
96	4	见	7.844358444213867
96	5	过	0.06305467337369919
96	6	一	5.343012809753418
96	7	头	12.583354949951172
96	8	黄色	13.350796699523926
96	9	的	3.218519687652588
96	10	眼睛	6.1509175300598145
96	11	。	1.829914927482605
97	1	我	7.862820148468018
97	2	还	6.807300090789795
97	3	没有	2.1983609199523926
97	4	检查	13.035285949707031
97	5	一	8.418928146362305
97	6	份	8.43985652923584
97	7	很	7.88594388961792
97	8	难	5.940555095672607
97	9	的	2.048114538192749
97	10	作业	13.271452903747559
97	11	。	2.375929594039917
98	1	我	7.862820148468018
98	2	还	6.807300090789795
98	3	没有	2.1983609199523926
98	4	检查	13.035285949707031
98	5	一	8.418928146362305
98	6	行	11.329439163208008
98	7	很	11.961549758911133
98	8	难	4.610412120819092
98	9	的	3.0274250507354736
98	10	作业	10.73581314086914
98	11	。	1.4316623210906982
99	1	我	7.862820148468018
99	2	还	6.807300090789795
99	3	没有	2.1983609199523926
99	4	检查	13.035285949707031
99	5	一	8.418928146362305
99	6	行	11.329439163208008
99	7	很	11.961549758911133
99	8	难	4.610412120819092
99	9	的	3.0274250507354736
99	10	公式	16.98322868347168
99	11	。	1.3721274137496948
100	1	我	7.862820148468018
100	2	还	6.807300090789795
100	3	没有	2.1983609199523926
100	4	检查	13.035285949707031
100	5	一	8.418928146362305
100	6	份	8.43985652923584
100	7	很	7.88594388961792
100	8	难	5.940555095672607
100	9	的	2.048114538192749
100	10	公式	16.473827362060547
100	11	。	1.9312858581542969
101	1	孩子	15.043646812438965
101	2	听到	13.271727561950684
101	3	了	3.0142667293548584
101	4	一	6.268802642822266
101	5	首	5.419111251831055
101	6	熟悉	14.568859100341797
101	7	的	3.0819458961486816
101	8	歌曲	4.607585906982422
101	9	。	4.836092948913574
102	1	孩子	15.043646812438965
102	2	听到	13.271727561950684
102	3	了	3.0142667293548584
102	4	一	6.268802642822266
102	5	张	6.002832889556885
102	6	熟悉	14.204800605773926
102	7	的	2.3370208740234375
102	8	歌曲	6.346564292907715
102	9	。	4.4563093185424805
103	1	孩子	15.043646812438965
103	2	听到	13.271727561950684
103	3	了	3.0142667293548584
103	4	一	6.268802642822266
103	5	张	6.002832889556885
103	6	熟悉	14.204800605773926
103	7	的	2.3370208740234375
103	8	专辑	8.565741539001465
103	9	。	4.692774295806885
104	1	孩子	15.043646812438965
104	2	听到	13.271727561950684
104	3	了	3.0142667293548584
104	4	一	6.268802642822266
104	5	首	5.419111251831055
104	6	熟悉	14.568859100341797
104	7	的	3.0819458961486816
104	8	专辑	10.761012077331543
104	9	。	4.722136497497559
105	1	护士	18.542539596557617
105	2	做	11.582220077514648
105	3	了	2.4431827068328857
105	4	一	4.551052093505859
105	5	次	3.7912580966949463
105	6	必需	16.766244888305664
105	7	的	0.14465248584747314
105	8	检查	7.64164400100708
105	9	。	4.529645919799805
106	1	护士	18.542539596557617
106	2	做	11.582220077514648
106	3	了	2.4431827068328857
106	4	一	4.551052093505859
106	5	篇	7.480657577514648
106	6	必需	17.962085723876953
106	7	的	0.11714575439691544
106	8	检查	12.049052238464355
106	9	。	6.219221591949463
107	1	护士	18.542539596557617
107	2	做	11.582220077514648
107	3	了	2.4431827068328857
107	4	一	4.551052093505859
107	5	篇	7.480657577514648
107	6	必需	17.962085723876953
107	7	的	0.11714575439691544
107	8	报告	8.315033912658691
107	9	。	3.0231564044952393
108	1	护士	18.542539596557617
108	2	做	11.582220077514648
108	3	了	2.4431827068328857
108	4	一	4.551052093505859
108	5	次	3.7912580966949463
108	6	必需	16.766244888305664
108	7	的	0.14465248584747314
108	8	报告	14.964665412902832
108	9	。	3.481485366821289
109	1	这里	9.645668983459473
109	2	是	2.946378231048584
109	3	两	9.055904388427734
109	4	台	12.702340126037598
109	5	最新	10.748860359191895
109	6	的	0.7021892666816711
109	7	电视	7.4894304275512695
109	8	。	9.43056583404541
110	1	这里	9.645668983459473
110	2	是	2.946378231048584
110	3	两	9.055904388427734
110	4	份	13.444757461547852
110	5	最新	8.839337348937988
110	6	的	2.48107647895813
110	7	电视	10.399334907531738
110	8	。	9.251030921936035
111	1	这里	9.645668983459473
111	2	是	2.946378231048584
111	3	两	9.055904388427734
111	4	份	13.444757461547852
111	5	最新	8.839337348937988
111	6	的	2.48107647895813
111	7	订单	16.652917861938477
111	8	。	2.5902600288391113
112	1	这里	9.645668983459473
112	2	是	2.946378231048584
112	3	两	9.055904388427734
112	4	台	12.702340126037598
112	5	最新	10.748860359191895
112	6	的	0.7021892666816711
112	7	订单	15.37612247467041
112	8	。	2.5277512073516846
113	1	他	4.461699962615967
113	2	很	11.105599403381348
113	3	欣赏	8.078949928283691
113	4	一	8.149641036987305
113	5	处	6.9516706466674805
113	6	环保	17.36139678955078
113	7	的	5.541098117828369
113	8	景点	9.623250961303711
113	9	。	1.1296216249465942
114	1	他	4.461699962615967
114	2	很	11.105599403381348
114	3	欣赏	8.078949928283691
114	4	一	8.149641036987305
114	5	位	1.721381425857544
114	6	环保	16.497608184814453
114	7	的	7.208850860595703
114	8	景点	15.201032638549805
114	9	。	1.391238808631897
115	1	他	4.461699962615967
115	2	很	11.105599403381348
115	3	欣赏	8.078949928283691
115	4	一	8.149641036987305
115	5	位	1.721381425857544
115	6	环保	16.497608184814453
115	7	的	7.208850860595703
115	8	领导	14.07789134979248
115	9	。	3.1551787853240967
116	1	他	4.461699962615967
116	2	很	11.105599403381348
116	3	欣赏	8.078949928283691
116	4	一	8.149641036987305
116	5	处	6.9516706466674805
116	6	环保	17.36139678955078
116	7	的	5.541098117828369
116	8	领导	19.361270904541016
116	9	。	4.849600791931152
117	1	那里	14.459901809692383
117	2	有	2.9550657272338867
117	3	一	3.571402072906494
117	4	支	5.503618240356445
117	5	海上	15.795896530151367
117	6	的	8.913604736328125
117	7	舰队	8.977273941040039
117	8	。	3.5122194290161133
118	1	那里	14.459901809692383
118	2	有	2.9550657272338867
118	3	一	3.571402072906494
118	4	艘	7.765249252319336
118	5	海上	11.598596572875977
118	6	的	9.411721229553223
118	7	舰队	9.182665824890137
118	8	。	4.830319881439209
119	1	那里	14.459901809692383
119	2	有	2.9550657272338867
119	3	一	3.571402072906494
119	4	艘	7.765249252319336
119	5	海上	11.598596572875977
119	6	的	9.411721229553223
119	7	渔船	3.7665884494781494
119	8	。	6.483722686767578
120	1	那里	14.459901809692383
120	2	有	2.9550657272338867
120	3	一	3.571402072906494
120	4	支	5.503618240356445
120	5	海上	15.795896530151367
120	6	的	8.913604736328125
120	7	渔船	7.879279136657715
120	8	。	4.604935169219971
