sentence_id	token_id	token	surprisal
1	1	那	9.535202980041504
1	2	家	9.902298927307129
1	3	亲切	19.654067993164062
1	4	的	0.5973830819129944
1	5	老板	9.537529945373535
1	6	投资	16.13685417175293
1	7	的	1.3239678144454956
1	8	饭店	8.709497451782227
1	9	很	7.907001495361328
1	10	受	5.050668716430664
1	11	欢迎	0.03541697934269905
1	12	。	1.9218790531158447
2	1	那	9.535202980041504
2	2	个	7.295496940612793
2	3	亲切	15.400593757629395
2	4	的	0.6397981643676758
2	5	老板	15.892416000366211
2	6	投资	17.09063720703125
2	7	的	1.8958784341812134
2	8	饭店	11.670190811157227
2	9	很	7.154119968414307
2	10	受	5.5859904289245605
2	11	欢迎	0.038644250482320786
2	12	。	2.0631256103515625
3	1	那	9.535202980041504
3	2	幅	12.42646598815918
3	3	聪明	15.444867134094238
3	4	的	1.5489833354949951
3	5	朋友	11.174416542053223
3	6	喜欢	11.189029693603516
3	7	的	5.324870586395264
3	8	画	10.449272155761719
3	9	吸引	14.332963943481445
3	10	了	3.352114200592041
3	11	我	3.657682180404663
3	12	。	4.152364730834961
4	1	那	9.535202980041504
4	2	个	7.295496940612793
4	3	聪明	14.739747047424316
4	4	的	1.0127192735671997
4	5	朋友	4.864291191101074
4	6	喜欢	11.43903636932373
4	7	的	5.361754894256592
4	8	画	12.885272979736328
4	9	吸引	14.544918060302734
4	10	了	3.185192584991455
4	11	我	2.7305657863616943
4	12	。	4.149944305419922
5	1	那	9.535202980041504
5	2	件	7.060550689697266
5	3	细心	18.229103088378906
5	4	的	0.15997740626335144
5	5	老师	13.522520065307617
5	6	收藏	17.752662658691406
5	7	的	1.5374183654785156
5	8	艺术品	12.34824275970459
5	9	获	17.65125274658203
5	10	了	1.5597816705703735
5	11	奖	7.822636127471924
5	12	。	1.4875729084014893
6	1	那	9.535202980041504
6	2	个	7.295496940612793
6	3	细心	15.410284996032715
6	4	的	0.10922601073980331
6	5	老师	7.906060218811035
6	6	收藏	19.209060668945312
6	7	的	2.0522408485412598
6	8	艺术品	14.53438949584961
6	9	获	17.85567283630371
6	10	了	2.2447683811187744
6	11	奖	7.64115047454834
6	12	。	2.052114486694336
7	1	那	9.535202980041504
7	2	只	7.427662372589111
7	3	负责	13.022978782653809
7	4	的	5.088914394378662
7	5	店长	21.39047622680664
7	6	喜欢	15.713082313537598
7	7	的	7.036263465881348
7	8	宠物	15.827404022216797
7	9	生病	15.612678527832031
7	10	了	1.9915724992752075
7	11	。	3.8690173625946045
8	1	那	9.535202980041504
8	2	个	7.295496940612793
8	3	负责	15.11005687713623
8	4	的	2.938924551010132
8	5	店长	21.864727020263672
8	6	喜欢	15.158360481262207
8	7	的	6.856786727905273
8	8	宠物	16.711132049560547
8	9	生病	14.876138687133789
8	10	了	2.0976881980895996
8	11	。	4.685074806213379
9	1	那	9.535202980041504
9	2	首	10.73370361328125
9	3	有名	12.395426750183105
9	4	的	0.07936856150627136
9	5	明星	12.8818998336792
9	6	唱	13.288128852844238
9	7	的	2.0733723640441895
9	8	歌	7.830119609832764
9	9	很	9.926264762878418
9	10	好听	15.357780456542969
9	11	。	3.4054484367370605
10	1	那	9.535202980041504
10	2	个	7.295496940612793
10	3	有名	15.584226608276367
10	4	的	0.04764299467206001
10	5	明星	13.519737243652344
10	6	唱	14.206684112548828
10	7	的	2.1383423805236816
10	8	歌	6.5662336349487305
10	9	很	8.917749404907227
10	10	好听	14.994404792785645
10	11	。	3.0206849575042725
11	1	那	9.535202980041504
11	2	所	9.877436637878418
11	3	富有	14.386970520019531
11	4	的	3.617931842803955
11	5	老人	14.198189735412598
11	6	去	13.964784622192383
11	7	的	3.833275079727173
11	8	学校	9.05317497253418
11	9	关闭	15.789705276489258
11	10	了	1.517159342765808
11	11	。	3.8418047428131104
12	1	那	9.535202980041504
12	2	个	7.295496940612793
12	3	富有	16.228351593017578
12	4	的	6.5611772537231445
12	5	老人	14.629643440246582
12	6	去	12.699626922607422
12	7	的	6.873591899871826
12	8	学校	9.808038711547852
12	9	关闭	14.590110778808594
12	10	了	1.2341172695159912
12	11	。	3.789320468902588
13	1	那	9.535202980041504
13	2	件	7.060550689697266
13	3	紧张	19.862154006958008
13	4	的	3.1025421619415283
13	5	司机	24.762636184692383
13	6	带	8.558826446533203
13	7	的	5.440270900726318
13	8	行李	9.204652786254883
13	9	丢	11.964181900024414
13	10	了	0.6936883330345154
13	11	。	9.643616676330566
14	1	那	9.535202980041504
14	2	个	7.295496940612793
14	3	紧张	18.440502166748047
14	4	的	0.9384189248085022
14	5	司机	20.861873626708984
14	6	带	8.458466529846191
14	7	的	4.882439613342285
14	8	行李	9.085236549377441
14	9	丢	12.368502616882324
14	10	了	0.6768196821212769
14	11	。	9.096921920776367
15	1	那	9.535202980041504
15	2	本	7.457129001617432
15	3	有名	15.386373519897461
15	4	的	0.0425826832652092
15	5	作家	8.409696578979492
15	6	写	8.6362886428833
15	7	的	2.1513302326202393
15	8	书	6.2877373695373535
15	9	很	7.733578681945801
15	10	受	5.688997745513916
15	11	欢迎	0.5555325746536255
15	12	。	2.386080503463745
16	1	那	9.535202980041504
16	2	个	7.295496940612793
16	3	有名	15.584226608276367
16	4	的	0.04764299467206001
16	5	作家	11.064425468444824
16	6	写	9.793325424194336
16	7	的	2.7327797412872314
16	8	书	7.020549297332764
16	9	很	7.330166816711426
16	10	受	6.422380447387695
16	11	欢迎	0.4823014438152313
16	12	。	2.7731800079345703
17	1	那	9.535202980041504
17	2	辆	9.363405227661133
17	3	熟悉	19.415882110595703
17	4	的	2.234724760055542
17	5	朋友	14.90803337097168
17	6	开	12.567090034484863
17	7	的	4.808526039123535
17	8	车	5.267265796661377
17	9	坏	14.25309944152832
17	10	了	0.3642931282520294
17	11	。	4.922731876373291
18	1	那	9.535202980041504
18	2	个	7.295496940612793
18	3	熟悉	19.351226806640625
18	4	的	1.5499502420425415
18	5	朋友	7.567318916320801
18	6	开	13.034688949584961
18	7	的	3.891179323196411
18	8	车	8.205598831176758
18	9	坏	13.962892532348633
18	10	了	0.487964391708374
18	11	。	4.3704423904418945
19	1	那	9.535202980041504
19	2	份	6.924751281738281
19	3	淘气	20.178171157836914
19	4	的	1.2121055126190186
19	5	孩子	9.30418586730957
19	6	做	11.371759414672852
19	7	的	4.417384147644043
19	8	作业	12.43421459197998
19	9	获	18.866640090942383
19	10	了	3.275799512863159
19	11	奖	12.759227752685547
19	12	。	1.7458481788635254
20	1	那	9.535202980041504
20	2	个	7.295496940612793
20	3	淘气	19.56210708618164
20	4	的	1.8367793560028076
20	5	孩子	5.884146213531494
20	6	做	11.290924072265625
20	7	的	3.923670530319214
20	8	作业	15.122957229614258
20	9	获	20.611488342285156
20	10	了	3.3228774070739746
20	11	奖	13.27921199798584
20	12	。	2.041994571685791
21	1	那	9.535202980041504
21	2	份	6.924751281738281
21	3	严格	17.505970001220703
21	4	的	0.7483620047569275
21	5	老板	18.267192840576172
21	6	制定	12.614842414855957
21	7	的	2.715452194213867
21	8	合同	9.708097457885742
21	9	到期	15.973240852355957
21	10	了	5.122104644775391
21	11	。	4.188697814941406
22	1	那	9.535202980041504
22	2	个	7.295496940612793
22	3	严格	17.546457290649414
22	4	的	0.3500230014324188
22	5	老板	17.21611213684082
22	6	制定	11.791561126708984
22	7	的	2.6516034603118896
22	8	合同	11.54914665222168
22	9	到期	15.889138221740723
22	10	了	3.5960824489593506
22	11	。	4.25980281829834
23	1	那	9.535202980041504
23	2	间	13.471281051635742
23	3	负责	17.21967124938965
23	4	的	5.698620796203613
23	5	朋友	9.753888130187988
23	6	开	10.821125984191895
23	7	的	4.159359931945801
23	8	工厂	15.479229927062988
23	9	倒闭	13.341012001037598
23	10	了	1.6307060718536377
23	11	。	3.821838617324829
24	1	那	9.535202980041504
24	2	个	7.295496940612793
24	3	负责	15.11005687713623
24	4	的	2.938924551010132
24	5	朋友	8.336074829101562
24	6	开	11.880316734313965
24	7	的	4.08526086807251
24	8	工厂	14.361249923706055
24	9	倒闭	13.887465476989746
24	10	了	1.3890496492385864
24	11	。	4.490209102630615
25	1	那	9.535202980041504
25	2	张	8.3484468460083
25	3	聪明	16.097898483276367
25	4	的	0.9207847118377686
25	5	孩子	11.295713424682617
25	6	照	15.904426574707031
25	7	的	5.658337593078613
25	8	照片	9.186872482299805
25	9	丢	18.223533630371094
25	10	了	1.5398098230361938
25	11	。	9.418936729431152
26	1	那	9.535202980041504
26	2	个	7.295496940612793
26	3	聪明	14.739747047424316
26	4	的	1.0127192735671997
26	5	孩子	4.552740573883057
26	6	照	16.582233428955078
26	7	的	5.932538032531738
26	8	照片	12.169485092163086
26	9	丢	17.92133140563965
26	10	了	1.491901159286499
26	11	。	8.190027236938477
27	1	那	9.535202980041504
27	2	台	12.415034294128418
27	3	负责	17.145998001098633
27	4	的	7.844088554382324
27	5	老师	10.776352882385254
27	6	用	8.94168472290039
27	7	的	7.209031105041504
27	8	手机	12.848072052001953
27	9	很	8.475751876831055
27	10	好用	17.006423950195312
27	11	。	3.44907808303833
28	1	那	9.535202980041504
28	2	个	7.295496940612793
28	3	负责	15.11005687713623
28	4	的	2.938924551010132
28	5	老师	10.937334060668945
28	6	用	9.799678802490234
28	7	的	5.788734436035156
28	8	手机	12.95238208770752
28	9	很	8.087210655212402
28	10	好用	16.962596893310547
28	11	。	3.994532346725464
29	1	那	9.535202980041504
29	2	朵	19.039140701293945
29	3	细心	17.882469177246094
29	4	的	0.3457106053829193
29	5	邻居	11.381719589233398
29	6	种	17.48211097717285
29	7	的	11.822882652282715
29	8	花	9.452621459960938
29	9	很	8.550823211669922
29	10	好看	12.320124626159668
29	11	。	3.505620002746582
30	1	那	9.535202980041504
30	2	个	7.295496940612793
30	3	细心	15.410284996032715
30	4	的	0.10922601073980331
30	5	邻居	9.041353225708008
30	6	种	17.132915496826172
30	7	的	9.090850830078125
30	8	花	12.52155876159668
30	9	很	6.898706436157227
30	10	好看	12.759917259216309
30	11	。	4.180026531219482
31	1	那	9.535202980041504
31	2	台	12.415034294128418
31	3	优秀	16.335214614868164
31	4	的	3.429248809814453
31	5	科学家	15.921496391296387
31	6	做	12.400042533874512
31	7	的	4.800431728363037
31	8	电视	18.03728675842285
31	9	坏	15.095088005065918
31	10	了	1.800638198852539
31	11	。	3.8336246013641357
32	1	那	9.535202980041504
32	2	个	7.295496940612793
32	3	优秀	16.4742488861084
32	4	的	0.9166180491447449
32	5	科学家	11.188901901245117
32	6	做	12.310030937194824
32	7	的	3.4551403522491455
32	8	电视	20.251178741455078
32	9	坏	14.33826732635498
32	10	了	1.3057365417480469
32	11	。	3.9704911708831787
33	1	那	9.535202980041504
33	2	栋	10.817920684814453
33	3	富有	15.902300834655762
33	4	的	9.007833480834961
33	5	男人	12.469206809997559
33	6	买	15.962398529052734
33	7	的	4.126089096069336
33	8	房子	2.5625197887420654
33	9	起火	16.158374786376953
33	10	了	4.06992769241333
33	11	。	3.464258909225464
34	1	那	9.535202980041504
34	2	个	7.295496940612793
34	3	富有	16.228351593017578
34	4	的	6.5611772537231445
34	5	男人	9.384106636047363
34	6	买	16.90264129638672
34	7	的	3.6372311115264893
34	8	房子	5.8607354164123535
34	9	起火	18.283992767333984
34	10	了	3.8914124965667725
34	11	。	3.3446426391601562
35	1	那	9.535202980041504
35	2	条	9.35831356048584
35	3	紧张	16.2474365234375
35	4	的	1.3599562644958496
35	5	朋友	20.50048828125
35	6	给	8.642130851745605
35	7	的	13.764863967895508
35	8	建议	12.975045204162598
35	9	很	4.439115524291992
35	10	真诚	11.562948226928711
35	11	。	1.2630482912063599
36	1	那	9.535202980041504
36	2	个	7.295496940612793
36	3	紧张	18.440502166748047
36	4	的	0.9384189248085022
36	5	朋友	12.461467742919922
36	6	给	7.256938457489014
36	7	的	13.255864143371582
36	8	建议	12.500322341918945
36	9	很	4.331020355224609
36	10	真诚	11.78390884399414
36	11	。	1.895651936531067
37	1	那	9.535202980041504
37	2	支	11.85766315460205
37	3	负责	16.222843170166016
37	4	的	7.340597152709961
37	5	老师	14.754171371459961
37	6	用	8.206390380859375
37	7	的	7.986520767211914
37	8	笔	7.949963092803955
37	9	坏	17.007434844970703
37	10	了	7.870785236358643
37	11	。	8.069157600402832
38	1	那	9.535202980041504
38	2	个	7.295496940612793
38	3	负责	15.11005687713623
38	4	的	2.938924551010132
38	5	老师	10.937334060668945
38	6	用	9.799678802490234
38	7	的	5.788734436035156
38	8	笔	9.62596321105957
38	9	坏	16.402408599853516
38	10	了	5.529872894287109
38	11	。	5.875722408294678
39	1	那	9.535202980041504
39	2	只	7.427662372589111
39	3	内向	19.884855270385742
39	4	的	10.173105239868164
39	5	女人	11.517176628112793
39	6	丢	14.165553092956543
39	7	的	10.214710235595703
39	8	鞋子	14.221426963806152
39	9	被	7.370577812194824
39	10	找到	10.957767486572266
39	11	了	2.419844388961792
39	12	。	4.037193775177002
40	1	那	9.535202980041504
40	2	个	7.295496940612793
40	3	内向	17.963464736938477
40	4	的	7.193099498748779
40	5	女人	10.223441123962402
40	6	丢	14.45089054107666
40	7	的	6.272830486297607
40	8	鞋子	16.011009216308594
40	9	被	7.339458465576172
40	10	找到	10.689992904663086
40	11	了	1.874446988105774
40	12	。	3.079497814178467
41	1	那	9.535202980041504
41	2	条	9.35831356048584
41	3	孤独	17.50627899169922
41	4	的	1.5731860399246216
41	5	邻居	9.847455024719238
41	6	养	15.428174018859863
41	7	的	6.606108665466309
41	8	狗	8.588254928588867
41	9	生病	14.983393669128418
41	10	了	1.2638928890228271
41	11	。	6.113577365875244
42	1	那	9.535202980041504
42	2	个	7.295496940612793
42	3	孤独	16.9747371673584
42	4	的	1.619201898574829
42	5	邻居	9.345029830932617
42	6	养	15.239396095275879
42	7	的	5.757324695587158
42	8	狗	8.994176864624023
42	9	生病	13.976438522338867
42	10	了	1.3029825687408447
42	11	。	6.379044055938721
43	1	那	9.535202980041504
43	2	座	9.578361511230469
43	3	幽默	17.178264617919922
43	4	的	0.6353052854537964
43	5	老人	11.796744346618652
43	6	修	16.814586639404297
43	7	的	4.867453098297119
43	8	桥	10.26345157623291
43	9	帮助	18.440061569213867
43	10	了	6.219289302825928
43	11	我	3.0937039852142334
43	12	。	4.487143039703369
44	1	那	9.535202980041504
44	2	个	7.295496940612793
44	3	幽默	17.42636489868164
44	4	的	0.5700991153717041
44	5	老人	13.5607271194458
44	6	修	18.703319549560547
44	7	的	4.138473033905029
44	8	桥	11.178291320800781
44	9	帮助	17.99388885498047
44	10	了	5.577850341796875
44	11	我	2.5592997074127197
44	12	。	4.2264227867126465
45	1	那	9.535202980041504
45	2	篇	8.214495658874512
45	3	认真	15.56014347076416
45	4	的	2.552306890487671
45	5	学生	19.186351776123047
45	6	准备	12.79987907409668
45	7	的	5.491740703582764
45	8	报告	7.1899733543396
45	9	感动	17.02355194091797
45	10	了	1.1425894498825073
45	11	我	7.362714767456055
45	12	。	4.962441444396973
46	1	那	9.535202980041504
46	2	个	7.295496940612793
46	3	认真	15.206850051879883
46	4	的	0.9248306751251221
46	5	学生	12.503193855285645
46	6	准备	12.603902816772461
46	7	的	5.73276424407959
46	8	报告	13.199822425842285
46	9	感动	17.772092819213867
46	10	了	2.364877223968506
46	11	我	5.3635945320129395
46	12	。	5.098923683166504
47	1	那	9.535202980041504
47	2	封	9.157917976379395
47	3	亲切	16.382287979125977
47	4	的	0.24195349216461182
47	5	朋友	12.981618881225586
47	6	写	9.018043518066406
47	7	的	1.952042579650879
47	8	信	1.9981120824813843
47	9	很	8.335824012756348
47	10	真诚	12.441210746765137
47	11	。	2.044395685195923
48	1	那	9.535202980041504
48	2	个	7.295496940612793
48	3	亲切	15.400593757629395
48	4	的	0.6397981643676758
48	5	朋友	6.407955169677734
48	6	写	10.933389663696289
48	7	的	2.12893009185791
48	8	信	4.877295017242432
48	9	很	7.8500447273254395
48	10	真诚	12.885405540466309
48	11	。	2.477825164794922
49	1	那	9.535202980041504
49	2	堂	19.242515563964844
49	3	有名	19.257524490356445
49	4	的	0.13814616203308105
49	5	老师	10.26237964630127
49	6	教	10.443175315856934
49	7	的	8.29874038696289
49	8	课	9.09725284576416
49	9	获	18.277502059936523
49	10	了	4.768139362335205
49	11	奖	6.027617454528809
49	12	。	3.573429584503174
50	1	那	9.535202980041504
50	2	个	7.295496940612793
50	3	有名	15.584226608276367
50	4	的	0.04764299467206001
50	5	老师	13.989884376525879
50	6	教	12.176135063171387
50	7	的	6.0728912353515625
50	8	课	9.310985565185547
50	9	获	18.121826171875
50	10	了	4.175478458404541
50	11	奖	6.256964683532715
50	12	。	4.01170539855957
51	1	那	9.535202980041504
51	2	块	10.278271675109863
51	3	细心	16.08199691772461
51	4	的	0.2199884057044983
51	5	医生	12.537757873535156
51	6	喜欢	11.767145156860352
51	7	的	7.9969868659973145
51	8	手表	12.164880752563477
51	9	丢	15.283811569213867
51	10	了	2.8982582092285156
51	11	。	8.808685302734375
52	1	那	9.535202980041504
52	2	个	7.295496940612793
52	3	细心	15.410284996032715
52	4	的	0.10922601073980331
52	5	医生	8.778788566589355
52	6	喜欢	12.509188652038574
52	7	的	7.50469970703125
52	8	手表	12.874053955078125
52	9	丢	14.535908699035645
52	10	了	2.951383590698242
52	11	。	9.056160926818848
53	1	那	9.535202980041504
53	2	篇	8.214495658874512
53	3	优秀	17.69322967529297
53	4	的	3.1505215167999268
53	5	学生	14.757855415344238
53	6	写	7.807460308074951
53	7	的	2.7078654766082764
53	8	论文	7.408370494842529
53	9	感动	20.287437438964844
53	10	了	1.2077057361602783
53	11	我	6.097744464874268
53	12	。	5.697891712188721
54	1	那	9.535202980041504
54	2	个	7.295496940612793
54	3	优秀	16.4742488861084
54	4	的	0.9166180491447449
54	5	学生	8.477265357971191
54	6	写	12.66415023803711
54	7	的	2.825465679168701
54	8	论文	10.275032043457031
54	9	感动	20.217439651489258
54	10	了	1.6372556686401367
54	11	我	3.769037961959839
54	12	。	5.235403060913086
55	1	那	9.535202980041504
55	2	场	7.709819793701172
55	3	专业	19.778030395507812
55	4	的	3.7385447025299072
55	5	演员	17.676965713500977
55	6	准备	12.358857154846191
55	7	的	6.7616376876831055
55	8	表演	7.529936790466309
55	9	很	10.865034103393555
55	10	受	6.158224105834961
55	11	欢迎	0.09290340542793274
55	12	。	1.4037983417510986
56	1	那	9.535202980041504
56	2	个	7.295496940612793
56	3	专业	12.319137573242188
56	4	的	2.8064982891082764
56	5	演员	11.46729850769043
56	6	准备	13.470606803894043
56	7	的	5.760828971862793
56	8	表演	9.651537895202637
56	9	很	9.608743667602539
56	10	受	6.126870632171631
56	11	欢迎	0.047718871384859085
56	12	。	1.5716500282287598
57	1	那	9.535202980041504
57	2	间	13.471281051635742
57	3	勇敢	17.563159942626953
57	4	的	1.327457070350647
57	5	警察	12.708868026733398
57	6	工作	13.451412200927734
57	7	的	3.8638224601745605
57	8	办公室	14.098278999328613
57	9	起火	14.062984466552734
57	10	了	4.620523929595947
57	11	。	3.487867593765259
58	1	那	9.535202980041504
58	2	个	7.295496940612793
58	3	勇敢	14.977164268493652
58	4	的	0.7851288914680481
58	5	警察	14.122891426086426
58	6	工作	14.098854064941406
58	7	的	3.756939172744751
58	8	办公室	11.523972511291504
58	9	起火	15.913625717163086
58	10	了	3.798555374145508
58	11	。	4.767295837402344
59	1	那	9.535202980041504
59	2	首	10.73370361328125
59	3	聪明	16.91033935546875
59	4	的	1.9355354309082031
59	5	孩子	9.982667922973633
59	6	写	11.90017032623291
59	7	的	3.1331984996795654
59	8	诗	12.003022193908691
59	9	很	8.116323471069336
59	10	有趣	6.318887233734131
59	11	。	3.4901962280273438
60	1	那	9.535202980041504
60	2	个	7.295496940612793
60	3	聪明	14.739747047424316
60	4	的	1.0127192735671997
60	5	孩子	4.552740573883057
60	6	写	12.940457344055176
60	7	的	2.8360860347747803
60	8	诗	12.598859786987305
60	9	很	6.8540754318237305
60	10	有趣	5.521683692932129
60	11	。	3.260134696960449
61	1	那	9.535202980041504
61	2	家	9.902298927307129
61	3	细心	16.335006713867188
61	4	的	0.1798594444990158
61	5	朋友	4.110311031341553
61	6	去	11.670211791992188
61	7	的	8.958661079406738
61	8	银行	14.150100708007812
61	9	帮助	8.825040817260742
61	10	了	3.5628323554992676
61	11	我	4.311740398406982
61	12	。	4.672873497009277
62	1	那	9.535202980041504
62	2	个	7.295496940612793
62	3	细心	15.410284996032715
62	4	的	0.10922601073980331
62	5	朋友	4.1836652755737305
62	6	去	11.018908500671387
62	7	的	8.550093650817871
62	8	银行	14.320432662963867
62	9	帮助	8.67867660522461
62	10	了	3.0081939697265625
62	11	我	3.6626219749450684
62	12	。	4.253883361816406
