sentence_id	token_id	token	surprisal
1	1	他	4.461699962615967
1	2	喜欢	12.212043762207031
1	3	那	9.617194175720215
1	4	家	7.307377815246582
1	5	我	11.019487380981445
1	6	采访	16.14149284362793
1	7	过	3.455672025680542
1	8	的	1.9890486001968384
1	9	老板	14.116000175476074
1	10	投资	20.47389793395996
1	11	的	1.773044466972351
1	12	饭店	10.09067440032959
1	13	。	1.7847936153411865
2	1	他	4.461699962615967
2	2	喜欢	12.212043762207031
2	3	那	9.617194175720215
2	4	个	5.156650543212891
2	5	我	12.504135131835938
2	6	采访	16.208168029785156
2	7	过	2.799875020980835
2	8	的	1.383119821548462
2	9	老板	16.01793098449707
2	10	投资	20.707571029663086
2	11	的	1.923697829246521
2	12	饭店	11.596501350402832
2	13	。	1.7210885286331177
3	1	她	7.418179035186768
3	2	在	5.507090091705322
3	3	看	13.338188171386719
3	4	那	10.305612564086914
3	5	幅	9.291411399841309
3	6	我	15.241362571716309
3	7	介绍	13.493424415588379
3	8	的	2.3817298412323
3	9	朋友	12.75120735168457
3	10	喜欢	14.600263595581055
3	11	的	4.698553562164307
3	12	画	10.736177444458008
3	13	。	2.33964467048645
4	1	她	7.418179035186768
4	2	在	5.507090091705322
4	3	看	13.338188171386719
4	4	那	10.305612564086914
4	5	个	6.711833953857422
4	6	我	11.430708885192871
4	7	介绍	13.572284698486328
4	8	的	2.152702569961548
4	9	朋友	12.165569305419922
4	10	喜欢	14.435873985290527
4	11	的	4.601119518280029
4	12	画	13.634723663330078
4	13	。	2.220689058303833
5	1	我	7.862820148468018
5	2	欣赏	12.994964599609375
5	3	那	6.97484827041626
5	4	件	2.7322380542755127
5	5	我	9.60167121887207
5	6	喜欢	7.938332557678223
5	7	的	1.0359529256820679
5	8	老师	16.28352165222168
5	9	收藏	17.694849014282227
5	10	的	0.35976657271385193
5	11	艺术品	10.346453666687012
5	12	。	1.080491304397583
6	1	我	7.862820148468018
6	2	欣赏	12.994964599609375
6	3	那	6.97484827041626
6	4	个	4.164139747619629
6	5	我	9.827635765075684
6	6	喜欢	8.679590225219727
6	7	的	1.1299022436141968
6	8	老师	13.943367958068848
6	9	收藏	18.623682022094727
6	10	的	0.4204890727996826
6	11	艺术品	11.507965087890625
6	12	。	1.301641583442688
7	1	他	4.461699962615967
7	2	打	14.396735191345215
7	3	了	3.6799919605255127
7	4	那	11.036871910095215
7	5	只	9.854114532470703
7	6	我	11.931793212890625
7	7	认识	14.722883224487305
7	8	的	3.1704370975494385
7	9	店长	22.837881088256836
7	10	喜欢	16.478031158447266
7	11	的	5.61157751083374
7	12	宠物	16.03597640991211
7	13	。	5.725155830383301
8	1	他	4.461699962615967
8	2	打	14.396735191345215
8	3	了	3.6799919605255127
8	4	那	11.036871910095215
8	5	个	5.3816609382629395
8	6	我	13.23095417022705
8	7	认识	14.412734985351562
8	8	的	2.7682178020477295
8	9	店长	23.575273513793945
8	10	喜欢	16.949861526489258
8	11	的	5.4334716796875
8	12	宠物	16.846872329711914
8	13	。	5.6804633140563965
9	1	我	7.862820148468018
9	2	在	6.32228422164917
9	3	思念	17.53183937072754
9	4	那	6.622857570648193
9	5	首	8.651508331298828
9	6	我	11.332999229431152
9	7	见	12.617081642150879
9	8	过	0.5220202803611755
9	9	的	3.276319742202759
9	10	明星	17.154651641845703
9	11	唱	14.596988677978516
9	12	的	2.080476760864258
9	13	歌	6.439348220825195
9	14	。	2.85333251953125
10	1	我	7.862820148468018
10	2	在	6.32228422164917
10	3	思念	17.53183937072754
10	4	那	6.622857570648193
10	5	个	3.682521343231201
10	6	我	10.914685249328613
10	7	见	13.645373344421387
10	8	过	0.6214331388473511
10	9	的	2.594512939453125
10	10	明星	17.195653915405273
10	11	唱	15.516873359680176
10	12	的	2.183492660522461
10	13	歌	6.027434825897217
10	14	。	2.393730640411377
11	1	她	7.418179035186768
11	2	拜访	18.530517578125
11	3	了	1.501031517982483
11	4	那	11.047715187072754
11	5	所	6.976433277130127
11	6	我	12.587814331054688
11	7	认识	15.898777961730957
11	8	的	0.2646201252937317
11	9	老人	14.118300437927246
11	10	去	10.838655471801758
11	11	的	7.510725975036621
11	12	学校	9.314873695373535
11	13	。	3.232926368713379
12	1	她	7.418179035186768
12	2	拜访	18.530517578125
12	3	了	1.501031517982483
12	4	那	11.047715187072754
12	5	个	4.435260772705078
12	6	我	11.720544815063477
12	7	认识	13.52685260772705
12	8	的	2.4390275478363037
12	9	老人	14.935702323913574
12	10	去	10.504505157470703
12	11	的	8.755982398986816
12	12	学校	10.73869514465332
12	13	。	3.0200324058532715
13	1	他	4.461699962615967
13	2	检查	16.3864688873291
13	3	了	1.3612773418426514
13	4	那	14.459376335144043
13	5	件	5.447028636932373
13	6	我	16.0258731842041
13	7	采访	14.851431846618652
13	8	过	1.2262401580810547
13	9	的	0.6865561008453369
13	10	司机	17.904783248901367
13	11	带	10.558568954467773
13	12	的	3.326230049133301
13	13	行李	9.721750259399414
13	14	。	2.73612904548645
14	1	他	4.461699962615967
14	2	检查	16.3864688873291
14	3	了	1.3612773418426514
14	4	那	14.459376335144043
14	5	个	7.7264180183410645
14	6	我	14.206770896911621
14	7	采访	15.73046588897705
14	8	过	0.8532482385635376
14	9	的	0.9542281031608582
14	10	司机	16.1285457611084
14	11	带	11.383086204528809
14	12	的	2.636254072189331
14	13	行李	9.347737312316895
14	14	。	2.6244311332702637
15	1	我	7.862820148468018
15	2	听说	9.44495677947998
15	3	过	4.271705150604248
15	4	那	5.924304962158203
15	5	本	4.897997856140137
15	6	我	10.280463218688965
15	7	喜欢	9.37258243560791
15	8	的	0.9039487242698669
15	9	作家	12.689589500427246
15	10	写	12.045438766479492
15	11	的	2.1055054664611816
15	12	书	2.8589022159576416
15	13	。	4.044530868530273
16	1	我	7.862820148468018
16	2	听说	9.44495677947998
16	3	过	4.271705150604248
16	4	那	5.924304962158203
16	5	个	6.21047830581665
16	6	我	10.909825325012207
16	7	喜欢	9.967366218566895
16	8	的	1.5480680465698242
16	9	作家	13.573646545410156
16	10	写	12.80991268157959
16	11	的	2.77254319190979
16	12	书	3.5629727840423584
16	13	。	3.9751498699188232
17	1	她	7.418179035186768
17	2	撞	21.47337532043457
17	3	了	1.1764475107192993
17	4	那	11.34791088104248
17	5	辆	7.6108293533325195
17	6	我	15.086812019348145
17	7	介绍	15.564180374145508
17	8	的	1.6446446180343628
17	9	朋友	10.734116554260254
17	10	开	12.846522331237793
17	11	的	3.822805643081665
17	12	车	6.561819076538086
17	13	。	4.469241619110107
18	1	她	7.418179035186768
18	2	撞	21.47337532043457
18	3	了	1.1764475107192993
18	4	那	11.34791088104248
18	5	个	4.543136119842529
18	6	我	13.154648780822754
18	7	介绍	15.456437110900879
18	8	的	1.2524785995483398
18	9	朋友	8.372583389282227
18	10	开	13.593526840209961
18	11	的	3.742335557937622
18	12	车	8.696002960205078
18	13	。	4.3619303703308105
19	1	我们	7.831811904907227
19	2	认可	16.026453018188477
19	3	了	1.571732521057129
19	4	那	9.198702812194824
19	5	份	1.6737710237503052
19	6	他	13.156627655029297
19	7	教	16.69530487060547
19	8	的	3.7731521129608154
19	9	孩子	8.539047241210938
19	10	做	7.528469562530518
19	11	的	2.49418306350708
19	12	作业	12.776392936706543
19	13	。	2.458272933959961
20	1	我们	7.831811904907227
20	2	认可	16.026453018188477
20	3	了	1.571732521057129
20	4	那	9.198702812194824
20	5	个	5.6386590003967285
20	6	他	11.127113342285156
20	7	教	16.76007652282715
20	8	的	3.5983386039733887
20	9	孩子	4.240408897399902
20	10	做	7.414954662322998
20	11	的	2.4072155952453613
20	12	作业	13.757440567016602
20	13	。	2.211252212524414
21	1	他们	7.121227741241455
21	2	接受	12.056792259216309
21	3	了	1.783158779144287
21	4	那	12.017544746398926
21	5	份	2.2326817512512207
21	6	我	12.901612281799316
21	7	采访	11.069436073303223
21	8	过	7.4472503662109375
21	9	的	1.7042675018310547
21	10	老板	17.3183536529541
21	11	制定	14.745553016662598
21	12	的	4.394443035125732
21	13	合同	11.504570960998535
21	14	。	3.1272525787353516
22	1	他们	7.121227741241455
22	2	接受	12.056792259216309
22	3	了	1.783158779144287
22	4	那	12.017544746398926
22	5	个	7.010293483734131
22	6	我	10.493745803833008
22	7	采访	11.306884765625
22	8	过	6.5086669921875
22	9	的	2.216393232345581
22	10	老板	17.242555618286133
22	11	制定	14.850390434265137
22	12	的	4.441967964172363
22	13	合同	12.405285835266113
22	14	。	3.3849997520446777
23	1	他	4.461699962615967
23	2	离开	12.842939376831055
23	3	了	4.044248104095459
23	4	那	9.582438468933105
23	5	间	9.663481712341309
23	6	我	9.915663719177246
23	7	尊敬	19.821910858154297
23	8	的	0.0894506424665451
23	9	朋友	3.728304862976074
23	10	开	19.6004695892334
23	11	的	5.970416069030762
23	12	工厂	14.3058500289917
23	13	。	3.3207170963287354
24	1	他	4.461699962615967
24	2	离开	12.842939376831055
24	3	了	4.044248104095459
24	4	那	9.582438468933105
24	5	个	6.0204877853393555
24	6	我	14.020962715148926
24	7	尊敬	19.75302505493164
24	8	的	0.04850499704480171
24	9	朋友	3.331090211868286
24	10	开	19.395492553710938
24	11	的	5.733492374420166
24	12	工厂	14.026029586791992
24	13	。	3.363457441329956
25	1	她	7.418179035186768
25	2	找	18.701736450195312
25	3	了	3.3087551593780518
25	4	那	8.67480182647705
25	5	张	3.805659532546997
25	6	我	13.677473068237305
25	7	教	14.154704093933105
25	8	的	2.2493033409118652
25	9	孩子	5.844049453735352
25	10	照	15.756136894226074
25	11	的	4.593541622161865
25	12	照片	9.175212860107422
25	13	。	4.730016708374023
26	1	她	7.418179035186768
26	2	找	18.701736450195312
26	3	了	3.3087551593780518
26	4	那	8.67480182647705
26	5	个	4.139763832092285
26	6	我	12.156458854675293
26	7	教	13.695008277893066
26	8	的	2.5736446380615234
26	9	孩子	3.552246570587158
26	10	照	16.516632080078125
26	11	的	4.623447418212891
26	12	照片	11.596393585205078
26	13	。	4.237403392791748
27	1	我	7.862820148468018
27	2	需要	8.730377197265625
27	3	那	10.162214279174805
27	4	台	10.723628997802734
27	5	我们	8.250946044921875
27	6	欣赏	11.870590209960938
27	7	的	2.370713710784912
27	8	老师	15.529719352722168
27	9	用	10.959277153015137
27	10	的	4.4123687744140625
27	11	手机	14.118408203125
27	12	。	7.184204578399658
28	1	我	7.862820148468018
28	2	需要	8.730377197265625
28	3	那	10.162214279174805
28	4	个	3.8034520149230957
28	5	我们	10.136824607849121
28	6	欣赏	14.003410339355469
28	7	的	3.0265495777130127
28	8	老师	14.151331901550293
28	9	用	11.375343322753906
28	10	的	4.240450382232666
28	11	手机	13.799097061157227
28	12	。	7.000268936157227
29	1	他	4.461699962615967
29	2	在	5.712044715881348
29	3	画	15.459012985229492
29	4	那	11.331990242004395
29	5	朵	12.380483627319336
29	6	我	17.73365020751953
29	7	关心	16.484399795532227
29	8	的	1.386945128440857
29	9	邻居	15.261969566345215
29	10	种	18.95685577392578
29	11	的	10.535887718200684
29	12	花	11.401175498962402
29	13	。	5.366631507873535
30	1	他	4.461699962615967
30	2	在	5.712044715881348
30	3	画	15.459012985229492
30	4	那	11.331990242004395
30	5	个	7.70741605758667
30	6	我	14.893378257751465
30	7	关心	13.821374893188477
30	8	的	0.5001418590545654
30	9	邻居	15.659872055053711
30	10	种	19.22661018371582
30	11	的	8.68163013458252
30	12	花	14.75178050994873
30	13	。	5.55622673034668
31	1	她	7.418179035186768
31	2	在	5.507090091705322
31	3	介绍	6.398706436157227
31	4	那	12.378069877624512
31	5	台	11.622191429138184
31	6	我	16.38094711303711
31	7	尊敬	21.46832275390625
31	8	的	0.1594993621110916
31	9	科学家	11.741477012634277
31	10	做	14.850420951843262
31	11	的	3.8309543132781982
31	12	电视	15.862859725952148
31	13	。	7.965722560882568
32	1	她	7.418179035186768
32	2	在	5.507090091705322
32	3	介绍	6.398706436157227
32	4	那	12.378069877624512
32	5	个	6.732855319976807
32	6	我	12.354268074035645
32	7	尊敬	20.62384796142578
32	8	的	0.06170376390218735
32	9	科学家	11.622682571411133
32	10	做	15.423881530761719
32	11	的	2.4151318073272705
32	12	电视	17.12061882019043
32	13	。	7.214340686798096
33	1	我	7.862820148468018
33	2	见	12.06876277923584
33	3	过	0.3877566456794739
33	4	那	5.500875473022461
33	5	栋	7.599071979522705
33	6	他	12.86247730255127
33	7	认识	17.513662338256836
33	8	的	2.5842690467834473
33	9	男人	14.974952697753906
33	10	买	14.804365158081055
33	11	的	3.3647730350494385
33	12	房子	2.8453800678253174
33	13	。	5.805344581604004
34	1	我	7.862820148468018
34	2	见	12.06876277923584
34	3	过	0.3877566456794739
34	4	那	5.500875473022461
34	5	个	4.816144943237305
34	6	他	10.97036361694336
34	7	认识	15.498191833496094
34	8	的	3.9669642448425293
34	9	男人	11.36210823059082
34	10	买	15.637707710266113
34	11	的	3.077183485031128
34	12	房子	5.84731912612915
34	13	。	5.88254976272583
35	1	我	7.862820148468018
35	2	拒绝	12.991090774536133
35	3	了	2.0849392414093018
35	4	那	5.188459396362305
35	5	条	6.612299919128418
35	6	我	10.29854965209961
35	7	欣赏	16.87129783630371
35	8	的	2.271158218383789
35	9	朋友	9.978140830993652
35	10	给	7.623956203460693
35	11	的	8.660435676574707
35	12	建议	10.351359367370605
35	13	。	1.5374841690063477
36	1	我	7.862820148468018
36	2	拒绝	12.991090774536133
36	3	了	2.0849392414093018
36	4	那	5.188459396362305
36	5	个	6.146430015563965
36	6	我	9.190469741821289
36	7	欣赏	16.497217178344727
36	8	的	2.9530930519104004
36	9	朋友	7.876190185546875
36	10	给	7.011606216430664
36	11	的	9.257330894470215
36	12	建议	10.619766235351562
36	13	。	1.9808416366577148
37	1	他	4.461699962615967
37	2	在	5.712044715881348
37	3	看	13.546805381774902
37	4	那	9.786858558654785
37	5	支	12.2962007522583
37	6	我	12.742525100708008
37	7	关心	16.898908615112305
37	8	的	0.4317612648010254
37	9	老师	14.545039176940918
37	10	用	11.8453369140625
37	11	的	6.167377471923828
37	12	笔	9.149260520935059
37	13	。	8.796247482299805
38	1	他	4.461699962615967
38	2	在	5.712044715881348
38	3	看	13.546805381774902
38	4	那	9.786858558654785
38	5	个	7.029496192932129
38	6	我	11.693708419799805
38	7	关心	14.938846588134766
38	8	的	0.545222818851471
38	9	老师	15.123147010803223
38	10	用	11.588732719421387
38	11	的	4.656333923339844
38	12	笔	10.504090309143066
38	13	。	7.872760772705078
39	1	她	7.418179035186768
39	2	在	5.507090091705322
39	3	找	15.809206008911133
39	4	那	10.046936988830566
39	5	只	10.65972900390625
39	6	我	11.799473762512207
39	7	帮助	12.35312271118164
39	8	过	9.524053573608398
39	9	的	3.6840620040893555
39	10	女人	7.025078296661377
39	11	丢	17.340635299682617
39	12	的	7.514367580413818
39	13	鞋子	14.85377025604248
39	14	。	2.768984794616699
40	1	她	7.418179035186768
40	2	在	5.507090091705322
40	3	找	15.809206008911133
40	4	那	10.046936988830566
40	5	个	4.054270267486572
40	6	我	12.185006141662598
40	7	帮助	12.595977783203125
40	8	过	8.956802368164062
40	9	的	3.96537709236145
40	10	女人	7.170492649078369
40	11	丢	18.072465896606445
40	12	的	7.3004045486450195
40	13	鞋子	15.307578086853027
40	14	。	2.824968099594116
41	1	我	7.862820148468018
41	2	讨厌	12.535321235656738
41	3	那	7.312821865081787
41	4	条	8.942150115966797
41	5	我	9.334576606750488
41	6	关心	14.74882984161377
41	7	的	0.3625337779521942
41	8	邻居	13.899359703063965
41	9	养	19.73813819885254
41	10	的	2.4951329231262207
41	11	狗	10.055471420288086
41	12	。	2.436279296875
42	1	我	7.862820148468018
42	2	讨厌	12.535321235656738
42	3	那	7.312821865081787
42	4	个	5.051339626312256
42	5	我	9.863801956176758
42	6	关心	14.053323745727539
42	7	的	0.5258152484893799
42	8	邻居	13.872567176818848
42	9	养	19.28101921081543
42	10	的	3.1740870475769043
42	11	狗	11.09613037109375
42	12	。	3.1445672512054443
43	1	他	4.461699962615967
43	2	发现	12.067214965820312
43	3	了	6.061255931854248
43	4	那	9.689135551452637
43	5	座	5.593318939208984
43	6	我	15.808987617492676
43	7	采访	16.71625328063965
43	8	过	0.6338165402412415
43	9	的	0.38400083780288696
43	10	老人	8.960939407348633
43	11	修	16.301315307617188
43	12	的	4.139804363250732
43	13	桥	13.750083923339844
43	14	。	2.3410534858703613
44	1	他	4.461699962615967
44	2	发现	12.067214965820312
44	3	了	6.061255931854248
44	4	那	9.689135551452637
44	5	个	7.261480808258057
44	6	我	13.748217582702637
44	7	采访	16.056602478027344
44	8	过	0.7904338240623474
44	9	的	0.840974748134613
44	10	老人	9.324307441711426
44	11	修	17.582761764526367
44	12	的	4.258604526519775
44	13	桥	14.760719299316406
44	14	。	2.464618444442749
45	1	她	7.418179035186768
45	2	评价	13.712489128112793
45	3	了	4.675610542297363
45	4	那	10.115376472473145
45	5	篇	7.362864971160889
45	6	我	12.035088539123535
45	7	培养	13.323386192321777
45	8	的	3.2280330657958984
45	9	学生	12.113409042358398
45	10	准备	16.73303985595703
45	11	的	5.535292625427246
45	12	报告	15.2432279586792
45	13	。	1.1864510774612427
46	1	她	7.418179035186768
46	2	评价	13.712489128112793
46	3	了	4.675610542297363
46	4	那	10.115376472473145
46	5	个	7.003473281860352
46	6	我	11.184093475341797
46	7	培养	14.24797248840332
46	8	的	2.844731569290161
46	9	学生	8.191669464111328
46	10	准备	17.615835189819336
46	11	的	4.881599426269531
46	12	报告	18.8331298828125
46	13	。	1.0325669050216675
47	1	我	7.862820148468018
47	2	在	6.32228422164917
47	3	等	13.673059463500977
47	4	那	8.43521499633789
47	5	封	8.425583839416504
47	6	我	10.334271430969238
47	7	依赖	17.52757453918457
47	8	的	3.4876883029937744
47	9	朋友	10.494844436645508
47	10	写	9.971115112304688
47	11	的	1.4806828498840332
47	12	信	3.8442177772521973
47	13	。	4.397972106933594
48	1	我	7.862820148468018
48	2	在	6.32228422164917
48	3	等	13.673059463500977
48	4	那	8.43521499633789
48	5	个	4.487741947174072
48	6	我	9.654017448425293
48	7	依赖	17.69921875
48	8	的	3.1819798946380615
48	9	朋友	11.30594539642334
48	10	写	13.014373779296875
48	11	的	2.3550126552581787
48	12	信	7.146957874298096
48	13	。	4.206192493438721
49	1	他	4.461699962615967
49	2	提到	14.131359100341797
49	3	了	4.77825403213501
49	4	那	9.267841339111328
49	5	堂	16.678266525268555
49	6	我	14.214073181152344
49	7	认识	15.043302536010742
49	8	的	2.128620147705078
49	9	老师	14.445444107055664
49	10	教	11.79543399810791
49	11	的	6.987818241119385
49	12	课	6.3811726570129395
49	13	。	2.7885313034057617
50	1	他	4.461699962615967
50	2	提到	14.131359100341797
50	3	了	4.77825403213501
50	4	那	9.267841339111328
50	5	个	5.308338642120361
50	6	我	11.614739418029785
50	7	认识	11.311382293701172
50	8	过	5.2845988273620605
50	9	的	2.0065813064575195
50	10	老师	16.49942970275879
50	11	教	14.472260475158691
50	12	的	7.180172443389893
50	13	课	7.7068939208984375
50	14	。	2.756058931350708
51	1	她	7.418179035186768
51	2	推荐	15.696857452392578
51	3	了	1.7708778381347656
51	4	那	12.977370262145996
51	5	块	11.83661937713623
51	6	我	12.238753318786621
51	7	信任	18.33643913269043
51	8	的	1.128151535987854
51	9	医生	13.137225151062012
51	10	喜欢	15.483057022094727
51	11	的	5.32224702835083
51	12	手表	11.65285873413086
51	13	。	3.2566800117492676
52	1	她	7.418179035186768
52	2	推荐	15.696857452392578
52	3	了	1.7708778381347656
52	4	那	12.977370262145996
52	5	个	5.492885589599609
52	6	我	12.934486389160156
52	7	信任	17.812923431396484
52	8	的	0.9864671230316162
52	9	医生	10.630318641662598
52	10	喜欢	15.573137283325195
52	11	的	5.059357166290283
52	12	手表	12.419428825378418
52	13	。	3.477325677871704
53	1	我	7.862820148468018
53	2	选择	10.448587417602539
53	3	了	1.619733452796936
53	4	那	8.284589767456055
53	5	篇	6.996895790100098
53	6	她	15.276654243469238
53	7	教	12.845549583435059
53	8	的	3.4289515018463135
53	9	学生	14.626364707946777
53	10	写	6.041834354400635
53	11	的	3.0885331630706787
53	12	论文	9.00512981414795
53	13	。	3.4830355644226074
54	1	我	7.862820148468018
54	2	选择	10.448587417602539
54	3	了	1.619733452796936
54	4	那	8.284589767456055
54	5	个	6.055924415588379
54	6	她	13.359249114990234
54	7	教	13.404252052307129
54	8	的	3.4458553791046143
54	9	学生	11.84781551361084
54	10	写	9.453250885009766
54	11	的	3.5668294429779053
54	12	论文	11.318324089050293
54	13	。	3.522195816040039
55	1	她	7.418179035186768
55	2	喜欢	11.13267707824707
55	3	那	9.492304801940918
55	4	场	5.945557594299316
55	5	我	10.633804321289062
55	6	听说	13.671588897705078
55	7	过	3.68758487701416
55	8	的	1.1481382846832275
55	9	演员	15.26074504852295
55	10	准备	13.519389152526855
55	11	的	5.520933628082275
55	12	表演	9.010552406311035
55	13	。	1.7420616149902344
56	1	她	7.418179035186768
56	2	喜欢	11.13267707824707
56	3	那	9.492304801940918
56	4	个	4.6271071434021
56	5	我	12.506882667541504
56	6	听说	13.888614654541016
56	7	过	2.4113922119140625
56	8	的	1.2929275035858154
56	9	演员	13.573851585388184
56	10	准备	14.011176109313965
56	11	的	5.154667854309082
56	12	表演	9.985734939575195
56	13	。	2.0341668128967285
57	1	他	4.461699962615967
57	2	称赞	9.865861892700195
57	3	了	8.793869018554688
57	4	那	10.764079093933105
57	5	间	11.659110069274902
57	6	我	12.212804794311523
57	7	采访	16.922637939453125
57	8	过	0.4988217055797577
57	9	的	0.9424959421157837
57	10	警察	12.949292182922363
57	11	工作	10.58309555053711
57	12	的	5.2419538497924805
57	13	办公室	11.176612854003906
57	14	。	1.8178777694702148
58	1	他	4.461699962615967
58	2	称赞	9.865861892700195
58	3	了	8.793869018554688
58	4	那	10.764079093933105
58	5	个	8.805510520935059
58	6	我	12.918561935424805
58	7	采访	16.895000457763672
58	8	过	0.627996027469635
58	9	的	1.4546512365341187
58	10	警察	13.581249237060547
58	11	工作	11.649483680725098
58	12	的	5.237441062927246
58	13	办公室	10.484009742736816
58	14	。	1.622667670249939
59	1	我	7.862820148468018
59	2	听说	9.44495677947998
59	3	过	4.271705150604248
59	4	那	5.924304962158203
59	5	首	9.027078628540039
59	6	他	11.140302658081055
59	7	培养	17.729595184326172
59	8	的	1.6770057678222656
59	9	孩子	4.920589447021484
59	10	写	13.631938934326172
59	11	的	2.146378517150879
59	12	诗	13.484908103942871
59	13	。	6.058069705963135
60	1	我	7.862820148468018
60	2	听说	9.44495677947998
60	3	过	4.271705150604248
60	4	那	5.924304962158203
60	5	个	6.21047830581665
60	6	他	9.475862503051758
60	7	培养	18.182716369628906
60	8	的	1.7003164291381836
60	9	孩子	3.034165620803833
60	10	写	13.888957023620605
60	11	的	2.6637585163116455
60	12	诗	13.527484893798828
60	13	。	5.435783863067627
61	1	我	7.862820148468018
61	2	选择	10.448587417602539
61	3	了	1.619733452796936
61	4	那	8.284589767456055
61	5	家	6.096202373504639
61	6	我	9.352779388427734
61	7	依赖	17.187820434570312
61	8	的	4.906187057495117
61	9	朋友	7.924509048461914
61	10	去	9.903919219970703
61	11	的	10.023884773254395
61	12	银行	11.969343185424805
61	13	。	1.7757562398910522
62	1	我	7.862820148468018
62	2	选择	10.448587417602539
62	3	了	1.619733452796936
62	4	那	8.284589767456055
62	5	个	6.055924415588379
62	6	我	11.573935508728027
62	7	依赖	16.861358642578125
62	8	的	4.364895343780518
62	9	朋友	9.09911060333252
62	10	去	10.429414749145508
62	11	的	10.11651611328125
62	12	银行	13.717355728149414
62	13	。	1.9513238668441772
