sentence_id	token_id	token	surprisal
1	1	那	9.535202980041504
1	2	位	7.235069274902344
1	3	教授	6.468014240264893
1	4	写	11.036079406738281
1	5	了	2.580136775970459
1	6	精彩	16.630468368530273
1	7	的	0.053805600851774216
1	8	书	6.1847004890441895
1	9	的	9.8722562789917
1	10	内容	5.7064032554626465
1	11	。	2.011841058731079
2	1	那	9.535202980041504
2	2	位	7.235069274902344
2	3	教授	6.468014240264893
2	4	打	14.472102165222168
2	5	了	4.281628608703613
2	6	精彩	16.24843406677246
2	7	的	0.061280205845832825
2	8	书	8.8558349609375
2	9	的	10.164406776428223
2	10	内容	10.731921195983887
2	11	。	3.3700742721557617
3	1	弟弟	18.187870025634766
3	2	启动	20.47504234313965
3	3	了	2.995964288711548
3	4	昂贵	16.29472541809082
3	5	的	0.13007937371730804
3	6	车	9.949172973632812
3	7	。	5.9959893226623535
4	1	弟弟	18.187870025634766
4	2	认识	19.50615882873535
4	3	了	7.487404823303223
4	4	昂贵	16.368907928466797
4	5	的	0.23381492495536804
4	6	车	11.190691947937012
4	7	。	5.698362350463867
5	1	他	4.461699962615967
5	2	拿	15.55908489227295
5	3	了	3.5018727779388428
5	4	桌子	13.161051750183105
5	5	上	7.004610538482666
5	6	的	4.108238220214844
5	7	好看	17.178733825683594
5	8	的	8.427416801452637
5	9	筷子	14.896299362182617
5	10	。	5.836284637451172
6	1	他	4.461699962615967
6	2	听	13.015894889831543
6	3	了	1.0701942443847656
6	4	桌子	15.56305980682373
6	5	上	4.709778308868408
6	6	的	3.5163724422454834
6	7	好看	18.38164710998535
6	8	的	6.426812171936035
6	9	筷子	15.072819709777832
6	10	。	4.1610026359558105
7	1	她	7.418177604675293
7	2	终于	12.76601791381836
7	3	实现	5.200178623199463
7	4	了	0.04286802560091019
7	5	重要	17.662338256835938
7	6	的	0.10726050287485123
7	7	理想	8.780253410339355
7	8	。	1.8645414113998413
8	1	她	7.418177604675293
8	2	终于	12.76601791381836
8	3	购买	14.956456184387207
8	4	了	0.11516306549310684
8	5	重要	16.28753089904785
8	6	的	0.4352259039878845
8	7	理想	15.764910697937012
8	8	。	9.773320198059082
9	1	我	7.862820148468018
9	2	修理	17.694692611694336
9	3	了	1.6055598258972168
9	4	这个	7.615386009216309
9	5	新	6.928640365600586
9	6	的	1.052488088607788
9	7	电脑	9.35530948638916
9	8	。	2.907742977142334
10	1	我	7.862820148468018
10	2	阅读	14.97404670715332
10	3	了	0.9758592247962952
10	4	这个	6.9933977127075195
10	5	新	8.183755874633789
10	6	的	1.9282230138778687
10	7	电脑	11.598677635192871
10	8	。	4.4281816482543945
11	1	我	7.862820148468018
11	2	邀请	15.987895011901855
11	3	过	6.838870525360107
11	4	我	4.038305759429932
11	5	的	2.413076639175415
11	6	优秀	11.268122673034668
11	7	的	5.569953918457031
11	8	朋友	5.800796031951904
11	9	。	6.524730682373047
12	1	我	7.862820148468018
12	2	打开	15.796148300170898
12	3	过	11.249398231506348
12	4	我	5.176466464996338
12	5	的	0.9413191676139832
12	6	优秀	18.255592346191406
12	7	的	5.664393901824951
12	8	朋友	8.898477554321289
12	9	。	3.058241128921509
13	1	记者	8.113224029541016
13	2	采访	8.83583927154541
13	3	了	2.4980123043060303
13	4	有名	17.701108932495117
13	5	的	0.005058589857071638
13	6	艺术家	13.303230285644531
13	7	。	7.57892370223999
14	1	记者	8.113224029541016
14	2	制作	20.8868408203125
14	3	了	1.5279090404510498
14	4	有名	15.991718292236328
14	5	的	0.04381947964429855
14	6	艺术家	15.093602180480957
14	7	。	12.212376594543457
15	1	他	4.461699962615967
15	2	参与	16.358858108520508
15	3	了	1.3308664560317993
15	4	危险	20.608776092529297
15	5	的	3.5462701320648193
15	6	战争	8.61833381652832
15	7	。	3.8441128730773926
16	1	他	4.461699962615967
16	2	建造	17.840839385986328
16	3	了	3.5386760234832764
16	4	危险	19.344615936279297
16	5	的	1.2814722061157227
16	6	战争	15.250482559204102
16	7	。	9.170355796813965
17	1	她	7.418177604675293
17	2	批评	11.190390586853027
17	3	了	4.240766525268555
17	4	淘气	21.187097549438477
17	5	的	4.504271984100342
17	6	儿子	9.360888481140137
17	7	。	6.9523444175720215
18	1	她	7.418177604675293
18	2	改正	23.318925857543945
18	3	了	1.0850608348846436
18	4	淘气	19.255842208862305
18	5	的	3.2798731327056885
18	6	儿子	9.3972749710083
18	7	。	4.014442443847656
19	1	我	7.862820148468018
19	2	结束	16.812488555908203
19	3	了	0.32418450713157654
19	4	很	6.607009410858154
19	5	长	1.2973881959915161
19	6	的	4.107903480529785
19	7	谈话	11.627942085266113
19	8	。	5.647466659545898
20	1	我	7.862820148468018
20	2	表扬	19.38089370727539
20	3	了	0.43681129813194275
20	4	很	10.59381103515625
20	5	长	7.0146355628967285
20	6	的	4.111684799194336
20	7	谈话	12.379592895507812
20	8	。	2.8897318840026855
21	1	他	4.461699962615967
21	2	买	13.608137130737305
21	3	了	0.6380705833435059
21	4	这些	10.238621711730957
21	5	红色	13.85689926147461
21	6	的	2.663508415222168
21	7	笔	11.7418212890625
21	8	。	2.6648662090301514
22	1	他	4.461699962615967
22	2	种	17.868846893310547
22	3	了	5.584514141082764
22	4	这些	11.05960464477539
22	5	红色	12.801434516906738
22	6	的	1.1387672424316406
22	7	笔	12.196836471557617
22	8	。	2.7259321212768555
23	1	他	4.461699962615967
23	2	提出	9.054101943969727
23	3	了	4.2487688064575195
23	4	很多	10.317455291748047
23	5	重要	9.999157905578613
23	6	的	0.9171019196510315
23	7	问题	5.667232036590576
23	8	。	2.215672492980957
24	1	他	4.461699962615967
24	2	申请	18.538728713989258
24	3	了	5.65200138092041
24	4	很多	9.668234825134277
24	5	重要	10.019817352294922
24	6	的	0.4127771854400635
24	7	问题	9.095636367797852
24	8	。	2.448885440826416
25	1	这	6.246975421905518
25	2	款	15.456856727600098
25	3	药	18.33962059020996
25	4	治疗	12.708789825439453
25	5	了	7.247053623199463
25	6	他	8.318236351013184
25	7	的	1.8672798871994019
25	8	严重	9.15530776977539
25	9	的	10.69083309173584
25	10	疾病	4.525266170501709
25	11	。	2.2532856464385986
26	1	这	6.246975421905518
26	2	款	15.456856727600098
26	3	药	18.33962059020996
26	4	缓解	17.97224235534668
26	5	了	0.03426213562488556
26	6	他	9.251675605773926
26	7	的	0.9762378334999084
26	8	严重	10.451807022094727
26	9	的	8.047552108764648
26	10	疾病	6.243737697601318
26	11	。	1.143457293510437
27	1	我	7.862820148468018
27	2	看	7.592219352722168
27	3	着	5.26392126083374
27	4	奶奶	12.877350807189941
27	5	的	3.5766191482543945
27	6	亲切	11.852787017822266
27	7	的	11.720458984375
27	8	面容	12.96467113494873
27	9	。	3.1372785568237305
28	1	我	7.862820148468018
28	2	听	9.106348037719727
28	3	着	8.81038761138916
28	4	奶奶	13.483153343200684
28	5	的	2.487901449203491
28	6	亲切	11.965054512023926
28	7	的	12.527647018432617
28	8	面容	13.792206764221191
28	9	。	3.0656139850616455
29	1	学者	15.404808044433594
29	2	发现	9.111743927001953
29	3	了	7.242908000946045
29	4	这个	9.03554916381836
29	5	有趣	11.120386123657227
29	6	的	0.36615779995918274
29	7	规律	12.61601734161377
29	8	。	2.093843698501587
30	1	学者	15.404808044433594
30	2	发明	10.427759170532227
30	3	了	5.196100234985352
30	4	这个	8.843666076660156
30	5	有趣	13.20409870147705
30	6	的	0.430505633354187
30	7	规律	12.520492553710938
30	8	。	2.2363719940185547
31	1	母亲	15.311848640441895
31	2	准备	12.935907363891602
31	3	了	6.449893951416016
31	4	美味	18.464813232421875
31	5	的	2.342996835708618
31	6	晚饭	12.032482147216797
31	7	。	4.04165506362915
32	1	母亲	15.311848640441895
32	2	责备	17.69580078125
32	3	了	8.836630821228027
32	4	美味	19.924087524414062
32	5	的	1.6518362760543823
32	6	晚饭	15.763497352600098
32	7	。	2.2805511951446533
33	1	孩子	15.043646812438965
33	2	培养	13.463685989379883
33	3	了	4.295979022979736
33	4	这个	12.09554672241211
33	5	流行	15.145499229431152
33	6	的	2.8156540393829346
33	7	特长	10.899888038635254
33	8	。	2.510922908782959
34	1	孩子	15.043646812438965
34	2	改正	20.390562057495117
34	3	了	1.2806365489959717
34	4	这个	7.297610282897949
34	5	流行	16.549976348876953
34	6	的	3.5012757778167725
34	7	特长	14.059209823608398
34	8	。	2.7362289428710938
35	1	政府	11.19622802734375
35	2	设立	11.528579711914062
35	3	了	1.4191217422485352
35	4	最新	21.118789672851562
35	5	的	1.7902324199676514
35	6	项目	10.158724784851074
35	7	。	9.04696273803711
36	1	政府	11.19622802734375
36	2	引发	18.219707489013672
36	3	了	3.174325704574585
36	4	最新	14.776796340942383
36	5	的	1.0269190073013306
36	6	项目	16.256790161132812
36	7	。	9.201923370361328
37	1	我	7.862820148468018
37	2	回忆	12.28007984161377
37	3	了	2.34834885597229
37	4	之前	12.224493980407715
37	5	的	3.203021764755249
37	6	可怕	13.780867576599121
37	7	的	1.8340938091278076
37	8	经历	7.626317501068115
37	9	。	1.95713472366333
38	1	我	7.862820148468018
38	2	帮助	13.98145580291748
38	3	了	5.731790065765381
38	4	之前	15.914107322692871
38	5	的	2.6737773418426514
38	6	可怕	15.264534950256348
38	7	的	1.4799344539642334
38	8	经历	10.159126281738281
38	9	。	2.578688144683838
39	1	花园	17.182199478149414
39	2	长满	19.937482833862305
39	3	了	2.441037893295288
39	4	美丽	8.929511070251465
39	5	的	0.18120306730270386
39	6	草	13.769855499267578
39	7	。	8.998038291931152
40	1	花园	17.182199478149414
40	2	吸引	17.133161544799805
40	3	了	0.5024959444999695
40	4	美丽	17.951189041137695
40	5	的	0.14868572354316711
40	6	草	16.705381393432617
40	7	。	9.076995849609375
41	1	雨水	16.725879669189453
41	2	清洗	17.68344497680664
41	3	了	7.853037357330322
41	4	高	14.66415786743164
41	5	的	4.09329891204834
41	6	大楼	16.30832862854004
41	7	。	5.418071746826172
42	1	雨水	16.725879669189453
42	2	灌溉	11.957682609558105
42	3	了	12.372034072875977
42	4	高	12.557951927185059
42	5	的	3.5535526275634766
42	6	大楼	16.316650390625
42	7	。	7.347783088684082
43	1	我	7.862820148468018
43	2	听从	17.964658737182617
43	3	了	7.427438259124756
43	4	老师	13.611028671264648
43	5	的	1.2414859533309937
43	6	中肯	16.758655548095703
43	7	的	4.572147846221924
43	8	建议	7.434183120727539
43	9	。	3.07733154296875
44	1	我	7.862820148468018
44	2	安装	15.971043586730957
44	3	了	0.8398325443267822
44	4	老师	15.773004531860352
44	5	的	2.5353732109069824
44	6	中肯	19.428707122802734
44	7	的	3.6247403621673584
44	8	建议	7.890429973602295
44	9	。	3.727811574935913
45	1	警官	18.332887649536133
45	2	疏散	14.991544723510742
45	3	了	4.929595947265625
45	4	紧张	14.622823715209961
45	5	的	1.056708812713623
45	6	人群	6.357361316680908
45	7	。	4.981527805328369
46	1	警官	18.332887649536133
46	2	解除	18.513938903808594
46	3	了	0.5237186551094055
46	4	紧张	14.270657539367676
46	5	的	1.6660434007644653
46	6	人群	9.967111587524414
46	7	。	4.737092971801758
47	1	他	4.461699962615967
47	2	卖	18.537179946899414
47	3	过	9.296981811523438
47	4	一些	9.404583930969238
47	5	便宜	12.284394264221191
47	6	的	0.39537513256073
47	7	化肥	9.13428020477295
47	8	。	4.291897296905518
48	1	他	4.461699962615967
48	2	摘	21.538818359375
48	3	过	6.391054630279541
48	4	一些	9.695700645446777
48	5	便宜	16.064607620239258
48	6	的	0.5671197175979614
48	7	化肥	10.680292129516602
48	8	。	5.226527690887451
49	1	她	7.418177604675293
49	2	戴	13.843731880187988
49	3	过	7.2526631355285645
49	4	白色	10.183369636535645
49	5	的	2.879718780517578
49	6	耳机	17.820920944213867
49	7	。	8.62275218963623
50	1	她	7.418177604675293
50	2	穿	15.639220237731934
50	3	过	7.188882827758789
50	4	白色	9.786247253417969
50	5	的	2.6294357776641846
50	6	耳机	17.3723087310791
50	7	。	6.474000453948975
51	1	他	4.461699962615967
51	2	在	5.712046146392822
51	3	学校	12.858359336853027
51	4	里	1.9931137561798096
51	5	吃	11.219878196716309
51	6	过	2.9351625442504883
51	7	好吃	15.448755264282227
51	8	的	0.2686593532562256
51	9	饭	7.85589075088501
51	10	。	3.4112472534179688
52	1	他	4.461699962615967
52	2	在	5.712046146392822
52	3	学校	12.858359336853027
52	4	里	1.9931137561798096
52	5	讲	7.493298530578613
52	6	过	3.6127383708953857
52	7	好吃	17.814340591430664
52	8	的	0.37665098905563354
52	9	饭	11.735190391540527
52	10	。	4.551950931549072
53	1	他	4.461699962615967
53	2	见	17.14274024963379
53	3	过	3.0407447814941406
53	4	热心	15.402334213256836
53	5	的	4.761241436004639
53	6	店长	21.32587242126465
53	7	。	8.042787551879883
54	1	他	4.461699962615967
54	2	去	14.874391555786133
54	3	过	6.4150214195251465
54	4	热心	17.146221160888672
54	5	的	4.650915145874023
54	6	店长	21.898780822753906
54	7	。	8.345404624938965
55	1	我	7.862820148468018
55	2	听	9.106348037719727
55	3	过	1.0159910917282104
55	4	这些	5.9871602058410645
55	5	熟悉	15.007448196411133
55	6	的	1.172074317932129
55	7	声音	7.892917156219482
55	8	。	3.1155169010162354
56	1	我	7.862820148468018
56	2	见	12.06876277923584
56	3	过	0.3877566456794739
56	4	这些	7.361325263977051
56	5	熟悉	15.5452241897583
56	6	的	1.6456457376480103
56	7	声音	9.801965713500977
56	8	。	3.269401788711548
57	1	爷爷	17.997987747192383
57	2	安装	15.585925102233887
57	3	过	7.118607997894287
57	4	复杂	15.340546607971191
57	5	的	1.0056053400039673
57	6	机器	7.257706165313721
57	7	。	6.100569248199463
58	1	爷爷	17.997987747192383
58	2	种植	16.15591049194336
58	3	过	7.503523349761963
58	4	复杂	18.948272705078125
58	5	的	0.7492647767066956
58	6	机器	11.10235595703125
58	7	。	7.393651008605957
59	1	她	7.418177604675293
59	2	说	1.1340546607971191
59	3	过	11.733736038208008
59	4	这	8.334748268127441
59	5	些	13.592029571533203
59	6	真诚	17.5024356842041
59	7	的	1.2006890773773193
59	8	话	5.966451168060303
59	9	。	3.0539233684539795
60	1	她	7.418177604675293
60	2	吃	16.57733154296875
60	3	过	3.7294766902923584
60	4	这	8.300052642822266
60	5	些	13.747139930725098
60	6	真诚	17.182615280151367
60	7	的	1.2340511083602905
60	8	话	9.023233413696289
60	9	。	2.5638461112976074
61	1	母亲	15.311848640441895
61	2	买	11.899600982666016
61	3	了	2.918790102005005
61	4	彩色	14.116754531860352
61	5	的	4.486835479736328
61	6	纸	11.35693645477295
61	7	。	8.687443733215332
62	1	母亲	15.311848640441895
62	2	喝	11.006885528564453
62	3	了	2.6807312965393066
62	4	彩色	16.864044189453125
62	5	的	2.9201855659484863
62	6	纸	13.438304901123047
62	7	。	7.329242706298828
