sentence_id	token_id	token	surprisal
1	1	那	9.53520393371582
1	2	家	9.902297019958496
1	3	老板	8.027132987976074
1	4	在	5.211859703063965
1	5	市中心	10.24216079711914
1	6	投资	11.02214241027832
1	7	的	1.992854118347168
1	8	饭店	6.4299798011779785
1	9	很	8.15714168548584
1	10	受	4.932847023010254
1	11	欢迎	0.0377625934779644
1	12	。	1.93793523311615
2	1	那	9.53520393371582
2	2	个	7.29549503326416
2	3	老板	12.98254108428955
2	4	在	4.914732933044434
2	5	市中心	11.029378890991211
2	6	投资	12.53459644317627
2	7	的	1.7398818731307983
2	8	饭店	7.367140293121338
2	9	很	7.226878643035889
2	10	受	5.4236273765563965
2	11	欢迎	0.030497075989842415
2	12	。	2.115666627883911
3	1	那	9.53520393371582
3	2	幅	12.42646598815918
3	3	朋友	17.678695678710938
3	4	非常	9.45954418182373
3	5	喜欢	4.755089282989502
3	6	的	3.5745153427124023
3	7	画	9.199305534362793
3	8	吸引	17.239242553710938
3	9	了	1.8584377765655518
3	10	我	3.510702133178711
3	11	。	2.9286553859710693
4	1	那	9.53520393371582
4	2	个	7.29549503326416
4	3	朋友	9.415411949157715
4	4	非常	9.496047973632812
4	5	喜欢	3.93237566947937
4	6	的	4.767893314361572
4	7	画	13.419577598571777
4	8	吸引	16.843597412109375
4	9	了	2.0161478519439697
4	10	我	2.6080703735351562
4	11	。	3.0819854736328125
5	1	那	9.53520393371582
5	2	件	7.060550689697266
5	3	老师	19.48866081237793
5	4	为	10.357913970947266
5	5	他	3.8198184967041016
5	6	的	2.746863842010498
5	7	学生	11.412347793579102
5	8	收藏	11.114880561828613
5	9	的	1.799288272857666
5	10	艺术品	8.555438041687012
5	11	获	15.259050369262695
5	12	了	2.003718137741089
5	13	奖	7.498655319213867
5	14	。	0.9137210249900818
6	1	那	9.53520393371582
6	2	个	7.29549503326416
6	3	老师	11.728586196899414
6	4	为	11.217122077941895
6	5	他	3.789640426635742
6	6	的	3.3680014610290527
6	7	学生	9.528746604919434
6	8	收藏	12.935449600219727
6	9	的	2.504284143447876
6	10	艺术品	10.071202278137207
6	11	获	15.351356506347656
6	12	了	2.7095444202423096
6	13	奖	7.3041911125183105
6	14	。	1.4407445192337036
7	1	那	9.53520393371582
7	2	只	7.427659511566162
7	3	店长	22.476036071777344
7	4	特别	20.52892303466797
7	5	喜欢	5.891538143157959
7	6	的	5.343409538269043
7	7	宠物	14.761058807373047
7	8	生病	16.06511688232422
7	9	了	6.282045364379883
7	10	。	1.9540497064590454
8	1	那	9.53520393371582
8	2	个	7.29549503326416
8	3	店长	21.97509002685547
8	4	特别	16.76243782043457
8	5	喜欢	6.562448024749756
8	6	的	4.379823207855225
8	7	宠物	15.884503364562988
8	8	生病	15.689901351928711
8	9	了	5.256577491760254
8	10	。	2.7421319484710693
9	1	那	9.53520393371582
9	2	首	10.733702659606934
9	3	明星	16.874826431274414
9	4	在	6.838959693908691
9	5	商场	15.132791519165039
9	6	唱	16.430143356323242
9	7	的	2.2166998386383057
9	8	歌	8.687320709228516
9	9	很	8.933233261108398
9	10	好听	16.12360191345215
9	11	。	3.1254751682281494
10	1	那	9.53520393371582
10	2	个	7.29549503326416
10	3	明星	15.23485279083252
10	4	在	4.550790309906006
10	5	商场	15.68801498413086
10	6	唱	16.116392135620117
10	7	的	2.1076183319091797
10	8	歌	8.04026985168457
10	9	很	7.809149265289307
10	10	好听	15.520672798156738
10	11	。	2.813861846923828
11	1	那	9.53520393371582
11	2	所	9.877434730529785
11	3	老人	13.237442970275879
11	4	在	4.7353620529174805
11	5	冬天	13.554874420166016
11	6	去	9.465363502502441
11	7	的	5.190181255340576
11	8	学校	12.9474458694458
11	9	关闭	15.438054084777832
11	10	了	1.4620189666748047
11	11	。	4.028616428375244
12	1	那	9.53520393371582
12	2	个	7.29549503326416
12	3	老人	13.810033798217773
12	4	在	4.436526775360107
12	5	冬天	11.490864753723145
12	6	去	8.69701862335205
12	7	的	7.8204474449157715
12	8	学校	13.76293659210205
12	9	关闭	14.312552452087402
12	10	了	1.4521070718765259
12	11	。	3.834139108657837
13	1	那	9.53520393371582
13	2	件	7.060550689697266
13	3	司机	25.83847427368164
13	4	给	5.705240726470947
13	5	朋友	9.178234100341797
13	6	带	8.594956398010254
13	7	的	6.89886999130249
13	8	行李	11.962382316589355
13	9	丢	10.592864990234375
13	10	了	0.8620960712432861
13	11	。	8.155679702758789
14	1	那	9.53520393371582
14	2	个	7.29549503326416
14	3	司机	18.540969848632812
14	4	给	5.907294273376465
14	5	朋友	9.588647842407227
14	6	带	8.665249824523926
14	7	的	6.508432865142822
14	8	行李	12.583073616027832
14	9	丢	10.807066917419434
14	10	了	0.8820495009422302
14	11	。	8.219391822814941
15	1	那	9.53520393371582
15	2	本	7.457129955291748
15	3	作家	13.264939308166504
15	4	为	11.985116004943848
15	5	我	5.0540361404418945
15	6	写	5.247735500335693
15	7	的	0.5259130001068115
15	8	书	4.087483882904053
15	9	很	9.392568588256836
15	10	受	5.784831523895264
15	11	欢迎	0.1693243831396103
15	12	。	1.7855699062347412
16	1	那	9.53520393371582
16	2	个	7.29549503326416
16	3	作家	14.375652313232422
16	4	为	12.450881004333496
16	5	我	4.052949905395508
16	6	写	5.7086286544799805
16	7	的	0.8692638278007507
16	8	书	5.250948429107666
16	9	很	8.851140975952148
16	10	受	6.274014949798584
16	11	欢迎	0.19199052453041077
16	12	。	2.2290451526641846
17	1	那	9.53520393371582
17	2	辆	9.363402366638184
17	3	朋友	18.896575927734375
17	4	昨天	8.999616622924805
17	5	开	10.085286140441895
17	6	的	3.565974473953247
17	7	车	7.129075050354004
17	8	坏	13.73735523223877
17	9	了	0.4701537787914276
17	10	。	6.02126932144165
18	1	那	9.53520393371582
18	2	个	7.29549503326416
18	3	朋友	9.415411949157715
18	4	昨天	10.942683219909668
18	5	开	11.734696388244629
18	6	的	2.7746176719665527
18	7	车	10.142960548400879
18	8	坏	13.429954528808594
18	9	了	0.5170419216156006
18	10	。	5.883150577545166
19	1	那	9.53520393371582
19	2	份	6.924750804901123
19	3	孩子	15.391519546508789
19	4	在	4.517849445343018
19	5	学校	5.454298973083496
19	6	做	8.464908599853516
19	7	的	2.9506006240844727
19	8	作业	9.484950065612793
19	9	获	17.262487411499023
19	10	了	4.192490577697754
19	11	奖	13.50914192199707
19	12	。	2.880415201187134
20	1	那	9.53520393371582
20	2	个	7.29549503326416
20	3	孩子	4.877371311187744
20	4	在	4.30042028427124
20	5	学校	5.226672649383545
20	6	做	7.496675491333008
20	7	的	3.2859597206115723
20	8	作业	11.288488388061523
20	9	获	18.69414710998535
20	10	了	4.238348484039307
20	11	奖	14.63736343383789
20	12	。	3.2488250732421875
21	1	那	9.53520393371582
21	2	份	6.924750804901123
21	3	老板	15.466665267944336
21	4	给	7.310418128967285
21	5	员工	8.12147331237793
21	6	制定	12.305442810058594
21	7	的	3.9672482013702393
21	8	合同	9.367513656616211
21	9	到期	14.538361549377441
21	10	了	2.7811765670776367
21	11	。	7.367432117462158
22	1	那	9.53520393371582
22	2	个	7.29549503326416
22	3	老板	12.98254108428955
22	4	给	7.34831428527832
22	5	员工	8.67958927154541
22	6	制定	12.251580238342285
22	7	的	4.837385654449463
22	8	合同	11.352681159973145
22	9	到期	14.868059158325195
22	10	了	1.3109692335128784
22	11	。	7.515530109405518
23	1	那	9.53520393371582
23	2	间	13.471281051635742
23	3	朋友	11.905243873596191
23	4	在	4.043257713317871
23	5	公园	10.615581512451172
23	6	旁边	10.176861763000488
23	7	开	6.764273166656494
23	8	的	3.816054105758667
23	9	工厂	13.320934295654297
23	10	倒闭	15.441408157348633
23	11	了	2.022000789642334
23	12	。	3.4875450134277344
24	1	那	9.53520393371582
24	2	个	7.29549503326416
24	3	朋友	9.415411949157715
24	4	在	3.8190228939056396
24	5	公园	10.862927436828613
24	6	旁边	9.898679733276367
24	7	开	7.1142754554748535
24	8	的	4.119136333465576
24	9	工厂	12.767974853515625
24	10	倒闭	15.572198867797852
24	11	了	1.425447940826416
24	12	。	3.9181008338928223
25	1	那	9.53520393371582
25	2	张	8.348443984985352
25	3	孩子	15.270840644836426
25	4	在	4.270698070526123
25	5	公园	9.839873313903809
25	6	照	17.46375274658203
25	7	的	5.155874729156494
25	8	照片	7.645455837249756
25	9	丢	18.414541244506836
25	10	了	1.1353461742401123
25	11	。	9.193705558776855
26	1	那	9.53520393371582
26	2	个	7.29549503326416
26	3	孩子	4.877371311187744
26	4	在	4.30042028427124
26	5	公园	10.689336776733398
26	6	照	17.845149993896484
26	7	的	4.966432094573975
26	8	照片	10.855024337768555
26	9	丢	18.1323184967041
26	10	了	1.0988097190856934
26	11	。	8.094172477722168
27	1	那	9.53520393371582
27	2	台	12.415032386779785
27	3	老师	13.212029457092285
27	4	经常	11.313026428222656
27	5	用	6.6022844314575195
27	6	的	7.729849338531494
27	7	手机	10.808238983154297
27	8	很	10.426856994628906
27	9	好用	16.270870208740234
27	10	。	3.9778826236724854
28	1	那	9.53520393371582
28	2	个	7.29549503326416
28	3	老师	11.728586196899414
28	4	经常	10.893568992614746
28	5	用	6.925929069519043
28	6	的	6.4368577003479
28	7	手机	10.812212944030762
28	8	很	10.048468589782715
28	9	好用	16.351070404052734
28	10	。	4.594518661499023
29	1	那	9.53520393371582
29	2	朵	19.039140701293945
29	3	邻居	16.01158905029297
29	4	在	3.8894762992858887
29	5	家	6.29932975769043
29	6	种	17.811132431030273
29	7	的	9.613785743713379
29	8	花	10.306280136108398
29	9	很	9.699772834777832
29	10	好看	13.248841285705566
29	11	。	5.734978675842285
30	1	那	9.53520393371582
30	2	个	7.29549503326416
30	3	邻居	13.205513000488281
30	4	在	4.587201118469238
30	5	家	6.845568656921387
30	6	种	18.34547233581543
30	7	的	7.72830057144165
30	8	花	12.851723670959473
30	9	很	8.65715503692627
30	10	好看	13.41463565826416
30	11	。	6.233172416687012
