sentence_id	token_id	token	surprisal
1	1	随着	8.49269962310791
1	2	政府	9.089106559753418
1	3	发展	10.344025611877441
1	4	，	6.813025951385498
1	5	经济	8.404623985290527
1	6	变	16.77127456665039
1	7	好	15.696121215820312
1	8	了	0.6798043251037598
1	9	。	5.201742649078369
2	1	随着	8.49269962310791
2	2	政府	9.089106559753418
2	3	发展	10.344025611877441
2	4	。	17.793315887451172
3	1	随着	8.49269962310791
3	2	互联网	15.51915168762207
3	3	的	0.6572484374046326
3	4	出现	7.513787269592285
3	5	，	0.08759410679340363
3	6	生活	15.32192611694336
3	7	质量	3.999809503555298
3	8	提高	6.108315467834473
3	9	了	6.224185466766357
3	10	。	3.5044076442718506
4	1	随着	8.49269962310791
4	2	互联网	15.51915168762207
4	3	的	0.6572484374046326
4	4	出现	7.513787269592285
4	5	。	13.660593032836914
5	1	随着	8.49269962310791
5	2	一阵	14.368145942687988
5	3	铃声	15.526983261108398
5	4	，	1.9656753540039062
5	5	火车	14.386615753173828
5	6	开	9.694526672363281
5	7	了	0.4290515184402466
5	8	。	10.329473495483398
6	1	随着	8.49269962310791
6	2	一阵	14.368145942687988
6	3	铃声	15.526983261108398
6	4	。	10.71867847442627
7	1	随着	8.49269962310791
7	2	他	11.975667953491211
7	3	的	1.2902560234069824
7	4	年龄	11.213096618652344
7	5	增长	8.61374568939209
7	6	，	0.31869617104530334
7	7	他	2.2852301597595215
7	8	更	7.5429368019104
7	9	有	5.146517753601074
7	10	自信	7.618243217468262
7	11	了	8.798724174499512
7	12	。	2.3102762699127197
8	1	随着	8.49269962310791
8	2	他	11.975667953491211
8	3	的	1.2902560234069824
8	4	年龄	11.213096618652344
8	5	增长	8.61374568939209
8	6	。	11.815884590148926
9	1	随着	8.49269962310791
9	2	冬天	16.89362144470215
9	3	的	1.9470818042755127
9	4	到来	1.8174644708633423
9	5	，	0.04966545104980469
9	6	树木	14.505261421203613
9	7	凋零	19.723201751708984
9	8	了	9.6012544631958
9	9	。	0.9510242938995361
10	1	随着	8.49269962310791
10	2	冬天	16.89362144470215
10	3	的	1.9470818042755127
10	4	到来	1.8174644708633423
10	5	。	13.36961841583252
11	1	随着	8.49269962310791
11	2	科技	9.151092529296875
11	3	发展	8.819008827209473
11	4	，	1.8844410181045532
11	5	电脑	12.837933540344238
11	6	功能	12.116252899169922
11	7	变得	10.313443183898926
11	8	更	5.139049530029297
11	9	多	7.8776116371154785
11	10	了	1.7179876565933228
11	11	。	1.922905683517456
12	1	随着	8.49269962310791
12	2	科技	9.151092529296875
12	3	发展	8.819008827209473
12	4	。	10.516589164733887
13	1	自从	12.460963249206543
13	2	见	17.287261962890625
13	3	了	6.482221603393555
13	4	他	7.146774768829346
13	5	，	5.231184959411621
13	6	她	5.024722576141357
13	7	一直	5.940356254577637
13	8	在	3.2349629402160645
13	9	写信	15.726248741149902
13	10	。	5.684640884399414
14	1	自从	12.460963249206543
14	2	见	17.287261962890625
14	3	了	6.482221603393555
14	4	他	7.146774768829346
14	5	。	11.821438789367676
15	1	自从	12.460963249206543
15	2	修	15.926736831665039
15	3	了	6.103248596191406
15	4	公路	4.404208660125732
15	5	，	2.5136547088623047
15	6	农村	11.785296440124512
15	7	经济	5.260869979858398
15	8	变	12.384720802307129
15	9	好	15.585997581481934
15	10	了	0.05429677665233612
15	11	。	3.5640945434570312
16	1	自从	12.460963249206543
16	2	修	15.926736831665039
16	3	了	6.103248596191406
16	4	公路	4.404208660125732
16	5	。	9.558425903320312
17	1	自从	12.460963249206543
17	2	离开	14.40311050415039
17	3	家乡	7.964282512664795
17	4	，	6.2817912101745605
17	5	她	6.920638084411621
17	6	一直	5.5827789306640625
17	7	想念	13.853114128112793
17	8	父母	6.138874530792236
17	9	。	3.5195505619049072
18	1	自从	12.460963249206543
18	2	离开	14.40311050415039
18	3	家乡	7.964282512664795
18	4	。	15.871223449707031
19	1	自从	12.460963249206543
19	2	他	5.608466625213623
19	3	开始	7.009764194488525
19	4	读书	8.17570972442627
19	5	，	3.7138023376464844
19	6	他	4.878546714782715
19	7	的	3.877732276916504
19	8	成绩	9.574440956115723
19	9	提高	9.787054061889648
19	10	了	0.2013305127620697
19	11	。	8.199955940246582
20	1	自从	12.460963249206543
20	2	他	5.608466625213623
20	3	开始	7.009764194488525
20	4	读书	8.17570972442627
20	5	。	8.504598617553711
21	1	自从	12.460963249206543
21	2	他	5.608466625213623
21	3	获得	8.627447128295898
21	4	大奖	15.232635498046875
21	5	，	10.959454536437988
21	6	他	2.9037129878997803
21	7	不	7.840004920959473
21	8	学习	16.10476303100586
21	9	了	6.745436191558838
21	10	。	6.972409248352051
22	1	自从	12.460963249206543
22	2	他	5.608466625213623
22	3	获得	8.627447128295898
22	4	大奖	15.232635498046875
22	5	。	14.334460258483887
23	1	自从	12.460963249206543
23	2	她	8.136059761047363
23	3	认识	12.239356994628906
23	4	了	9.029056549072266
23	5	老师	14.916373252868652
23	6	，	4.388012886047363
23	7	她	2.208022356033325
23	8	努力	13.756429672241211
23	9	训练	9.954069137573242
23	10	。	3.643404006958008
24	1	自从	12.460963249206543
24	2	她	8.136059761047363
24	3	认识	12.239356994628906
24	4	了	9.029056549072266
24	5	老师	14.916373252868652
24	6	。	8.672245979309082
25	1	自从	12.460963249206543
25	2	她	8.136059761047363
25	3	参与	9.987872123718262
25	4	了	4.0098395347595215
25	5	活动	11.804319381713867
25	6	，	7.3471174240112305
25	7	她	1.1374168395996094
25	8	认识	11.312403678894043
25	9	了	4.911438941955566
25	10	很多	8.131314277648926
25	11	人	4.155697345733643
25	12	。	4.463273048400879
26	1	自从	12.460963249206543
26	2	她	8.136059761047363
26	3	参与	9.987872123718262
26	4	了	4.0098395347595215
26	5	活动	11.804319381713867
26	6	。	11.471284866333008
27	1	自从	12.460963249206543
27	2	她	8.136059761047363
27	3	学习	12.357681274414062
27	4	了	4.8822922706604
27	5	外语	12.332296371459961
27	6	，	3.8383238315582275
27	7	她	2.391031503677368
27	8	看	11.22235107421875
27	9	了	2.7477691173553467
27	10	很多	5.035587787628174
27	11	电影	8.411880493164062
27	12	。	2.8253014087677
28	1	自从	12.460963249206543
28	2	她	8.136059761047363
28	3	学习	12.357681274414062
28	4	了	4.8822922706604
28	5	外语	12.332296371459961
28	6	。	6.1012372970581055
29	1	因为	9.535497665405273
29	2	喝	12.665276527404785
29	3	了	3.9968197345733643
29	4	酒	5.291130065917969
29	5	，	1.196144938468933
29	6	他	6.0216779708862305
29	7	摔	12.860045433044434
29	8	了	0.5633260011672974
29	9	。	5.2837419509887695
30	1	因为	9.535497665405273
30	2	喝	12.665276527404785
30	3	了	3.9968197345733643
30	4	酒	5.291130065917969
30	5	。	5.871985912322998
31	1	因为	9.535497665405273
31	2	他	4.859260082244873
31	3	要	7.947790145874023
31	4	迟到	17.49073600769043
31	5	了	4.543182849884033
31	6	，	7.831468105316162
31	7	他	5.040062427520752
31	8	结束	14.087379455566406
31	9	了	1.2359319925308228
31	10	谈话	14.665453910827637
31	11	。	2.803016185760498
32	1	因为	9.535497665405273
32	2	他	4.859260082244873
32	3	要	7.947790145874023
32	4	迟到	17.49073600769043
32	5	了	4.543182849884033
32	6	。	12.632681846618652
33	1	因为	9.535497665405273
33	2	他	4.859260082244873
33	3	没有	6.10533332824707
33	4	练习	16.168535232543945
33	5	题目	18.029809951782227
33	6	，	1.0798604488372803
33	7	他	3.7193820476531982
33	8	没有	5.283812999725342
33	9	成功	7.05795955657959
33	10	。	1.7712355852127075
34	1	因为	9.535497665405273
34	2	他	4.859260082244873
34	3	没有	6.10533332824707
34	4	练习	16.168535232543945
34	5	题目	18.029809951782227
34	6	。	4.729042053222656
35	1	因为	9.535497665405273
35	2	疾病	14.552328109741211
35	3	，	4.852044105529785
35	4	她	8.473466873168945
35	5	拒绝	10.857479095458984
35	6	了	2.4082202911376953
35	7	演出	21.341672897338867
35	8	。	3.6560232639312744
36	1	因为	9.535497665405273
36	2	疾病	14.552328109741211
36	3	。	13.269269943237305
37	1	因为	9.535497665405273
37	2	听	15.020973205566406
37	3	着	8.381454467773438
37	4	音乐	7.961165428161621
37	5	，	1.7682641744613647
37	6	她	5.866072177886963
37	7	错过	14.969308853149414
37	8	了	0.5522202253341675
37	9	广播	13.487588882446289
37	10	。	4.186861991882324
38	1	因为	9.535497665405273
38	2	听	15.020973205566406
38	3	着	8.381454467773438
38	4	音乐	7.961165428161621
38	5	。	10.569552421569824
39	1	尽管	9.265105247497559
39	2	领导	18.339881896972656
39	3	已经	8.162433624267578
39	4	离去	20.44425392150879
39	5	，	0.12762710452079773
39	6	工人	14.38637924194336
39	7	还	5.0607709884643555
39	8	在	3.635200262069702
39	9	工作	9.526819229125977
39	10	。	5.948256492614746
40	1	尽管	9.265105247497559
40	2	领导	18.339881896972656
40	3	已经	8.162433624267578
40	4	离去	20.44425392150879
40	5	。	8.007181167602539
41	1	尽管	9.265105247497559
41	2	他	7.298887252807617
41	3	年纪	15.415502548217773
41	4	小	4.707492351531982
41	5	，	0.097981296479702
41	6	他	6.312619209289551
41	7	有	7.714742660522461
41	8	能力	5.403568267822266
41	9	。	9.422948837280273
42	1	尽管	9.265105247497559
42	2	他	7.298887252807617
42	3	年纪	15.415502548217773
42	4	小	4.707492351531982
42	5	。	12.565524101257324
43	1	尽管	9.265105247497559
43	2	她	7.742361545562744
43	3	会	12.228876113891602
43	4	开车	13.817875862121582
43	5	，	2.825880527496338
43	6	她	6.524396896362305
43	7	今天	8.653013229370117
43	8	没有	7.509555816650391
43	9	开车	9.290374755859375
43	10	。	4.438967704772949
44	1	尽管	9.265105247497559
44	2	她	7.742361545562744
44	3	会	12.228876113891602
44	4	开车	13.817875862121582
44	5	。	9.456537246704102
45	1	尽管	9.265105247497559
45	2	作家	14.867793083190918
45	3	很	8.419907569885254
45	4	年轻	6.428298473358154
45	5	，	0.11127594113349915
45	6	他	5.524302959442139
45	7	写	11.658275604248047
45	8	了	3.847472667694092
45	9	很多	5.691543102264404
45	10	作品	4.205806255340576
45	11	。	5.5357747077941895
46	1	尽管	9.265105247497559
46	2	作家	14.867793083190918
46	3	很	8.419907569885254
46	4	年轻	6.428298473358154
46	5	。	11.366546630859375
47	1	尽管	9.265105247497559
47	2	父亲	17.79625129699707
47	3	不	4.81636905670166
47	4	同意	7.59302282333374
47	5	他	1.6922279596328735
47	6	唱歌	18.982755661010742
47	7	，	1.0144376754760742
47	8	他	5.758400917053223
47	9	还是	5.5325703620910645
47	10	买	9.831864356994629
47	11	了	3.241021156311035
47	12	吉他	12.339336395263672
47	13	。	2.4606034755706787
48	1	尽管	9.265105247497559
48	2	父亲	17.79625129699707
48	3	不	4.81636905670166
48	4	同意	7.59302282333374
48	5	他	1.6922279596328735
48	6	唱歌	18.982755661010742
48	7	。	6.454259872436523
49	1	尽管	9.265105247497559
49	2	经济	10.293939590454102
49	3	不	5.4041523933410645
49	4	好	8.3359956741333
49	5	，	0.06622947752475739
49	6	他	11.187461853027344
49	7	还是	4.8669939041137695
49	8	关心	8.683995246887207
49	9	慈善	12.929402351379395
49	10	。	10.976385116577148
50	1	尽管	9.265105247497559
50	2	经济	10.293939590454102
50	3	不	5.4041523933410645
50	4	好	8.3359956741333
50	5	。	16.96819496154785
51	1	如果	9.046191215515137
51	2	她	8.661430358886719
51	3	做	10.808176040649414
51	4	完	8.830687522888184
51	5	作业	13.995214462280273
51	6	，	0.7275794148445129
51	7	她	3.0673768520355225
51	8	去	11.364418983459473
51	9	健身房	12.823251724243164
51	10	。	4.967554569244385
52	1	如果	9.046191215515137
52	2	她	8.661430358886719
52	3	做	10.808176040649414
52	4	完	8.830687522888184
52	5	作业	13.995214462280273
52	6	。	11.749617576599121
53	1	如果	9.046191215515137
53	2	她们	11.430891036987305
53	3	照	15.510366439819336
53	4	了	7.001959323883057
53	5	相	18.145036697387695
53	6	，	6.076900959014893
53	7	她们	4.836853981018066
53	8	就	3.1820969581604004
53	9	留下	16.281187057495117
53	10	了	0.2710978090763092
53	11	回忆	13.652164459228516
53	12	。	4.806541919708252
54	1	如果	9.046191215515137
54	2	她们	11.430891036987305
54	3	照	15.510366439819336
54	4	了	7.001959323883057
54	5	相	18.145036697387695
54	6	。	11.805475234985352
55	1	如果	9.046191215515137
55	2	培养	16.857379913330078
55	3	了	5.328429698944092
55	4	信心	19.830440521240234
55	5	，	0.2550694942474365
55	6	她	7.356367111206055
55	7	可以	5.6313652992248535
55	8	实现	7.436747074127197
55	9	梦想	8.796359062194824
55	10	。	1.3300278186798096
56	1	如果	9.046191215515137
56	2	培养	16.857379913330078
56	3	了	5.328429698944092
56	4	信心	19.830440521240234
56	5	。	10.721151351928711
57	1	如果	9.046191215515137
57	2	他	6.094441890716553
57	3	不	4.58706521987915
57	4	尝试	11.294984817504883
57	5	，	4.945424556732178
57	6	他	0.9967684149742126
57	7	将	3.457634687423706
57	8	失去	4.685798168182373
57	9	机会	6.614382266998291
57	10	。	0.9732389450073242
58	1	如果	9.046191215515137
58	2	他	6.094441890716553
58	3	不	4.58706521987915
58	4	尝试	11.294984817504883
58	5	。	13.289454460144043
59	1	如果	9.046191215515137
59	2	她	8.661430358886719
59	3	来	10.862732887268066
59	4	，	5.758537292480469
59	5	母亲	12.132966041564941
59	6	会	3.101936101913452
59	7	准备	11.945353507995605
59	8	水果	15.652870178222656
59	9	。	3.5904738903045654
60	1	如果	9.046191215515137
60	2	她	8.661430358886719
60	3	来	10.862732887268066
60	4	。	11.74228286743164
