sentence_id	token_id	token	surprisal
1	1	那	9.535202980041504
1	2	家	9.902298927307129
1	3	老板	8.027132034301758
1	4	投资	13.542901992797852
1	5	的	0.9698916673660278
1	6	饭店	8.108397483825684
1	7	很	7.915974140167236
1	8	受	5.254364490509033
1	9	欢迎	0.09264779090881348
1	10	。	2.5978994369506836
2	1	那	9.535202980041504
2	2	个	7.295496940612793
2	3	老板	12.98254108428955
2	4	投资	15.09847354888916
2	5	的	1.2223159074783325
2	6	饭店	11.830711364746094
2	7	很	6.517151832580566
2	8	受	5.691019058227539
2	9	欢迎	0.09789421409368515
2	10	。	2.6712148189544678
3	1	那	9.535202980041504
3	2	幅	12.42646598815918
3	3	朋友	17.678695678710938
3	4	喜欢	12.377678871154785
3	5	的	3.155088424682617
3	6	画	9.79435920715332
3	7	吸引	15.982391357421875
3	8	了	1.081291675567627
3	9	我	3.648893356323242
3	10	。	3.238252639770508
4	1	那	9.535202980041504
4	2	个	7.295496940612793
4	3	朋友	9.415414810180664
4	4	喜欢	11.536084175109863
4	5	的	3.883788585662842
4	6	画	13.074464797973633
4	7	吸引	15.873635292053223
4	8	了	1.3573044538497925
4	9	我	2.6830267906188965
4	10	。	3.2389166355133057
5	1	那	9.535202980041504
5	2	件	7.060550689697266
5	3	老师	19.488656997680664
5	4	收藏	16.236743927001953
5	5	的	0.5682944059371948
5	6	艺术品	11.08084487915039
5	7	获	17.173357009887695
5	8	了	2.182504892349243
5	9	奖	8.144219398498535
5	10	。	1.6200298070907593
6	1	那	9.535202980041504
6	2	个	7.295496940612793
6	3	老师	11.728586196899414
6	4	收藏	18.57774543762207
6	5	的	0.8803718090057373
6	6	艺术品	13.891409873962402
6	7	获	17.490489959716797
6	8	了	2.3896484375
6	9	奖	8.127890586853027
6	10	。	2.196641445159912
7	1	那	9.535202980041504
7	2	只	7.427662372589111
7	3	店长	22.47603988647461
7	4	喜欢	16.277652740478516
7	5	的	4.977150917053223
7	6	宠物	14.730063438415527
7	7	生病	16.34197998046875
7	8	了	4.797372341156006
7	9	。	2.7667651176452637
8	1	那	9.535202980041504
8	2	个	7.295496940612793
8	3	店长	21.975086212158203
8	4	喜欢	15.378273010253906
8	5	的	3.765108823776245
8	6	宠物	16.265953063964844
8	7	生病	15.699495315551758
8	8	了	4.388566017150879
8	9	。	3.790193796157837
9	1	那	9.535202980041504
9	2	首	10.73370361328125
9	3	明星	16.874826431274414
9	4	唱	15.472850799560547
9	5	的	1.5287429094314575
9	6	歌	7.758866310119629
9	7	很	8.998431205749512
9	8	好听	15.42354965209961
9	9	。	3.1254961490631104
10	1	那	9.535202980041504
10	2	个	7.295496940612793
10	3	明星	15.23485279083252
10	4	唱	15.174192428588867
10	5	的	1.5651640892028809
10	6	歌	6.8914995193481445
10	7	很	7.894036769866943
10	8	好听	14.992940902709961
10	9	。	2.7190463542938232
11	1	那	9.535202980041504
11	2	所	9.877436637878418
11	3	老人	13.237443923950195
11	4	去	12.823760986328125
11	5	的	2.950984477996826
11	6	学校	7.15051794052124
11	7	关闭	16.417640686035156
11	8	了	1.073601245880127
11	9	。	4.934156894683838
12	1	那	9.535202980041504
12	2	个	7.295496940612793
12	3	老人	13.81003189086914
12	4	去	11.074769973754883
12	5	的	7.541913986206055
12	6	学校	11.193803787231445
12	7	关闭	14.583165168762207
12	8	了	0.9871984720230103
12	9	。	4.666845321655273
13	1	那	9.535202980041504
13	2	件	7.060550689697266
13	3	司机	25.838472366333008
13	4	带	7.97096586227417
13	5	的	3.5362961292266846
13	6	行李	9.632733345031738
13	7	丢	11.732901573181152
13	8	了	0.6949358582496643
13	9	。	9.183781623840332
14	1	那	9.535202980041504
14	2	个	7.295496940612793
14	3	司机	18.540969848632812
14	4	带	8.298982620239258
14	5	的	2.6309545040130615
14	6	行李	9.99874210357666
14	7	丢	12.107355117797852
14	8	了	0.6969115138053894
14	9	。	8.919292449951172
15	1	那	9.535202980041504
15	2	本	7.457129001617432
15	3	作家	13.26494026184082
15	4	写	9.610605239868164
15	5	的	0.43741530179977417
15	6	书	5.021470069885254
15	7	很	6.904832363128662
15	8	受	5.809063911437988
15	9	欢迎	0.5675147175788879
15	10	。	2.590460777282715
16	1	那	9.535202980041504
16	2	个	7.295496940612793
16	3	作家	14.375654220581055
16	4	写	10.511985778808594
16	5	的	0.9976925253868103
16	6	书	6.912454605102539
16	7	很	6.520109176635742
16	8	受	6.582509517669678
16	9	欢迎	0.4636697769165039
16	10	。	3.272926092147827
17	1	那	9.535202980041504
17	2	辆	9.363405227661133
17	3	朋友	18.89657974243164
17	4	开	9.90208911895752
17	5	的	3.606985092163086
17	6	车	5.337348937988281
17	7	坏	14.012429237365723
17	8	了	0.5084904432296753
17	9	。	5.21030330657959
18	1	那	9.535202980041504
18	2	个	7.295496940612793
18	3	朋友	9.415414810180664
18	4	开	10.782515525817871
18	5	的	2.6537954807281494
18	6	车	9.2162446975708
18	7	坏	13.532190322875977
18	8	了	0.570110559463501
18	9	。	4.8751654624938965
19	1	那	9.535202980041504
19	2	份	6.924751281738281
19	3	孩子	15.391518592834473
19	4	做	10.38655948638916
19	5	的	2.611103057861328
19	6	作业	11.205684661865234
19	7	获	18.87554359436035
19	8	了	3.4450621604919434
19	9	奖	13.722275733947754
19	10	。	2.6722946166992188
20	1	那	9.535202980041504
20	2	个	7.295496940612793
20	3	孩子	4.877370357513428
20	4	做	9.974148750305176
20	5	的	2.5282185077667236
20	6	作业	14.183391571044922
20	7	获	20.202219009399414
20	8	了	3.8125786781311035
20	9	奖	14.830977439880371
20	10	。	3.2433035373687744
21	1	那	9.535202980041504
21	2	份	6.924751281738281
21	3	老板	15.466665267944336
21	4	制定	15.034615516662598
21	5	的	0.9922491908073425
21	6	合同	10.048952102661133
21	7	到期	15.834712028503418
21	8	了	4.908430099487305
21	9	。	4.560497760772705
22	1	那	9.535202980041504
22	2	个	7.295496940612793
22	3	老板	12.98254108428955
22	4	制定	14.398880958557129
22	5	的	1.844252109527588
22	6	合同	13.013877868652344
22	7	到期	15.508675575256348
22	8	了	2.785200595855713
22	9	。	4.5493083000183105
23	1	那	9.535202980041504
23	2	间	13.471281051635742
23	3	朋友	11.905243873596191
23	4	开	9.671675682067871
23	5	的	2.6655170917510986
23	6	工厂	17.195049285888672
23	7	倒闭	13.570429801940918
23	8	了	1.5630918741226196
23	9	。	4.058558940887451
24	1	那	9.535202980041504
24	2	个	7.295496940612793
24	3	朋友	9.415414810180664
24	4	开	10.782515525817871
24	5	的	2.6537954807281494
24	6	工厂	16.09395408630371
24	7	倒闭	13.976570129394531
24	8	了	1.2594271898269653
24	9	。	4.445902347564697
25	1	那	9.535202980041504
25	2	张	8.3484468460083
25	3	孩子	15.270838737487793
25	4	照	15.508709907531738
25	5	的	4.812353134155273
25	6	照片	7.957279205322266
25	7	丢	18.50993537902832
25	8	了	1.1132405996322632
25	9	。	9.763556480407715
26	1	那	9.535202980041504
26	2	个	7.295496940612793
26	3	孩子	4.877370357513428
26	4	照	16.264968872070312
26	5	的	4.708463191986084
26	6	照片	12.653782844543457
26	7	丢	18.218612670898438
26	8	了	1.03169584274292
26	9	。	8.550863265991211
27	1	那	9.535202980041504
27	2	台	12.415034294128418
27	3	老师	13.212030410766602
27	4	用	7.180918216705322
27	5	的	6.516757488250732
27	6	手机	13.071234703063965
27	7	很	7.661026954650879
27	8	好用	16.323381423950195
27	9	。	3.591897964477539
28	1	那	9.535202980041504
28	2	个	7.295496940612793
28	3	老师	11.728586196899414
28	4	用	8.726081848144531
28	5	的	4.834138870239258
28	6	手机	12.810965538024902
28	7	很	7.385704040527344
28	8	好用	16.37726402282715
28	9	。	4.156740665435791
29	1	那	9.535202980041504
29	2	朵	19.039140701293945
29	3	邻居	16.01158905029297
29	4	种	13.987932205200195
29	5	的	8.310537338256836
29	6	花	7.464659690856934
29	7	很	7.523965835571289
29	8	好看	12.01494312286377
29	9	。	3.340238094329834
30	1	那	9.535202980041504
30	2	个	7.295496940612793
30	3	邻居	13.205513954162598
30	4	种	16.57607078552246
30	5	的	6.59605073928833
30	6	花	13.669147491455078
30	7	很	5.356955051422119
30	8	好看	12.750603675842285
30	9	。	4.505224227905273
31	1	那	9.535202980041504
31	2	台	12.415034294128418
31	3	科学家	12.699164390563965
31	4	做	10.8960542678833
31	5	的	1.7817450761795044
31	6	电视	16.419130325317383
31	7	坏	14.624643325805664
31	8	了	3.5263679027557373
31	9	。	4.183323383331299
32	1	那	9.535202980041504
32	2	个	7.295496940612793
32	3	科学家	14.893359184265137
32	4	做	9.914273262023926
32	5	的	1.2628240585327148
32	6	电视	18.699268341064453
32	7	坏	13.601312637329102
32	8	了	2.0730347633361816
32	9	。	4.557572841644287
33	1	那	9.535202980041504
33	2	栋	10.817920684814453
33	3	男人	15.514399528503418
33	4	买	11.366927146911621
33	5	的	4.247173309326172
33	6	房子	2.261465549468994
33	7	起火	16.044118881225586
33	8	了	4.783636093139648
33	9	。	4.307018756866455
34	1	那	9.535202980041504
34	2	个	7.295496940612793
34	3	男人	7.195996284484863
34	4	买	13.003156661987305
34	5	的	3.578701972961426
34	6	房子	6.4422760009765625
34	7	起火	17.82733917236328
34	8	了	4.596579074859619
34	9	。	4.009185791015625
35	1	那	9.535202980041504
35	2	条	9.35831356048584
35	3	朋友	20.5747127532959
35	4	给	7.815587520599365
35	5	的	11.744221687316895
35	6	建议	11.887792587280273
35	7	很	4.489940643310547
35	8	真诚	11.528234481811523
35	9	。	1.1494338512420654
36	1	那	9.535202980041504
36	2	个	7.295496940612793
36	3	朋友	9.415414810180664
36	4	给	6.696181774139404
36	5	的	10.661890029907227
36	6	建议	12.078972816467285
36	7	很	4.346711158752441
36	8	真诚	11.893158912658691
36	9	。	1.7198917865753174
37	1	那	9.535202980041504
37	2	支	11.85766315460205
37	3	老师	15.088897705078125
37	4	用	6.7111592292785645
37	5	的	6.387972831726074
37	6	笔	8.945265769958496
37	7	坏	16.591793060302734
37	8	了	8.929953575134277
37	9	。	7.090628623962402
38	1	那	9.535202980041504
38	2	个	7.295496940612793
38	3	老师	11.728586196899414
38	4	用	8.726081848144531
38	5	的	4.834138870239258
38	6	笔	10.100090026855469
38	7	坏	15.755816459655762
38	8	了	6.20583438873291
38	9	。	5.273665428161621
39	1	那	9.535202980041504
39	2	只	7.427662372589111
39	3	女人	15.360210418701172
39	4	丢	15.798855781555176
39	5	的	5.341888904571533
39	6	鞋子	13.818512916564941
39	7	被	6.039776802062988
39	8	找到	10.939157485961914
39	9	了	2.5371415615081787
39	10	。	4.146363258361816
40	1	那	9.535202980041504
40	2	个	7.295496940612793
40	3	女人	9.603885650634766
40	4	丢	17.225528717041016
40	5	的	4.558523178100586
40	6	鞋子	15.011384010314941
40	7	被	6.650300025939941
40	8	找到	10.416543006896973
40	9	了	1.9123882055282593
40	10	。	3.4349162578582764
41	1	那	9.535202980041504
41	2	条	9.35831356048584
41	3	邻居	14.920320510864258
41	4	养	15.386710166931152
41	5	的	3.7032151222229004
41	6	狗	8.122370719909668
41	7	生病	14.502846717834473
41	8	了	1.9579591751098633
41	9	。	6.079615592956543
42	1	那	9.535202980041504
42	2	个	7.295496940612793
42	3	邻居	13.205513954162598
42	4	养	15.565256118774414
42	5	的	3.7291502952575684
42	6	狗	8.077200889587402
42	7	生病	13.311585426330566
42	8	了	1.8908047676086426
42	9	。	6.1799421310424805
43	1	那	9.535202980041504
43	2	座	9.578361511230469
43	3	老人	11.991083145141602
43	4	修	15.607407569885254
43	5	的	5.445789337158203
43	6	桥	10.84982967376709
43	7	帮助	17.61850357055664
43	8	了	5.005953788757324
43	9	我	2.477301836013794
43	10	。	4.283802509307861
44	1	那	9.535202980041504
44	2	个	7.295496940612793
44	3	老人	13.81003189086914
44	4	修	16.992197036743164
44	5	的	3.552907943725586
44	6	桥	13.032774925231934
44	7	帮助	16.884523391723633
44	8	了	4.718356609344482
44	9	我	2.0077576637268066
44	10	。	3.8386547565460205
45	1	那	9.535202980041504
45	2	篇	8.214495658874512
45	3	学生	15.845820426940918
45	4	准备	14.853619575500488
45	5	的	5.457988262176514
45	6	报告	10.283120155334473
45	7	感动	16.689462661743164
45	8	了	2.03883957862854
45	9	我	6.601328372955322
45	10	。	4.666439056396484
46	1	那	9.535202980041504
46	2	个	7.295496940612793
46	3	学生	7.7086501121521
46	4	准备	13.86334228515625
46	5	的	5.823688983917236
46	6	报告	14.08987808227539
46	7	感动	17.753713607788086
46	8	了	2.9970149993896484
46	9	我	4.461112022399902
46	10	。	4.80766487121582
47	1	那	9.535202980041504
47	2	封	9.157917976379395
47	3	朋友	15.701088905334473
47	4	写	7.757448196411133
47	5	的	0.5648187398910522
47	6	信	3.7713053226470947
47	7	很	6.537459373474121
47	8	真诚	12.386467933654785
47	9	。	2.1868317127227783
48	1	那	9.535202980041504
48	2	个	7.295496940612793
48	3	朋友	9.415414810180664
48	4	写	9.666152954101562
48	5	的	0.7244280576705933
48	6	信	7.598757743835449
48	7	很	6.105436325073242
48	8	真诚	12.70984935760498
48	9	。	2.7337498664855957
49	1	那	9.535202980041504
49	2	堂	19.242515563964844
49	3	老师	4.234954833984375
49	4	教	10.107755661010742
49	5	的	6.782296657562256
49	6	课	6.695259094238281
49	7	获	17.83830451965332
49	8	了	3.468543291091919
49	9	奖	7.040410995483398
49	10	。	3.8902647495269775
50	1	那	9.535202980041504
50	2	个	7.295496940612793
50	3	老师	11.728586196899414
50	4	教	11.732598304748535
50	5	的	5.442409515380859
50	6	课	8.488696098327637
50	7	获	18.104089736938477
50	8	了	2.9843392372131348
50	9	奖	8.00871467590332
50	10	。	4.3155975341796875
51	1	那	9.535202980041504
51	2	块	10.278271675109863
51	3	医生	14.807649612426758
51	4	喜欢	12.35002326965332
51	5	的	5.480620861053467
51	6	手表	12.580557823181152
51	7	丢	16.367238998413086
51	8	了	2.16264009475708
51	9	。	8.436179161071777
52	1	那	9.535202980041504
52	2	个	7.295496940612793
52	3	医生	12.32933521270752
52	4	喜欢	12.621451377868652
52	5	的	4.991893291473389
52	6	手表	13.995655059814453
52	7	丢	15.510189056396484
52	8	了	2.0951993465423584
52	9	。	8.645273208618164
53	1	那	9.535202980041504
53	2	篇	8.214495658874512
53	3	学生	15.845820426940918
53	4	写	9.220108032226562
53	5	的	1.0503554344177246
53	6	论文	7.587852954864502
53	7	感动	19.12327003479004
53	8	了	1.7205976247787476
53	9	我	5.631575107574463
53	10	。	4.8303937911987305
54	1	那	9.535202980041504
54	2	个	7.295496940612793
54	3	学生	7.7086501121521
54	4	写	12.604841232299805
54	5	的	1.402422308921814
54	6	论文	11.064581871032715
54	7	感动	19.86760711669922
54	8	了	2.294093370437622
54	9	我	3.551556348800659
54	10	。	4.760607719421387
55	1	那	9.535202980041504
55	2	场	7.709819793701172
55	3	演员	23.197891235351562
55	4	准备	12.82860279083252
55	5	的	5.56937313079834
55	6	表演	9.437493324279785
55	7	很	8.371081352233887
55	8	受	6.52600622177124
55	9	欢迎	0.12911035120487213
55	10	。	1.655274510383606
56	1	那	9.535202980041504
56	2	个	7.295496940612793
56	3	演员	15.007256507873535
56	4	准备	13.562126159667969
56	5	的	5.0022125244140625
56	6	表演	12.008795738220215
56	7	很	7.525304317474365
56	8	受	6.181589603424072
56	9	欢迎	0.06631801277399063
56	10	。	2.065699815750122
57	1	那	9.535202980041504
57	2	间	13.471281051635742
57	3	警察	13.728508949279785
57	4	工作	12.535672187805176
57	5	的	2.199866771697998
57	6	办公室	11.988457679748535
57	7	起火	13.306389808654785
57	8	了	6.389590263366699
57	9	。	3.950650453567505
58	1	那	9.535202980041504
58	2	个	7.295496940612793
58	3	警察	13.606487274169922
58	4	工作	12.060921669006348
58	5	的	2.6187381744384766
58	6	办公室	10.057323455810547
58	7	起火	15.432767868041992
58	8	了	5.271664619445801
58	9	。	4.755012035369873
59	1	那	9.535202980041504
59	2	首	10.73370361328125
59	3	孩子	12.583699226379395
59	4	写	10.543017387390137
59	5	的	1.5602848529815674
59	6	诗	11.752037048339844
59	7	很	7.8634443283081055
59	8	有趣	6.12125301361084
59	9	。	3.4467782974243164
60	1	那	9.535202980041504
60	2	个	7.295496940612793
60	3	孩子	4.877370357513428
60	4	写	11.459880828857422
60	5	的	1.3182250261306763
60	6	诗	13.426395416259766
60	7	很	6.16501522064209
60	8	有趣	5.402135372161865
60	9	。	3.1937663555145264
61	1	那	9.535202980041504
61	2	家	9.902298927307129
61	3	朋友	10.698136329650879
61	4	去	12.838345527648926
61	5	的	6.927759647369385
61	6	银行	14.855101585388184
61	7	帮助	12.659833908081055
61	8	了	2.940415859222412
61	9	我	3.591381549835205
61	10	。	4.7374067306518555
62	1	那	9.535202980041504
62	2	个	7.295496940612793
62	3	朋友	9.415414810180664
62	4	去	11.57658863067627
62	5	的	6.317448139190674
62	6	银行	15.202219009399414
62	7	帮助	12.04446792602539
62	8	了	2.4165239334106445
62	9	我	3.118208885192871
62	10	。	4.30444860458374
