sentence_id	token_id	token	surprisal
1	1	那	9.53520393371582
1	2	位	7.2350687980651855
1	3	教授	6.468013763427734
1	4	写	11.036079406738281
1	5	了	2.5801379680633545
1	6	令	13.05966567993164
1	7	人	0.25776633620262146
1	8	感动	6.3816680908203125
1	9	的	0.031598739326000214
1	10	书	3.6266696453094482
1	11	的	9.739263534545898
1	12	内容	4.90179443359375
1	13	。	2.2272591590881348
2	1	那	9.53520393371582
2	2	位	7.2350687980651855
2	3	教授	6.468013763427734
2	4	打	14.472100257873535
2	5	了	4.2816290855407715
2	6	令	14.191059112548828
2	7	人	0.121605284512043
2	8	感动	6.642551422119141
2	9	的	0.06385257095098495
2	10	书	6.690959453582764
2	11	的	9.782427787780762
2	12	内容	9.398246765136719
2	13	。	3.4527366161346436
3	1	弟弟	18.1878662109375
3	2	启动	20.47504425048828
3	3	了	2.995961904525757
3	4	配备	17.580644607543945
3	5	音响	12.163165092468262
3	6	的	4.696999549865723
3	7	车	12.67605972290039
3	8	。	4.998651027679443
4	1	弟弟	18.1878662109375
4	2	认识	19.506162643432617
4	3	了	7.4874043464660645
4	4	配备	21.84046745300293
4	5	音响	12.44564437866211
4	6	的	2.4590163230895996
4	7	车	14.570381164550781
4	8	。	5.223917007446289
5	1	他	4.461699962615967
5	2	拿	15.55908489227295
5	3	了	3.5018701553344727
5	4	桌子	13.161053657531738
5	5	上	7.004609107971191
5	6	的	4.1082353591918945
5	7	吸引	18.341678619384766
5	8	他	4.545936107635498
5	9	目光	13.945359230041504
5	10	的	8.201009750366211
5	11	筷子	15.557494163513184
5	12	。	4.269258975982666
6	1	他	4.461699962615967
6	2	听	13.015892028808594
6	3	了	1.070194959640503
6	4	桌子	15.56305980682373
6	5	上	4.709775924682617
6	6	的	3.5163700580596924
6	7	吸引	18.895872116088867
6	8	他	6.719315528869629
6	9	目光	14.821650505065918
6	10	的	7.283349514007568
6	11	筷子	16.058429718017578
6	12	。	2.918755292892456
7	1	她	7.418179035186768
7	2	终于	12.766016006469727
7	3	实现	5.200178623199463
7	4	了	0.04286802560091019
7	5	激励	17.779911041259766
7	6	她	3.9834396839141846
7	7	学习	10.610491752624512
7	8	的	1.319549560546875
7	9	理想	3.3408286571502686
7	10	。	0.7556859850883484
8	1	她	7.418179035186768
8	2	终于	12.766016006469727
8	3	购买	14.956456184387207
8	4	了	0.11516290158033371
8	5	激励	18.454164505004883
8	6	她	2.4638113975524902
8	7	学习	10.563722610473633
8	8	的	0.9401785731315613
8	9	理想	12.806489944458008
8	10	。	4.617609024047852
9	1	我	7.862820148468018
9	2	修理	17.694692611694336
9	3	了	1.6055622100830078
9	4	这个	7.615386009216309
9	5	计算	18.531986236572266
9	6	公式	14.449812889099121
9	7	的	0.7327213883399963
9	8	电脑	12.400957107543945
9	9	。	3.404402017593384
10	1	我	7.862820148468018
10	2	阅读	14.97404670715332
10	3	了	0.9758578538894653
10	4	这个	6.9933977127075195
10	5	计算	12.565293312072754
10	6	公式	15.043136596679688
10	7	的	0.16488958895206451
10	8	电脑	15.456870079040527
10	9	。	3.653898000717163
11	1	我	7.862820148468018
11	2	邀请	15.987895011901855
11	3	过	6.838870525360107
11	4	我	4.038305759429932
11	5	的	2.413079023361206
11	6	认识	16.51190757751465
11	7	明星	18.8546085357666
11	8	的	5.793121814727783
11	9	朋友	5.323221683502197
11	10	。	4.950497627258301
12	1	我	7.862820148468018
12	2	打开	15.796149253845215
12	3	过	11.249396324157715
12	4	我	5.176467418670654
12	5	的	0.9413184523582458
12	6	认识	16.64160919189453
12	7	明星	19.464765548706055
12	8	的	2.688469886779785
12	9	朋友	6.751866817474365
12	10	。	3.766541004180908
13	1	记者	8.113224029541016
13	2	采访	8.835838317871094
13	3	了	2.498013496398926
13	4	获得	12.88601016998291
13	5	大奖	11.657647132873535
13	6	的	0.06210939586162567
13	7	艺术家	9.94057846069336
13	8	。	3.105614423751831
14	1	记者	8.113224029541016
14	2	制作	20.8868408203125
14	3	了	1.527910828590393
14	4	获得	16.005645751953125
14	5	大奖	10.669723510742188
14	6	的	0.07582659274339676
14	7	艺术家	11.60594367980957
14	8	。	8.198421478271484
15	1	他	4.461699962615967
15	2	参与	16.358858108520508
15	3	了	1.3308682441711426
15	4	伤害	20.204631805419922
15	5	了	6.172887802124023
15	6	很多	9.392492294311523
15	7	家庭	7.097325801849365
15	8	的	1.969428300857544
15	9	战争	13.329229354858398
15	10	。	2.721118688583374
16	1	他	4.461699962615967
16	2	建造	17.840839385986328
16	3	了	3.5386784076690674
16	4	伤害	20.171192169189453
16	5	了	5.689841270446777
16	6	很多	9.460064888000488
16	7	家庭	7.953954696655273
16	8	的	2.184173822402954
16	9	战争	14.652141571044922
16	10	。	5.269313335418701
17	1	她	7.418179035186768
17	2	批评	11.190388679504395
17	3	了	4.240767955780029
17	4	打	13.915421485900879
17	5	游戏	10.081952095031738
17	6	的	2.470245361328125
17	7	儿子	13.546252250671387
17	8	。	6.559077739715576
18	1	她	7.418179035186768
18	2	改正	23.318925857543945
18	3	了	1.085065484046936
18	4	打	12.867505073547363
18	5	游戏	9.98340892791748
18	6	的	3.772030830383301
18	7	儿子	13.015047073364258
18	8	。	4.317748069763184
19	1	我	7.862820148468018
19	2	结束	16.812488555908203
19	3	了	0.32418495416641235
19	4	令	14.550286293029785
19	5	人	0.08318713307380676
19	6	开心	9.525006294250488
19	7	的	0.004628360271453857
19	8	谈话	9.618282318115234
19	9	。	4.368808269500732
20	1	我	7.862820148468018
20	2	表扬	19.380895614624023
20	3	了	0.4368116855621338
20	4	令	14.801078796386719
20	5	人	0.7314517498016357
20	6	开心	9.95650863647461
20	7	的	0.015292875468730927
20	8	谈话	13.59387493133545
20	9	。	2.8504421710968018
21	1	他	4.461699962615967
21	2	买	13.608134269714355
21	3	了	0.6380723714828491
21	4	这些	10.23862075805664
21	5	可以	14.163079261779785
21	6	带来	7.315121173858643
21	7	好运	15.739235877990723
21	8	的	0.0749482735991478
21	9	笔	11.046838760375977
21	10	。	1.8020130395889282
22	1	他	4.461699962615967
22	2	种	17.868844985961914
22	3	了	5.5845136642456055
22	4	这些	11.05960750579834
22	5	可以	10.668097496032715
22	6	带来	7.144336700439453
22	7	好运	15.387022018432617
22	8	的	0.0677889958024025
22	9	笔	12.247063636779785
22	10	。	1.8403711318969727
23	1	他	4.461699962615967
23	2	提出	9.05410099029541
23	3	了	4.248769760131836
23	4	很多	10.317453384399414
23	5	引	18.55779266357422
23	6	人	0.171726256608963
23	7	思考	7.847817420959473
23	8	的	0.3457655608654022
23	9	问题	1.5690521001815796
23	10	。	1.6420494318008423
24	1	他	4.461699962615967
24	2	申请	18.538726806640625
24	3	了	5.652002811431885
24	4	很多	9.66823673248291
24	5	引	16.457597732543945
24	6	人	0.14536623656749725
24	7	思考	8.522138595581055
24	8	的	0.2881206274032593
24	9	问题	4.225536823272705
24	10	。	1.7056796550750732
25	1	这	6.246974468231201
25	2	款	15.456856727600098
25	3	药	18.339624404907227
25	4	治疗	12.708789825439453
25	5	了	7.24705171585083
25	6	困扰	14.961653709411621
25	7	了	3.538614273071289
25	8	他	6.873896598815918
25	9	的	1.0988205671310425
25	10	疾病	4.78422212600708
25	11	。	1.6505433320999146
26	1	这	6.246974468231201
26	2	款	15.456856727600098
26	3	药	18.339624404907227
26	4	缓解	17.972238540649414
26	5	了	0.03426213562488556
26	6	困扰	11.053153038024902
26	7	了	4.663593292236328
26	8	他	8.819202423095703
26	9	的	0.8653361797332764
26	10	疾病	5.715148448944092
26	11	。	1.5086544752120972
27	1	我	7.862820148468018
27	2	看	7.592216491699219
27	3	着	5.26392126083374
27	4	奶奶	12.877351760864258
27	5	的	3.5766165256500244
27	6	令	18.64382553100586
27	7	我	0.9757779240608215
27	8	熟悉	12.40344524383545
27	9	的	1.2878060340881348
27	10	面容	14.296589851379395
27	11	。	2.21506404876709
28	1	我	7.862820148468018
28	2	听	9.106348037719727
28	3	着	8.810388565063477
28	4	奶奶	13.483153343200684
28	5	的	2.487901449203491
28	6	令	19.28984260559082
28	7	我	1.4251457452774048
28	8	熟悉	11.417430877685547
28	9	的	0.9979740381240845
28	10	面容	14.429503440856934
28	11	。	2.0554375648498535
29	1	学者	15.404808044433594
29	2	发现	9.111742973327637
29	3	了	7.2429118156433105
29	4	这个	9.035551071166992
29	5	解开	14.986215591430664
29	6	难题	14.087650299072266
29	7	的	0.08698979020118713
29	8	规律	12.080416679382324
29	9	。	1.9175136089324951
30	1	学者	15.404808044433594
30	2	发明	10.42776107788086
30	3	了	5.196101665496826
30	4	这个	8.843667030334473
30	5	解开	15.529402732849121
30	6	难题	12.264925003051758
30	7	的	0.028150910511612892
30	8	规律	13.186779022216797
30	9	。	2.2985002994537354
31	1	母亲	15.311848640441895
31	2	准备	12.935907363891602
31	3	了	6.449896812438965
31	4	符合	19.20447540283203
31	5	孩子	5.395125389099121
31	6	胃口	17.5546817779541
31	7	的	0.07786665111780167
31	8	晚饭	13.599725723266602
31	9	。	4.028542995452881
32	1	母亲	15.311848640441895
32	2	责备	17.69580078125
32	3	了	8.836630821228027
32	4	符合	19.81585121154785
32	5	孩子	6.350998401641846
32	6	胃口	19.141855239868164
32	7	的	0.13996705412864685
32	8	晚饭	17.403610229492188
32	9	。	2.8461880683898926
33	1	孩子	15.043646812438965
33	2	培养	13.463685989379883
33	3	了	4.295980930328369
33	4	这个	12.09554672241211
33	5	可以	13.140169143676758
33	6	锻炼	9.341043472290039
33	7	身体	7.21543550491333
33	8	的	2.037203550338745
33	9	特长	9.207141876220703
33	10	。	1.5322028398513794
34	1	孩子	15.043646812438965
34	2	改正	20.390562057495117
34	3	了	1.2806344032287598
34	4	这个	7.297608852386475
34	5	可以	10.752819061279297
34	6	锻炼	13.5515775680542
34	7	身体	5.7128729820251465
34	8	的	2.7031352519989014
34	9	特长	12.609003067016602
34	10	。	1.4185518026351929
35	1	政府	11.19622802734375
35	2	设立	11.52857780456543
35	3	了	1.419121503829956
35	4	帮助	15.359989166259766
35	5	老人	8.557836532592773
35	6	的	4.977418899536133
35	7	项目	11.741934776306152
35	8	。	3.6728146076202393
36	1	政府	11.19622802734375
36	2	引发	18.219707489013672
36	3	了	3.1743266582489014
36	4	帮助	15.728034973144531
36	5	老人	7.75549840927124
36	6	的	4.830567836761475
36	7	项目	19.515878677368164
36	8	。	3.2807228565216064
37	1	我	7.862820148468018
37	2	回忆	12.28007984161377
37	3	了	2.3483498096466064
37	4	之前	12.224494934082031
37	5	的	3.203019380569458
37	6	令	17.10727310180664
37	7	我	2.2574565410614014
37	8	难过	10.866904258728027
37	9	的	0.36967721581459045
37	10	经历	3.5060079097747803
37	11	。	1.2314293384552002
38	1	我	7.862820148468018
38	2	帮助	13.981454849243164
38	3	了	5.731789588928223
38	4	之前	15.914107322692871
38	5	的	2.6737818717956543
38	6	令	16.390302658081055
38	7	我	1.3907009363174438
38	8	难过	10.061354637145996
38	9	的	0.7636517882347107
38	10	经历	7.034496784210205
38	11	。	1.5711919069290161
39	1	花园	17.182199478149414
39	2	长满	19.937482833862305
39	3	了	2.441039562225342
39	4	影响	23.220552444458008
39	5	花朵	15.461727142333984
39	6	成长	17.224756240844727
39	7	的	0.5083436369895935
39	8	草	14.031044960021973
39	9	。	10.239477157592773
40	1	花园	17.182199478149414
40	2	吸引	17.133159637451172
40	3	了	0.5024948120117188
40	4	影响	22.779075622558594
40	5	花朵	17.689592361450195
40	6	成长	14.44088363647461
40	7	的	0.7225306034088135
40	8	草	16.8953857421875
40	9	。	10.6923246383667
41	1	雨水	16.725875854492188
41	2	清洗	17.68344497680664
41	3	了	7.853036403656006
41	4	位于	15.535987854003906
41	5	市中心	6.886861324310303
41	6	的	1.378259301185608
41	7	大楼	10.43776798248291
41	8	。	6.034999847412109
42	1	雨水	16.725875854492188
42	2	灌溉	11.95767879486084
42	3	了	12.372034072875977
42	4	位于	13.438368797302246
42	5	市中心	8.469755172729492
42	6	的	1.912980556488037
42	7	大楼	12.603253364562988
42	8	。	6.83315896987915
43	1	我	7.862820148468018
43	2	听从	17.964658737182617
43	3	了	7.427435874938965
43	4	老师	13.611028671264648
43	5	的	1.2414839267730713
43	6	给	13.793828010559082
43	7	了	5.87439489364624
43	8	我	1.988418459892273
43	9	信心	12.804511070251465
43	10	的	3.0845675468444824
43	11	建议	12.642699241638184
43	12	。	1.706170678138733
44	1	我	7.862820148468018
44	2	安装	15.971043586730957
44	3	了	0.8398317098617554
44	4	老师	15.773004531860352
44	5	的	2.5353710651397705
44	6	给	14.756818771362305
44	7	了	4.260752201080322
44	8	我	2.5785257816314697
44	9	信心	13.162470817565918
44	10	的	2.716845750808716
44	11	建议	14.872776985168457
44	12	。	2.0405690670013428
45	1	警官	18.332887649536133
45	2	疏散	14.991545677185059
45	3	了	4.929596424102783
45	4	破坏	16.64422607421875
45	5	了	5.409997940063477
45	6	现场	6.025052070617676
45	7	的	1.8988041877746582
45	8	人群	10.196891784667969
45	9	。	2.386918067932129
46	1	警官	18.332887649536133
46	2	解除	18.51393699645996
46	3	了	0.5237178206443787
46	4	破坏	15.074735641479492
46	5	了	5.792664527893066
46	6	现场	7.363321304321289
46	7	的	1.518607258796692
46	8	人群	9.6300048828125
46	9	。	3.087789297103882
47	1	他	4.461699962615967
47	2	卖	18.53717803955078
47	3	过	9.296979904174805
47	4	一些	9.404582977294922
47	5	帮助	13.536065101623535
47	6	蔬菜	12.796178817749023
47	7	成熟	16.9241943359375
47	8	的	0.7667644023895264
47	9	化肥	7.476876735687256
47	10	。	3.2947118282318115
48	1	他	4.461699962615967
48	2	摘	21.538816452026367
48	3	过	6.391053199768066
48	4	一些	9.695703506469727
48	5	帮助	12.233384132385254
48	6	蔬菜	13.15390682220459
48	7	成熟	14.558578491210938
48	8	的	0.574862003326416
48	9	化肥	9.424318313598633
48	10	。	4.2349019050598145
49	1	她	7.418179035186768
49	2	戴	13.843729972839355
49	3	过	7.252663612365723
49	4	导致	21.10750961303711
49	5	她	7.016124248504639
49	6	头痛	15.264352798461914
49	7	的	1.8672716617584229
49	8	耳机	19.25530433654785
49	9	。	5.4184417724609375
50	1	她	7.418179035186768
50	2	穿	15.6392183303833
50	3	过	7.188880443572998
50	4	导致	21.037935256958008
50	5	她	5.456599712371826
50	6	头痛	14.13205623626709
50	7	的	0.8270618915557861
50	8	耳机	18.203937530517578
50	9	。	4.315242290496826
51	1	他	4.461699962615967
51	2	在	5.712044715881348
51	3	学校	12.858359336853027
51	4	里	1.9931131601333618
51	5	吃	11.219878196716309
51	6	过	2.9351656436920166
51	7	满足	20.784391403198242
51	8	他	6.360805988311768
51	9	要求	8.144587516784668
51	10	的	0.5240201950073242
51	11	饭	7.889639854431152
51	12	。	4.268356800079346
52	1	他	4.461699962615967
52	2	在	5.712044715881348
52	3	学校	12.858359336853027
52	4	里	1.9931131601333618
52	5	讲	7.493297576904297
52	6	过	3.6127398014068604
52	7	满足	19.534934997558594
52	8	他	5.016268730163574
52	9	要求	7.248223304748535
52	10	的	0.5398923754692078
52	11	饭	12.802107810974121
52	12	。	6.846231460571289
53	1	他	4.461699962615967
53	2	见	17.142738342285156
53	3	过	3.0407426357269287
53	4	经营	20.86820411682129
53	5	超市	15.544044494628906
53	6	的	2.170860767364502
53	7	店长	19.64688491821289
53	8	。	8.95788860321045
54	1	他	4.461699962615967
54	2	去	14.874388694763184
54	3	过	6.415019512176514
54	4	经营	15.678034782409668
54	5	超市	13.589098930358887
54	6	的	3.8624000549316406
54	7	店长	20.61184310913086
54	8	。	9.565279006958008
55	1	我	7.862820148468018
55	2	听	9.106348037719727
55	3	过	1.015991449356079
55	4	这些	5.98716402053833
55	5	打扰	21.555774688720703
55	6	了	6.719339370727539
55	7	邻居	13.939019203186035
55	8	的	1.7695765495300293
55	9	声音	4.007540225982666
55	10	。	2.9321515560150146
56	1	我	7.862820148468018
56	2	见	12.06876277923584
56	3	过	0.3877566456794739
56	4	这些	7.361322402954102
56	5	打扰	19.768386840820312
56	6	了	5.830705165863037
56	7	邻居	13.432547569274902
56	8	的	2.668911933898926
56	9	声音	6.499553680419922
56	10	。	3.126389265060425
57	1	爷爷	17.997987747192383
57	2	安装	15.585925102233887
57	3	过	7.1186065673828125
57	4	打印	15.11974048614502
57	5	文件	8.69163703918457
57	6	的	3.5362253189086914
57	7	机器	9.246384620666504
57	8	。	7.674341678619385
58	1	爷爷	17.997987747192383
58	2	种植	16.15591049194336
58	3	过	7.5035223960876465
58	4	打印	17.962406158447266
58	5	文件	10.42662525177002
58	6	的	3.422964572906494
58	7	机器	10.951011657714844
58	8	。	7.632856845855713
59	1	她	7.418179035186768
59	2	说	1.1340540647506714
59	3	过	11.733731269836426
59	4	这	8.33475112915039
59	5	些	13.59202766418457
59	6	伤害	14.373817443847656
59	7	彼此	15.165502548217773
59	8	感情	7.063200950622559
59	9	的	0.6154837012290955
59	10	话	11.09257984161377
59	11	。	2.9333598613739014
60	1	她	7.418179035186768
60	2	吃	16.577327728271484
60	3	过	3.7294774055480957
60	4	这	8.30005168914795
60	5	些	13.747138977050781
60	6	伤害	14.568926811218262
60	7	彼此	17.3170108795166
60	8	感情	5.590152740478516
60	9	的	0.5213313698768616
60	10	话	9.798898696899414
60	11	。	2.740119218826294
61	1	母亲	15.311848640441895
61	2	买	11.899600982666016
61	3	了	2.9187886714935303
61	4	包装	15.214354515075684
61	5	礼物	9.869983673095703
61	6	的	7.946652412414551
61	7	纸	13.416149139404297
61	8	。	8.20807933807373
62	1	母亲	15.311848640441895
62	2	喝	11.006885528564453
62	3	了	2.680732488632202
62	4	包装	16.62045669555664
62	5	礼物	10.927091598510742
62	6	的	7.9757399559021
62	7	纸	14.253252983093262
62	8	。	7.864043712615967
