sentence_id	token_id	token	surprisal
1	1	随着	8.49269962310791
1	2	支持	18.795156478881836
1	3	国际	9.197413444519043
1	4	贸易	6.0219950675964355
1	5	的	1.0144230127334595
1	6	政府	22.346599578857422
1	7	发展	10.655513763427734
1	8	，	0.08543355762958527
1	9	经济	10.961801528930664
1	10	变	17.88638687133789
1	11	好	15.26999282836914
1	12	了	3.1275551319122314
1	13	。	4.260251522064209
2	1	随着	8.49269962310791
2	2	支持	18.795156478881836
2	3	国际	9.197413444519043
2	4	贸易	6.0219950675964355
2	5	的	1.0144230127334595
2	6	政府	22.346599578857422
2	7	发展	10.655513763427734
2	8	。	9.60887336730957
3	1	随着	8.49269962310791
3	2	缩短	15.109012603759766
3	3	人们	11.275106430053711
3	4	距离	10.121785163879395
3	5	的	2.3112404346466064
3	6	互联网	15.348895072937012
3	7	的	1.6526685953140259
3	8	出现	8.884173393249512
3	9	，	0.029260093346238136
3	10	生活	14.409154891967773
3	11	质量	4.542691230773926
3	12	提高	4.864374160766602
3	13	了	4.078512668609619
3	14	。	3.0600473880767822
4	1	随着	8.49269962310791
4	2	缩短	15.109012603759766
4	3	人们	11.275106430053711
4	4	距离	10.121785163879395
4	5	的	2.3112404346466064
4	6	互联网	15.348895072937012
4	7	的	1.6526685953140259
4	8	出现	8.884173393249512
4	9	。	11.3474760055542
5	1	随着	8.49269962310791
5	2	一阵	14.368145942687988
5	3	提醒	17.068178176879883
5	4	乘客	12.876262664794922
5	5	的	1.9744168519973755
5	6	铃声	13.446327209472656
5	7	，	1.9310656785964966
5	8	火车	10.915437698364258
5	9	开	10.251957893371582
5	10	了	0.6393062472343445
5	11	。	10.590936660766602
6	1	随着	8.49269962310791
6	2	一阵	14.368145942687988
6	3	提醒	17.068178176879883
6	4	乘客	12.876262664794922
6	5	的	1.9744168519973755
6	6	铃声	13.446327209472656
6	7	。	8.096884727478027
7	1	随着	8.49269962310791
7	2	不	15.484946250915527
7	3	敢	9.953654289245605
7	4	说话	13.22555923461914
7	5	的	1.7414809465408325
7	6	他	12.007722854614258
7	7	的	5.411142349243164
7	8	年龄	9.650077819824219
7	9	增长	9.991432189941406
7	10	，	0.594180703163147
7	11	他	3.1662986278533936
7	12	更	7.955124855041504
7	13	有	4.527702808380127
7	14	自信	6.868292331695557
7	15	了	7.739004611968994
7	16	。	1.9477827548980713
8	1	随着	8.49269962310791
8	2	不	15.484946250915527
8	3	敢	9.953654289245605
8	4	说话	13.22555923461914
8	5	的	1.7414809465408325
8	6	他	12.007722854614258
8	7	的	5.411142349243164
8	8	年龄	9.650077819824219
8	9	增长	9.991432189941406
8	10	。	7.38420295715332
9	1	随着	8.49269962310791
9	2	下	14.975296974182129
9	3	很多	25.379470825195312
9	4	雪	14.826574325561523
9	5	的	2.2760746479034424
9	6	冬天	10.191234588623047
9	7	的	7.633419513702393
9	8	到来	1.3331973552703857
9	9	，	0.027837170287966728
9	10	树木	13.246294975280762
9	11	凋零	19.87970542907715
9	12	了	9.951444625854492
9	13	。	0.8954485654830933
10	1	随着	8.49269962310791
10	2	下	14.975296974182129
10	3	很多	25.379470825195312
10	4	雪	14.826574325561523
10	5	的	2.2760746479034424
10	6	冬天	10.191234588623047
10	7	的	7.633419513702393
10	8	到来	1.3331973552703857
10	9	。	10.216257095336914
11	1	随着	8.49269962310791
11	2	提高	13.08334732055664
11	3	人们	8.280271530151367
11	4	生活	2.338442325592041
11	5	质量	3.2540712356567383
11	6	的	0.6101564764976501
11	7	科技	11.870278358459473
11	8	发展	13.933643341064453
11	9	，	0.3219601511955261
11	10	电脑	11.34593677520752
11	11	功能	11.990962028503418
11	12	变得	10.574077606201172
11	13	更	4.77200174331665
11	14	多	6.949301719665527
11	15	了	1.410596251487732
11	16	。	1.0096993446350098
12	1	随着	8.49269962310791
12	2	提高	13.08334732055664
12	3	人们	8.280271530151367
12	4	生活	2.338442325592041
12	5	质量	3.2540712356567383
12	6	的	0.6101564764976501
12	7	科技	11.870278358459473
12	8	发展	13.933643341064453
12	9	。	10.274778366088867
13	1	自从	12.460963249206543
13	2	见	17.287261962890625
13	3	了	6.4822235107421875
13	4	学习	17.17318344116211
13	5	文学	11.60364055633545
13	6	的	1.6341246366500854
13	7	他	8.802520751953125
13	8	，	1.0045897960662842
13	9	她	6.298088550567627
13	10	一直	5.261357307434082
13	11	在	3.0972537994384766
13	12	写	9.63217830657959
13	13	信	14.432327270507812
13	14	。	4.607158660888672
14	1	自从	12.460963249206543
14	2	见	17.287261962890625
14	3	了	6.4822235107421875
14	4	学习	17.17318344116211
14	5	文学	11.60364055633545
14	6	的	1.6341246366500854
14	7	他	8.802520751953125
14	8	。	10.348562240600586
15	1	自从	12.460963249206543
15	2	修	15.926734924316406
15	3	了	6.103250980377197
15	4	通往	11.607236862182617
15	5	城市	9.868865966796875
15	6	的	0.27453044056892395
15	7	公路	1.5257740020751953
15	8	，	2.3022918701171875
15	9	农村	13.8722562789917
15	10	经济	7.80816650390625
15	11	变	13.61594295501709
15	12	好	16.773469924926758
15	13	了	0.09827613830566406
15	14	。	2.514669179916382
16	1	自从	12.460963249206543
16	2	修	15.926734924316406
16	3	了	6.103250980377197
16	4	通往	11.607236862182617
16	5	城市	9.868865966796875
16	6	的	0.27453044056892395
16	7	公路	1.5257740020751953
16	8	。	9.003595352172852
17	1	自从	12.460963249206543
17	2	离开	14.40311050415039
17	3	培养	18.400304794311523
17	4	了	7.990297317504883
17	5	她	9.335914611816406
17	6	的	1.8511862754821777
17	7	家乡	5.881720066070557
17	8	，	5.2331223487854
17	9	她	2.915712594985962
17	10	一直	6.303816318511963
17	11	想念	13.67436695098877
17	12	父母	6.08613920211792
17	13	。	2.2009432315826416
18	1	自从	12.460963249206543
18	2	离开	14.40311050415039
18	3	培养	18.400304794311523
18	4	了	7.990297317504883
18	5	她	9.335914611816406
18	6	的	1.8511862754821777
18	7	家乡	5.881720066070557
18	8	。	12.059277534484863
19	1	自从	12.460963249206543
19	2	打	14.654836654663086
19	3	游戏	12.415619850158691
19	4	的	4.462735176086426
19	5	他	9.794644355773926
19	6	开始	7.0291242599487305
19	7	读书	9.730931282043457
19	8	，	1.973433494567871
19	9	他	5.124471187591553
19	10	的	3.9997668266296387
19	11	成绩	8.554699897766113
19	12	提高	8.668610572814941
19	13	了	0.3152782618999481
19	14	。	8.187860488891602
20	1	自从	12.460963249206543
20	2	打	14.654836654663086
20	3	游戏	12.415619850158691
20	4	的	4.462735176086426
20	5	他	9.794644355773926
20	6	开始	7.0291242599487305
20	7	读书	9.730931282043457
20	8	。	4.828891754150391
21	1	自从	12.460963249206543
21	2	认识	18.50641632080078
21	3	科学家	13.172484397888184
21	4	的	2.749793291091919
21	5	他	9.945549011230469
21	6	获得	11.436558723449707
21	7	大奖	16.94918441772461
21	8	，	9.1470947265625
21	9	他	2.0448036193847656
21	10	不	6.59840202331543
21	11	学习	15.976531982421875
21	12	了	6.34319543838501
21	13	。	6.02410364151001
22	1	自从	12.460963249206543
22	2	认识	18.50641632080078
22	3	科学家	13.172484397888184
22	4	的	2.749793291091919
22	5	他	9.945549011230469
22	6	获得	11.436558723449707
22	7	大奖	16.94918441772461
22	8	。	12.71474838256836
23	1	自从	12.460963249206543
23	2	热爱	18.711259841918945
23	3	艺术	9.514792442321777
23	4	的	2.045900821685791
23	5	她	10.258219718933105
23	6	认识	10.801271438598633
23	7	了	4.974654674530029
23	8	老师	13.821571350097656
23	9	，	2.30718994140625
23	10	她	2.176820993423462
23	11	努力	13.254190444946289
23	12	训练	8.5022611618042
23	13	。	4.740495204925537
24	1	自从	12.460963249206543
24	2	热爱	18.711259841918945
24	3	艺术	9.514792442321777
24	4	的	2.045900821685791
24	5	她	10.258219718933105
24	6	认识	10.801271438598633
24	7	了	4.974654674530029
24	8	老师	13.821571350097656
24	9	。	6.705287933349609
25	1	自从	12.460963249206543
25	2	设立	14.860105514526367
25	3	了	7.061348915100098
25	4	目标	17.53688621520996
25	5	的	6.290614128112793
25	6	她	14.151750564575195
25	7	参与	13.196067810058594
25	8	了	1.7807214260101318
25	9	活动	9.364028930664062
25	10	，	2.90256929397583
25	11	她	1.15237295627594
25	12	认识	10.471426963806152
25	13	了	4.493093967437744
25	14	很多	9.097809791564941
25	15	人	3.861905574798584
25	16	。	4.903138637542725
26	1	自从	12.460963249206543
26	2	设立	14.860105514526367
26	3	了	7.061348915100098
26	4	目标	17.53688621520996
26	5	的	6.290614128112793
26	6	她	14.151750564575195
26	7	参与	13.196067810058594
26	8	了	1.7807214260101318
26	9	活动	9.364028930664062
26	10	。	4.1349077224731445
27	1	自从	12.460963249206543
27	2	申请	12.495978355407715
27	3	留学	14.32500171661377
27	4	的	5.648316860198975
27	5	她	9.340537071228027
27	6	学习	12.554325103759766
27	7	了	7.811882495880127
27	8	外语	7.939422130584717
27	9	，	3.2869560718536377
27	10	她	4.249291896820068
27	11	看	11.746665000915527
27	12	了	3.751865863800049
27	13	很多	4.9545183181762695
27	14	电影	9.123222351074219
27	15	。	2.8502848148345947
28	1	自从	12.460963249206543
28	2	申请	12.495978355407715
28	3	留学	14.32500171661377
28	4	的	5.648316860198975
28	5	她	9.340537071228027
28	6	学习	12.554325103759766
28	7	了	7.811882495880127
28	8	外语	7.939422130584717
28	9	。	6.041706562042236
29	1	因为	9.535497665405273
29	2	喝	12.665275573730469
29	3	了	3.9968209266662598
29	4	让	14.108323097229004
29	5	他	4.0963850021362305
29	6	开心	11.257634162902832
29	7	的	0.43203970789909363
29	8	酒	5.644999027252197
29	9	，	0.8762714862823486
29	10	他	5.868330001831055
29	11	摔	13.320733070373535
29	12	了	0.7998734712600708
29	13	。	7.050045013427734
30	1	因为	9.535497665405273
30	2	喝	12.665275573730469
30	3	了	3.9968209266662598
30	4	让	14.108323097229004
30	5	他	4.0963850021362305
30	6	开心	11.257634162902832
30	7	的	0.43203970789909363
30	8	酒	5.644999027252197
30	9	。	4.573134899139404
31	1	因为	9.535497665405273
31	2	需要	12.460503578186035
31	3	工作	14.036297798156738
31	4	的	1.3548835515975952
31	5	他	9.444635391235352
31	6	要	7.364649295806885
31	7	迟到	17.26864242553711
31	8	了	3.676382303237915
31	9	，	8.072383880615234
31	10	他	4.868025302886963
31	11	结束	15.505633354187012
31	12	了	1.6472241878509521
31	13	谈话	14.6209716796875
31	14	。	2.594007968902588
32	1	因为	9.535497665405273
32	2	需要	12.460503578186035
32	3	工作	14.036297798156738
32	4	的	1.3548835515975952
32	5	他	9.444635391235352
32	6	要	7.364649295806885
32	7	迟到	17.26864242553711
32	8	了	3.676382303237915
32	9	。	11.28732967376709
33	1	因为	9.535497665405273
33	2	不	8.249773979187012
33	3	读书	16.09247589111328
33	4	的	2.1720547676086426
33	5	他	11.256363868713379
33	6	没有	6.552554607391357
33	7	练习	16.35393524169922
33	8	题目	17.89200782775879
33	9	，	0.7951276302337646
33	10	他	4.377209663391113
33	11	没有	5.746610164642334
33	12	成功	7.62098503112793
33	13	。	2.886106491088867
34	1	因为	9.535497665405273
34	2	不	8.249773979187012
34	3	读书	16.09247589111328
34	4	的	2.1720547676086426
34	5	他	11.256363868713379
34	6	没有	6.552554607391357
34	7	练习	16.35393524169922
34	8	题目	17.89200782775879
34	9	。	3.865309715270996
35	1	因为	9.535497665405273
35	2	困扰	17.94933319091797
35	3	着	1.759833574295044
35	4	她	6.9130353927612305
35	5	的	0.49132221937179565
35	6	疾病	9.685347557067871
35	7	，	0.26286017894744873
35	8	她	1.064232587814331
35	9	拒绝	11.188518524169922
35	10	了	1.984385371208191
35	11	演出	19.563068389892578
35	12	。	2.6174559593200684
36	1	因为	9.535497665405273
36	2	困扰	17.94933319091797
36	3	着	1.759833574295044
36	4	她	6.9130353927612305
36	5	的	0.49132221937179565
36	6	疾病	9.685347557067871
36	7	。	5.472062110900879
37	1	因为	9.535497665405273
37	2	听	15.020973205566406
37	3	着	8.381453514099121
37	4	吸引	16.220233917236328
37	5	她	11.106643676757812
37	6	的	1.01972496509552
37	7	音乐	6.110419750213623
37	8	，	1.5947468280792236
37	9	她	2.5566413402557373
37	10	错过	15.308631896972656
37	11	了	0.7397229075431824
37	12	广播	14.217520713806152
37	13	。	4.254310131072998
38	1	因为	9.535497665405273
38	2	听	15.020973205566406
38	3	着	8.381453514099121
38	4	吸引	16.220233917236328
38	5	她	11.106643676757812
38	6	的	1.01972496509552
38	7	音乐	6.110419750213623
38	8	。	8.86426830291748
39	1	尽管	9.265105247497559
39	2	负责	15.227594375610352
39	3	工程	8.785192489624023
39	4	的	1.3468924760818481
39	5	领导	10.425511360168457
39	6	已经	4.315581321716309
39	7	离去	20.111865997314453
39	8	，	0.11926348507404327
39	9	工人	16.71354866027832
39	10	还	4.499781608581543
39	11	在	3.416297674179077
39	12	工作	8.824889183044434
39	13	。	5.909773826599121
40	1	尽管	9.265105247497559
40	2	负责	15.227594375610352
40	3	工程	8.785192489624023
40	4	的	1.3468924760818481
40	5	领导	10.425511360168457
40	6	已经	4.315581321716309
40	7	离去	20.111865997314453
40	8	。	5.156371116638184
41	1	尽管	9.265105247497559
41	2	努力	14.819967269897461
41	3	工作	4.637495994567871
41	4	的	5.962335586547852
41	5	他	12.868685722351074
41	6	年纪	16.555234909057617
41	7	小	4.724335670471191
41	8	，	0.3112965226173401
41	9	他	6.02045202255249
41	10	有	7.813934803009033
41	11	能力	4.630486011505127
41	12	。	9.247641563415527
42	1	尽管	9.265105247497559
42	2	努力	14.819967269897461
42	3	工作	4.637495994567871
42	4	的	5.962335586547852
42	5	他	12.868685722351074
42	6	年纪	16.555234909057617
42	7	小	4.724335670471191
42	8	。	8.9144287109375
43	1	尽管	9.265105247497559
43	2	支持	18.061140060424805
43	3	环保	13.375385284423828
43	4	活动	9.399187088012695
43	5	的	1.8541041612625122
43	6	她	15.699539184570312
43	7	会	12.287887573242188
43	8	开车	16.675378799438477
43	9	，	3.25213623046875
43	10	她	6.201273441314697
43	11	今天	8.826196670532227
43	12	没有	7.5339202880859375
43	13	开车	9.988602638244629
43	14	。	5.3759765625
44	1	尽管	9.265105247497559
44	2	支持	18.061140060424805
44	3	环保	13.375385284423828
44	4	活动	9.399187088012695
44	5	的	1.8541041612625122
44	6	她	15.699539184570312
44	7	会	12.287887573242188
44	8	开车	16.675378799438477
44	9	。	8.053366661071777
45	1	尽管	9.265105247497559
45	2	买	13.797698974609375
45	3	了	2.8416588306427
45	4	房子	6.351531028747559
45	5	的	4.769085884094238
45	6	作家	18.889432907104492
45	7	很	7.893064022064209
45	8	年轻	9.093929290771484
45	9	，	0.04539939761161804
45	10	他	6.879146575927734
45	11	写	10.415085792541504
45	12	了	4.480178356170654
45	13	很多	6.9018354415893555
45	14	作品	6.484927654266357
45	15	。	4.830803394317627
46	1	尽管	9.265105247497559
46	2	买	13.797698974609375
46	3	了	2.8416588306427
46	4	房子	6.351531028747559
46	5	的	4.769085884094238
46	6	作家	18.889432907104492
46	7	很	7.893064022064209
46	8	年轻	9.093929290771484
46	9	。	8.959623336791992
47	1	尽管	9.265105247497559
47	2	热爱	17.977819442749023
47	3	文学	13.112730026245117
47	4	的	3.263192653656006
47	5	父亲	12.554682731628418
47	6	不	5.82752799987793
47	7	同意	9.055298805236816
47	8	他	1.810128092765808
47	9	唱歌	19.272165298461914
47	10	，	1.3686264753341675
47	11	他	5.396517276763916
47	12	还是	5.241696834564209
47	13	买	11.983588218688965
47	14	了	2.5557894706726074
47	15	吉他	11.845129013061523
47	16	。	2.14548659324646
48	1	尽管	9.265105247497559
48	2	热爱	17.977819442749023
48	3	文学	13.112730026245117
48	4	的	3.263192653656006
48	5	父亲	12.554682731628418
48	6	不	5.82752799987793
48	7	同意	9.055298805236816
48	8	他	1.810128092765808
48	9	唱歌	19.272165298461914
48	10	。	6.7437567710876465
49	1	尽管	9.265105247497559
49	2	影响	10.99766731262207
49	3	他	10.000006675720215
49	4	收入	10.937726020812988
49	5	的	2.582636833190918
49	6	经济	9.051107406616211
49	7	不	7.344219207763672
49	8	好	4.745378017425537
49	9	，	0.1483161449432373
49	10	他	5.54104471206665
49	11	还是	5.670311450958252
49	12	关心	8.287505149841309
49	13	慈善	12.208189964294434
49	14	。	9.554311752319336
50	1	尽管	9.265105247497559
50	2	影响	10.99766731262207
50	3	他	10.000006675720215
50	4	收入	10.937726020812988
50	5	的	2.582636833190918
50	6	经济	9.051107406616211
50	7	不	7.344219207763672
50	8	好	4.745378017425537
50	9	。	12.083373069763184
51	1	如果	9.046191215515137
51	2	准备	13.544651985168457
51	3	比赛	10.483222961425781
51	4	的	5.064420223236084
51	5	她	16.373004913330078
51	6	做	12.605457305908203
51	7	完	9.609787940979004
51	8	作业	15.018940925598145
51	9	，	0.6667951941490173
51	10	她	2.758803129196167
51	11	去	12.380846977233887
51	12	健身房	12.058531761169434
51	13	。	4.803475856781006
52	1	如果	9.046191215515137
52	2	准备	13.544651985168457
52	3	比赛	10.483222961425781
52	4	的	5.064420223236084
52	5	她	16.373004913330078
52	6	做	12.605457305908203
52	7	完	9.609787940979004
52	8	作业	15.018940925598145
52	9	。	8.220809936523438
53	1	如果	9.046191215515137
53	2	即将	15.71229362487793
53	3	离开	10.718673706054688
53	4	的	5.840634822845459
53	5	她们	12.733696937561035
53	6	照	16.506481170654297
53	7	了	7.535806179046631
53	8	相	17.399812698364258
53	9	，	6.844305992126465
53	10	她们	4.256223201751709
53	11	就	4.234276294708252
53	12	留下	15.902085304260254
53	13	了	0.24756090342998505
53	14	回忆	12.243234634399414
53	15	。	4.482405185699463
54	1	如果	9.046191215515137
54	2	即将	15.71229362487793
54	3	离开	10.718673706054688
54	4	的	5.840634822845459
54	5	她们	12.733696937561035
54	6	照	16.506481170654297
54	7	了	7.535806179046631
54	8	相	17.399812698364258
54	9	。	11.426076889038086
55	1	如果	9.046191215515137
55	2	培养	16.85738182067871
55	3	了	5.328427791595459
55	4	支撑	19.474369049072266
55	5	她	10.10605239868164
55	6	努力	11.17388916015625
55	7	的	0.8731762170791626
55	8	信心	9.840721130371094
55	9	，	0.2536349892616272
55	10	她	3.2642059326171875
55	11	可以	6.486747741699219
55	12	实现	7.400140762329102
55	13	梦想	9.392056465148926
55	14	。	1.4520046710968018
56	1	如果	9.046191215515137
56	2	培养	16.85738182067871
56	3	了	5.328427791595459
56	4	支撑	19.474369049072266
56	5	她	10.10605239868164
56	6	努力	11.17388916015625
56	7	的	0.8731762170791626
56	8	信心	9.840721130371094
56	9	。	9.259247779846191
57	1	如果	9.046191215515137
57	2	没有	5.117465019226074
57	3	工作	10.23104476928711
57	4	的	4.456792831420898
57	5	他	12.03221607208252
57	6	不	5.627711772918701
57	7	尝试	13.347900390625
57	8	，	2.857802629470825
57	9	他	1.0101505517959595
57	10	将	4.019101619720459
57	11	失去	5.119691848754883
57	12	机会	6.86826753616333
57	13	。	1.2066501379013062
58	1	如果	9.046191215515137
58	2	没有	5.117465019226074
58	3	工作	10.23104476928711
58	4	的	4.456792831420898
58	5	他	12.03221607208252
58	6	不	5.627711772918701
58	7	尝试	13.347900390625
58	8	。	9.009745597839355
59	1	如果	9.046191215515137
59	2	喜欢	15.854438781738281
59	3	水果	9.981172561645508
59	4	的	3.8027496337890625
59	5	她	11.209837913513184
59	6	来	9.230813980102539
59	7	，	8.255852699279785
59	8	母亲	10.07861614227295
59	9	会	3.2773399353027344
59	10	准备	10.21216869354248
59	11	水果	11.229870796203613
59	12	。	4.395188331604004
60	1	如果	9.046191215515137
60	2	喜欢	15.854438781738281
60	3	水果	9.981172561645508
60	4	的	3.8027496337890625
60	5	她	11.209837913513184
60	6	来	9.230813980102539
60	7	。	11.982358932495117
