sentence_id	token_id	token	surprisal
1	1	记者	8.113224029541016
1	2	采访	8.835838317871094
1	3	了	2.498013496398926
1	4	研发	19.702247619628906
1	5	帮助	17.34943389892578
1	6	老人	13.62444019317627
1	7	的	4.194705009460449
1	8	产品	9.552687644958496
1	9	。	1.2443228960037231
2	1	记者	8.113224029541016
2	2	采访	8.835838317871094
2	3	了	2.498013496398926
2	4	研发	19.702247619628906
2	5	帮助	17.34943389892578
2	6	老人	13.62444019317627
2	7	的	4.194705009460449
2	8	产品	9.552687644958496
2	9	的	8.817822456359863
2	10	科学家	13.432223320007324
2	11	。	1.146810531616211
3	1	他	4.461699962615967
3	2	认识	15.714367866516113
3	3	了	8.969386100769043
3	4	写	16.756877899169922
3	5	介绍	13.993453979492188
3	6	名人	13.566737174987793
3	7	的	1.9326175451278687
3	8	书	7.597580432891846
3	9	。	3.099395513534546
4	1	他	4.461699962615967
4	2	认识	15.714367866516113
4	3	了	8.969386100769043
4	4	写	16.756877899169922
4	5	介绍	13.993453979492188
4	6	名人	13.566737174987793
4	7	的	1.9326175451278687
4	8	书	7.597580432891846
4	9	的	6.232583999633789
4	10	老师	13.07277774810791
4	11	。	4.404711723327637
5	1	他	4.461699962615967
5	2	拍	15.35202407836914
5	3	下	12.561141967773438
5	4	了	3.1439528465270996
5	5	获得	22.14362144470215
5	6	代表	15.716874122619629
5	7	实力	12.162827491760254
5	8	的	0.7785557508468628
5	9	大奖	13.988066673278809
5	10	。	2.8554883003234863
6	1	他	4.461699962615967
6	2	拍	15.35202407836914
6	3	下	12.561141967773438
6	4	了	3.1439528465270996
6	5	获得	22.14362144470215
6	6	代表	15.716874122619629
6	7	实力	12.162827491760254
6	8	的	0.7785557508468628
6	9	大奖	13.988066673278809
6	10	的	6.126865386962891
6	11	艺术品	11.598665237426758
6	12	。	3.5728673934936523
7	1	我们	7.831811904907227
7	2	参加	10.569522857666016
7	3	了	2.9668331146240234
7	4	吸引	17.30706024169922
7	5	学习	16.932785034179688
7	6	历史	16.45360565185547
7	7	的	1.2312532663345337
7	8	学生	9.130594253540039
7	9	。	2.8611855506896973
8	1	我们	7.831811904907227
8	2	参加	10.569522857666016
8	3	了	2.9668331146240234
8	4	吸引	17.30706024169922
8	5	学习	16.932785034179688
8	6	历史	16.45360565185547
8	7	的	1.2312532663345337
8	8	学生	9.130594253540039
8	9	的	5.810631275177002
8	10	活动	5.347243785858154
8	11	。	1.156935691833496
9	1	他	4.461699962615967
9	2	想起	17.689786911010742
9	3	了	4.333837509155273
9	4	写	14.646047592163086
9	5	过	5.129619598388672
9	6	宣传	15.964927673339844
9	7	环保	14.938803672790527
9	8	的	1.6163601875305176
9	9	歌	10.248930931091309
9	10	。	2.2001774311065674
10	1	他	4.461699962615967
10	2	想起	17.689786911010742
10	3	了	4.333837509155273
10	4	写	14.646047592163086
10	5	过	5.129619598388672
10	6	宣传	15.964927673339844
10	7	环保	14.938803672790527
10	8	的	1.6163601875305176
10	9	歌	10.248930931091309
10	10	的	12.27049446105957
10	11	同学	11.467585563659668
10	12	。	2.0042002201080322
11	1	司机	16.577594757080078
11	2	启动	18.14748191833496
11	3	了	3.7797605991363525
11	4	装有	13.228968620300293
11	5	支持	20.917470932006836
11	6	互联网	12.471888542175293
11	7	功能	11.617501258850098
11	8	的	0.13487669825553894
11	9	音响	8.180864334106445
11	10	。	6.3088812828063965
12	1	司机	16.577594757080078
12	2	启动	18.14748191833496
12	3	了	3.7797605991363525
12	4	装有	13.228968620300293
12	5	支持	20.917470932006836
12	6	互联网	12.471888542175293
12	7	功能	11.617501258850098
12	8	的	0.13487669825553894
12	9	音响	8.180864334106445
12	10	的	10.0761079788208
12	11	车	10.17637825012207
12	12	。	3.3080244064331055
13	1	爸爸	14.470151901245117
13	2	买	6.320626735687256
13	3	了	3.0866503715515137
13	4	带	13.420687675476074
13	5	配备	18.095287322998047
13	6	保险	14.062520027160645
13	7	的	5.114509582519531
13	8	家具	10.008140563964844
13	9	。	3.6722917556762695
14	1	爸爸	14.470151901245117
14	2	买	6.320626735687256
14	3	了	3.0866503715515137
14	4	带	13.420687675476074
14	5	配备	18.095287322998047
14	6	保险	14.062520027160645
14	7	的	5.114509582519531
14	8	家具	10.008140563964844
14	9	的	10.93807601928711
14	10	房子	5.557291030883789
14	11	。	3.725590705871582
15	1	他	4.461699962615967
15	2	损失	18.571157455444336
15	3	了	1.4664889574050903
15	4	买	14.193391799926758
15	5	治疗	20.118499755859375
15	6	疾病	5.26542854309082
15	7	的	1.7243726253509521
15	8	药	10.766324043273926
15	9	。	1.5822229385375977
16	1	他	4.461699962615967
16	2	损失	18.571157455444336
16	3	了	1.4664889574050903
16	4	买	14.193391799926758
16	5	治疗	20.118499755859375
16	6	疾病	5.26542854309082
16	7	的	1.7243726253509521
16	8	药	10.766324043273926
16	9	的	8.663153648376465
16	10	现金	8.70791244506836
16	11	。	1.6749354600906372
17	1	我	7.862820148468018
17	2	拜访	15.957141876220703
17	3	了	1.930863618850708
17	4	去	14.984502792358398
17	5	过	4.61108922958374
17	6	支持	18.041719436645508
17	7	贸易	17.550615310668945
17	8	的	2.2614779472351074
17	9	中国	4.029496192932129
17	10	。	6.1102800369262695
18	1	我	7.862820148468018
18	2	拜访	15.957141876220703
18	3	了	1.930863618850708
18	4	去	14.984502792358398
18	5	过	4.61108922958374
18	6	支持	18.041719436645508
18	7	贸易	17.550615310668945
18	8	的	2.2614779472351074
18	9	中国	4.029496192932129
18	10	的	5.758657455444336
18	11	邻居	15.550095558166504
18	12	。	1.9897311925888062
19	1	爷爷	17.997987747192383
19	2	中止	20.719757080078125
19	3	了	1.5882370471954346
19	4	引发	21.210693359375
19	5	伤害	12.775239944458008
19	6	亲情	16.28728675842285
19	7	的	0.6987152695655823
19	8	争吵	10.90992259979248
19	9	。	3.320103645324707
20	1	爷爷	17.997987747192383
20	2	中止	20.719757080078125
20	3	了	1.5882370471954346
20	4	引发	21.210693359375
20	5	伤害	12.775239944458008
20	6	亲情	16.28728675842285
20	7	的	0.6987152695655823
20	8	争吵	10.90992259979248
20	9	的	10.560734748840332
20	10	谈话	13.749140739440918
20	11	。	2.4062085151672363
21	1	她	7.418179035186768
21	2	提到	13.15109920501709
21	3	了	5.159510612487793
21	4	看	10.521679878234863
21	5	着	6.564533710479736
21	6	带来	17.813312530517578
21	7	欢乐	12.545073509216309
21	8	的	0.8817319869995117
21	9	电视	14.28774356842041
21	10	。	4.571526527404785
22	1	她	7.418179035186768
22	2	提到	13.15109920501709
22	3	了	5.159510612487793
22	4	看	10.521679878234863
22	5	着	6.564533710479736
22	6	带来	17.813312530517578
22	7	欢乐	12.545073509216309
22	8	的	0.8817319869995117
22	9	电视	14.28774356842041
22	10	的	8.245878219604492
22	11	女儿	13.230816841125488
22	12	。	2.9269895553588867
23	1	医生	14.688043594360352
23	2	表扬	17.978757858276367
23	3	了	0.36600199341773987
23	4	帮助	16.549917221069336
23	5	种	14.75920581817627
23	6	菜	11.622716903686523
23	7	的	1.4460190534591675
23	8	老人	12.2225980758667
23	9	。	1.8556424379348755
24	1	医生	14.688043594360352
24	2	表扬	17.978757858276367
24	3	了	0.36600199341773987
24	4	帮助	16.549917221069336
24	5	种	14.75920581817627
24	6	菜	11.622716903686523
24	7	的	1.4460190534591675
24	8	老人	12.2225980758667
24	9	的	6.215848445892334
24	10	孩子	10.949492454528809
24	11	。	1.212539792060852
25	1	她	7.418179035186768
25	2	介绍	7.745831489562988
25	3	了	4.513178825378418
25	4	生产	16.25640106201172
25	5	装有	14.276571273803711
25	6	音响	11.774620056152344
25	7	的	2.486219644546509
25	8	电视	13.22550106048584
25	9	。	13.440309524536133
26	1	她	7.418179035186768
26	2	介绍	7.745831489562988
26	3	了	4.513178825378418
26	4	生产	16.25640106201172
26	5	装有	14.276571273803711
26	6	音响	11.774620056152344
26	7	的	2.486219644546509
26	8	电视	13.22550106048584
26	9	的	10.26101016998291
26	10	工厂	8.964725494384766
26	11	。	5.236512660980225
27	1	我	7.862820148468018
27	2	洗	16.04010009765625
27	3	了	1.7183269262313843
27	4	陪伴	18.59693717956543
27	5	过	7.492880821228027
27	6	卖	14.324261665344238
27	7	衣服	5.7855143547058105
27	8	的	2.3851230144500732
27	9	母亲	9.184845924377441
27	10	。	3.8188130855560303
28	1	我	7.862820148468018
28	2	洗	16.04010009765625
28	3	了	1.7183269262313843
28	4	陪伴	18.59693717956543
28	5	过	7.492880821228027
28	6	卖	14.324261665344238
28	7	衣服	5.7855143547058105
28	8	的	2.3851230144500732
28	9	母亲	9.184845924377441
28	10	的	7.95593786239624
28	11	衣服	8.896912574768066
28	12	。	3.8253872394561768
29	1	学生	13.86217975616455
29	2	们	20.752887725830078
29	3	写	13.446078300476074
29	4	着	3.9983763694763184
29	5	困扰	18.482927322387695
29	6	努力	18.380977630615234
29	7	学习	8.060635566711426
29	8	的	2.445261240005493
29	9	他们	15.468754768371582
29	10	。	2.8158304691314697
30	1	学生	13.86217975616455
30	2	们	20.752887725830078
30	3	写	13.446078300476074
30	4	着	3.9983763694763184
30	5	困扰	18.482927322387695
30	6	努力	18.380977630615234
30	7	学习	8.060635566711426
30	8	的	2.445261240005493
30	9	他们	15.468754768371582
30	10	的	2.614126443862915
30	11	作业	13.403776168823242
30	12	。	1.810321569442749
31	1	店长	22.399904251098633
31	2	拿	16.487590789794922
31	3	着	0.7964906096458435
31	4	开	14.603233337402344
31	5	通往	15.246711730957031
31	6	仓库	14.970107078552246
31	7	的	0.41018837690353394
31	8	大门	9.28359317779541
31	9	。	5.750800132751465
32	1	店长	22.399904251098633
32	2	拿	16.487590789794922
32	3	着	0.7964906096458435
32	4	开	14.603233337402344
32	5	通往	15.246711730957031
32	6	仓库	14.970107078552246
32	7	的	0.41018837690353394
32	8	大门	9.28359317779541
32	9	的	12.15466594696045
32	10	钥匙	10.7608060836792
32	11	。	1.8186384439468384
33	1	有人	13.568957328796387
33	2	听	8.571550369262695
33	3	着	7.046919345855713
33	4	打扰	17.970521926879883
33	5	了	8.04685115814209
33	6	写	12.672314643859863
33	7	书	12.152398109436035
33	8	的	1.3425315618515015
33	9	邻居	14.991976737976074
33	10	。	4.24355411529541
34	1	有人	13.568957328796387
34	2	听	8.571550369262695
34	3	着	7.046919345855713
34	4	打扰	17.970521926879883
34	5	了	8.04685115814209
34	6	写	12.672314643859863
34	7	书	12.152398109436035
34	8	的	1.3425315618515015
34	9	邻居	14.991976737976074
34	10	的	6.850632190704346
34	11	音乐	12.223503112792969
34	12	。	3.9500808715820312
35	1	我	7.862820148468018
35	2	观察	14.007115364074707
35	3	着	8.480904579162598
35	4	经营	16.022655487060547
35	5	卖	12.40829086303711
35	6	食品	7.83234167098999
35	7	的	0.5782517790794373
35	8	商店	10.399246215820312
35	9	。	4.676128387451172
36	1	我	7.862820148468018
36	2	观察	14.007115364074707
36	3	着	8.480904579162598
36	4	经营	16.022655487060547
36	5	卖	12.40829086303711
36	6	食品	7.83234167098999
36	7	的	0.5782517790794373
36	8	商店	10.399246215820312
36	9	的	6.436169147491455
36	10	男人	14.446677207946777
36	11	。	3.376535415649414
37	1	学生	13.86217975616455
37	2	们	20.752887725830078
37	3	读	13.984665870666504
37	4	着	9.581613540649414
37	5	描述	12.471148490905762
37	6	启发	17.562910079956055
37	7	读者	12.983280181884766
37	8	的	1.6179888248443604
37	9	故事	2.409389019012451
37	10	。	3.3363099098205566
38	1	学生	13.86217975616455
38	2	们	20.752887725830078
38	3	读	13.984665870666504
38	4	着	9.581613540649414
38	5	描述	12.471148490905762
38	6	启发	17.562910079956055
38	7	读者	12.983280181884766
38	8	的	1.6179888248443604
38	9	故事	2.409389019012451
38	10	的	8.693375587463379
38	11	书	6.440256118774414
38	12	。	3.958569049835205
39	1	教练	13.351858139038086
39	2	创办	18.94200897216797
39	3	过	7.665693283081055
39	4	教	14.117536544799805
39	5	治疗	15.575384140014648
39	6	失眠	18.955060958862305
39	7	的	0.5478639006614685
39	8	动作	17.477157592773438
39	9	。	3.25110125541687
40	1	教练	13.351858139038086
40	2	创办	18.94200897216797
40	3	过	7.665693283081055
40	4	教	14.117536544799805
40	5	治疗	15.575384140014648
40	6	失眠	18.955060958862305
40	7	的	0.5478639006614685
40	8	动作	17.477157592773438
40	9	的	8.789498329162598
40	10	健身房	14.057646751403809
40	11	。	5.606673717498779
41	1	我	7.862820148468018
41	2	喜欢	7.615693092346191
41	3	过	6.107556343078613
41	4	给	13.564207077026367
41	5	我	4.175060749053955
41	6	克服	16.03279685974121
41	7	困难	3.2438337802886963
41	8	的	1.980347990989685
41	9	信心	13.984854698181152
41	10	。	0.8546137809753418
42	1	我	7.862820148468018
42	2	喜欢	7.615693092346191
42	3	过	6.107556343078613
42	4	给	13.564207077026367
42	5	我	4.175060749053955
42	6	克服	16.03279685974121
42	7	困难	3.2438337802886963
42	8	的	1.980347990989685
42	9	信心	13.984854698181152
42	10	的	7.651741981506348
42	11	音乐	15.00732707977295
42	12	。	2.4069554805755615
43	1	她	7.418179035186768
43	2	开	14.133308410644531
43	3	过	8.518375396728516
43	4	容纳	19.56366539001465
43	5	很多	11.399873733520508
43	6	学习	12.214533805847168
43	7	舞蹈	11.594529151916504
43	8	的	2.005772113800049
43	9	人	5.801189422607422
43	10	。	2.562649726867676
44	1	她	7.418179035186768
44	2	开	14.133308410644531
44	3	过	8.518375396728516
44	4	容纳	19.56366539001465
44	5	很多	11.399873733520508
44	6	学习	12.214533805847168
44	7	舞蹈	11.594529151916504
44	8	的	2.005772113800049
44	9	人	5.801189422607422
44	10	的	9.35507583618164
44	11	车	10.53681755065918
44	12	。	3.5644938945770264
45	1	他	4.461699962615967
45	2	修理	21.057270050048828
45	3	过	11.063495635986328
45	4	丢失	18.921546936035156
45	5	了	3.6208407878875732
45	6	处理	14.833410263061523
45	7	程序	8.052278518676758
45	8	的	4.11477518081665
45	9	芯片	12.155607223510742
45	10	。	3.295578956604004
46	1	他	4.461699962615967
46	2	修理	21.057270050048828
46	3	过	11.063495635986328
46	4	丢失	18.921546936035156
46	5	了	3.6208407878875732
46	6	处理	14.833410263061523
46	7	程序	8.052278518676758
46	8	的	4.11477518081665
46	9	芯片	12.155607223510742
46	10	的	7.71638822555542
46	11	电脑	8.319604873657227
46	12	。	6.476529598236084
47	1	他	4.461699962615967
47	2	讲	14.411433219909668
47	3	过	4.953347206115723
47	4	介绍	16.07965087890625
47	5	写	14.988369941711426
47	6	诗	15.012801170349121
47	7	的	2.8109445571899414
47	8	画家	15.724428176879883
47	9	。	8.380002975463867
48	1	他	4.461699962615967
48	2	讲	14.411433219909668
48	3	过	4.953347206115723
48	4	介绍	16.07965087890625
48	5	写	14.988369941711426
48	6	诗	15.012801170349121
48	7	的	2.8109445571899414
48	8	画家	15.724428176879883
48	9	的	5.638058185577393
48	10	课	11.45102310180664
48	11	。	5.664351463317871
49	1	我	7.862820148468018
49	2	邀请	15.987895011901855
49	3	过	6.838870525360107
49	4	喜欢	15.021814346313477
49	5	唱	11.447300910949707
49	6	歌	7.379313945770264
49	7	的	0.5780177712440491
49	8	明星	13.33320426940918
49	9	。	2.7872326374053955
50	1	我	7.862820148468018
50	2	邀请	15.987895011901855
50	3	过	6.838870525360107
50	4	喜欢	15.021814346313477
50	5	唱	11.447300910949707
50	6	歌	7.379313945770264
50	7	的	0.5780177712440491
50	8	明星	13.33320426940918
50	9	的	8.137781143188477
50	10	朋友	5.411983489990234
50	11	。	4.802770614624023
51	1	她	7.418179035186768
51	2	申请	18.60416603088379
51	3	过	10.742176055908203
51	4	减轻	16.974754333496094
51	5	困扰	13.545916557312012
51	6	父母	10.161867141723633
51	7	的	1.1098430156707764
51	8	负担	4.240703582763672
51	9	。	2.5461437702178955
52	1	她	7.418179035186768
52	2	申请	18.60416603088379
52	3	过	10.742176055908203
52	4	减轻	16.974754333496094
52	5	困扰	13.545916557312012
52	6	父母	10.161867141723633
52	7	的	1.1098430156707764
52	8	负担	4.240703582763672
52	9	的	8.60343074798584
52	10	奖金	13.358224868774414
52	11	。	2.233349561691284
53	1	她	7.418179035186768
53	2	去	14.01528263092041
53	3	卖	12.24203872680664
53	4	陪伴	19.20807647705078
53	5	孩子	5.7373127937316895
53	6	的	1.5830934047698975
53	7	礼物	11.889041900634766
53	8	。	4.086520195007324
54	1	她	7.418179035186768
54	2	去	14.01528263092041
54	3	卖	12.24203872680664
54	4	陪伴	19.20807647705078
54	5	孩子	5.7373127937316895
54	6	的	1.5830934047698975
54	7	礼物	11.889041900634766
54	8	的	9.95254898071289
54	9	商店	16.314016342163086
54	10	。	6.228667259216309
55	1	弟弟	18.1878662109375
55	2	需要	16.864835739135742
55	3	用于	12.953177452087402
55	4	锻炼	15.94555377960205
55	5	记忆力	19.835201263427734
55	6	的	3.931809186935425
55	7	游戏	13.682251930236816
55	8	。	4.064496040344238
56	1	弟弟	18.1878662109375
56	2	需要	16.864835739135742
56	3	用于	12.953177452087402
56	4	锻炼	15.94555377960205
56	5	记忆力	19.835201263427734
56	6	的	3.931809186935425
56	7	游戏	13.682251930236816
56	8	的	8.581103324890137
56	9	钱	11.019145965576172
56	10	。	6.450718879699707
57	1	他	4.461699962615967
57	2	很	11.105599403381348
57	3	欣赏	8.078949928283691
57	4	写	14.831772804260254
57	5	吸引	19.37200927734375
57	6	读者	6.082910537719727
57	7	的	0.6758654713630676
57	8	小说	7.625603199005127
57	9	。	3.425719738006592
58	1	他	4.461699962615967
58	2	很	11.105599403381348
58	3	欣赏	8.078949928283691
58	4	写	14.831772804260254
58	5	吸引	19.37200927734375
58	6	读者	6.082910537719727
58	7	的	0.6758654713630676
58	8	小说	7.625603199005127
58	9	的	11.949468612670898
58	10	作家	13.545175552368164
58	11	。	3.400545835494995
59	1	我	7.862820148468018
59	2	经常	9.864368438720703
59	3	去	5.325547218322754
59	4	提供	15.625275611877441
59	5	帮助	4.2461042404174805
59	6	残疾人	18.045032501220703
59	7	的	4.445433616638184
59	8	停车位	20.71395492553711
59	9	。	3.600660800933838
60	1	我	7.862820148468018
60	2	经常	9.864368438720703
60	3	去	5.325547218322754
60	4	提供	15.625275611877441
60	5	帮助	4.2461042404174805
60	6	残疾人	18.045032501220703
60	7	的	4.445433616638184
60	8	停车位	20.71395492553711
60	9	的	11.721752166748047
60	10	医院	15.397106170654297
60	11	。	2.836780071258545
