sentence_id	token_id	token	surprisal
1	1	他	4.461699962615967
1	2	喜欢	12.21204662322998
1	3	那	9.617194175720215
1	4	家	7.307379245758057
1	5	亲切	19.632741928100586
1	6	的	0.25905129313468933
1	7	老板	10.737399101257324
1	8	投资	17.427000045776367
1	9	的	1.2516456842422485
1	10	饭店	8.352102279663086
1	11	。	2.0644612312316895
2	1	他	4.461699962615967
2	2	喜欢	12.21204662322998
2	3	那	9.617194175720215
2	4	个	5.156651496887207
2	5	亲切	13.67121696472168
2	6	的	0.196920245885849
2	7	老板	14.702678680419922
2	8	投资	18.188335418701172
2	9	的	1.9585167169570923
2	10	饭店	9.722515106201172
2	11	。	1.583728313446045
3	1	她	7.418177604675293
3	2	在	5.507089138031006
3	3	看	13.338187217712402
3	4	那	10.305612564086914
3	5	幅	9.291412353515625
3	6	聪明	15.173256874084473
3	7	的	0.5625003576278687
3	8	朋友	10.85097599029541
3	9	喜欢	15.6719970703125
3	10	的	3.4847185611724854
3	11	画	8.757100105285645
3	12	。	3.1961820125579834
4	1	她	7.418177604675293
4	2	在	5.507089138031006
4	3	看	13.338187217712402
4	4	那	10.305612564086914
4	5	个	6.711832046508789
4	6	聪明	14.312247276306152
4	7	的	0.5283914804458618
4	8	朋友	5.686346054077148
4	9	喜欢	14.51095199584961
4	10	的	3.826826572418213
4	11	画	11.378864288330078
4	12	。	2.8109524250030518
5	1	我	7.862820148468018
5	2	欣赏	12.994966506958008
5	3	那	6.974849224090576
5	4	件	2.7322380542755127
5	5	细心	14.475879669189453
5	6	的	0.2693718373775482
5	7	老师	13.171284675598145
5	8	收藏	17.295413970947266
5	9	的	0.2942003011703491
5	10	艺术品	10.911125183105469
5	11	。	2.1682441234588623
6	1	我	7.862820148468018
6	2	欣赏	12.994966506958008
6	3	那	6.974849224090576
6	4	个	4.164135456085205
6	5	细心	15.035587310791016
6	6	的	0.29049068689346313
6	7	老师	9.437692642211914
6	8	收藏	18.233291625976562
6	9	的	0.37230128049850464
6	10	艺术品	12.02418327331543
6	11	。	2.332793712615967
7	1	他	4.461699962615967
7	2	打	14.396736145019531
7	3	了	3.679990530014038
7	4	那	11.036871910095215
7	5	只	9.854116439819336
7	6	负责	17.19182014465332
7	7	的	2.008633852005005
7	8	店长	21.875202178955078
7	9	喜欢	16.959836959838867
7	10	的	3.764540672302246
7	11	宠物	15.769774436950684
7	12	。	7.862797737121582
8	1	他	4.461699962615967
8	2	打	14.396736145019531
8	3	了	3.679990530014038
8	4	那	11.036871910095215
8	5	个	5.381657123565674
8	6	负责	19.381166458129883
8	7	的	1.896776795387268
8	8	店长	22.312891006469727
8	9	喜欢	17.085594177246094
8	10	的	3.7252464294433594
8	11	宠物	16.7423038482666
8	12	。	8.00684928894043
9	1	我	7.862820148468018
9	2	在	6.32228422164917
9	3	思念	17.53183937072754
9	4	那	6.622856616973877
9	5	首	8.651507377624512
9	6	有名	13.908005714416504
9	7	的	0.0822301059961319
9	8	明星	14.644311904907227
9	9	唱	12.750799179077148
9	10	的	1.6084696054458618
9	11	歌	5.216339588165283
9	12	。	3.6104836463928223
10	1	我	7.862820148468018
10	2	在	6.32228422164917
10	3	思念	17.53183937072754
10	4	那	6.622856616973877
10	5	个	3.682521104812622
10	6	有名	16.240169525146484
10	7	的	0.0666632428765297
10	8	明星	14.787364959716797
10	9	唱	14.327515602111816
10	10	的	1.7972840070724487
10	11	歌	5.067866325378418
10	12	。	3.1189355850219727
11	1	她	7.418177604675293
11	2	拜访	18.530517578125
11	3	了	1.5010308027267456
11	4	那	11.047714233398438
11	5	所	6.976437568664551
11	6	富有	13.415002822875977
11	7	的	4.767446041107178
11	8	老人	10.714256286621094
11	9	去	11.280116081237793
11	10	的	5.9719462394714355
11	11	学校	8.921778678894043
11	12	。	2.552932024002075
12	1	她	7.418177604675293
12	2	拜访	18.530517578125
12	3	了	1.5010308027267456
12	4	那	11.047714233398438
12	5	个	4.4352617263793945
12	6	富有	14.515748023986816
12	7	的	8.801864624023438
12	8	老人	12.5502290725708
12	9	去	10.918672561645508
12	10	的	8.238886833190918
12	11	学校	10.486562728881836
12	12	。	2.429285764694214
13	1	他	4.461699962615967
13	2	检查	16.386470794677734
13	3	了	1.3612775802612305
13	4	那	14.459376335144043
13	5	件	5.4470295906066895
13	6	紧张	19.53306007385254
13	7	的	2.0817179679870605
13	8	司机	21.994693756103516
13	9	带	10.616741180419922
13	10	的	4.059423923492432
13	11	行李	7.660847187042236
13	12	。	3.857635021209717
14	1	他	4.461699962615967
14	2	检查	16.386470794677734
14	3	了	1.3612775802612305
14	4	那	14.459376335144043
14	5	个	7.7264204025268555
14	6	紧张	19.589008331298828
14	7	的	0.8977957963943481
14	8	司机	18.988229751586914
14	9	带	11.100251197814941
14	10	的	3.556978225708008
14	11	行李	6.989062309265137
14	12	。	3.4619927406311035
15	1	我	7.862820148468018
15	2	听说	9.444957733154297
15	3	过	4.271707534790039
15	4	那	5.924305438995361
15	5	本	4.898000240325928
15	6	有名	15.175176620483398
15	7	的	0.03643238916993141
15	8	作家	10.167135238647461
15	9	写	10.856164932250977
15	10	的	2.71419358253479
15	11	书	3.990549087524414
15	12	。	6.298562049865723
16	1	我	7.862820148468018
16	2	听说	9.444957733154297
16	3	过	4.271707534790039
16	4	那	5.924305438995361
16	5	个	6.210477828979492
16	6	有名	14.060172080993652
16	7	的	0.04870288074016571
16	8	作家	11.71940803527832
16	9	写	11.954500198364258
16	10	的	3.5455029010772705
16	11	书	4.600341320037842
16	12	。	6.237673282623291
17	1	她	7.418177604675293
17	2	撞	21.473379135131836
17	3	了	1.1764477491378784
17	4	那	11.347912788391113
17	5	辆	7.610830783843994
17	6	熟悉	18.697763442993164
17	7	的	0.8862562775611877
17	8	朋友	11.693243026733398
17	9	开	13.09372329711914
17	10	的	3.8464181423187256
17	11	车	5.909582614898682
17	12	。	4.545578956604004
18	1	她	7.418177604675293
18	2	撞	21.473379135131836
18	3	了	1.1764477491378784
18	4	那	11.347912788391113
18	5	个	4.543138027191162
18	6	熟悉	17.30109405517578
18	7	的	0.8682292699813843
18	8	朋友	4.955977916717529
18	9	开	14.095011711120605
18	10	的	3.889244556427002
18	11	车	8.787789344787598
18	12	。	4.288005352020264
19	1	我们	7.831811428070068
19	2	认可	16.026453018188477
19	3	了	1.571732521057129
19	4	那	9.198702812194824
19	5	份	1.673769235610962
19	6	淘气	19.705413818359375
19	7	的	0.9295008778572083
19	8	孩子	11.2579927444458
19	9	做	11.43727970123291
19	10	的	3.1058099269866943
19	11	作业	12.92902946472168
19	12	。	2.066965103149414
20	1	我们	7.831811428070068
20	2	认可	16.026453018188477
20	3	了	1.571732521057129
20	4	那	9.198702812194824
20	5	个	5.638659954071045
20	6	淘气	19.164987564086914
20	7	的	0.812895655632019
20	8	孩子	7.455627918243408
20	9	做	12.727596282958984
20	10	的	2.883624792098999
20	11	作业	13.94871997833252
20	12	。	1.8252769708633423
21	1	他们	7.121227741241455
21	2	接受	12.056792259216309
21	3	了	1.7831612825393677
21	4	那	12.017544746398926
21	5	份	2.2326817512512207
21	6	严格	14.431366920471191
21	7	的	0.09937252849340439
21	8	老板	16.808996200561523
21	9	制定	9.837891578674316
21	10	的	3.2721660137176514
21	11	合同	8.98021125793457
21	12	。	3.5235962867736816
22	1	他们	7.121227741241455
22	2	接受	12.056792259216309
22	3	了	1.7831612825393677
22	4	那	12.017544746398926
22	5	个	7.010292053222656
22	6	严格	14.850768089294434
22	7	的	0.02347383461892605
22	8	老板	16.92964744567871
22	9	制定	9.652411460876465
22	10	的	3.248884677886963
22	11	合同	9.88573169708252
22	12	。	3.682816743850708
23	1	他	4.461699962615967
23	2	离开	12.842940330505371
23	3	了	4.044250965118408
23	4	那	9.582436561584473
23	5	间	9.663483619689941
23	6	负责	15.63746452331543
23	7	的	4.188056468963623
23	8	朋友	8.52967643737793
23	9	开	14.989885330200195
23	10	的	4.977813243865967
23	11	工厂	12.541810989379883
23	12	。	4.618924140930176
24	1	他	4.461699962615967
24	2	离开	12.842940330505371
24	3	了	4.044250965118408
24	4	那	9.582436561584473
24	5	个	6.020485877990723
24	6	负责	17.50078010559082
24	7	的	1.8569141626358032
24	8	朋友	7.253010272979736
24	9	开	16.575664520263672
24	10	的	4.865373611450195
24	11	工厂	12.770157814025879
24	12	。	4.138040065765381
25	1	她	7.418177604675293
25	2	找	18.701738357543945
25	3	了	3.3087546825408936
25	4	那	8.67480182647705
25	5	张	3.8056564331054688
25	6	聪明	14.68668270111084
25	7	的	0.1857454925775528
25	8	孩子	9.921257972717285
25	9	照	17.761587142944336
25	10	的	6.021734237670898
25	11	照片	7.938740253448486
25	12	。	6.032938003540039
26	1	她	7.418177604675293
26	2	找	18.701738357543945
26	3	了	3.3087546825408936
26	4	那	8.67480182647705
26	5	个	4.1397624015808105
26	6	聪明	11.354645729064941
26	7	的	0.26729562878608704
26	8	孩子	5.5348920822143555
26	9	照	19.058427810668945
26	10	的	6.227766990661621
26	11	照片	10.203339576721191
26	12	。	5.423479080200195
27	1	我	7.862820148468018
27	2	需要	8.730376243591309
27	3	那	10.16221809387207
27	4	台	10.723627090454102
27	5	负责	15.1251802444458
27	6	的	2.8172922134399414
27	7	老师	12.987539291381836
27	8	用	9.98233699798584
27	9	的	7.0218892097473145
27	10	手机	12.97974967956543
27	11	。	7.024622917175293
28	1	我	7.862820148468018
28	2	需要	8.730376243591309
28	3	那	10.16221809387207
28	4	个	3.8034465312957764
28	5	负责	14.317048072814941
28	6	的	1.2396550178527832
28	7	老师	13.056984901428223
28	8	用	9.893503189086914
28	9	的	6.992502689361572
28	10	手机	13.09360408782959
28	11	。	6.961004734039307
29	1	他	4.461699962615967
29	2	在	5.712046146392822
29	3	画	15.45901107788086
29	4	那	11.331987380981445
29	5	朵	12.380483627319336
29	6	细心	17.373090744018555
29	7	的	1.2073670625686646
29	8	邻居	13.473533630371094
29	9	种	16.458328247070312
29	10	的	10.899864196777344
29	11	花	9.114606857299805
29	12	。	6.601438522338867
30	1	他	4.461699962615967
30	2	在	5.712046146392822
30	3	画	15.45901107788086
30	4	那	11.331987380981445
30	5	个	7.707418441772461
30	6	细心	14.7542142868042
30	7	的	0.3767126798629761
30	8	邻居	11.273330688476562
30	9	种	16.775117874145508
30	10	的	9.362659454345703
30	11	花	11.733241081237793
30	12	。	6.647449016571045
31	1	她	7.418177604675293
31	2	在	5.507089138031006
31	3	介绍	6.398707389831543
31	4	那	12.378067016601562
31	5	台	11.622191429138184
31	6	优秀	12.100607872009277
31	7	的	4.475250720977783
31	8	科学家	13.056680679321289
31	9	做	15.538576126098633
31	10	的	4.107968807220459
31	11	电视	17.2857723236084
31	12	。	10.357159614562988
32	1	她	7.418177604675293
32	2	在	5.507089138031006
32	3	介绍	6.398707389831543
32	4	那	12.378067016601562
32	5	个	6.732855319976807
32	6	优秀	13.927847862243652
32	7	的	1.2633663415908813
32	8	科学家	9.71910572052002
32	9	做	15.818323135375977
32	10	的	3.0050442218780518
32	11	电视	18.518123626708984
32	12	。	9.277029991149902
33	1	我	7.862820148468018
33	2	见	12.06876277923584
33	3	过	0.3877566456794739
33	4	那	5.5008745193481445
33	5	栋	7.5990705490112305
33	6	富有	15.61980152130127
33	7	的	8.306553840637207
33	8	男人	13.064373970031738
33	9	买	16.602479934692383
33	10	的	3.0826046466827393
33	11	房子	3.270338773727417
33	12	。	3.9068222045898438
34	1	我	7.862820148468018
34	2	见	12.06876277923584
34	3	过	0.3877566456794739
34	4	那	5.5008745193481445
34	5	个	4.8161420822143555
34	6	富有	15.45868968963623
34	7	的	6.240814208984375
34	8	男人	10.18663501739502
34	9	买	18.198999404907227
34	10	的	3.0078964233398438
34	11	房子	6.46058464050293
34	12	。	3.5891292095184326
35	1	我	7.862820148468018
35	2	拒绝	12.99109172821045
35	3	了	2.0849385261535645
35	4	那	5.188460826873779
35	5	条	6.612299919128418
35	6	紧张	14.686375617980957
35	7	的	0.6580001711845398
35	8	朋友	13.32923698425293
35	9	给	7.322916507720947
35	10	的	11.807381629943848
35	11	建议	7.986242771148682
35	12	。	1.3109992742538452
36	1	我	7.862820148468018
36	2	拒绝	12.99109172821045
36	3	了	2.0849385261535645
36	4	那	5.188460826873779
36	5	个	6.146431922912598
36	6	紧张	17.736711502075195
36	7	的	0.44340747594833374
36	8	朋友	9.935752868652344
36	9	给	6.580173969268799
36	10	的	12.424588203430176
36	11	建议	8.347711563110352
36	12	。	1.6958980560302734
37	1	他	4.461699962615967
37	2	在	5.712046146392822
37	3	看	13.546805381774902
37	4	那	9.786857604980469
37	5	支	12.2962007522583
37	6	负责	16.04700469970703
37	7	的	5.187013626098633
37	8	老师	14.190990447998047
37	9	用	10.466853141784668
37	10	的	7.5807881355285645
37	11	笔	8.520636558532715
37	12	。	10.165382385253906
38	1	他	4.461699962615967
38	2	在	5.712046146392822
38	3	看	13.546805381774902
38	4	那	9.786857604980469
38	5	个	7.029496192932129
38	6	负责	17.452991485595703
38	7	的	2.5173187255859375
38	8	老师	11.54008674621582
38	9	用	10.77767276763916
38	10	的	5.945621967315674
38	11	笔	9.433673858642578
38	12	。	9.14668083190918
39	1	她	7.418177604675293
39	2	在	5.507089138031006
39	3	找	15.809206008911133
39	4	那	10.046936988830566
39	5	只	10.659728050231934
39	6	内向	18.45456886291504
39	7	的	7.455097198486328
39	8	女人	7.479635238647461
39	9	丢	13.572151184082031
39	10	的	8.696739196777344
39	11	鞋子	15.281190872192383
39	12	。	3.926161289215088
40	1	她	7.418177604675293
40	2	在	5.507089138031006
40	3	找	15.809206008911133
40	4	那	10.046936988830566
40	5	个	4.054272174835205
40	6	内向	16.88935089111328
40	7	的	7.2211408615112305
40	8	女人	6.883342742919922
40	9	丢	14.20163631439209
40	10	的	7.8899102210998535
40	11	鞋子	15.532252311706543
40	12	。	3.678473472595215
41	1	我	7.862820148468018
41	2	讨厌	12.535320281982422
41	3	那	7.3128228187561035
41	4	条	8.942146301269531
41	5	孤独	15.291190147399902
41	6	的	1.7935588359832764
41	7	邻居	9.565797805786133
41	8	养	18.400726318359375
41	9	的	3.8962290287017822
41	10	狗	7.671103000640869
41	11	。	2.3576579093933105
42	1	我	7.862820148468018
42	2	讨厌	12.535320281982422
42	3	那	7.3128228187561035
42	4	个	5.051339626312256
42	5	孤独	15.266257286071777
42	6	的	2.4358205795288086
42	7	邻居	9.432182312011719
42	8	养	18.283466339111328
42	9	的	4.5310187339782715
42	10	狗	8.424712181091309
42	11	。	2.7964694499969482
43	1	他	4.461699962615967
43	2	发现	12.067215919494629
43	3	了	6.061255931854248
43	4	那	9.689136505126953
43	5	座	5.593320369720459
43	6	幽默	16.15262222290039
43	7	的	0.5690428018569946
43	8	老人	11.062682151794434
43	9	修	18.197574615478516
43	10	的	4.313612937927246
43	11	桥	12.774093627929688
43	12	。	3.176252603530884
44	1	他	4.461699962615967
44	2	发现	12.067215919494629
44	3	了	6.061255931854248
44	4	那	9.689136505126953
44	5	个	7.261480331420898
44	6	幽默	14.342949867248535
44	7	的	0.40150609612464905
44	8	老人	12.126358985900879
44	9	修	19.37481117248535
44	10	的	4.038093566894531
44	11	桥	13.638107299804688
44	12	。	3.1539502143859863
45	1	她	7.418177604675293
45	2	评价	13.71249008178711
45	3	了	4.6756086349487305
45	4	那	10.115376472473145
45	5	篇	7.362865447998047
45	6	认真	12.80232048034668
45	7	的	3.5928468704223633
45	8	学生	18.5720272064209
45	9	准备	14.027281761169434
45	10	的	4.906615257263184
45	11	报告	6.893057823181152
45	12	。	1.7439043521881104
46	1	她	7.418177604675293
46	2	评价	13.71249008178711
46	3	了	4.6756086349487305
46	4	那	10.115376472473145
46	5	个	7.00347375869751
46	6	认真	14.02804946899414
46	7	的	3.100614547729492
46	8	学生	14.315897941589355
46	9	准备	13.98149299621582
46	10	的	4.567867279052734
46	11	报告	14.106962203979492
46	12	。	1.3820470571517944
47	1	我	7.862820148468018
47	2	在	6.32228422164917
47	3	等	13.67305850982666
47	4	那	8.435214042663574
47	5	封	8.425582885742188
47	6	亲切	15.132933616638184
47	7	的	0.7473781108856201
47	8	朋友	11.072086334228516
47	9	写	9.819217681884766
47	10	的	1.6859180927276611
47	11	信	2.280906915664673
47	12	。	5.192560195922852
48	1	我	7.862820148468018
48	2	在	6.32228422164917
48	3	等	13.67305850982666
48	4	那	8.435214042663574
48	5	个	4.487740993499756
48	6	亲切	15.185836791992188
48	7	的	0.6941749453544617
48	8	朋友	5.60318660736084
48	9	写	11.621915817260742
48	10	的	2.432535409927368
48	11	信	4.758249759674072
48	12	。	4.88955545425415
49	1	他	4.461699962615967
49	2	提到	14.131357192993164
49	3	了	4.778252601623535
49	4	那	9.267841339111328
49	5	堂	16.678268432617188
49	6	有名	19.90386390686035
49	7	的	0.8842132687568665
49	8	老师	12.704497337341309
49	9	教	10.93237590789795
49	10	的	7.6648430824279785
49	11	课	6.660766124725342
49	12	。	2.850836753845215
50	1	他	4.461699962615967
50	2	提到	14.131357192993164
50	3	了	4.778252601623535
50	4	那	9.267841339111328
50	5	个	5.308340549468994
50	6	有名	16.109079360961914
50	7	的	0.040777161717414856
50	8	老师	16.024234771728516
50	9	教	13.237730026245117
50	10	的	6.1017022132873535
50	11	课	7.164893627166748
50	12	。	3.0046229362487793
51	1	她	7.418177604675293
51	2	推荐	15.696860313415527
51	3	了	1.7708781957626343
51	4	那	12.977373123168945
51	5	块	11.836620330810547
51	6	细心	15.225086212158203
51	7	的	1.0941373109817505
51	8	医生	11.892997741699219
51	9	喜欢	13.222336769104004
51	10	的	4.908115386962891
51	11	手表	12.083677291870117
51	12	。	4.217349052429199
52	1	她	7.418177604675293
52	2	推荐	15.696860313415527
52	3	了	1.7708781957626343
52	4	那	12.977373123168945
52	5	个	5.4928879737854
52	6	细心	14.207720756530762
52	7	的	0.9439617395401001
52	8	医生	8.14777946472168
52	9	喜欢	13.220860481262207
52	10	的	4.328225612640381
52	11	手表	12.693436622619629
52	12	。	4.173078536987305
53	1	我	7.862820148468018
53	2	选择	10.448587417602539
53	3	了	1.619734764099121
53	4	那	8.284590721130371
53	5	篇	6.9968953132629395
53	6	优秀	14.079923629760742
53	7	的	1.6160163879394531
53	8	学生	15.789938926696777
53	9	写	7.203113555908203
53	10	的	3.7425289154052734
53	11	论文	7.8495049476623535
53	12	。	3.581214189529419
54	1	我	7.862820148468018
54	2	选择	10.448587417602539
54	3	了	1.619734764099121
54	4	那	8.284590721130371
54	5	个	6.0559258460998535
54	6	优秀	14.013653755187988
54	7	的	0.32623252272605896
54	8	学生	9.446763038635254
54	9	写	12.486480712890625
54	10	的	4.052865505218506
54	11	论文	9.720702171325684
54	12	。	3.412442445755005
55	1	她	7.418177604675293
55	2	喜欢	11.132678031921387
55	3	那	9.492303848266602
55	4	场	5.945557594299316
55	5	专业	14.96367073059082
55	6	的	3.703749418258667
55	7	演员	12.822757720947266
55	8	准备	13.220459938049316
55	9	的	6.606344699859619
55	10	表演	6.286562919616699
55	11	。	2.8638904094696045
56	1	她	7.418177604675293
56	2	喜欢	11.132678031921387
56	3	那	9.492303848266602
56	4	个	4.627105712890625
56	5	专业	12.310394287109375
56	6	的	2.805393695831299
56	7	演员	7.378946304321289
56	8	准备	13.64133071899414
56	9	的	6.442900657653809
56	10	表演	7.225607395172119
56	11	。	2.862399101257324
57	1	他	4.461699962615967
57	2	称赞	9.865862846374512
57	3	了	8.793869018554688
57	4	那	10.764079093933105
57	5	间	11.65910816192627
57	6	勇敢	16.122892379760742
57	7	的	0.5753104090690613
57	8	警察	13.60147476196289
57	9	工作	11.66805362701416
57	10	的	2.66776180267334
57	11	办公室	15.135383605957031
57	12	。	2.189366102218628
58	1	他	4.461699962615967
58	2	称赞	9.865862846374512
58	3	了	8.793869018554688
58	4	那	10.764079093933105
58	5	个	8.805510520935059
58	6	勇敢	12.958287239074707
58	7	的	0.4555325508117676
58	8	警察	14.247539520263672
58	9	工作	13.64468765258789
58	10	的	2.7800538539886475
58	11	办公室	13.713879585266113
58	12	。	1.9851433038711548
59	1	我	7.862820148468018
59	2	听说	9.444957733154297
59	3	过	4.271707534790039
59	4	那	5.924305438995361
59	5	首	9.027078628540039
59	6	聪明	17.892536163330078
59	7	的	0.7135025858879089
59	8	孩子	8.760052680969238
59	9	写	14.501513481140137
59	10	的	3.996870517730713
59	11	诗	11.985479354858398
59	12	。	6.651278495788574
60	1	我	7.862820148468018
60	2	听说	9.444957733154297
60	3	过	4.271707534790039
60	4	那	5.924305438995361
60	5	个	6.210477828979492
60	6	聪明	14.915677070617676
60	7	的	0.5447711944580078
60	8	孩子	4.8979082107543945
60	9	写	15.075621604919434
60	10	的	4.251369953155518
60	11	诗	11.832051277160645
60	12	。	5.664824485778809
61	1	我	7.862820148468018
61	2	选择	10.448587417602539
61	3	了	1.619734764099121
61	4	那	8.284590721130371
61	5	家	6.096203804016113
61	6	细心	17.287853240966797
61	7	的	0.394607275724411
61	8	朋友	3.886776924133301
61	9	去	7.21580171585083
61	10	的	11.048033714294434
61	11	银行	12.35028076171875
61	12	。	3.5426857471466064
62	1	我	7.862820148468018
62	2	选择	10.448587417602539
62	3	了	1.619734764099121
62	4	那	8.284590721130371
62	5	个	6.0559258460998535
62	6	细心	14.906665802001953
62	7	的	0.30676373839378357
62	8	朋友	4.211619853973389
62	9	去	7.350741386413574
62	10	的	11.78486442565918
62	11	银行	14.073866844177246
62	12	。	3.820622682571411
