sentence_id	token_id	token	surprisal
1	1	他	5.726855754852295
1	2	喜欢	11.833595275878906
1	3	那	8.184242248535156
1	4	家	6.5562825202941895
1	5	老板	9.863551139831543
1	6	投资	15.931999206542969
1	7	的	3.5041663646698
1	8	饭店	12.86514949798584
1	9	。	6.8733320236206055
2	1	他	5.726855754852295
2	2	喜欢	11.833595275878906
2	3	那	8.184242248535156
2	4	个	5.137637138366699
2	5	老板	12.037574768066406
2	6	投资	17.91983985900879
2	7	的	2.757270097732544
2	8	饭店	13.945239067077637
2	9	。	6.523464679718018
3	1	她	8.375974655151367
3	2	在	4.873105049133301
3	3	看	10.1476411819458
3	4	那	6.689178466796875
3	5	幅	9.858551979064941
3	6	朋友	8.726633071899414
3	7	喜欢	11.892266273498535
3	8	的	4.941790580749512
3	9	画	14.86057186126709
3	10	。	5.7449469566345215
4	1	她	8.375974655151367
4	2	在	4.873105049133301
4	3	看	10.1476411819458
4	4	那	6.689178466796875
4	5	个	4.914025783538818
4	6	朋友	8.584659576416016
4	7	喜欢	10.817922592163086
4	8	的	5.5678887367248535
4	9	画	15.374092102050781
4	10	。	5.346069812774658
5	1	我	5.452167987823486
5	2	欣赏	14.68117904663086
5	3	那	6.39137601852417
5	4	件	3.560744524002075
5	5	老师	15.202886581420898
5	6	收藏	18.703447341918945
5	7	的	1.1876779794692993
5	8	艺术品	16.502262115478516
5	9	。	3.9708259105682373
6	1	我	5.452167987823486
6	2	欣赏	14.68117904663086
6	3	那	6.39137601852417
6	4	个	5.3493828773498535
6	5	老师	11.298744201660156
6	6	收藏	18.112329483032227
6	7	的	0.9751549363136292
6	8	艺术品	15.858550071716309
6	9	。	3.6616742610931396
7	1	他	5.726855754852295
7	2	打	12.129278182983398
7	3	了	2.074660301208496
7	4	那	7.514527320861816
7	5	只	8.310834884643555
7	6	店长	18.04717254638672
7	7	喜欢	10.664031028747559
7	8	的	4.462819576263428
7	9	宠物	16.535743713378906
7	10	。	4.982716083526611
8	1	他	5.726855754852295
8	2	打	12.129278182983398
8	3	了	2.074660301208496
8	4	那	7.514527320861816
8	5	个	3.962355136871338
8	6	店长	19.259082794189453
8	7	喜欢	10.03488540649414
8	8	的	3.299135684967041
8	9	宠物	17.062177658081055
8	10	。	5.077818393707275
9	1	我	5.452167987823486
9	2	在	5.525373935699463
9	3	思念	18.688770294189453
9	4	那	12.529922485351562
9	5	首	9.996095657348633
9	6	明星	16.407093048095703
9	7	唱	12.788607597351074
9	8	的	2.9652116298675537
9	9	歌	9.573858261108398
9	10	。	4.49341344833374
10	1	我	5.452167987823486
10	2	在	5.525373935699463
10	3	思念	18.688770294189453
10	4	那	12.529922485351562
10	5	个	4.118635177612305
10	6	明星	12.071410179138184
10	7	唱	14.979588508605957
10	8	的	1.6753987073898315
10	9	歌	10.018426895141602
10	10	。	5.024435043334961
11	1	她	8.375974655151367
11	2	拜访	14.895407676696777
11	3	了	4.824275970458984
11	4	那	6.70194149017334
11	5	所	8.716314315795898
11	6	老人	15.536311149597168
11	7	去	10.045019149780273
11	8	的	3.1970112323760986
11	9	学校	10.008111953735352
11	10	。	6.091123104095459
12	1	她	8.375974655151367
12	2	拜访	14.895407676696777
12	3	了	4.824275970458984
12	4	那	6.70194149017334
12	5	个	4.212595462799072
12	6	老人	11.084009170532227
12	7	去	8.482810020446777
12	8	的	6.653336048126221
12	9	学校	10.18636703491211
12	10	。	5.042782306671143
13	1	他	5.726855754852295
13	2	检查	16.69233512878418
13	3	了	3.818380117416382
13	4	那	7.83911657333374
13	5	件	3.9339311122894287
13	6	司机	16.974380493164062
13	7	带	13.46518325805664
13	8	的	6.721334934234619
13	9	行李	15.174337387084961
13	10	。	3.223452568054199
14	1	他	5.726855754852295
14	2	检查	16.69233512878418
14	3	了	3.818380117416382
14	4	那	7.83911657333374
14	5	个	4.6761393547058105
14	6	司机	14.065860748291016
14	7	带	12.220919609069824
14	8	的	7.448956489562988
14	9	行李	14.68027114868164
14	10	。	2.9736757278442383
15	1	我	5.452167987823486
15	2	听说	11.154688835144043
15	3	过	0.5331401824951172
15	4	那	5.433099269866943
15	5	本	5.145886421203613
15	6	作家	13.597589492797852
15	7	写	9.809134483337402
15	8	的	1.859748125076294
15	9	书	4.511326313018799
15	10	。	5.77562952041626
16	1	我	5.452167987823486
16	2	听说	11.154688835144043
16	3	过	0.5331401824951172
16	4	那	5.433099269866943
16	5	个	4.4147162437438965
16	6	作家	12.392167091369629
16	7	写	9.933175086975098
16	8	的	3.2971320152282715
16	9	书	6.003622055053711
16	10	。	5.650920391082764
17	1	她	8.375974655151367
17	2	撞	18.07440757751465
17	3	了	2.409327268600464
17	4	那	7.645362854003906
17	5	辆	6.412354946136475
17	6	朋友	10.857109069824219
17	7	开	13.200220108032227
17	8	的	6.418115139007568
17	9	车	5.003617286682129
17	10	。	4.865102291107178
18	1	她	8.375974655151367
18	2	撞	18.07440757751465
18	3	了	2.409327268600464
18	4	那	7.645362854003906
18	5	个	3.8583486080169678
18	6	朋友	7.230851650238037
18	7	开	13.92092514038086
18	8	的	6.794394493103027
18	9	车	7.067614555358887
18	10	。	4.872076988220215
19	1	我们	6.797189235687256
19	2	认可	16.725679397583008
19	3	了	4.210546016693115
19	4	那	6.576947212219238
19	5	份	7.26579475402832
19	6	孩子	12.196172714233398
19	7	做	11.482508659362793
19	8	的	1.8450053930282593
19	9	作业	13.909811973571777
19	10	。	4.592958927154541
20	1	我们	6.797189235687256
20	2	认可	16.725679397583008
20	3	了	4.210546016693115
20	4	那	6.576947212219238
20	5	个	3.971954345703125
20	6	孩子	6.570959091186523
20	7	做	10.116175651550293
20	8	的	1.7351911067962646
20	9	作业	13.95279312133789
20	10	。	3.3045966625213623
21	1	他们	7.303771018981934
21	2	接受	10.88011360168457
21	3	了	2.7133078575134277
21	4	那	7.733354091644287
21	5	份	7.109487056732178
21	6	老板	12.940587043762207
21	7	制定	14.975414276123047
21	8	的	1.8500293493270874
21	9	合同	14.172515869140625
21	10	。	3.6238508224487305
22	1	他们	7.303771018981934
22	2	接受	10.88011360168457
22	3	了	2.7133078575134277
22	4	那	7.733354091644287
22	5	个	4.501807689666748
22	6	老板	12.692447662353516
22	7	制定	14.890952110290527
22	8	的	1.8588978052139282
22	9	合同	14.61949348449707
22	10	。	2.9263288974761963
23	1	他	5.726855754852295
23	2	离开	11.675847053527832
23	3	了	1.3603911399841309
23	4	那	7.009030342102051
23	5	间	11.389973640441895
23	6	朋友	10.489391326904297
23	7	开	12.590557098388672
23	8	的	7.416964054107666
23	9	工厂	14.488707542419434
23	10	。	4.630870342254639
24	1	他	5.726855754852295
24	2	离开	11.675847053527832
24	3	了	1.3603911399841309
24	4	那	7.009030342102051
24	5	个	4.182655334472656
24	6	朋友	7.8146867752075195
24	7	开	14.605314254760742
24	8	的	7.035397529602051
24	9	工厂	14.171998023986816
24	10	。	4.109701633453369
25	1	她	8.375974655151367
25	2	找	13.158355712890625
25	3	了	1.4901864528656006
25	4	那	6.139388561248779
25	5	张	6.024907112121582
25	6	孩子	7.6358795166015625
25	7	照	17.082164764404297
25	8	的	4.595617294311523
25	9	照片	9.962838172912598
25	10	。	5.835589408874512
26	1	她	8.375974655151367
26	2	找	13.158355712890625
26	3	了	1.4901864528656006
26	4	那	6.139388561248779
26	5	个	4.166700839996338
26	6	孩子	5.276110649108887
26	7	照	17.018722534179688
26	8	的	5.233214855194092
26	9	照片	10.715845108032227
26	10	。	5.5045599937438965
27	1	我	5.452167987823486
27	2	需要	8.4057035446167
27	3	那	10.41181468963623
27	4	台	14.68649959564209
27	5	老师	12.34596061706543
27	6	用	8.710244178771973
27	7	的	5.027878284454346
27	8	手机	10.624988555908203
27	9	。	6.000275135040283
28	1	我	5.452167987823486
28	2	需要	8.4057035446167
28	3	那	10.41181468963623
28	4	个	5.1002373695373535
28	5	老师	11.307741165161133
28	6	用	8.13260269165039
28	7	的	4.432916641235352
28	8	手机	11.35245132446289
28	9	。	5.698695182800293
29	1	他	5.726855754852295
29	2	在	4.746715068817139
29	3	画	14.281174659729004
29	4	那	10.579777717590332
29	5	朵	16.605669021606445
29	6	邻居	11.868621826171875
29	7	种	16.92829704284668
29	8	的	11.885879516601562
29	9	花	13.835896492004395
29	10	。	9.47597599029541
30	1	他	5.726855754852295
30	2	在	4.746715068817139
30	3	画	14.281174659729004
30	4	那	10.579777717590332
30	5	个	3.4861392974853516
30	6	邻居	12.12574577331543
30	7	种	16.973098754882812
30	8	的	11.236303329467773
30	9	花	13.611796379089355
30	10	。	9.013191223144531
31	1	她	8.375974655151367
31	2	在	4.873105049133301
31	3	介绍	13.115299224853516
31	4	那	8.77132511138916
31	5	台	13.535534858703613
31	6	科学家	15.177790641784668
31	7	做	7.537031650543213
31	8	的	1.9613298177719116
31	9	电视	10.845340728759766
31	10	。	6.7372565269470215
32	1	她	8.375974655151367
32	2	在	4.873105049133301
32	3	介绍	13.115299224853516
32	4	那	8.77132511138916
32	5	个	4.667591571807861
32	6	科学家	14.396068572998047
32	7	做	7.299384593963623
32	8	的	1.201337456703186
32	9	电视	11.207306861877441
32	10	。	6.411624431610107
33	1	我	5.452167987823486
33	2	见	11.505616188049316
33	3	过	0.5803051590919495
33	4	那	6.22477388381958
33	5	栋	8.152058601379395
33	6	男人	10.607648849487305
33	7	买	11.05882453918457
33	8	的	4.477433681488037
33	9	房子	6.928564548492432
33	10	。	3.6940338611602783
34	1	我	5.452167987823486
34	2	见	11.505616188049316
34	3	过	0.5803051590919495
34	4	那	6.22477388381958
34	5	个	4.662230968475342
34	6	男人	8.31408405303955
34	7	买	12.017867088317871
34	8	的	4.1875200271606445
34	9	房子	7.454241752624512
34	10	。	3.628734588623047
35	1	我	5.452167987823486
35	2	拒绝	12.052135467529297
35	3	了	5.632664680480957
35	4	那	5.3064961433410645
35	5	条	6.4647040367126465
35	6	朋友	9.98304271697998
35	7	给	10.287398338317871
35	8	的	8.990989685058594
35	9	建议	10.652108192443848
35	10	。	5.394404411315918
36	1	我	5.452167987823486
36	2	拒绝	12.052135467529297
36	3	了	5.632664680480957
36	4	那	5.3064961433410645
36	5	个	4.720273494720459
36	6	朋友	8.075160026550293
36	7	给	9.167096138000488
36	8	的	9.058177947998047
36	9	建议	10.395650863647461
36	10	。	5.257468223571777
37	1	他	5.726855754852295
37	2	在	4.746715068817139
37	3	看	10.764183044433594
37	4	那	7.583514213562012
37	5	支	9.831121444702148
37	6	老师	9.524967193603516
37	7	用	8.551353454589844
37	8	的	4.860942840576172
37	9	笔	14.618927955627441
37	10	。	10.356847763061523
38	1	他	5.726855754852295
38	2	在	4.746715068817139
38	3	看	10.764183044433594
38	4	那	7.583514213562012
38	5	个	4.98159646987915
38	6	老师	10.039793014526367
38	7	用	8.845463752746582
38	8	的	5.046425819396973
38	9	笔	13.939457893371582
38	10	。	9.591055870056152
39	1	她	8.375974655151367
39	2	在	4.873105049133301
39	3	找	12.578521728515625
39	4	那	7.382465362548828
39	5	只	9.1873779296875
39	6	女人	14.477365493774414
39	7	丢	11.790156364440918
39	8	的	4.861067771911621
39	9	鞋子	16.051362991333008
39	10	。	5.787591934204102
40	1	她	8.375974655151367
40	2	在	4.873105049133301
40	3	找	12.578521728515625
40	4	那	7.382465362548828
40	5	个	3.7889387607574463
40	6	女人	8.896329879760742
40	7	丢	12.665449142456055
40	8	的	3.4677894115448
40	9	鞋子	16.36334991455078
40	10	。	6.314779281616211
41	1	我	5.452167987823486
41	2	讨厌	13.644159317016602
41	3	那	5.360300540924072
41	4	条	7.1825761795043945
41	5	邻居	12.052619934082031
41	6	养	15.748963356018066
41	7	的	4.800339698791504
41	8	狗	12.232633590698242
41	9	。	3.7974469661712646
42	1	我	5.452167987823486
42	2	讨厌	13.644159317016602
42	3	那	5.360300540924072
42	4	个	5.128623962402344
42	5	邻居	12.078624725341797
42	6	养	16.16633415222168
42	7	的	4.920017242431641
42	8	狗	12.721824645996094
42	9	。	4.032661437988281
43	1	他	5.726855754852295
43	2	发现	8.688857078552246
43	3	了	5.005725383758545
43	4	那	7.801142692565918
43	5	座	7.534421443939209
43	6	老人	11.579082489013672
43	7	修	14.987434387207031
43	8	的	4.641448020935059
43	9	桥	11.004240989685059
43	10	。	4.570404529571533
44	1	他	5.726855754852295
44	2	发现	8.688857078552246
44	3	了	5.005725383758545
44	4	那	7.801142692565918
44	5	个	3.900681257247925
44	6	老人	11.332747459411621
44	7	修	15.661099433898926
44	8	的	4.699162006378174
44	9	桥	12.073894500732422
44	10	。	4.637226104736328
45	1	她	8.375974655151367
45	2	评价	14.444140434265137
45	3	了	0.8716686964035034
45	4	那	6.0960211753845215
45	5	篇	5.181433200836182
45	6	学生	12.571854591369629
45	7	准备	14.021342277526855
45	8	的	3.233279228210449
45	9	报告	8.640789985656738
45	10	。	4.306991100311279
46	1	她	8.375974655151367
46	2	评价	14.444140434265137
46	3	了	0.8716686964035034
46	4	那	6.0960211753845215
46	5	个	3.9491467475891113
46	6	学生	10.296027183532715
46	7	准备	13.504816055297852
46	8	的	2.973095655441284
46	9	报告	10.492786407470703
46	10	。	4.432118892669678
47	1	我	5.452167987823486
47	2	在	5.525373935699463
47	3	等	11.39061164855957
47	4	那	6.3982977867126465
47	5	封	11.817392349243164
47	6	朋友	6.9325642585754395
47	7	写	7.984127521514893
47	8	的	4.8739519119262695
47	9	信	11.060969352722168
47	10	。	4.170195579528809
48	1	我	5.452167987823486
48	2	在	5.525373935699463
48	3	等	11.39061164855957
48	4	那	6.3982977867126465
48	5	个	3.809332847595215
48	6	朋友	8.1801176071167
48	7	写	8.017589569091797
48	8	的	4.2134690284729
48	9	信	11.783601760864258
48	10	。	4.507779121398926
49	1	他	5.726855754852295
49	2	提到	10.711677551269531
49	3	了	3.4825217723846436
49	4	那	6.708708763122559
49	5	堂	17.825607299804688
49	6	老师	11.124134063720703
49	7	教	13.377532958984375
49	8	的	7.709997177124023
49	9	课	9.930615425109863
49	10	。	5.551448822021484
50	1	他	5.726855754852295
50	2	提到	10.711677551269531
50	3	了	3.4825217723846436
50	4	那	6.708708763122559
50	5	个	4.134200572967529
50	6	老师	11.375685691833496
50	7	教	13.976696968078613
50	8	的	7.5101823806762695
50	9	课	9.940515518188477
50	10	。	5.93915319442749
51	1	她	8.375974655151367
51	2	推荐	15.627837181091309
51	3	了	5.319310665130615
51	4	那	6.7748494148254395
51	5	块	9.2746000289917
51	6	医生	8.926937103271484
51	7	喜欢	17.16691780090332
51	8	的	5.152195453643799
51	9	手表	17.275360107421875
51	10	。	4.00045108795166
52	1	她	8.375974655151367
52	2	推荐	15.627837181091309
52	3	了	5.319310665130615
52	4	那	6.7748494148254395
52	5	个	4.349993705749512
52	6	医生	9.911975860595703
52	7	喜欢	17.624210357666016
52	8	的	4.162569046020508
52	9	手表	17.165374755859375
52	10	。	4.479722023010254
53	1	我	5.452167987823486
53	2	选择	11.590357780456543
53	3	了	2.289210081100464
53	4	那	4.905947685241699
53	5	篇	5.8433098793029785
53	6	学生	13.186549186706543
53	7	写	10.928855895996094
53	8	的	2.3044302463531494
53	9	论文	11.91987419128418
53	10	。	6.008413791656494
54	1	我	5.452167987823486
54	2	选择	11.590357780456543
54	3	了	2.289210081100464
54	4	那	4.905947685241699
54	5	个	4.462197780609131
54	6	学生	10.909449577331543
54	7	写	12.362977981567383
54	8	的	3.1641175746917725
54	9	论文	11.704937934875488
54	10	。	5.366818428039551
55	1	她	8.375974655151367
55	2	喜欢	10.823382377624512
55	3	那	7.756369113922119
55	4	场	6.81396484375
55	5	演员	10.644206047058105
55	6	准备	13.925894737243652
55	7	的	3.6539361476898193
55	8	表演	10.5271577835083
55	9	。	6.132002353668213
56	1	她	8.375974655151367
56	2	喜欢	10.823382377624512
56	3	那	7.756369113922119
56	4	个	4.96630334854126
56	5	演员	10.968332290649414
56	6	准备	13.671154022216797
56	7	的	3.8268485069274902
56	8	表演	10.895565032958984
56	9	。	6.00908899307251
57	1	他	5.726855754852295
57	2	称赞	17.296606063842773
57	3	了	8.625731468200684
57	4	那	10.01608943939209
57	5	间	11.70572280883789
57	6	警察	12.56836223602295
57	7	工作	10.839275360107422
57	8	的	2.454871654510498
57	9	办公室	10.99406623840332
57	10	。	2.803274393081665
58	1	他	5.726855754852295
58	2	称赞	17.296606063842773
58	3	了	8.625731468200684
58	4	那	10.01608943939209
58	5	个	3.4237518310546875
58	6	警察	12.609877586364746
58	7	工作	12.02674674987793
58	8	的	2.637488603591919
58	9	办公室	10.72240161895752
58	10	。	2.782578945159912
59	1	我	5.452167987823486
59	2	听说	11.154688835144043
59	3	过	0.5331401824951172
59	4	那	5.433099269866943
59	5	首	10.135062217712402
59	6	孩子	15.324257850646973
59	7	写	8.762164115905762
59	8	的	4.281073093414307
59	9	诗	12.915297508239746
59	10	。	5.844389915466309
60	1	我	5.452167987823486
60	2	听说	11.154688835144043
60	3	过	0.5331401824951172
60	4	那	5.433099269866943
60	5	个	4.4147162437438965
60	6	孩子	4.99606990814209
60	7	写	10.659125328063965
60	8	的	4.09967565536499
60	9	诗	12.877766609191895
60	10	。	6.0590972900390625
61	1	我	5.452167987823486
61	2	选择	11.590357780456543
61	3	了	2.289210081100464
61	4	那	4.905947685241699
61	5	家	7.53497314453125
61	6	朋友	9.540324211120605
61	7	去	8.711691856384277
61	8	的	8.154128074645996
61	9	银行	12.165603637695312
61	10	。	2.312591314315796
62	1	我	5.452167987823486
62	2	选择	11.590357780456543
62	3	了	2.289210081100464
62	4	那	4.905947685241699
62	5	个	4.462197780609131
62	6	朋友	8.158004760742188
62	7	去	8.823884010314941
62	8	的	7.5969743728637695
62	9	银行	13.29187297821045
62	10	。	3.0030646324157715
