sentence_id	token_id	token	surprisal
1	1	记者	9.519596099853516
1	2	采访	7.503374099731445
1	3	了	4.249082565307617
1	4	。	2.9282901287078857
2	1	记者	9.519596099853516
2	2	采访	7.503374099731445
2	3	了	4.249082565307617
2	4	科学家	16.25480079650879
2	5	。	9.166872024536133
3	1	他	5.726855754852295
3	2	认识	11.940350532531738
3	3	了	6.432525157928467
3	4	。	10.223783493041992
4	1	他	5.726855754852295
4	2	认识	11.940350532531738
4	3	了	6.432525157928467
4	4	老师	12.449321746826172
4	5	。	6.049591541290283
5	1	他	5.726855754852295
5	2	拍	14.92082691192627
5	3	下	9.695045471191406
5	4	了	5.586705207824707
5	5	。	7.593212127685547
6	1	他	5.726855754852295
6	2	拍	14.92082691192627
6	3	下	9.695045471191406
6	4	了	5.586705207824707
6	5	艺术品	18.67483139038086
6	6	。	8.242145538330078
7	1	我们	6.797189235687256
7	2	参加	11.995938301086426
7	3	了	1.414264440536499
7	4	。	11.577844619750977
8	1	我们	6.797189235687256
8	2	参加	11.995938301086426
8	3	了	1.414264440536499
8	4	活动	14.42090892791748
8	5	。	4.924098491668701
9	1	他	5.726855754852295
9	2	想起	12.615818977355957
9	3	了	0.7346515655517578
9	4	。	12.612157821655273
10	1	他	5.726855754852295
10	2	想起	12.615818977355957
10	3	了	0.7346515655517578
10	4	同学	15.588577270507812
10	5	。	5.962209701538086
11	1	司机	16.22199821472168
11	2	启动	16.613231658935547
11	3	了	1.9118499755859375
11	4	。	7.9381632804870605
12	1	司机	16.22199821472168
12	2	启动	16.613231658935547
12	3	了	1.9118499755859375
12	4	车	9.831936836242676
12	5	。	3.5335733890533447
13	1	爸爸	11.283309936523438
13	2	买	7.9982476234436035
13	3	了	1.2790838479995728
13	4	。	6.162379264831543
14	1	爸爸	11.283309936523438
14	2	买	7.9982476234436035
14	3	了	1.2790838479995728
14	4	房子	9.86947250366211
14	5	。	6.012941360473633
15	1	他	5.726855754852295
15	2	损失	18.155963897705078
15	3	了	8.501519203186035
15	4	。	3.225438356399536
16	1	他	5.726855754852295
16	2	损失	18.155963897705078
16	3	了	8.501519203186035
16	4	现金	14.310208320617676
16	5	。	2.816969871520996
17	1	我	5.452167987823486
17	2	拜访	14.270448684692383
17	3	了	4.88808536529541
17	4	。	10.94232177734375
18	1	我	5.452167987823486
18	2	拜访	14.270448684692383
18	3	了	4.88808536529541
18	4	邻居	13.457642555236816
18	5	。	3.998988628387451
19	1	爷爷	17.64959716796875
19	2	中止	19.776844024658203
19	3	了	6.517858982086182
19	4	。	6.153385639190674
20	1	爷爷	17.64959716796875
20	2	中止	19.776844024658203
20	3	了	6.517858982086182
20	4	谈话	14.828152656555176
20	5	。	4.398808002471924
21	1	她	8.375974655151367
21	2	提到	9.7389554977417
21	3	了	3.7598912715911865
21	4	。	11.406023979187012
22	1	她	8.375974655151367
22	2	提到	9.7389554977417
22	3	了	3.7598912715911865
22	4	女儿	12.474501609802246
22	5	。	7.084807395935059
23	1	医生	13.790946006774902
23	2	表扬	18.661436080932617
23	3	了	3.9118402004241943
23	4	。	7.478724479675293
24	1	医生	13.790946006774902
24	2	表扬	18.661436080932617
24	3	了	3.9118402004241943
24	4	孩子	11.17821216583252
24	5	。	5.859914779663086
25	1	她	8.375974655151367
25	2	介绍	9.802379608154297
25	3	了	5.300452709197998
25	4	。	12.166868209838867
26	1	她	8.375974655151367
26	2	介绍	9.802379608154297
26	3	了	5.300452709197998
26	4	工厂	14.688699722290039
26	5	。	9.013847351074219
27	1	我	5.452167987823486
27	2	洗	16.5988826751709
27	3	了	2.4433939456939697
27	4	。	6.212325096130371
28	1	我	5.452167987823486
28	2	洗	16.5988826751709
28	3	了	2.4433939456939697
28	4	衣服	12.836706161499023
28	5	。	5.871809005737305
29	1	学生	12.893098831176758
29	2	们	16.36983299255371
29	3	写	10.640530586242676
29	4	着	3.0676159858703613
29	5	。	5.846335411071777
30	1	学生	12.893098831176758
30	2	们	16.36983299255371
30	3	写	10.640530586242676
30	4	着	3.0676159858703613
30	5	作业	15.103291511535645
30	6	。	2.2017171382904053
31	1	店长	19.747804641723633
31	2	拿	11.934521675109863
31	3	着	0.7982187867164612
31	4	。	14.009191513061523
32	1	店长	19.747804641723633
32	2	拿	11.934521675109863
32	3	着	0.7982187867164612
32	4	钥匙	15.61946964263916
32	5	。	2.7409799098968506
33	1	有人	17.213327407836914
33	2	听	14.783653259277344
33	3	着	4.114277362823486
33	4	。	9.948196411132812
34	1	有人	17.213327407836914
34	2	听	14.783653259277344
34	3	着	4.114277362823486
34	4	音乐	10.696333885192871
34	5	。	8.561936378479004
35	1	我	5.452167987823486
35	2	观察	13.769679069519043
35	3	着	6.870707988739014
35	4	。	10.33211612701416
36	1	我	5.452167987823486
36	2	观察	13.769679069519043
36	3	着	6.870707988739014
36	4	男人	13.195211410522461
36	5	。	5.894223213195801
37	1	学生	12.893098831176758
37	2	们	16.36983299255371
37	3	读	12.457535743713379
37	4	着	5.56785774230957
37	5	。	6.662347793579102
38	1	学生	12.893098831176758
38	2	们	16.36983299255371
38	3	读	12.457535743713379
38	4	着	5.56785774230957
38	5	书	10.094807624816895
38	6	。	3.0104830265045166
39	1	教练	17.82672882080078
39	2	创办	13.357751846313477
39	3	过	7.647030830383301
39	4	。	9.05923843383789
40	1	教练	17.82672882080078
40	2	创办	13.357751846313477
40	3	过	7.647030830383301
40	4	健身房	13.205010414123535
40	5	。	10.993612289428711
41	1	我	5.452167987823486
41	2	喜欢	8.00187873840332
41	3	过	5.818577289581299
41	4	。	8.514582633972168
42	1	我	5.452167987823486
42	2	喜欢	8.00187873840332
42	3	过	5.818577289581299
42	4	音乐	13.846245765686035
42	5	。	6.7873215675354
43	1	她	8.375974655151367
43	2	开	13.467973709106445
43	3	过	5.156512260437012
43	4	。	8.952078819274902
44	1	她	8.375974655151367
44	2	开	13.467973709106445
44	3	过	5.156512260437012
44	4	车	9.164626121520996
44	5	。	4.817170143127441
45	1	他	5.726855754852295
45	2	修理	15.970820426940918
45	3	过	7.823557376861572
45	4	。	9.556260108947754
46	1	他	5.726855754852295
46	2	修理	15.970820426940918
46	3	过	7.823557376861572
46	4	电脑	12.9127197265625
46	5	。	6.2355265617370605
47	1	他	5.726855754852295
47	2	讲	11.394004821777344
47	3	过	4.6940598487854
47	4	。	9.005173683166504
48	1	他	5.726855754852295
48	2	讲	11.394004821777344
48	3	过	4.6940598487854
48	4	课	13.082098007202148
48	5	。	6.391042232513428
49	1	我	5.452167987823486
49	2	邀请	15.380782127380371
49	3	过	6.600531578063965
49	4	。	10.112425804138184
50	1	我	5.452167987823486
50	2	邀请	15.380782127380371
50	3	过	6.600531578063965
50	4	朋友	11.067952156066895
50	5	。	7.81880521774292
51	1	她	8.375974655151367
51	2	申请	15.34066104888916
51	3	过	7.377040863037109
51	4	。	8.707645416259766
52	1	她	8.375974655151367
52	2	申请	15.34066104888916
52	3	过	7.377040863037109
52	4	奖金	15.771382331848145
52	5	。	3.660614490509033
53	1	她	8.375974655151367
53	2	去	10.949736595153809
53	3	。	9.330550193786621
54	1	她	8.375974655151367
54	2	去	10.949736595153809
54	3	商店	16.35772132873535
54	4	。	7.6073689460754395
55	1	弟弟	15.203326225280762
55	2	需要	13.618481636047363
55	3	。	11.590861320495605
56	1	弟弟	15.203326225280762
56	2	需要	13.618481636047363
56	3	钱	6.999758243560791
56	4	。	7.27744722366333
57	1	他	5.726855754852295
57	2	很	7.842432975769043
57	3	欣赏	11.688210487365723
57	4	。	7.360326290130615
58	1	他	5.726855754852295
58	2	很	7.842432975769043
58	3	欣赏	11.688210487365723
58	4	作家	14.486778259277344
58	5	。	5.405797004699707
59	1	我	5.452167987823486
59	2	经常	9.698762893676758
59	3	去	7.486459732055664
59	4	。	9.682537078857422
60	1	我	5.452167987823486
60	2	经常	9.698762893676758
60	3	去	7.486459732055664
60	4	医院	10.522167205810547
60	5	。	4.8884735107421875
