sentence_id	token_id	token	surprisal
1	1	我	5.452167987823486
1	2	很	6.325794219970703
1	3	喜欢	5.14235258102417
1	4	一	4.66038179397583
1	5	位	4.519150257110596
1	6	新闻	10.347053527832031
1	7	提到	14.023649215698242
1	8	的	0.733443558216095
1	9	明星	14.172260284423828
1	10	。	4.948044300079346
2	1	我	5.452167987823486
2	2	很	6.325794219970703
2	3	喜欢	5.14235258102417
2	4	一	4.66038179397583
2	5	首	12.40388011932373
2	6	新闻	13.151817321777344
2	7	提到	15.308314323425293
2	8	的	0.9587901830673218
2	9	明星	14.580979347229004
2	10	。	3.2848589420318604
3	1	我	5.452167987823486
3	2	很	6.325794219970703
3	3	喜欢	5.14235258102417
3	4	一	4.66038179397583
3	5	首	12.40388011932373
3	6	新闻	13.151817321777344
3	7	提到	15.308314323425293
3	8	的	0.9587901830673218
3	9	歌曲	15.64941692352295
3	10	。	3.2250895500183105
4	1	我	5.452167987823486
4	2	很	6.325794219970703
4	3	喜欢	5.14235258102417
4	4	一	4.66038179397583
4	5	位	4.519150257110596
4	6	新闻	10.347053527832031
4	7	提到	14.023649215698242
4	8	的	0.733443558216095
4	9	歌曲	15.972640991210938
4	10	。	4.922198295593262
5	1	她	8.375974655151367
5	2	开车	14.4522123336792
5	3	去	8.133177757263184
5	4	了	3.1039721965789795
5	5	一	3.7563376426696777
5	6	家	5.532634735107422
5	7	我	7.0766496658325195
5	8	推荐	14.28442096710205
5	9	过	5.339859962463379
5	10	的	5.599010467529297
5	11	店	12.019322395324707
5	12	。	2.627023696899414
6	1	她	8.375974655151367
6	2	开车	14.4522123336792
6	3	去	8.133177757263184
6	4	了	3.1039721965789795
6	5	一	3.7563376426696777
6	6	座	6.902921199798584
6	7	我	8.936716079711914
6	8	推荐	14.728131294250488
6	9	过	6.220338821411133
6	10	的	4.62387752532959
6	11	店	12.196666717529297
6	12	。	2.557772636413574
7	1	她	8.375974655151367
7	2	开车	14.4522123336792
7	3	去	8.133177757263184
7	4	了	3.1039721965789795
7	5	一	3.7563376426696777
7	6	座	6.902921199798584
7	7	我	8.936716079711914
7	8	推荐	14.728131294250488
7	9	过	6.220338821411133
7	10	的	4.62387752532959
7	11	山	13.382367134094238
7	12	。	4.04208517074585
8	1	她	8.375974655151367
8	2	开车	14.4522123336792
8	3	去	8.133177757263184
8	4	了	3.1039721965789795
8	5	一	3.7563376426696777
8	6	家	5.532634735107422
8	7	我	7.0766496658325195
8	8	推荐	14.28442096710205
8	9	过	5.339859962463379
8	10	的	5.599010467529297
8	11	山	13.818021774291992
8	12	。	3.7731597423553467
9	1	他	5.726855754852295
9	2	有	9.4231595993042
9	3	一	2.0665266513824463
9	4	双	13.179593086242676
9	5	我	12.30477237701416
9	6	穿	11.90218448638916
9	7	坏	14.817371368408203
9	8	了	3.989765167236328
9	9	的	8.438045501708984
9	10	手套	15.135476112365723
9	11	。	4.342287540435791
10	1	他	5.726855754852295
10	2	有	9.4231595993042
10	3	一	2.0665266513824463
10	4	枚	10.250731468200684
10	5	我	11.421287536621094
10	6	穿	12.256108283996582
10	7	坏	14.512133598327637
10	8	了	3.9664413928985596
10	9	的	9.184475898742676
10	10	手套	14.774527549743652
10	11	。	4.398742198944092
11	1	他	5.726855754852295
11	2	有	9.4231595993042
11	3	一	2.0665266513824463
11	4	枚	10.250731468200684
11	5	我	11.421287536621094
11	6	穿	12.256108283996582
11	7	坏	14.512133598327637
11	8	了	3.9664413928985596
11	9	的	9.184475898742676
11	10	纽扣	16.777814865112305
11	11	。	6.106439113616943
12	1	他	5.726855754852295
12	2	有	9.4231595993042
12	3	一	2.0665266513824463
12	4	双	13.179593086242676
12	5	我	12.30477237701416
12	6	穿	11.90218448638916
12	7	坏	14.817371368408203
12	8	了	3.989765167236328
12	9	的	8.438045501708984
12	10	纽扣	17.070493698120117
12	11	。	6.28007173538208
13	1	店长	19.747804641723633
13	2	拿	11.934521675109863
13	3	着	0.7982187867164612
13	4	一	5.554663181304932
13	5	只	8.184873580932617
13	6	他	12.5203218460083
13	7	买	8.832218170166016
13	8	的	3.2237188816070557
13	9	兔子	15.61164379119873
13	10	。	7.2929158210754395
14	1	店长	19.747804641723633
14	2	拿	11.934521675109863
14	3	着	0.7982187867164612
14	4	一	5.554663181304932
14	5	根	7.956573486328125
14	6	他	10.387580871582031
14	7	买	8.223320007324219
14	8	的	2.87068247795105
14	9	兔子	15.887154579162598
14	10	。	7.235100746154785
15	1	店长	19.747804641723633
15	2	拿	11.934521675109863
15	3	着	0.7982187867164612
15	4	一	5.554663181304932
15	5	根	7.956573486328125
15	6	他	10.387580871582031
15	7	买	8.223320007324219
15	8	的	2.87068247795105
15	9	萝卜	16.44902229309082
15	10	。	6.331263065338135
16	1	店长	19.747804641723633
16	2	拿	11.934521675109863
16	3	着	0.7982187867164612
16	4	一	5.554663181304932
16	5	只	8.184873580932617
16	6	他	12.5203218460083
16	7	买	8.832218170166016
16	8	的	3.2237188816070557
16	9	萝卜	16.658828735351562
16	10	。	6.529424667358398
17	1	他	5.726855754852295
17	2	认识	11.940350532531738
17	3	了	6.432525157928467
17	4	一	4.835940837860107
17	5	名	5.766757488250732
17	6	我	8.219785690307617
17	7	知道	10.382927894592285
17	8	的	3.150334358215332
17	9	男孩	11.606310844421387
17	10	。	5.783308029174805
18	1	他	5.726855754852295
18	2	认识	11.940350532531738
18	3	了	6.432525157928467
18	4	一	4.835940837860107
18	5	本	6.445525646209717
18	6	我	8.045970916748047
18	7	知道	10.770264625549316
18	8	的	1.1890926361083984
18	9	男孩	13.683547973632812
18	10	。	5.597861289978027
19	1	他	5.726855754852295
19	2	认识	11.940350532531738
19	3	了	6.432525157928467
19	4	一	4.835940837860107
19	5	本	6.445525646209717
19	6	我	8.045970916748047
19	7	知道	10.770264625549316
19	8	的	1.1890926361083984
19	9	小说	12.046208381652832
19	10	。	5.245572090148926
20	1	他	5.726855754852295
20	2	认识	11.940350532531738
20	3	了	6.432525157928467
20	4	一	4.835940837860107
20	5	名	5.766757488250732
20	6	我	8.219785690307617
20	7	知道	10.382927894592285
20	8	的	3.150334358215332
20	9	小说	11.450809478759766
20	10	。	5.745187759399414
21	1	男人	17.067047119140625
21	2	在	4.334021091461182
21	3	扫描	17.6452579498291
21	4	一	4.597726345062256
21	5	篇	8.111886024475098
21	6	我	10.264742851257324
21	7	发	11.332929611206055
21	8	的	4.291536808013916
21	9	文章	2.9325146675109863
21	10	。	8.193502426147461
22	1	男人	17.067047119140625
22	2	在	4.334021091461182
22	3	扫描	17.6452579498291
22	4	一	4.597726345062256
22	5	张	7.2077317237854
22	6	我	11.53796100616455
22	7	发	11.291668891906738
22	8	的	4.0171918869018555
22	9	文章	6.841411113739014
22	10	。	8.364511489868164
23	1	男人	17.067047119140625
23	2	在	4.334021091461182
23	3	扫描	17.6452579498291
23	4	一	4.597726345062256
23	5	张	7.2077317237854
23	6	我	11.53796100616455
23	7	发	11.291668891906738
23	8	的	4.0171918869018555
23	9	图片	11.267016410827637
23	10	。	9.01586627960205
24	1	男人	17.067047119140625
24	2	在	4.334021091461182
24	3	扫描	17.6452579498291
24	4	一	4.597726345062256
24	5	篇	8.111886024475098
24	6	我	10.264742851257324
24	7	发	11.332929611206055
24	8	的	4.291536808013916
24	9	图片	11.464652061462402
24	10	。	8.343561172485352
25	1	演员	15.806883811950684
25	2	在	4.729403972625732
25	3	看	12.198137283325195
25	4	一	3.425243616104126
25	5	张	6.048300266265869
25	6	她	10.731358528137207
25	7	以前	10.134765625
25	8	拍	10.460428237915039
25	9	过	3.871429920196533
25	10	的	3.5951170921325684
25	11	照片	9.81031322479248
25	12	。	6.822466850280762
26	1	演员	15.806883811950684
26	2	在	4.729403972625732
26	3	看	12.198137283325195
26	4	一	3.425243616104126
26	5	位	4.898995399475098
26	6	她	10.147804260253906
26	7	以前	10.371254920959473
26	8	拍	10.245590209960938
26	9	过	2.905822992324829
26	10	的	3.6940619945526123
26	11	照片	10.020116806030273
26	12	。	7.071774005889893
27	1	演员	15.806883811950684
27	2	在	4.729403972625732
27	3	看	12.198137283325195
27	4	一	3.425243616104126
27	5	位	4.898995399475098
27	6	她	10.147804260253906
27	7	以前	10.371254920959473
27	8	拍	10.245590209960938
27	9	过	2.905822992324829
27	10	的	3.6940619945526123
27	11	老师	8.101052284240723
27	12	。	8.131913185119629
28	1	演员	15.806883811950684
28	2	在	4.729403972625732
28	3	看	12.198137283325195
28	4	一	3.425243616104126
28	5	张	6.048300266265869
28	6	她	10.731358528137207
28	7	以前	10.134765625
28	8	拍	10.460428237915039
28	9	过	3.871429920196533
28	10	的	3.5951170921325684
28	11	老师	8.29033374786377
28	12	。	7.798423767089844
29	1	他	5.726855754852295
29	2	在	4.746715068817139
29	3	修理	14.811756134033203
29	4	一	7.573158264160156
29	5	辆	6.506272315979004
29	6	我	11.327996253967285
29	7	使用	12.15359115600586
29	8	过	8.418182373046875
29	9	的	3.76545786857605
29	10	汽车	7.925677299499512
29	11	。	5.9256815910339355
30	1	他	5.726855754852295
30	2	在	4.746715068817139
30	3	修理	14.811756134033203
30	4	一	7.573158264160156
30	5	套	6.888967037200928
30	6	我	9.245438575744629
30	7	使用	12.355329513549805
30	8	过	7.410805702209473
30	9	的	3.436263084411621
30	10	汽车	9.153414726257324
30	11	。	5.431597709655762
31	1	他	5.726855754852295
31	2	在	4.746715068817139
31	3	修理	14.811756134033203
31	4	一	7.573158264160156
31	5	套	6.888967037200928
31	6	我	9.245438575744629
31	7	使用	12.355329513549805
31	8	过	7.410805702209473
31	9	的	3.436263084411621
31	10	系统	10.012492179870605
31	11	。	5.358090400695801
32	1	他	5.726855754852295
32	2	在	4.746715068817139
32	3	修理	14.811756134033203
32	4	一	7.573158264160156
32	5	辆	6.506272315979004
32	6	我	11.327996253967285
32	7	使用	12.15359115600586
32	8	过	8.418182373046875
32	9	的	3.76545786857605
32	10	系统	11.195391654968262
32	11	。	5.992500305175781
33	1	学生	12.893098831176758
33	2	们	16.36983299255371
33	3	在	4.038539409637451
33	4	写	10.405735969543457
33	5	一	3.917905330657959
33	6	部	3.85608172416687
33	7	他	10.832210540771484
33	8	要	12.145618438720703
33	9	评价	12.442845344543457
33	10	的	6.8159613609313965
33	11	电影	7.680083274841309
33	12	。	6.428800106048584
34	1	学生	12.893098831176758
34	2	们	16.36983299255371
34	3	在	4.038539409637451
34	4	写	10.405735969543457
34	5	一	3.917905330657959
34	6	首	9.435198783874512
34	7	他	14.110356330871582
34	8	要	10.114495277404785
34	9	评价	13.07022762298584
34	10	的	7.177516937255859
34	11	电影	9.14737319946289
34	12	。	6.170842170715332
35	1	学生	12.893098831176758
35	2	们	16.36983299255371
35	3	在	4.038539409637451
35	4	写	10.405735969543457
35	5	一	3.917905330657959
35	6	首	9.435198783874512
35	7	他	14.110356330871582
35	8	要	10.114495277404785
35	9	评价	13.07022762298584
35	10	的	7.177516937255859
35	11	戏曲	20.576942443847656
35	12	。	9.130269050598145
36	1	学生	12.893098831176758
36	2	们	16.36983299255371
36	3	在	4.038539409637451
36	4	写	10.405735969543457
36	5	一	3.917905330657959
36	6	部	3.85608172416687
36	7	他	10.832210540771484
36	8	要	12.145618438720703
36	9	评价	12.442845344543457
36	10	的	6.8159613609313965
36	11	戏曲	20.400339126586914
36	12	。	9.517586708068848
37	1	我们	6.797189235687256
37	2	在	5.135374546051025
37	3	看	8.094159126281738
37	4	一	3.163027763366699
37	5	场	4.628207206726074
37	6	很多	12.074158668518066
37	7	人	3.262120485305786
37	8	看	9.357820510864258
37	9	的	5.600954055786133
37	10	表演	11.906014442443848
37	11	。	4.234434127807617
38	1	我们	6.797189235687256
38	2	在	5.135374546051025
38	3	看	8.094159126281738
38	4	一	3.163027763366699
38	5	块	8.72535514831543
38	6	很多	11.19881534576416
38	7	人	2.5810511112213135
38	8	看	7.225643157958984
38	9	的	6.170544624328613
38	10	表演	12.628363609313965
38	11	。	3.0786077976226807
39	1	我们	6.797189235687256
39	2	在	5.135374546051025
39	3	看	8.094159126281738
39	4	一	3.163027763366699
39	5	块	8.72535514831543
39	6	很多	11.19881534576416
39	7	人	2.5810511112213135
39	8	看	7.225643157958984
39	9	的	6.170544624328613
39	10	场地	16.324922561645508
39	11	。	3.740297794342041
40	1	我们	6.797189235687256
40	2	在	5.135374546051025
40	3	看	8.094159126281738
40	4	一	3.163027763366699
40	5	场	4.628207206726074
40	6	很多	12.074158668518066
40	7	人	3.262120485305786
40	8	看	9.357820510864258
40	9	的	5.600954055786133
40	10	场地	16.187395095825195
40	11	。	4.195714950561523
41	1	他	5.726855754852295
41	2	最	10.34171199798584
41	3	喜欢	6.3916730880737305
41	4	一	5.024843692779541
41	5	道	9.760882377624512
41	6	妈妈	13.343025207519531
41	7	做	9.066804885864258
41	8	的	4.0419020652771
41	9	菜	11.8659086227417
41	10	。	3.259204626083374
42	1	他	5.726855754852295
42	2	最	10.34171199798584
42	3	喜欢	6.3916730880737305
42	4	一	5.024843692779541
42	5	瓶	11.255319595336914
42	6	妈妈	11.90229606628418
42	7	做	8.5658540725708
42	8	的	4.766016006469727
42	9	菜	11.131244659423828
42	10	。	3.5445802211761475
43	1	他	5.726855754852295
43	2	最	10.34171199798584
43	3	喜欢	6.3916730880737305
43	4	一	5.024843692779541
43	5	瓶	11.255319595336914
43	6	妈妈	11.90229606628418
43	7	做	8.5658540725708
43	8	的	4.766016006469727
43	9	醋	18.14580726623535
43	10	。	3.6603190898895264
44	1	他	5.726855754852295
44	2	最	10.34171199798584
44	3	喜欢	6.3916730880737305
44	4	一	5.024843692779541
44	5	道	9.760882377624512
44	6	妈妈	13.343025207519531
44	7	做	9.066804885864258
44	8	的	4.0419020652771
44	9	醋	18.968313217163086
44	10	。	3.441135883331299
45	1	她	8.375974655151367
45	2	拿	11.692319869995117
45	3	了	2.4550070762634277
45	4	一	1.7388054132461548
45	5	份	6.312049865722656
45	6	她	8.60758113861084
45	7	准备	12.751269340515137
45	8	的	2.4431886672973633
45	9	饭	14.789228439331055
45	10	。	4.18339204788208
46	1	她	8.375974655151367
46	2	拿	11.692319869995117
46	3	了	2.4550070762634277
46	4	一	1.7388054132461548
46	5	卷	15.15202808380127
46	6	她	9.124342918395996
46	7	准备	12.056293487548828
46	8	的	2.773550033569336
46	9	饭	13.390254974365234
46	10	。	3.6204185485839844
47	1	她	8.375974655151367
47	2	拿	11.692319869995117
47	3	了	2.4550070762634277
47	4	一	1.7388054132461548
47	5	卷	15.15202808380127
47	6	她	9.124342918395996
47	7	准备	12.056293487548828
47	8	的	2.773550033569336
47	9	纸	12.624390602111816
47	10	。	6.012655258178711
48	1	她	8.375974655151367
48	2	拿	11.692319869995117
48	3	了	2.4550070762634277
48	4	一	1.7388054132461548
48	5	份	6.312049865722656
48	6	她	8.60758113861084
48	7	准备	12.751269340515137
48	8	的	2.4431886672973633
48	9	纸	13.985595703125
48	10	。	6.4991912841796875
49	1	学生	12.893098831176758
49	2	们	16.36983299255371
49	3	在	4.038539409637451
49	4	写	10.405735969543457
49	5	一	3.917905330657959
49	6	部	3.85608172416687
49	7	老师	8.782251358032227
49	8	需要	12.709019660949707
49	9	的	5.691835880279541
49	10	戏剧	12.545790672302246
49	11	。	5.756266117095947
50	1	学生	12.893098831176758
50	2	们	16.36983299255371
50	3	在	4.038539409637451
50	4	写	10.405735969543457
50	5	一	3.917905330657959
50	6	篇	3.8492727279663086
50	7	老师	11.54676628112793
50	8	需要	12.957720756530762
50	9	的	5.924455642700195
50	10	戏剧	13.568525314331055
50	11	。	6.4755401611328125
51	1	学生	12.893098831176758
51	2	们	16.36983299255371
51	3	在	4.038539409637451
51	4	写	10.405735969543457
51	5	一	3.917905330657959
51	6	篇	3.8492727279663086
51	7	老师	11.54676628112793
51	8	需要	12.957720756530762
51	9	的	5.924455642700195
51	10	文章	2.187953233718872
51	11	。	5.470614433288574
52	1	学生	12.893098831176758
52	2	们	16.36983299255371
52	3	在	4.038539409637451
52	4	写	10.405735969543457
52	5	一	3.917905330657959
52	6	部	3.85608172416687
52	7	老师	8.782251358032227
52	8	需要	12.709019660949707
52	9	的	5.691835880279541
52	10	文章	6.172458648681641
52	11	。	5.042433738708496
53	1	这	5.370099067687988
53	2	是	2.1984996795654297
53	3	一	3.2808070182800293
53	4	辆	8.963398933410645
53	5	她	13.031457901000977
53	6	设计	14.571440696716309
53	7	的	1.930397868156433
53	8	火车	11.466853141784668
53	9	。	3.0347628593444824
54	1	这	5.370099067687988
54	2	是	2.1984996795654297
54	3	一	3.2808070182800293
54	4	扇	17.411556243896484
54	5	她	11.613178253173828
54	6	设计	16.089868545532227
54	7	的	2.216829299926758
54	8	火车	12.127974510192871
54	9	。	3.6862285137176514
55	1	这	5.370099067687988
55	2	是	2.1984996795654297
55	3	一	3.2808070182800293
55	4	扇	17.411556243896484
55	5	她	11.613178253173828
55	6	设计	16.089868545532227
55	7	的	2.216829299926758
55	8	窗户	12.150253295898438
55	9	。	3.4201087951660156
56	1	这	5.370099067687988
56	2	是	2.1984996795654297
56	3	一	3.2808070182800293
56	4	辆	8.963398933410645
56	5	她	13.031457901000977
56	6	设计	14.571440696716309
56	7	的	1.930397868156433
56	8	窗户	11.719047546386719
56	9	。	3.3220348358154297
57	1	老师	13.23183822631836
57	2	在	3.985440492630005
57	3	责备	16.697128295898438
57	4	三	9.90521240234375
57	5	名	5.3082966804504395
57	6	他	9.362256050109863
57	7	责备	15.379945755004883
57	8	过	8.793248176574707
57	9	的	4.760580062866211
57	10	学生	8.426298141479492
57	11	。	5.033145904541016
58	1	老师	13.23183822631836
58	2	在	3.985440492630005
58	3	责备	16.697128295898438
58	4	三	9.90521240234375
58	5	只	7.991911888122559
58	6	他	13.24788761138916
58	7	责备	14.640040397644043
58	8	过	8.427318572998047
58	9	的	5.516487121582031
58	10	学生	9.422091484069824
58	11	。	4.281888484954834
59	1	老师	13.23183822631836
59	2	在	3.985440492630005
59	3	责备	16.697128295898438
59	4	三	9.90521240234375
59	5	只	7.991911888122559
59	6	他	13.24788761138916
59	7	责备	14.640040397644043
59	8	过	8.427318572998047
59	9	的	5.516487121582031
59	10	宠物	17.798248291015625
59	11	。	3.246427059173584
60	1	老师	13.23183822631836
60	2	在	3.985440492630005
60	3	责备	16.697128295898438
60	4	三	9.90521240234375
60	5	名	5.3082966804504395
60	6	他	9.362256050109863
60	7	责备	15.379945755004883
60	8	过	8.793248176574707
60	9	的	4.760580062866211
60	10	宠物	17.985416412353516
60	11	。	3.8360588550567627
61	1	她	8.375974655151367
61	2	买	14.134442329406738
61	3	过	6.739109992980957
61	4	两	5.23233699798584
61	5	杯	10.37463092803955
61	6	我	9.338725090026855
61	7	想要	14.34377384185791
61	8	的	2.5306434631347656
61	9	咖啡	12.787065505981445
61	10	。	4.2909111976623535
62	1	她	8.375974655151367
62	2	买	14.134442329406738
62	3	过	6.739109992980957
62	4	两	5.23233699798584
62	5	个	2.158574104309082
62	6	我	10.86133861541748
62	7	想要	12.610172271728516
62	8	的	2.498460292816162
62	9	咖啡	13.416818618774414
62	10	。	3.9558582305908203
63	1	她	8.375974655151367
63	2	买	14.134442329406738
63	3	过	6.739109992980957
63	4	两	5.23233699798584
63	5	个	2.158574104309082
63	6	我	10.86133861541748
63	7	想要	12.610172271728516
63	8	的	2.498460292816162
63	9	杯子	16.5057315826416
63	10	。	4.537053108215332
64	1	她	8.375974655151367
64	2	买	14.134442329406738
64	3	过	6.739109992980957
64	4	两	5.23233699798584
64	5	杯	10.37463092803955
64	6	我	9.338725090026855
64	7	想要	14.34377384185791
64	8	的	2.5306434631347656
64	9	杯子	16.29659652709961
64	10	。	4.9336137771606445
65	1	孩子	14.66657543182373
65	2	在	2.6375129222869873
65	3	卖	11.308852195739746
65	4	五	10.86050033569336
65	5	台	8.357400894165039
65	6	他	12.086214065551758
65	7	买	8.153776168823242
65	8	的	4.819163799285889
65	9	桌子	14.029854774475098
65	10	。	7.176902770996094
66	1	孩子	14.66657543182373
66	2	在	2.6375129222869873
66	3	卖	11.308852195739746
66	4	五	10.86050033569336
66	5	块	8.348075866699219
66	6	他	11.537590026855469
66	7	买	7.374030590057373
66	8	的	4.760034561157227
66	9	桌子	13.492176055908203
66	10	。	6.820898532867432
67	1	孩子	14.66657543182373
67	2	在	2.6375129222869873
67	3	卖	11.308852195739746
67	4	五	10.86050033569336
67	5	块	8.348075866699219
67	6	他	11.537590026855469
67	7	买	7.374030590057373
67	8	的	4.760034561157227
67	9	蛋糕	12.798612594604492
67	10	。	5.351561546325684
68	1	孩子	14.66657543182373
68	2	在	2.6375129222869873
68	3	卖	11.308852195739746
68	4	五	10.86050033569336
68	5	台	8.357400894165039
68	6	他	12.086214065551758
68	7	买	8.153776168823242
68	8	的	4.819163799285889
68	9	蛋糕	12.92437744140625
68	10	。	5.705550670623779
69	1	妈妈	12.533506393432617
69	2	在	5.325717449188232
69	3	做	9.134553909301758
69	4	一	4.262784481048584
69	5	张	5.921583652496338
69	6	我	8.781740188598633
69	7	正在	12.35539436340332
69	8	用	8.152135848999023
69	9	的	4.560871124267578
69	10	地图	12.706350326538086
69	11	。	4.038573741912842
70	1	妈妈	12.533506393432617
70	2	在	5.325717449188232
70	3	做	9.134553909301758
70	4	一	4.262784481048584
70	5	面	8.5917387008667
70	6	我	9.790635108947754
70	7	正在	12.74897289276123
70	8	用	8.023120880126953
70	9	的	5.665879726409912
70	10	地图	12.688497543334961
70	11	。	3.457153558731079
71	1	妈妈	12.533506393432617
71	2	在	5.325717449188232
71	3	做	9.134553909301758
71	4	一	4.262784481048584
71	5	面	8.5917387008667
71	6	我	9.790635108947754
71	7	正在	12.74897289276123
71	8	用	8.023120880126953
71	9	的	5.665879726409912
71	10	镜子	16.122873306274414
71	11	。	2.2634663581848145
72	1	妈妈	12.533506393432617
72	2	在	5.325717449188232
72	3	做	9.134553909301758
72	4	一	4.262784481048584
72	5	张	5.921583652496338
72	6	我	8.781740188598633
72	7	正在	12.35539436340332
72	8	用	8.152135848999023
72	9	的	4.560871124267578
72	10	镜子	16.039464950561523
72	11	。	2.7560629844665527
73	1	爸爸	11.283309936523438
73	2	买	7.9982476234436035
73	3	了	1.2790838479995728
73	4	一	4.033754825592041
73	5	栋	7.262763500213623
73	6	他	9.720335960388184
73	7	听说	12.228863716125488
73	8	过	4.066536903381348
73	9	的	4.854580402374268
73	10	房子	7.530982494354248
73	11	。	5.1769609451293945
74	1	爸爸	11.283309936523438
74	2	买	7.9982476234436035
74	3	了	1.2790838479995728
74	4	一	4.033754825592041
74	5	条	6.162371635437012
74	6	他	10.589461326599121
74	7	听说	12.315144538879395
74	8	过	3.5332014560699463
74	9	的	4.992105960845947
74	10	房子	7.710519313812256
74	11	。	4.899147033691406
75	1	爸爸	11.283309936523438
75	2	买	7.9982476234436035
75	3	了	1.2790838479995728
75	4	一	4.033754825592041
75	5	条	6.162371635437012
75	6	他	10.589461326599121
75	7	听说	12.315144538879395
75	8	过	3.5332014560699463
75	9	的	4.992105960845947
75	10	沙发	17.109264373779297
75	11	。	4.682583808898926
76	1	爸爸	11.283309936523438
76	2	买	7.9982476234436035
76	3	了	1.2790838479995728
76	4	一	4.033754825592041
76	5	栋	7.262763500213623
76	6	他	9.720335960388184
76	7	听说	12.228863716125488
76	8	过	4.066536903381348
76	9	的	4.854580402374268
76	10	沙发	17.053997039794922
76	11	。	5.200844764709473
77	1	我	5.452167987823486
77	2	想	4.013494968414307
77	3	种	15.369853973388672
77	4	一	8.399942398071289
77	5	朵	18.6713809967041
77	6	她	13.016983032226562
77	7	研究	13.578718185424805
77	8	过	5.4625349044799805
77	9	的	5.0875749588012695
77	10	玫瑰	19.49677085876465
77	11	。	9.562540054321289
78	1	我	5.452167987823486
78	2	想	4.013494968414307
78	3	种	15.369853973388672
78	4	一	8.399942398071289
78	5	颗	11.628150939941406
78	6	她	13.078939437866211
78	7	研究	13.255447387695312
78	8	过	6.479538440704346
78	9	的	3.338491678237915
78	10	玫瑰	19.429092407226562
78	11	。	8.944472312927246
79	1	我	5.452167987823486
79	2	想	4.013494968414307
79	3	种	15.369853973388672
79	4	一	8.399942398071289
79	5	颗	11.628150939941406
79	6	她	13.078939437866211
79	7	研究	13.255447387695312
79	8	过	6.479538440704346
79	9	的	3.338491678237915
79	10	种子	15.954992294311523
79	11	。	6.335291862487793
80	1	我	5.452167987823486
80	2	想	4.013494968414307
80	3	种	15.369853973388672
80	4	一	8.399942398071289
80	5	朵	18.6713809967041
80	6	她	13.016983032226562
80	7	研究	13.578718185424805
80	8	过	5.4625349044799805
80	9	的	5.0875749588012695
80	10	种子	15.257996559143066
80	11	。	6.048112392425537
81	1	我	5.452167987823486
81	2	经常	9.698762893676758
81	3	去	7.486459732055664
81	4	一	5.410495758056641
81	5	家	6.121997356414795
81	6	他	7.997334957122803
81	7	去年	13.388516426086426
81	8	去	6.058552265167236
81	9	过	4.737499237060547
81	10	的	7.529201030731201
81	11	医院	10.949138641357422
81	12	。	2.9237618446350098
82	1	我	5.452167987823486
82	2	经常	9.698762893676758
82	3	去	7.486459732055664
82	4	一	5.410495758056641
82	5	座	8.517914772033691
82	6	他	10.888986587524414
82	7	去年	13.99769401550293
82	8	去	6.813440799713135
82	9	过	4.9884352684021
82	10	的	6.3113627433776855
82	11	医院	11.085156440734863
82	12	。	3.0513739585876465
83	1	我	5.452167987823486
83	2	经常	9.698762893676758
83	3	去	7.486459732055664
83	4	一	5.410495758056641
83	5	座	8.517914772033691
83	6	他	10.888986587524414
83	7	去年	13.99769401550293
83	8	去	6.813440799713135
83	9	过	4.9884352684021
83	10	的	6.3113627433776855
83	11	城市	11.166200637817383
83	12	。	3.7332253456115723
84	1	我	5.452167987823486
84	2	经常	9.698762893676758
84	3	去	7.486459732055664
84	4	一	5.410495758056641
84	5	家	6.121997356414795
84	6	他	7.997334957122803
84	7	去年	13.388516426086426
84	8	去	6.058552265167236
84	9	过	4.737499237060547
84	10	的	7.529201030731201
84	11	城市	12.072343826293945
84	12	。	3.419273614883423
85	1	我	5.452167987823486
85	2	拜访	14.270448684692383
85	3	了	4.88808536529541
85	4	这	3.951969623565674
85	5	一	3.7460594177246094
85	6	所	9.32498550415039
85	7	我	11.417902946472168
85	8	怀念	17.824138641357422
85	9	的	0.7150922417640686
85	10	高中	15.16665267944336
85	11	。	8.482250213623047
86	1	我	5.452167987823486
86	2	拜访	14.270448684692383
86	3	了	4.88808536529541
86	4	这	3.951969623565674
86	5	一	3.7460594177246094
86	6	位	5.26969575881958
86	7	我	7.332841396331787
86	8	怀念	17.129804611206055
86	9	的	6.214908599853516
86	10	高中	14.890304565429688
86	11	。	8.270696640014648
87	1	我	5.452167987823486
87	2	拜访	14.270448684692383
87	3	了	4.88808536529541
87	4	这	3.951969623565674
87	5	一	3.7460594177246094
87	6	位	5.26969575881958
87	7	我	7.332841396331787
87	8	怀念	17.129804611206055
87	9	的	6.214908599853516
87	10	老师	12.553885459899902
87	11	。	4.632195949554443
88	1	我	5.452167987823486
88	2	拜访	14.270448684692383
88	3	了	4.88808536529541
88	4	这	3.951969623565674
88	5	一	3.7460594177246094
88	6	所	9.32498550415039
88	7	我	11.417902946472168
88	8	怀念	17.824138641357422
88	9	的	0.7150922417640686
88	10	老师	13.515219688415527
88	11	。	4.2449846267700195
89	1	他	5.726855754852295
89	2	在	4.746715068817139
89	3	读	12.237470626831055
89	4	一	3.9679276943206787
89	5	条	7.41169548034668
89	6	网友	12.635668754577637
89	7	写	8.599189758300781
89	8	的	0.8553575873374939
89	9	评论	9.568574905395508
89	10	。	4.954529762268066
90	1	他	5.726855754852295
90	2	在	4.746715068817139
90	3	读	12.237470626831055
90	4	一	3.9679276943206787
90	5	首	10.993597030639648
90	6	网友	17.591100692749023
90	7	写	7.722851276397705
90	8	的	1.3840222358703613
90	9	评论	9.698711395263672
90	10	。	4.5112481117248535
91	1	他	5.726855754852295
91	2	在	4.746715068817139
91	3	读	12.237470626831055
91	4	一	3.9679276943206787
91	5	首	10.993597030639648
91	6	网友	17.591100692749023
91	7	写	7.722851276397705
91	8	的	1.3840222358703613
91	9	诗歌	17.962318420410156
91	10	。	3.3831212520599365
92	1	他	5.726855754852295
92	2	在	4.746715068817139
92	3	读	12.237470626831055
92	4	一	3.9679276943206787
92	5	条	7.41169548034668
92	6	网友	12.635668754577637
92	7	写	8.599189758300781
92	8	的	0.8553575873374939
92	9	诗歌	17.537330627441406
92	10	。	3.6699883937835693
93	1	她	8.375974655151367
93	2	从来	11.204693794250488
93	3	没	6.0416154861450195
93	4	见	9.130682945251465
93	5	过	0.2866723835468292
93	6	一	4.093231201171875
93	7	头	8.639634132385254
93	8	他	12.187419891357422
93	9	画	14.635796546936035
93	10	的	1.7751253843307495
93	11	老虎	18.555185317993164
93	12	。	4.781635284423828
94	1	她	8.375974655151367
94	2	从来	11.204693794250488
94	3	没	6.0416154861450195
94	4	见	9.130682945251465
94	5	过	0.2866723835468292
94	6	一	4.093231201171875
94	7	双	12.007367134094238
94	8	他	11.721315383911133
94	9	画	14.24455738067627
94	10	的	2.2978413105010986
94	11	老虎	18.577417373657227
94	12	。	4.920252323150635
95	1	她	8.375974655151367
95	2	从来	11.204693794250488
95	3	没	6.0416154861450195
95	4	见	9.130682945251465
95	5	过	0.2866723835468292
95	6	一	4.093231201171875
95	7	双	12.007367134094238
95	8	他	11.721315383911133
95	9	画	14.24455738067627
95	10	的	2.2978413105010986
95	11	眼睛	8.49903678894043
95	12	。	3.87731671333313
96	1	她	8.375974655151367
96	2	从来	11.204693794250488
96	3	没	6.0416154861450195
96	4	见	9.130682945251465
96	5	过	0.2866723835468292
96	6	一	4.093231201171875
96	7	头	8.639634132385254
96	8	他	12.187419891357422
96	9	画	14.635796546936035
96	10	的	1.7751253843307495
96	11	眼睛	8.666353225708008
96	12	。	3.8388168811798096
97	1	我	5.452167987823486
97	2	还	7.384297847747803
97	3	没有	4.378834247589111
97	4	检查	12.361721992492676
97	5	一	5.7071614265441895
97	6	份	5.238455772399902
97	7	他	10.765620231628418
97	8	刚刚	14.310070991516113
97	9	在	5.365817546844482
97	10	看	10.091246604919434
97	11	的	4.130276203155518
97	12	作业	13.041584968566895
97	13	。	2.710270881652832
98	1	我	5.452167987823486
98	2	还	7.384297847747803
98	3	没有	4.378834247589111
98	4	检查	12.361721992492676
98	5	一	5.7071614265441895
98	6	行	11.670659065246582
98	7	他	9.179685592651367
98	8	刚刚	15.624180793762207
98	9	在	5.413348197937012
98	10	看	9.862966537475586
98	11	的	4.693487167358398
98	12	作业	13.221393585205078
98	13	。	1.8819189071655273
99	1	我	5.452167987823486
99	2	还	7.384297847747803
99	3	没有	4.378834247589111
99	4	检查	12.361721992492676
99	5	一	5.7071614265441895
99	6	行	11.670659065246582
99	7	他	9.179685592651367
99	8	刚刚	15.624180793762207
99	9	在	5.413348197937012
99	10	看	9.862966537475586
99	11	的	4.693487167358398
99	12	公式	17.012964248657227
99	13	。	1.6516199111938477
100	1	我	5.452167987823486
100	2	还	7.384297847747803
100	3	没有	4.378834247589111
100	4	检查	12.361721992492676
100	5	一	5.7071614265441895
100	6	份	5.238455772399902
100	7	他	10.765620231628418
100	8	刚刚	14.310070991516113
100	9	在	5.365817546844482
100	10	看	10.091246604919434
100	11	的	4.130276203155518
100	12	公式	16.75897979736328
100	13	。	2.212559938430786
101	1	孩子	14.66657543182373
101	2	听到	11.481125831604004
101	3	了	2.3712472915649414
101	4	一	6.826855182647705
101	5	首	11.853330612182617
101	6	他	13.41735553741455
101	7	熟悉	12.627116203308105
101	8	的	1.896046757698059
101	9	歌曲	12.084519386291504
101	10	。	4.034117698669434
102	1	孩子	14.66657543182373
102	2	听到	11.481125831604004
102	3	了	2.3712472915649414
102	4	一	6.826855182647705
102	5	张	5.77311897277832
102	6	他	10.635560989379883
102	7	熟悉	12.979835510253906
102	8	的	1.8580095767974854
102	9	歌曲	11.974125862121582
102	10	。	4.866304874420166
103	1	孩子	14.66657543182373
103	2	听到	11.481125831604004
103	3	了	2.3712472915649414
103	4	一	6.826855182647705
103	5	张	5.77311897277832
103	6	他	10.635560989379883
103	7	熟悉	12.979835510253906
103	8	的	1.8580095767974854
103	9	专辑	12.00355339050293
103	10	。	5.408196449279785
104	1	孩子	14.66657543182373
104	2	听到	11.481125831604004
104	3	了	2.3712472915649414
104	4	一	6.826855182647705
104	5	首	11.853330612182617
104	6	他	13.41735553741455
104	7	熟悉	12.627116203308105
104	8	的	1.896046757698059
104	9	专辑	12.367979049682617
104	10	。	4.894073009490967
105	1	护士	17.79519271850586
105	2	做	12.846774101257324
105	3	了	2.2112860679626465
105	4	一	2.3210105895996094
105	5	次	7.6367506980896
105	6	她	11.558452606201172
105	7	需要	10.378722190856934
105	8	做	3.1063640117645264
105	9	的	1.6428645849227905
105	10	检查	13.205105781555176
105	11	。	5.003093719482422
106	1	护士	17.79519271850586
106	2	做	12.846774101257324
106	3	了	2.2112860679626465
106	4	一	2.3210105895996094
106	5	篇	5.182769775390625
106	6	她	12.471652030944824
106	7	需要	10.644039154052734
106	8	做	3.1358563899993896
106	9	的	1.3498708009719849
106	10	检查	13.19378662109375
106	11	。	4.80779504776001
107	1	护士	17.79519271850586
107	2	做	12.846774101257324
107	3	了	2.2112860679626465
107	4	一	2.3210105895996094
107	5	篇	5.182769775390625
107	6	她	12.471652030944824
107	7	需要	10.644039154052734
107	8	做	3.1358563899993896
107	9	的	1.3498708009719849
107	10	报告	9.931302070617676
107	11	。	3.5989229679107666
108	1	护士	17.79519271850586
108	2	做	12.846774101257324
108	3	了	2.2112860679626465
108	4	一	2.3210105895996094
108	5	次	7.6367506980896
108	6	她	11.558452606201172
108	7	需要	10.378722190856934
108	8	做	3.1063640117645264
108	9	的	1.6428645849227905
108	10	报告	11.883167266845703
108	11	。	4.033945083618164
109	1	这里	9.823874473571777
109	2	是	1.1308013200759888
109	3	两	8.029142379760742
109	4	台	9.443316459655762
109	5	厂家	15.020503997802734
109	6	刚	13.14775276184082
109	7	接到	13.382515907287598
109	8	的	5.706976890563965
109	9	电视	10.856642723083496
109	10	。	7.0436248779296875
110	1	这里	9.823874473571777
110	2	是	1.1308013200759888
110	3	两	8.029142379760742
110	4	份	9.192306518554688
110	5	厂家	17.0324649810791
110	6	刚	13.689217567443848
110	7	接到	13.47614860534668
110	8	的	5.152064800262451
110	9	电视	11.29555892944336
110	10	。	7.930988311767578
111	1	这里	9.823874473571777
111	2	是	1.1308013200759888
111	3	两	8.029142379760742
111	4	份	9.192306518554688
111	5	厂家	17.0324649810791
111	6	刚	13.689217567443848
111	7	接到	13.47614860534668
111	8	的	5.152064800262451
111	9	订单	14.468633651733398
111	10	。	4.295383930206299
112	1	这里	9.823874473571777
112	2	是	1.1308013200759888
112	3	两	8.029142379760742
112	4	台	9.443316459655762
112	5	厂家	15.020503997802734
112	6	刚	13.14775276184082
112	7	接到	13.382515907287598
112	8	的	5.706976890563965
112	9	订单	14.387091636657715
112	10	。	3.6883859634399414
113	1	他	5.726855754852295
113	2	很	7.842432975769043
113	3	欣赏	11.688210487365723
113	4	一	5.150653839111328
113	5	处	8.746874809265137
113	6	他	6.050002098083496
113	7	今天	11.314979553222656
113	8	见到	13.79078197479248
113	9	的	5.987407207489014
113	10	景点	15.662066459655762
113	11	。	2.4305548667907715
114	1	他	5.726855754852295
114	2	很	7.842432975769043
114	3	欣赏	11.688210487365723
114	4	一	5.150653839111328
114	5	位	3.8371849060058594
114	6	他	6.9551873207092285
114	7	今天	11.055353164672852
114	8	见到	13.64233684539795
114	9	的	5.64523983001709
114	10	景点	15.733054161071777
114	11	。	3.374823808670044
115	1	他	5.726855754852295
115	2	很	7.842432975769043
115	3	欣赏	11.688210487365723
115	4	一	5.150653839111328
115	5	位	3.8371849060058594
115	6	他	6.9551873207092285
115	7	今天	11.055353164672852
115	8	见到	13.64233684539795
115	9	的	5.64523983001709
115	10	领导	11.75393009185791
115	11	。	5.883525848388672
116	1	他	5.726855754852295
116	2	很	7.842432975769043
116	3	欣赏	11.688210487365723
116	4	一	5.150653839111328
116	5	处	8.746874809265137
116	6	他	6.050002098083496
116	7	今天	11.314979553222656
116	8	见到	13.79078197479248
116	9	的	5.987407207489014
116	10	领导	12.308975219726562
116	11	。	5.228203296661377
117	1	那里	13.168111801147461
117	2	有	3.434528350830078
117	3	一	1.2080252170562744
117	4	支	7.124909400939941
117	5	司令	16.365718841552734
117	6	安排	14.644871711730957
117	7	的	3.3793630599975586
117	8	舰队	14.132558822631836
117	9	。	6.975940704345703
118	1	那里	13.168111801147461
118	2	有	3.434528350830078
118	3	一	1.2080252170562744
118	4	艘	8.229514122009277
118	5	司令	14.773906707763672
118	6	安排	14.777384757995605
118	7	的	4.396544933319092
118	8	舰队	13.393949508666992
118	9	。	6.196331024169922
119	1	那里	13.168111801147461
119	2	有	3.434528350830078
119	3	一	1.2080252170562744
119	4	艘	8.229514122009277
119	5	司令	14.773906707763672
119	6	安排	14.777384757995605
119	7	的	4.396544933319092
119	8	渔船	12.496307373046875
119	9	。	11.107059478759766
120	1	那里	13.168111801147461
120	2	有	3.434528350830078
120	3	一	1.2080252170562744
120	4	支	7.124909400939941
120	5	司令	16.365718841552734
120	6	安排	14.644871711730957
120	7	的	3.3793630599975586
120	8	渔船	13.012676239013672
120	9	。	10.049213409423828
