sentence_id	token_id	token	surprisal
1	1	那	7.21135950088501
1	2	家	9.294271469116211
1	3	认识	15.291754722595215
1	4	我	9.891900062561035
1	5	的	2.742600679397583
1	6	老板	9.691840171813965
1	7	投资	16.79167938232422
1	8	的	5.145413875579834
1	9	饭店	14.352858543395996
1	10	很	7.632308483123779
1	11	受	9.159823417663574
1	12	欢迎	6.4187774658203125
1	13	。	2.519181489944458
2	1	那	7.21135950088501
2	2	个	7.7562642097473145
2	3	认识	13.955745697021484
2	4	我	6.558992385864258
2	5	的	2.5431320667266846
2	6	老板	11.664482116699219
2	7	投资	17.65184211730957
2	8	的	3.949519157409668
2	9	饭店	15.593356132507324
2	10	很	7.3437676429748535
2	11	受	9.159090995788574
2	12	欢迎	6.126328945159912
2	13	。	3.0499837398529053
3	1	那	7.21135950088501
3	2	幅	13.20314884185791
3	3	帮助	13.717315673828125
3	4	过	9.276485443115234
3	5	我	4.676948547363281
3	6	的	1.9334362745285034
3	7	朋友	6.601295471191406
3	8	喜欢	11.98686695098877
3	9	的	6.733682155609131
3	10	画	15.247424125671387
3	11	吸引	14.463519096374512
3	12	了	3.504121780395508
3	13	我	3.6586055755615234
3	14	。	5.718906879425049
4	1	那	7.21135950088501
4	2	个	7.7562642097473145
4	3	帮助	14.038649559020996
4	4	过	9.886089324951172
4	5	我	4.776289939880371
4	6	的	1.6300544738769531
4	7	朋友	6.353890895843506
4	8	喜欢	12.561051368713379
4	9	的	6.984242916107178
4	10	画	15.895549774169922
4	11	吸引	14.839157104492188
4	12	了	4.022665977478027
4	13	我	3.61226749420166
4	14	。	5.468747615814209
5	1	那	7.21135950088501
5	2	件	7.878509521484375
5	3	教	16.35297393798828
5	4	过	10.40578556060791
5	5	我	4.597576141357422
5	6	的	1.972232699394226
5	7	老师	11.595945358276367
5	8	收藏	16.7965030670166
5	9	的	4.044305324554443
5	10	艺术品	16.645753860473633
5	11	获	15.80643367767334
5	12	了	4.580504417419434
5	13	奖	12.839458465576172
5	14	。	3.4536702632904053
6	1	那	7.21135950088501
6	2	个	7.7562642097473145
6	3	教	14.814946174621582
6	4	过	9.959585189819336
6	5	我	5.003726005554199
6	6	的	1.5138853788375854
6	7	老师	10.404330253601074
6	8	收藏	16.475046157836914
6	9	的	3.4083211421966553
6	10	艺术品	16.187164306640625
6	11	获	15.968385696411133
6	12	了	4.887743949890137
6	13	奖	12.636977195739746
6	14	。	3.2233943939208984
7	1	那	7.21135950088501
7	2	只	7.4728922843933105
7	3	认识	13.319299697875977
7	4	我	8.475180625915527
7	5	的	2.4065475463867188
7	6	店长	18.986371994018555
7	7	喜欢	10.96884822845459
7	8	的	4.468356132507324
7	9	宠物	16.836685180664062
7	10	生病	16.324369430541992
7	11	了	4.372574806213379
7	12	。	1.077881932258606
8	1	那	7.21135950088501
8	2	个	7.7562642097473145
8	3	认识	13.955745697021484
8	4	我	6.558992385864258
8	5	的	2.5431320667266846
8	6	店长	19.394775390625
8	7	喜欢	10.97018814086914
8	8	的	4.501350402832031
8	9	宠物	17.515304565429688
8	10	生病	16.50834846496582
8	11	了	4.160850524902344
8	12	。	1.3470630645751953
9	1	那	7.21135950088501
9	2	首	12.428126335144043
9	3	热爱	18.389781951904297
9	4	艺术	8.982227325439453
9	5	的	2.0978403091430664
9	6	明星	10.710318565368652
9	7	唱	14.811488151550293
9	8	的	3.7619969844818115
9	9	歌	9.952775001525879
9	10	很	11.775806427001953
9	11	好听	14.500121116638184
9	12	。	2.050081729888916
10	1	那	7.21135950088501
10	2	个	7.7562642097473145
10	3	热爱	14.882214546203613
10	4	艺术	7.750872611999512
10	5	的	1.4923553466796875
10	6	明星	10.884373664855957
10	7	唱	15.78169059753418
10	8	的	2.8486878871917725
10	9	歌	10.145904541015625
10	10	很	12.001909255981445
10	11	好听	14.387526512145996
10	12	。	2.6243536472320557
11	1	那	7.21135950088501
11	2	所	9.593746185302734
11	3	学习	11.491692543029785
11	4	历史	11.03882122039795
11	5	的	1.9666321277618408
11	6	老人	13.122547149658203
11	7	去	11.954668045043945
11	8	的	6.654018878936768
11	9	学校	10.191197395324707
11	10	关闭	14.860767364501953
11	11	了	2.849677085876465
11	12	。	4.3839802742004395
12	1	那	7.21135950088501
12	2	个	7.7562642097473145
12	3	学习	15.834687232971191
12	4	历史	10.095778465270996
12	5	的	2.3761112689971924
12	6	老人	13.257262229919434
12	7	去	11.265204429626465
12	8	的	7.268661022186279
12	9	学校	10.414261817932129
12	10	关闭	15.128703117370605
12	11	了	3.917598247528076
12	12	。	4.395843982696533
13	1	那	7.21135950088501
13	2	件	7.878509521484375
13	3	帮助	14.731175422668457
13	4	过	9.318812370300293
13	5	我	4.338877201080322
13	6	的	2.082573890686035
13	7	司机	15.708819389343262
13	8	带	13.026544570922852
13	9	的	8.238144874572754
13	10	行李	15.673066139221191
13	11	丢	14.15186595916748
13	12	了	1.1583902835845947
13	13	。	4.576178073883057
14	1	那	7.21135950088501
14	2	个	7.7562642097473145
14	3	帮助	14.038649559020996
14	4	过	9.886089324951172
14	5	我	4.776289939880371
14	6	的	1.6300544738769531
14	7	司机	14.942234992980957
14	8	带	12.451574325561523
14	9	的	8.165610313415527
14	10	行李	15.530035972595215
14	11	丢	13.748316764831543
14	12	了	1.2394025325775146
14	13	。	4.101489543914795
15	1	那	7.21135950088501
15	2	本	8.157110214233398
15	3	学习	14.315282821655273
15	4	文学	14.269661903381348
15	5	的	3.3926737308502197
15	6	作家	9.334127426147461
15	7	写	9.877105712890625
15	8	的	3.474015712738037
15	9	书	6.0600481033325195
15	10	很	7.825570106506348
15	11	受	7.150865077972412
15	12	欢迎	4.487303733825684
15	13	。	2.9127037525177
16	1	那	7.21135950088501
16	2	个	7.7562642097473145
16	3	学习	15.834687232971191
16	4	文学	15.575231552124023
16	5	的	2.9700963497161865
16	6	作家	9.617952346801758
16	7	写	10.354372024536133
16	8	的	4.129432678222656
16	9	书	7.278895854949951
16	10	很	7.414602756500244
16	11	受	7.4113335609436035
16	12	欢迎	4.935170650482178
16	13	。	2.7221014499664307
17	1	那	7.21135950088501
17	2	辆	10.50053882598877
17	3	支持	16.39841079711914
17	4	环保	14.369843482971191
17	5	的	4.554572582244873
17	6	朋友	14.315712928771973
17	7	开	13.890132904052734
17	8	的	8.426040649414062
17	9	车	6.921527862548828
17	10	坏	14.691664695739746
17	11	了	1.9996756315231323
17	12	。	0.6805365681648254
18	1	那	7.21135950088501
18	2	个	7.7562642097473145
18	3	支持	13.45681095123291
18	4	环保	15.357643127441406
18	5	的	3.5760600566864014
18	6	朋友	12.765142440795898
18	7	开	15.376866340637207
18	8	的	7.885425567626953
18	9	车	9.480493545532227
18	10	坏	16.06096076965332
18	11	了	1.3631230592727661
18	12	。	0.7467739582061768
19	1	那	7.21135950088501
19	2	份	9.936624526977539
19	3	喜欢	17.2470703125
19	4	书	11.038596153259277
19	5	的	3.5646352767944336
19	6	孩子	6.287348747253418
19	7	做	8.529746055603027
19	8	的	3.869741439819336
19	9	作业	14.722946166992188
19	10	获	19.770288467407227
19	11	了	4.531093597412109
19	12	奖	14.240317344665527
19	13	。	3.7246220111846924
20	1	那	7.21135950088501
20	2	个	7.7562642097473145
20	3	喜欢	14.944466590881348
20	4	书	11.01698112487793
20	5	的	3.391591787338257
20	6	孩子	4.213183879852295
20	7	做	8.837273597717285
20	8	的	3.7405734062194824
20	9	作业	14.810203552246094
20	10	获	20.69037628173828
20	11	了	4.384225845336914
20	12	奖	14.038538932800293
20	13	。	2.881211280822754
21	1	那	7.21135950088501
21	2	份	9.936624526977539
21	3	认识	14.506213188171387
21	4	我	8.158543586730957
21	5	的	2.944274425506592
21	6	老板	11.92760181427002
21	7	制定	15.281746864318848
21	8	的	6.321703910827637
21	9	合同	14.424771308898926
21	10	到期	18.674392700195312
21	11	了	5.4206461906433105
21	12	。	6.77988338470459
22	1	那	7.21135950088501
22	2	个	7.7562642097473145
22	3	认识	13.955745697021484
22	4	我	6.558992385864258
22	5	的	2.5431320667266846
22	6	老板	11.664482116699219
22	7	制定	15.585136413574219
22	8	的	6.460669040679932
22	9	合同	14.629459381103516
22	10	到期	19.775619506835938
22	11	了	5.44801664352417
22	12	。	4.147014617919922
23	1	那	7.21135950088501
23	2	间	13.067296981811523
23	3	帮助	14.910266876220703
23	4	过	9.97523021697998
23	5	我	6.263383865356445
23	6	的	2.351330041885376
23	7	朋友	7.550086498260498
23	8	开	12.847209930419922
23	9	的	8.252403259277344
23	10	工厂	15.308602333068848
23	11	倒闭	18.518810272216797
23	12	了	1.8023332357406616
23	13	。	1.9425278902053833
24	1	那	7.21135950088501
24	2	个	7.7562642097473145
24	3	帮助	14.038649559020996
24	4	过	9.886089324951172
24	5	我	4.776289939880371
24	6	的	1.6300544738769531
24	7	朋友	6.353890895843506
24	8	开	13.400876998901367
24	9	的	7.365614891052246
24	10	工厂	15.276056289672852
24	11	倒闭	18.840717315673828
24	12	了	1.4297939538955688
24	13	。	1.8359876871109009
25	1	那	7.21135950088501
25	2	张	9.262038230895996
25	3	喜欢	14.325934410095215
25	4	艺术	11.985862731933594
25	5	的	1.753818392753601
25	6	孩子	6.723575592041016
25	7	照	15.785285949707031
25	8	的	6.41402006149292
25	9	照片	10.762484550476074
25	10	丢	16.57781410217285
25	11	了	1.5462751388549805
25	12	。	4.923588752746582
26	1	那	7.21135950088501
26	2	个	7.7562642097473145
26	3	喜欢	14.944466590881348
26	4	艺术	11.700467109680176
26	5	的	1.2908421754837036
26	6	孩子	6.1921610832214355
26	7	照	16.23360252380371
26	8	的	6.053174018859863
26	9	照片	11.363227844238281
26	10	丢	16.389347076416016
26	11	了	1.6466422080993652
26	12	。	4.822399616241455
27	1	那	7.21135950088501
27	2	台	15.335186004638672
27	3	教	14.556567192077637
27	4	过	8.125650405883789
27	5	我	5.7472076416015625
27	6	的	2.0724000930786133
27	7	老师	9.771944046020508
27	8	用	10.036850929260254
27	9	的	6.458667278289795
27	10	手机	11.246553421020508
27	11	很	10.505664825439453
27	12	好用	16.559062957763672
27	13	。	3.0653743743896484
28	1	那	7.21135950088501
28	2	个	7.7562642097473145
28	3	教	14.814946174621582
28	4	过	9.959585189819336
28	5	我	5.003726005554199
28	6	的	1.5138853788375854
28	7	老师	10.404330253601074
28	8	用	9.091835975646973
28	9	的	5.7647786140441895
28	10	手机	11.574308395385742
28	11	很	10.281421661376953
28	12	好用	16.581432342529297
28	13	。	3.5845985412597656
29	1	那	7.21135950088501
29	2	朵	19.690826416015625
29	3	关心	17.179943084716797
29	4	他	7.948222637176514
29	5	的	0.7156823873519897
29	6	邻居	10.830442428588867
29	7	种	17.21107292175293
29	8	的	13.49271011352539
29	9	花	13.760575294494629
29	10	很	8.142989158630371
29	11	好看	13.264789581298828
29	12	。	2.811300754547119
30	1	那	7.21135950088501
30	2	个	7.7562642097473145
30	3	关心	14.206543922424316
30	4	他	8.757831573486328
30	5	的	0.7821536064147949
30	6	邻居	12.224159240722656
30	7	种	16.767810821533203
30	8	的	12.746731758117676
30	9	花	13.685184478759766
30	10	很	7.64607048034668
30	11	好看	13.216694831848145
30	12	。	3.4759254455566406
31	1	那	7.21135950088501
31	2	台	15.335186004638672
31	3	鼓励	16.644805908203125
31	4	她	10.761537551879883
31	5	的	2.5053975582122803
31	6	科学家	12.870293617248535
31	7	做	9.489226341247559
31	8	的	5.291783809661865
31	9	电视	10.313976287841797
31	10	坏	16.057390213012695
31	11	了	6.01352071762085
31	12	。	3.342785120010376
32	1	那	7.21135950088501
32	2	个	7.7562642097473145
32	3	鼓励	16.12801742553711
32	4	她	10.852926254272461
32	5	的	1.9335696697235107
32	6	科学家	12.632502555847168
32	7	做	7.741102695465088
32	8	的	3.7600250244140625
32	9	电视	11.182120323181152
32	10	坏	16.140546798706055
32	11	了	5.50281286239624
32	12	。	3.424790859222412
33	1	那	7.21135950088501
33	2	栋	11.364483833312988
33	3	认识	16.373123168945312
33	4	父亲	15.337068557739258
33	5	的	2.3684804439544678
33	6	男人	7.945370197296143
33	7	买	11.74722671508789
33	8	的	5.355189800262451
33	9	房子	7.152211666107178
33	10	起火	18.064729690551758
33	11	了	5.296003341674805
33	12	。	2.2945950031280518
34	1	那	7.21135950088501
34	2	个	7.7562642097473145
34	3	认识	13.955745697021484
34	4	父亲	13.881205558776855
34	5	的	2.134789228439331
34	6	男人	7.219571590423584
34	7	买	12.64306354522705
34	8	的	4.805891990661621
34	9	房子	7.698263168334961
34	10	起火	18.603662490844727
34	11	了	4.757571220397949
34	12	。	1.756054401397705
35	1	那	7.21135950088501
35	2	条	9.431120872497559
35	3	关心	15.92415714263916
35	4	我	7.5413970947265625
35	5	的	2.38665509223938
35	6	朋友	7.164234638214111
35	7	给	7.382871150970459
35	8	的	10.167070388793945
35	9	建议	11.515506744384766
35	10	很	6.807532787322998
35	11	真诚	14.485053062438965
35	12	。	3.5926668643951416
36	1	那	7.21135950088501
36	2	个	7.7562642097473145
36	3	关心	14.206543922424316
36	4	我	9.124773025512695
36	5	的	1.8614966869354248
36	6	朋友	5.731698036193848
36	7	给	7.737598896026611
36	8	的	10.1945161819458
36	9	建议	11.683202743530273
36	10	很	7.037936687469482
36	11	真诚	14.2222261428833
36	12	。	4.132661819458008
37	1	那	7.21135950088501
37	2	支	12.889219284057617
37	3	教	13.817578315734863
37	4	数学	15.515597343444824
37	5	的	2.4754581451416016
37	6	老师	10.273792266845703
37	7	用	7.951858043670654
37	8	的	5.628918647766113
37	9	笔	13.821152687072754
37	10	坏	13.583772659301758
37	11	了	4.433274269104004
37	12	。	4.446291446685791
38	1	那	7.21135950088501
38	2	个	7.7562642097473145
38	3	教	14.814946174621582
38	4	数学	15.578826904296875
38	5	的	2.553887367248535
38	6	老师	11.363838195800781
38	7	用	7.973018646240234
38	8	的	5.53130578994751
38	9	笔	12.993041038513184
38	10	坏	13.925400733947754
38	11	了	4.555965423583984
38	12	。	3.26320219039917
39	1	那	7.21135950088501
39	2	只	7.4728922843933105
39	3	撞	19.159088134765625
39	4	了	2.50927472114563
39	5	我	6.190341472625732
39	6	的	1.6853277683258057
39	7	女人	8.166034698486328
39	8	丢	14.994827270507812
39	9	的	7.670638561248779
39	10	鞋子	14.596355438232422
39	11	被	11.254066467285156
39	12	找到	10.216497421264648
39	13	了	1.1217561960220337
39	14	。	3.9363553524017334
40	1	那	7.21135950088501
40	2	个	7.7562642097473145
40	3	撞	17.683624267578125
40	4	了	2.875246286392212
40	5	我	6.2129716873168945
40	6	的	1.4412751197814941
40	7	女人	7.685497283935547
40	8	丢	15.298126220703125
40	9	的	7.261264324188232
40	10	鞋子	14.848708152770996
40	11	被	10.531763076782227
40	12	找到	10.201964378356934
40	13	了	1.0179075002670288
40	14	。	4.184577941894531
41	1	那	7.21135950088501
41	2	条	9.431120872497559
41	3	打扰	18.136795043945312
41	4	了	9.711161613464355
41	5	我	5.141627788543701
41	6	的	1.94564688205719
41	7	邻居	9.859745025634766
41	8	养	16.042001724243164
41	9	的	5.705658435821533
41	10	狗	11.797544479370117
41	11	生病	15.593562126159668
41	12	了	0.977995753288269
41	13	。	3.1107935905456543
42	1	那	7.21135950088501
42	2	个	7.7562642097473145
42	3	打扰	18.316394805908203
42	4	了	9.27314281463623
42	5	我	5.675799369812012
42	6	的	1.8994125127792358
42	7	邻居	10.005444526672363
42	8	养	15.867973327636719
42	9	的	6.177825927734375
42	10	狗	12.280312538146973
42	11	生病	15.663139343261719
42	12	了	1.1893024444580078
42	13	。	2.9619312286376953
43	1	那	7.21135950088501
43	2	座	11.687884330749512
43	3	写	14.76074504852295
43	4	过	6.380442142486572
43	5	书	8.76635456085205
43	6	的	2.506415843963623
43	7	老人	12.3020658493042
43	8	修	15.997644424438477
43	9	的	5.5876288414001465
43	10	桥	12.420411109924316
43	11	帮助	15.103084564208984
43	12	了	3.0818932056427
43	13	我	4.604251861572266
43	14	。	5.842604637145996
44	1	那	7.21135950088501
44	2	个	7.7562642097473145
44	3	写	14.118122100830078
44	4	过	4.911217212677002
44	5	书	7.422398090362549
44	6	的	2.703253984451294
44	7	老人	12.525023460388184
44	8	修	16.126094818115234
44	9	的	5.420443058013916
44	10	桥	13.258988380432129
44	11	帮助	14.670940399169922
44	12	了	3.29180908203125
44	13	我	4.440510272979736
44	14	。	5.457486629486084
45	1	那	7.21135950088501
45	2	篇	8.789318084716797
45	3	获	17.898008346557617
45	4	奖	15.028068542480469
45	5	的	1.3251348733901978
45	6	学生	11.022138595581055
45	7	准备	11.830780029296875
45	8	的	8.233880996704102
45	9	报告	7.984594345092773
45	10	感动	14.86767578125
45	11	了	5.6771674156188965
45	12	我	4.171317100524902
45	13	。	6.4703145027160645
46	1	那	7.21135950088501
46	2	个	7.7562642097473145
46	3	获	17.93015480041504
46	4	奖	14.104233741760254
46	5	的	0.5109383463859558
46	6	学生	9.473589897155762
46	7	准备	11.182846069335938
46	8	的	6.903935432434082
46	9	报告	9.52191162109375
46	10	感动	14.743213653564453
46	11	了	5.045380115509033
46	12	我	4.736344337463379
46	13	。	5.801913261413574
47	1	那	7.21135950088501
47	2	封	12.798332214355469
47	3	依赖	17.206951141357422
47	4	我	7.897802352905273
47	5	的	1.1637557744979858
47	6	朋友	6.901261806488037
47	7	写	10.282072067260742
47	8	的	5.170256614685059
47	9	信	12.048625946044922
47	10	很	8.266186714172363
47	11	真诚	14.737052917480469
47	12	。	2.8734748363494873
48	1	那	7.21135950088501
48	2	个	7.7562642097473145
48	3	依赖	17.178163528442383
48	4	我	9.012129783630371
48	5	的	1.078636646270752
48	6	朋友	6.842535972595215
48	7	写	11.29330062866211
48	8	的	4.913728713989258
48	9	信	12.763615608215332
48	10	很	8.39581298828125
48	11	真诚	14.661657333374023
48	12	。	3.4943645000457764
49	1	那	7.21135950088501
49	2	堂	18.93252182006836
49	3	教	13.922767639160156
49	4	过	9.816089630126953
49	5	我	6.625474452972412
49	6	的	1.9316987991333008
49	7	老师	8.975214004516602
49	8	教	12.005071640014648
49	9	的	8.558530807495117
49	10	课	9.068693161010742
49	11	获	17.27606773376465
49	12	了	5.924788475036621
49	13	奖	12.199563026428223
49	14	。	4.177430629730225
50	1	那	7.21135950088501
50	2	个	7.7562642097473145
50	3	教	14.814946174621582
50	4	过	9.959585189819336
50	5	我	5.003726005554199
50	6	的	1.5138853788375854
50	7	老师	10.404330253601074
50	8	教	12.039382934570312
50	9	的	8.307952880859375
50	10	课	9.708285331726074
50	11	获	17.667945861816406
50	12	了	4.778050899505615
50	13	奖	13.023926734924316
50	14	。	4.586756706237793
51	1	那	7.21135950088501
51	2	块	11.521758079528809
51	3	喜欢	13.927184104919434
51	4	音乐	12.351353645324707
51	5	的	2.538545846939087
51	6	医生	10.568607330322266
51	7	喜欢	13.599858283996582
51	8	的	5.556596279144287
51	9	手表	17.29020881652832
51	10	丢	13.095939636230469
51	11	了	2.610703229904175
51	12	。	3.4710886478424072
52	1	那	7.21135950088501
52	2	个	7.7562642097473145
52	3	喜欢	14.944466590881348
52	4	音乐	13.244437217712402
52	5	的	1.8756370544433594
52	6	医生	9.969032287597656
52	7	喜欢	13.543076515197754
52	8	的	5.436512470245361
52	9	手表	17.32738494873047
52	10	丢	13.28548526763916
52	11	了	1.9139763116836548
52	12	。	4.010923385620117
53	1	那	7.21135950088501
53	2	篇	8.789318084716797
53	3	获	17.898008346557617
53	4	奖	15.028068542480469
53	5	的	1.3251348733901978
53	6	学生	11.022138595581055
53	7	写	8.927425384521484
53	8	的	4.6338958740234375
53	9	论文	12.938874244689941
53	10	感动	14.49602222442627
53	11	了	5.895386219024658
53	12	我	4.247148513793945
53	13	。	6.63714599609375
54	1	那	7.21135950088501
54	2	个	7.7562642097473145
54	3	获	17.93015480041504
54	4	奖	14.104233741760254
54	5	的	0.5109383463859558
54	6	学生	9.473589897155762
54	7	写	9.510822296142578
54	8	的	4.713553428649902
54	9	论文	12.851798057556152
54	10	感动	15.140129089355469
54	11	了	5.636442184448242
54	12	我	4.7583231925964355
54	13	。	5.955210208892822
55	1	那	7.21135950088501
55	2	场	8.934881210327148
55	3	参加	13.578304290771484
55	4	过	7.745308876037598
55	5	比赛	11.740386009216309
55	6	的	1.474171757698059
55	7	演员	13.025256156921387
55	8	准备	11.9933500289917
55	9	的	6.336385726928711
55	10	表演	10.429933547973633
55	11	很	10.498147964477539
55	12	受	8.102445602416992
55	13	欢迎	4.212891578674316
55	14	。	3.1717886924743652
56	1	那	7.21135950088501
56	2	个	7.7562642097473145
56	3	参加	14.665197372436523
56	4	过	6.365224361419678
56	5	比赛	13.751152038574219
56	6	的	1.179884433746338
56	7	演员	12.796876907348633
56	8	准备	11.812127113342285
56	9	的	6.010591506958008
56	10	表演	10.589219093322754
56	11	很	10.07462215423584
56	12	受	8.153738021850586
56	13	欢迎	4.62959623336792
56	14	。	3.7150940895080566
57	1	那	7.21135950088501
57	2	间	13.067296981811523
57	3	救	15.788260459899902
57	4	过	8.846458435058594
57	5	我	7.086404800415039
57	6	的	1.8732577562332153
57	7	警察	13.642369270324707
57	8	工作	10.200079917907715
57	9	的	6.409233570098877
57	10	办公室	11.570821762084961
57	11	起火	16.170642852783203
57	12	了	5.44507360458374
57	13	。	3.0807878971099854
58	1	那	7.21135950088501
58	2	个	7.7562642097473145
58	3	救	16.29383659362793
58	4	过	8.706460952758789
58	5	我	5.753541946411133
58	6	的	1.452314853668213
58	7	警察	14.137598037719727
58	8	工作	10.750224113464355
58	9	的	5.831765651702881
58	10	办公室	11.631027221679688
58	11	起火	16.577686309814453
58	12	了	4.999342918395996
58	13	。	2.8648993968963623
59	1	那	7.21135950088501
59	2	首	12.428126335144043
59	3	打	15.441667556762695
59	4	游戏	14.347772598266602
59	5	的	5.51099157333374
59	6	孩子	5.4497504234313965
59	7	写	9.457344055175781
59	8	的	5.8485107421875
59	9	诗	12.311690330505371
59	10	很	9.55008602142334
59	11	有趣	7.974009990692139
59	12	。	1.6799213886260986
60	1	那	7.21135950088501
60	2	个	7.7562642097473145
60	3	打	12.344298362731934
60	4	游戏	13.499329566955566
60	5	的	4.561556816101074
60	6	孩子	4.621882915496826
60	7	写	10.99569320678711
60	8	的	5.425191402435303
60	9	诗	12.384851455688477
60	10	很	9.746241569519043
60	11	有趣	7.872992038726807
60	12	。	1.8766636848449707
61	1	那	7.21135950088501
61	2	家	9.294271469116211
61	3	依赖	14.80233097076416
61	4	我	9.267373085021973
61	5	的	1.261000156402588
61	6	朋友	6.656409740447998
61	7	去	8.385674476623535
61	8	的	8.772493362426758
61	9	银行	11.879729270935059
61	10	帮助	11.551342964172363
61	11	了	7.173670291900635
61	12	我	2.4146714210510254
61	13	。	4.057590961456299
62	1	那	7.21135950088501
62	2	个	7.7562642097473145
62	3	依赖	17.178163528442383
62	4	我	9.012129783630371
62	5	的	1.078636646270752
62	6	朋友	6.842535972595215
62	7	去	8.201268196105957
62	8	的	8.198897361755371
62	9	银行	12.729594230651855
62	10	帮助	11.301599502563477
62	11	了	7.465854644775391
62	12	我	2.1355512142181396
62	13	。	4.664414405822754
