sentence_id	token_id	token	surprisal
1	1	那	7.21135950088501
1	2	家	9.294271469116211
1	3	亲切	18.14257049560547
1	4	的	5.865889072418213
1	5	老板	10.576601028442383
1	6	投资	16.641664505004883
1	7	的	5.994098663330078
1	8	饭店	13.96390151977539
1	9	很	7.918798446655273
1	10	受	9.411161422729492
1	11	欢迎	5.987046241760254
1	12	。	1.9548466205596924
2	1	那	7.21135950088501
2	2	个	7.7562642097473145
2	3	亲切	15.088395118713379
2	4	的	4.029477596282959
2	5	老板	13.053836822509766
2	6	投资	17.684062957763672
2	7	的	4.89868688583374
2	8	饭店	15.305830001831055
2	9	很	8.021268844604492
2	10	受	9.482928276062012
2	11	欢迎	5.39493989944458
2	12	。	2.45623517036438
3	1	那	7.21135950088501
3	2	幅	13.20314884185791
3	3	聪明	12.05080795288086
3	4	的	1.2675130367279053
3	5	朋友	6.497164726257324
3	6	喜欢	12.202035903930664
3	7	的	6.187620162963867
3	8	画	14.875070571899414
3	9	吸引	13.878840446472168
3	10	了	3.296302080154419
3	11	我	5.278217792510986
3	12	。	5.35936164855957
4	1	那	7.21135950088501
4	2	个	7.7562642097473145
4	3	聪明	13.505244255065918
4	4	的	0.6751716136932373
4	5	朋友	5.998603343963623
4	6	喜欢	12.58867073059082
4	7	的	6.8186187744140625
4	8	画	15.353672981262207
4	9	吸引	14.276484489440918
4	10	了	3.6402623653411865
4	11	我	5.348875999450684
4	12	。	5.16401481628418
5	1	那	7.21135950088501
5	2	件	7.878509521484375
5	3	细心	19.276506423950195
5	4	的	0.10135394334793091
5	5	老师	13.126296043395996
5	6	收藏	15.641645431518555
5	7	的	4.545374393463135
5	8	艺术品	16.257688522338867
5	9	获	14.691149711608887
5	10	了	4.91841459274292
5	11	奖	12.79666519165039
5	12	。	3.3663387298583984
6	1	那	7.21135950088501
6	2	个	7.7562642097473145
6	3	细心	16.03156852722168
6	4	的	0.07508999109268188
6	5	老师	11.695034980773926
6	6	收藏	15.07801342010498
6	7	的	3.904667854309082
6	8	艺术品	15.797118186950684
6	9	获	15.057384490966797
6	10	了	5.2065863609313965
6	11	奖	12.539189338684082
6	12	。	3.218017101287842
7	1	那	7.21135950088501
7	2	只	7.4728922843933105
7	3	负责	17.490703582763672
7	4	的	3.5602641105651855
7	5	店长	20.486587524414062
7	6	喜欢	13.022479057312012
7	7	的	3.7516586780548096
7	8	宠物	16.35362434387207
7	9	生病	16.07651138305664
7	10	了	4.4605536460876465
7	11	。	0.7793537378311157
8	1	那	7.21135950088501
8	2	个	7.7562642097473145
8	3	负责	15.021080017089844
8	4	的	1.1942145824432373
8	5	店长	20.547290802001953
8	6	喜欢	12.877017974853516
8	7	的	3.3661224842071533
8	8	宠物	17.39107322692871
8	9	生病	15.910259246826172
8	10	了	4.8354620933532715
8	11	。	1.2327184677124023
9	1	那	7.21135950088501
9	2	首	12.428126335144043
9	3	有名	17.98914337158203
9	4	的	0.08130284398794174
9	5	明星	12.042258262634277
9	6	唱	14.347006797790527
9	7	的	4.4497551918029785
9	8	歌	9.724215507507324
9	9	很	10.118976593017578
9	10	好听	14.609719276428223
9	11	。	1.7638944387435913
10	1	那	7.21135950088501
10	2	个	7.7562642097473145
10	3	有名	15.313544273376465
10	4	的	0.02614854834973812
10	5	明星	12.257926940917969
10	6	唱	15.182083129882812
10	7	的	3.3404505252838135
10	8	歌	10.126212120056152
10	9	很	10.509050369262695
10	10	好听	14.508978843688965
10	11	。	2.1411540508270264
11	1	那	7.21135950088501
11	2	所	9.593746185302734
11	3	富有	15.787093162536621
11	4	的	1.5298423767089844
11	5	老人	12.140727996826172
11	6	去	10.313068389892578
11	7	的	5.635473251342773
11	8	学校	10.970251083374023
11	9	关闭	14.550288200378418
11	10	了	3.1749660968780518
11	11	。	6.4960761070251465
12	1	那	7.21135950088501
12	2	个	7.7562642097473145
12	3	富有	15.849067687988281
12	4	的	4.227077007293701
12	5	老人	11.43002700805664
12	6	去	9.376323699951172
12	7	的	6.654531478881836
12	8	学校	10.512176513671875
12	9	关闭	14.546749114990234
12	10	了	3.1023778915405273
12	11	。	5.550625801086426
13	1	那	7.21135950088501
13	2	件	7.878509521484375
13	3	紧张	16.49773597717285
13	4	的	0.9932129383087158
13	5	司机	15.716120719909668
13	6	带	12.099479675292969
13	7	的	9.399567604064941
13	8	行李	15.466801643371582
13	9	丢	13.031652450561523
13	10	了	1.2295949459075928
13	11	。	3.866567611694336
14	1	那	7.21135950088501
14	2	个	7.7562642097473145
14	3	紧张	14.20610523223877
14	4	的	1.269913673400879
14	5	司机	14.368438720703125
14	6	带	11.75344181060791
14	7	的	9.245600700378418
14	8	行李	15.12159252166748
14	9	丢	12.823982238769531
14	10	了	1.4640707969665527
14	11	。	3.7016286849975586
15	1	那	7.21135950088501
15	2	本	8.157110214233398
15	3	有名	16.784055709838867
15	4	的	0.054559770971536636
15	5	作家	9.347716331481934
15	6	写	11.233692169189453
15	7	的	2.620379686355591
15	8	书	5.969513416290283
15	9	很	9.113677978515625
15	10	受	7.441661834716797
15	11	欢迎	4.15662956237793
15	12	。	4.224531650543213
16	1	那	7.21135950088501
16	2	个	7.7562642097473145
16	3	有名	15.313544273376465
16	4	的	0.02614854834973812
16	5	作家	9.9456205368042
16	6	写	11.74386978149414
16	7	的	3.7356441020965576
16	8	书	7.0662994384765625
16	9	很	8.48540210723877
16	10	受	7.629391193389893
16	11	欢迎	4.653402805328369
16	12	。	3.885195016860962
17	1	那	7.21135950088501
17	2	辆	10.50053882598877
17	3	熟悉	15.981775283813477
17	4	的	2.842498779296875
17	5	朋友	10.957383155822754
17	6	开	13.500984191894531
17	7	的	6.767338275909424
17	8	车	6.391915321350098
17	9	坏	14.382125854492188
17	10	了	2.9406349658966064
17	11	。	1.1065222024917603
18	1	那	7.21135950088501
18	2	个	7.7562642097473145
18	3	熟悉	14.601053237915039
18	4	的	1.7823923826217651
18	5	朋友	7.703731060028076
18	6	开	15.495436668395996
18	7	的	6.379283428192139
18	8	车	8.70820426940918
18	9	坏	15.585317611694336
18	10	了	2.1555957794189453
18	11	。	1.1532716751098633
19	1	那	7.21135950088501
19	2	份	9.936624526977539
19	3	淘气	20.967432022094727
19	4	的	0.8851903676986694
19	5	孩子	8.508914947509766
19	6	做	10.199131965637207
19	7	的	4.594205856323242
19	8	作业	15.000734329223633
19	9	获	17.41583824157715
19	10	了	4.247262477874756
19	11	奖	13.54653263092041
19	12	。	2.7878339290618896
20	1	那	7.21135950088501
20	2	个	7.7562642097473145
20	3	淘气	18.499929428100586
20	4	的	0.9484003782272339
20	5	孩子	5.4557366371154785
20	6	做	10.02670669555664
20	7	的	4.3440141677856445
20	8	作业	15.043320655822754
20	9	获	18.255617141723633
20	10	了	5.041911602020264
20	11	奖	13.500687599182129
20	12	。	2.3394575119018555
21	1	那	7.21135950088501
21	2	份	9.936624526977539
21	3	严格	15.660354614257812
21	4	的	2.444316864013672
21	5	老板	13.084467887878418
21	6	制定	14.246309280395508
21	7	的	6.05393648147583
21	8	合同	12.770633697509766
21	9	到期	19.54153060913086
21	10	了	5.2338995933532715
21	11	。	9.461453437805176
22	1	那	7.21135950088501
22	2	个	7.7562642097473145
22	3	严格	16.005550384521484
22	4	的	1.7837170362472534
22	5	老板	12.361469268798828
22	6	制定	14.605569839477539
22	7	的	6.317947864532471
22	8	合同	13.166986465454102
22	9	到期	20.095491409301758
22	10	了	5.470609664916992
22	11	。	6.894715785980225
23	1	那	7.21135950088501
23	2	间	13.067296981811523
23	3	负责	15.661704063415527
23	4	的	1.5837441682815552
23	5	朋友	12.601581573486328
23	6	开	13.230836868286133
23	7	的	7.390691757202148
23	8	工厂	13.7197904586792
23	9	倒闭	18.127819061279297
23	10	了	3.546292304992676
23	11	。	2.060438394546509
24	1	那	7.21135950088501
24	2	个	7.7562642097473145
24	3	负责	15.021080017089844
24	4	的	1.1942145824432373
24	5	朋友	10.411867141723633
24	6	开	13.888376235961914
24	7	的	6.498311519622803
24	8	工厂	13.957564353942871
24	9	倒闭	18.524782180786133
24	10	了	2.7375075817108154
24	11	。	1.7756186723709106
25	1	那	7.21135950088501
25	2	张	9.262038230895996
25	3	聪明	12.608471870422363
25	4	的	1.8721331357955933
25	5	孩子	5.934518337249756
25	6	照	15.68550968170166
25	7	的	8.20036506652832
25	8	照片	11.098798751831055
25	9	丢	15.541393280029297
25	10	了	0.8599945902824402
25	11	。	4.109920024871826
26	1	那	7.21135950088501
26	2	个	7.7562642097473145
26	3	聪明	13.505244255065918
26	4	的	0.6751716136932373
26	5	孩子	5.345600605010986
26	6	照	16.250391006469727
26	7	的	8.045266151428223
26	8	照片	11.707277297973633
26	9	丢	15.503344535827637
26	10	了	0.9937455654144287
26	11	。	3.643564224243164
27	1	那	7.21135950088501
27	2	台	15.335186004638672
27	3	负责	15.898442268371582
27	4	的	2.549267292022705
27	5	老师	13.213739395141602
27	6	用	8.248250961303711
27	7	的	6.085407733917236
27	8	手机	10.699027061462402
27	9	很	11.72817611694336
27	10	好用	16.477882385253906
27	11	。	2.9758129119873047
28	1	那	7.21135950088501
28	2	个	7.7562642097473145
28	3	负责	15.021080017089844
28	4	的	1.1942145824432373
28	5	老师	13.705342292785645
28	6	用	7.382875442504883
28	7	的	4.976770401000977
28	8	手机	11.172357559204102
28	9	很	11.416145324707031
28	10	好用	16.298452377319336
28	11	。	2.9963250160217285
29	1	那	7.21135950088501
29	2	朵	19.690826416015625
29	3	细心	17.55367660522461
29	4	的	0.7753190994262695
29	5	邻居	11.21671199798584
29	6	种	15.927538871765137
29	7	的	13.054974555969238
29	8	花	13.63939094543457
29	9	很	7.192070007324219
29	10	好看	13.573432922363281
29	11	。	3.7841885089874268
30	1	那	7.21135950088501
30	2	个	7.7562642097473145
30	3	细心	16.03156852722168
30	4	的	0.07508999109268188
30	5	邻居	13.19054889678955
30	6	种	15.00810718536377
30	7	的	12.09634017944336
30	8	花	13.537758827209473
30	9	很	6.7220139503479
30	10	好看	13.518489837646484
30	11	。	4.270284652709961
31	1	那	7.21135950088501
31	2	台	15.335186004638672
31	3	优秀	14.05123519897461
31	4	的	2.6613008975982666
31	5	科学家	11.96937084197998
31	6	做	12.441365242004395
31	7	的	6.1003642082214355
31	8	电视	12.047526359558105
31	9	坏	16.034820556640625
31	10	了	6.990315914154053
31	11	。	3.32553768157959
32	1	那	7.21135950088501
32	2	个	7.7562642097473145
32	3	优秀	12.879018783569336
32	4	的	0.9587637186050415
32	5	科学家	11.79234790802002
32	6	做	11.098363876342773
32	7	的	4.305428981781006
32	8	电视	12.598430633544922
32	9	坏	16.154556274414062
32	10	了	6.441501617431641
32	11	。	3.0936760902404785
33	1	那	7.21135950088501
33	2	栋	11.364483833312988
33	3	富有	17.632949829101562
33	4	的	3.456714391708374
33	5	男人	9.418310165405273
33	6	买	11.999396324157715
33	7	的	3.830160140991211
33	8	房子	7.080436706542969
33	9	起火	17.300996780395508
33	10	了	4.394595623016357
33	11	。	2.5753374099731445
34	1	那	7.21135950088501
34	2	个	7.7562642097473145
34	3	富有	15.849067687988281
34	4	的	4.227077007293701
34	5	男人	9.833133697509766
34	6	买	12.784612655639648
34	7	的	3.0620038509368896
34	8	房子	7.644200801849365
34	9	起火	18.167404174804688
34	10	了	4.01495361328125
34	11	。	2.09352970123291
35	1	那	7.21135950088501
35	2	条	9.431120872497559
35	3	紧张	14.270088195800781
35	4	的	1.7948189973831177
35	5	朋友	12.36458969116211
35	6	给	7.3376054763793945
35	7	的	9.416762351989746
35	8	建议	12.864316940307617
35	9	很	6.142042636871338
35	10	真诚	14.721624374389648
35	11	。	1.7459135055541992
36	1	那	7.21135950088501
36	2	个	7.7562642097473145
36	3	紧张	14.20610523223877
36	4	的	1.269913673400879
36	5	朋友	10.465165138244629
36	6	给	7.429530620574951
36	7	的	9.194828987121582
36	8	建议	12.779186248779297
36	9	很	6.5769453048706055
36	10	真诚	14.405332565307617
36	11	。	2.3832199573516846
37	1	那	7.21135950088501
37	2	支	12.889219284057617
37	3	负责	14.924186706542969
37	4	的	1.769926905632019
37	5	老师	12.974998474121094
37	6	用	7.608523368835449
37	7	的	5.288280963897705
37	8	笔	15.149532318115234
37	9	坏	13.667191505432129
37	10	了	5.096237659454346
37	11	。	4.6540117263793945
38	1	那	7.21135950088501
38	2	个	7.7562642097473145
38	3	负责	15.021080017089844
38	4	的	1.1942145824432373
38	5	老师	13.705342292785645
38	6	用	7.382875442504883
38	7	的	4.976770401000977
38	8	笔	14.045499801635742
38	9	坏	14.059226989746094
38	10	了	4.766522407531738
38	11	。	3.0431816577911377
39	1	那	7.21135950088501
39	2	只	7.4728922843933105
39	3	内向	23.112180709838867
39	4	的	3.082730770111084
39	5	女人	11.23253345489502
39	6	丢	13.049726486206055
39	7	的	8.42557144165039
39	8	鞋子	14.640057563781738
39	9	被	7.2296223640441895
39	10	找到	11.060348510742188
39	11	了	1.3952447175979614
39	12	。	3.2628321647644043
40	1	那	7.21135950088501
40	2	个	7.7562642097473145
40	3	内向	21.146656036376953
40	4	的	1.0429376363754272
40	5	女人	9.90385913848877
40	6	丢	14.006583213806152
40	7	的	7.540980815887451
40	8	鞋子	15.08648681640625
40	9	被	7.489525318145752
40	10	找到	10.790766716003418
40	11	了	1.3136333227157593
40	12	。	3.7814512252807617
41	1	那	7.21135950088501
41	2	条	9.431120872497559
41	3	孤独	16.549678802490234
41	4	的	1.2176592350006104
41	5	邻居	10.426393508911133
41	6	养	14.506339073181152
41	7	的	6.278006553649902
41	8	狗	11.635668754577637
41	9	生病	14.782990455627441
41	10	了	1.698079228401184
41	11	。	1.9053459167480469
42	1	那	7.21135950088501
42	2	个	7.7562642097473145
42	3	孤独	15.998984336853027
42	4	的	0.6836313009262085
42	5	邻居	10.262340545654297
42	6	养	14.67839527130127
42	7	的	6.494475364685059
42	8	狗	12.065086364746094
42	9	生病	14.693973541259766
42	10	了	1.9009194374084473
42	11	。	1.8081353902816772
43	1	那	7.21135950088501
43	2	座	11.687884330749512
43	3	幽默	16.295133590698242
43	4	的	0.4702458679676056
43	5	老人	11.106266975402832
43	6	修	15.198482513427734
43	7	的	6.12808084487915
43	8	桥	11.560749053955078
43	9	帮助	16.343002319335938
43	10	了	3.4308578968048096
43	11	我	5.558916091918945
43	12	。	5.753613471984863
44	1	那	7.21135950088501
44	2	个	7.7562642097473145
44	3	幽默	16.976646423339844
44	4	的	0.4100615382194519
44	5	老人	10.670938491821289
44	6	修	15.203048706054688
44	7	的	5.847175598144531
44	8	桥	12.84163761138916
44	9	帮助	16.01012420654297
44	10	了	3.5099852085113525
44	11	我	5.026827812194824
44	12	。	5.441155910491943
45	1	那	7.21135950088501
45	2	篇	8.789318084716797
45	3	认真	16.209684371948242
45	4	的	4.3447136878967285
45	5	学生	11.68423843383789
45	6	准备	12.5859375
45	7	的	8.652984619140625
45	8	报告	8.017587661743164
45	9	感动	14.960023880004883
45	10	了	4.308227062225342
45	11	我	3.4131646156311035
45	12	。	6.540938854217529
46	1	那	7.21135950088501
46	2	个	7.7562642097473145
46	3	认真	14.796976089477539
46	4	的	3.873284101486206
46	5	学生	11.167769432067871
46	6	准备	12.163185119628906
46	7	的	7.209765911102295
46	8	报告	10.067571640014648
46	9	感动	15.04173755645752
46	10	了	3.7346584796905518
46	11	我	3.978224515914917
46	12	。	5.771359920501709
47	1	那	7.21135950088501
47	2	封	12.798332214355469
47	3	亲切	15.134042739868164
47	4	的	5.627171516418457
47	5	朋友	6.865452289581299
47	6	写	10.69461441040039
47	7	的	5.310952663421631
47	8	信	10.901453971862793
47	9	很	7.79265022277832
47	10	真诚	14.653399467468262
47	11	。	1.4570082426071167
48	1	那	7.21135950088501
48	2	个	7.7562642097473145
48	3	亲切	15.088395118713379
48	4	的	4.029477596282959
48	5	朋友	6.537071704864502
48	6	写	11.656721115112305
48	7	的	4.7530999183654785
48	8	信	11.480276107788086
48	9	很	7.948427677154541
48	10	真诚	14.527722358703613
48	11	。	1.9522068500518799
49	1	那	7.21135950088501
49	2	堂	18.93252182006836
49	3	有名	16.253992080688477
49	4	的	0.08907444775104523
49	5	老师	9.495081901550293
49	6	教	13.00333023071289
49	7	的	8.046172142028809
49	8	课	9.531407356262207
49	9	获	16.689678192138672
49	10	了	6.941981792449951
49	11	奖	11.816102027893066
49	12	。	3.91322922706604
50	1	那	7.21135950088501
50	2	个	7.7562642097473145
50	3	有名	15.313544273376465
50	4	的	0.02614854834973812
50	5	老师	10.38892650604248
50	6	教	13.250870704650879
50	7	的	8.081602096557617
50	8	课	9.961324691772461
50	9	获	17.2903995513916
50	10	了	5.25401496887207
50	11	奖	13.00317096710205
50	12	。	4.078006267547607
51	1	那	7.21135950088501
51	2	块	11.521758079528809
51	3	细心	17.34441566467285
51	4	的	0.15182329714298248
51	5	医生	11.119133949279785
51	6	喜欢	13.121222496032715
51	7	的	4.233315944671631
51	8	手表	18.389625549316406
51	9	丢	12.657328605651855
51	10	了	1.5927729606628418
51	11	。	4.866443157196045
52	1	那	7.21135950088501
52	2	个	7.7562642097473145
52	3	细心	16.03156852722168
52	4	的	0.07508999109268188
52	5	医生	10.848361015319824
52	6	喜欢	13.1875
52	7	的	3.953075408935547
52	8	手表	18.329633712768555
52	9	丢	13.039852142333984
52	10	了	1.0234556198120117
52	11	。	5.115878582000732
53	1	那	7.21135950088501
53	2	篇	8.789318084716797
53	3	优秀	14.06013011932373
53	4	的	2.210486888885498
53	5	学生	10.261838912963867
53	6	写	10.438848495483398
53	7	的	4.50471830368042
53	8	论文	11.8500337600708
53	9	感动	15.145613670349121
53	10	了	4.543338298797607
53	11	我	3.8865914344787598
53	12	。	6.80079460144043
54	1	那	7.21135950088501
54	2	个	7.7562642097473145
54	3	优秀	12.879018783569336
54	4	的	0.9587637186050415
54	5	学生	9.54106616973877
54	6	写	12.061843872070312
54	7	的	5.817892551422119
54	8	论文	11.688789367675781
54	9	感动	16.003355026245117
54	10	了	4.6894145011901855
54	11	我	4.45336389541626
54	12	。	6.053534507751465
55	1	那	7.21135950088501
55	2	场	8.934881210327148
55	3	专业	14.978019714355469
55	4	的	4.286306858062744
55	5	演员	13.379003524780273
55	6	准备	13.075113296508789
55	7	的	9.49880313873291
55	8	表演	10.88819408416748
55	9	很	6.745046615600586
55	10	受	7.987285614013672
55	11	欢迎	4.414684772491455
55	12	。	2.495030641555786
56	1	那	7.21135950088501
56	2	个	7.7562642097473145
56	3	专业	12.27712345123291
56	4	的	3.3948585987091064
56	5	演员	13.878314971923828
56	6	准备	13.365117073059082
56	7	的	8.561980247497559
56	8	表演	11.47769832611084
56	9	很	5.969547271728516
56	10	受	8.235379219055176
56	11	欢迎	4.951712608337402
56	12	。	3.084312677383423
57	1	那	7.21135950088501
57	2	间	13.067296981811523
57	3	勇敢	16.702869415283203
57	4	的	3.6134843826293945
57	5	警察	12.47461986541748
57	6	工作	9.798531532287598
57	7	的	6.139571189880371
57	8	办公室	11.450851440429688
57	9	起火	15.948029518127441
57	10	了	6.121070384979248
57	11	。	3.513843297958374
58	1	那	7.21135950088501
58	2	个	7.7562642097473145
58	3	勇敢	15.739541053771973
58	4	的	2.4424240589141846
58	5	警察	13.06044864654541
58	6	工作	10.468330383300781
58	7	的	5.057159900665283
58	8	办公室	11.277280807495117
58	9	起火	16.251094818115234
58	10	了	5.431493282318115
58	11	。	3.5042619705200195
59	1	那	7.21135950088501
59	2	首	12.428126335144043
59	3	聪明	18.24955177307129
59	4	的	2.0896177291870117
59	5	孩子	6.68665075302124
59	6	写	10.412389755249023
59	7	的	5.662500381469727
59	8	诗	13.107455253601074
59	9	很	9.988688468933105
59	10	有趣	7.8651628494262695
59	11	。	1.7052366733551025
60	1	那	7.21135950088501
60	2	个	7.7562642097473145
60	3	聪明	13.505244255065918
60	4	的	0.6751716136932373
60	5	孩子	5.345600605010986
60	6	写	11.570051193237305
60	7	的	5.163228511810303
60	8	诗	13.0470552444458
60	9	很	10.145448684692383
60	10	有趣	7.740418910980225
60	11	。	1.8500351905822754
61	1	那	7.21135950088501
61	2	家	9.294271469116211
61	3	细心	18.50975799560547
61	4	的	0.14148040115833282
61	5	朋友	8.28897476196289
61	6	去	10.639580726623535
61	7	的	8.729205131530762
61	8	银行	13.329011917114258
61	9	帮助	12.478729248046875
61	10	了	4.815634727478027
61	11	我	3.144338846206665
61	12	。	4.811568737030029
62	1	那	7.21135950088501
62	2	个	7.7562642097473145
62	3	细心	16.03156852722168
62	4	的	0.07508999109268188
62	5	朋友	8.157491683959961
62	6	去	10.491436958312988
62	7	的	8.057888984680176
62	8	银行	13.895946502685547
62	9	帮助	12.278301239013672
62	10	了	5.225228786468506
62	11	我	2.7475459575653076
62	12	。	5.629868507385254
