sentence_id	token_id	token	surprisal
1	1	记者	9.519596099853516
1	2	采访	7.503374099731445
1	3	了	4.249082565307617
1	4	研发	15.684564590454102
1	5	帮助	14.773584365844727
1	6	老人	13.810650825500488
1	7	的	2.0396480560302734
1	8	产品	10.637528419494629
1	9	。	5.9343390464782715
2	1	记者	9.519596099853516
2	2	采访	7.503374099731445
2	3	了	4.249082565307617
2	4	研发	15.684564590454102
2	5	帮助	14.773584365844727
2	6	老人	13.810650825500488
2	7	的	2.0396480560302734
2	8	产品	10.637528419494629
2	9	的	9.371171951293945
2	10	科学家	13.194840431213379
2	11	。	6.530695915222168
3	1	他	5.726855754852295
3	2	认识	11.940350532531738
3	3	了	6.432525157928467
3	4	写	13.751165390014648
3	5	介绍	14.90440559387207
3	6	名人	14.535930633544922
3	7	的	0.6998278498649597
3	8	书	6.665448188781738
3	9	。	3.9889731407165527
4	1	他	5.726855754852295
4	2	认识	11.940350532531738
4	3	了	6.432525157928467
4	4	写	13.751165390014648
4	5	介绍	14.90440559387207
4	6	名人	14.535930633544922
4	7	的	0.6998278498649597
4	8	书	6.665448188781738
4	9	的	9.461536407470703
4	10	老师	11.692769050598145
4	11	。	4.372036457061768
5	1	他	5.726855754852295
5	2	拍	14.92082691192627
5	3	下	9.695045471191406
5	4	了	5.586705207824707
5	5	获得	15.130697250366211
5	6	代表	15.065741539001465
5	7	实力	15.335225105285645
5	8	的	1.30549955368042
5	9	大奖	16.411067962646484
5	10	。	4.49777889251709
6	1	他	5.726855754852295
6	2	拍	14.92082691192627
6	3	下	9.695045471191406
6	4	了	5.586705207824707
6	5	获得	15.130697250366211
6	6	代表	15.065741539001465
6	7	实力	15.335225105285645
6	8	的	1.30549955368042
6	9	大奖	16.411067962646484
6	10	的	11.423766136169434
6	11	艺术品	15.780190467834473
6	12	。	5.181338310241699
7	1	我们	6.797189235687256
7	2	参加	11.995938301086426
7	3	了	1.414264440536499
7	4	吸引	15.515270233154297
7	5	学习	15.427213668823242
7	6	历史	8.918231964111328
7	7	的	1.451643466949463
7	8	学生	12.03237533569336
7	9	。	3.987943172454834
8	1	我们	6.797189235687256
8	2	参加	11.995938301086426
8	3	了	1.414264440536499
8	4	吸引	15.515270233154297
8	5	学习	15.427213668823242
8	6	历史	8.918231964111328
8	7	的	1.451643466949463
8	8	学生	12.03237533569336
8	9	的	8.669920921325684
8	10	活动	9.530855178833008
8	11	。	2.3715896606445312
9	1	他	5.726855754852295
9	2	想起	12.615818977355957
9	3	了	0.7346515655517578
9	4	写	14.569684982299805
9	5	过	3.072535276412964
9	6	宣传	14.931302070617676
9	7	环保	13.470693588256836
9	8	的	2.851138114929199
9	9	歌	13.141411781311035
9	10	。	5.335121154785156
10	1	他	5.726855754852295
10	2	想起	12.615818977355957
10	3	了	0.7346515655517578
10	4	写	14.569684982299805
10	5	过	3.072535276412964
10	6	宣传	14.931302070617676
10	7	环保	13.470693588256836
10	8	的	2.851138114929199
10	9	歌	13.141411781311035
10	10	的	8.501473426818848
10	11	同学	11.553296089172363
10	12	。	4.846513271331787
11	1	司机	16.22199821472168
11	2	启动	16.613231658935547
11	3	了	1.9118499755859375
11	4	装有	15.622567176818848
11	5	支持	16.08295440673828
11	6	互联网	14.527010917663574
11	7	功能	13.063699722290039
11	8	的	2.2688822746276855
11	9	音响	16.736129760742188
11	10	。	4.052646636962891
12	1	司机	16.22199821472168
12	2	启动	16.613231658935547
12	3	了	1.9118499755859375
12	4	装有	15.622567176818848
12	5	支持	16.08295440673828
12	6	互联网	14.527010917663574
12	7	功能	13.063699722290039
12	8	的	2.2688822746276855
12	9	音响	16.736129760742188
12	10	的	6.247649669647217
12	11	车	9.075876235961914
12	12	。	3.272117853164673
13	1	爸爸	11.283309936523438
13	2	买	7.9982476234436035
13	3	了	1.2790838479995728
13	4	带	10.642645835876465
13	5	配备	16.790441513061523
13	6	保险	16.20571517944336
13	7	的	4.1013712882995605
13	8	家具	14.112695693969727
13	9	。	7.394959449768066
14	1	爸爸	11.283309936523438
14	2	买	7.9982476234436035
14	3	了	1.2790838479995728
14	4	带	10.642645835876465
14	5	配备	16.790441513061523
14	6	保险	16.20571517944336
14	7	的	4.1013712882995605
14	8	家具	14.112695693969727
14	9	的	8.027033805847168
14	10	房子	8.283498764038086
14	11	。	7.284122943878174
15	1	他	5.726855754852295
15	2	损失	18.155963897705078
15	3	了	8.501519203186035
15	4	买	12.0582914352417
15	5	治疗	13.327803611755371
15	6	疾病	11.681204795837402
15	7	的	1.7445043325424194
15	8	药	10.560689926147461
15	9	。	2.770183801651001
16	1	他	5.726855754852295
16	2	损失	18.155963897705078
16	3	了	8.501519203186035
16	4	买	12.0582914352417
16	5	治疗	13.327803611755371
16	6	疾病	11.681204795837402
16	7	的	1.7445043325424194
16	8	药	10.560689926147461
16	9	的	11.349935531616211
16	10	现金	11.348418235778809
16	11	。	2.439300775527954
17	1	我	5.452167987823486
17	2	拜访	14.270448684692383
17	3	了	4.88808536529541
17	4	去	13.34766674041748
17	5	过	8.575316429138184
17	6	支持	14.624974250793457
17	7	贸易	15.770959854125977
17	8	的	2.2232887744903564
17	9	中国	8.831875801086426
17	10	。	4.903585910797119
18	1	我	5.452167987823486
18	2	拜访	14.270448684692383
18	3	了	4.88808536529541
18	4	去	13.34766674041748
18	5	过	8.575316429138184
18	6	支持	14.624974250793457
18	7	贸易	15.770959854125977
18	8	的	2.2232887744903564
18	9	中国	8.831875801086426
18	10	的	7.222459316253662
18	11	邻居	15.155405044555664
18	12	。	2.3880388736724854
19	1	爷爷	17.64959716796875
19	2	中止	19.776844024658203
19	3	了	6.517858982086182
19	4	引发	15.880025863647461
19	5	伤害	13.880525588989258
19	6	亲情	16.505817413330078
19	7	的	0.6025905609130859
19	8	争吵	14.883893013000488
19	9	。	5.815830707550049
20	1	爷爷	17.64959716796875
20	2	中止	19.776844024658203
20	3	了	6.517858982086182
20	4	引发	15.880025863647461
20	5	伤害	13.880525588989258
20	6	亲情	16.505817413330078
20	7	的	0.6025905609130859
20	8	争吵	14.883893013000488
20	9	的	12.75045394897461
20	10	谈话	11.564264297485352
20	11	。	4.514074325561523
21	1	她	8.375974655151367
21	2	提到	9.7389554977417
21	3	了	3.7598912715911865
21	4	看	12.610003471374512
21	5	着	6.301558494567871
21	6	带来	17.72441291809082
21	7	欢乐	13.527643203735352
21	8	的	0.3456781208515167
21	9	电视	11.491812705993652
21	10	。	4.000857353210449
22	1	她	8.375974655151367
22	2	提到	9.7389554977417
22	3	了	3.7598912715911865
22	4	看	12.610003471374512
22	5	着	6.301558494567871
22	6	带来	17.72441291809082
22	7	欢乐	13.527643203735352
22	8	的	0.3456781208515167
22	9	电视	11.491812705993652
22	10	的	10.045393943786621
22	11	女儿	10.618821144104004
22	12	。	4.375537872314453
23	1	医生	13.790946006774902
23	2	表扬	18.661436080932617
23	3	了	3.9118402004241943
23	4	帮助	11.57683277130127
23	5	种	14.793185234069824
23	6	菜	13.874138832092285
23	7	的	3.978235960006714
23	8	老人	12.370417594909668
23	9	。	4.968204975128174
24	1	医生	13.790946006774902
24	2	表扬	18.661436080932617
24	3	了	3.9118402004241943
24	4	帮助	11.57683277130127
24	5	种	14.793185234069824
24	6	菜	13.874138832092285
24	7	的	3.978235960006714
24	8	老人	12.370417594909668
24	9	的	7.200409889221191
24	10	孩子	8.068361282348633
24	11	。	4.550100803375244
25	1	她	8.375974655151367
25	2	介绍	9.802379608154297
25	3	了	5.300452709197998
25	4	生产	16.05306625366211
25	5	装有	17.671613693237305
25	6	音响	13.890910148620605
25	7	的	3.7466890811920166
25	8	电视	13.327327728271484
25	9	。	7.023556232452393
26	1	她	8.375974655151367
26	2	介绍	9.802379608154297
26	3	了	5.300452709197998
26	4	生产	16.05306625366211
26	5	装有	17.671613693237305
26	6	音响	13.890910148620605
26	7	的	3.7466890811920166
26	8	电视	13.327327728271484
26	9	的	7.957540988922119
26	10	工厂	11.964570045471191
26	11	。	5.48155403137207
27	1	我	5.452167987823486
27	2	洗	16.5988826751709
27	3	了	2.4433939456939697
27	4	陪伴	17.112125396728516
27	5	过	6.943967342376709
27	6	卖	12.451476097106934
27	7	衣服	10.283722877502441
27	8	的	3.221097469329834
27	9	母亲	8.130386352539062
27	10	。	5.0585174560546875
28	1	我	5.452167987823486
28	2	洗	16.5988826751709
28	3	了	2.4433939456939697
28	4	陪伴	17.112125396728516
28	5	过	6.943967342376709
28	6	卖	12.451476097106934
28	7	衣服	10.283722877502441
28	8	的	3.221097469329834
28	9	母亲	8.130386352539062
28	10	的	8.637612342834473
28	11	衣服	10.47280216217041
28	12	。	6.838046550750732
29	1	学生	12.893098831176758
29	2	们	16.36983299255371
29	3	写	10.640530586242676
29	4	着	3.0676159858703613
29	5	困扰	15.552685737609863
29	6	努力	18.09129524230957
29	7	学习	11.831575393676758
29	8	的	4.65614652633667
29	9	他们	13.997315406799316
29	10	。	2.8234362602233887
30	1	学生	12.893098831176758
30	2	们	16.36983299255371
30	3	写	10.640530586242676
30	4	着	3.0676159858703613
30	5	困扰	15.552685737609863
30	6	努力	18.09129524230957
30	7	学习	11.831575393676758
30	8	的	4.65614652633667
30	9	他们	13.997315406799316
30	10	的	6.44653844833374
30	11	作业	14.147790908813477
30	12	。	1.0823805332183838
31	1	店长	19.747804641723633
31	2	拿	11.934521675109863
31	3	着	0.7982187867164612
31	4	开	10.95786190032959
31	5	通往	15.87711238861084
31	6	仓库	14.099506378173828
31	7	的	0.685417652130127
31	8	大门	12.498865127563477
31	9	。	4.068264007568359
32	1	店长	19.747804641723633
32	2	拿	11.934521675109863
32	3	着	0.7982187867164612
32	4	开	10.95786190032959
32	5	通往	15.87711238861084
32	6	仓库	14.099506378173828
32	7	的	0.685417652130127
32	8	大门	12.498865127563477
32	9	的	8.903002738952637
32	10	钥匙	13.728620529174805
32	11	。	1.8698952198028564
33	1	有人	17.213327407836914
33	2	听	14.783653259277344
33	3	着	4.114277362823486
33	4	打扰	17.27836799621582
33	5	了	10.395366668701172
33	6	写	13.57357120513916
33	7	书	8.500463485717773
33	8	的	1.798114538192749
33	9	邻居	11.250736236572266
33	10	。	4.909654140472412
34	1	有人	17.213327407836914
34	2	听	14.783653259277344
34	3	着	4.114277362823486
34	4	打扰	17.27836799621582
34	5	了	10.395366668701172
34	6	写	13.57357120513916
34	7	书	8.500463485717773
34	8	的	1.798114538192749
34	9	邻居	11.250736236572266
34	10	的	9.282684326171875
34	11	音乐	9.266717910766602
34	12	。	4.790394306182861
35	1	我	5.452167987823486
35	2	观察	13.769679069519043
35	3	着	6.870707988739014
35	4	经营	14.259716033935547
35	5	卖	12.991028785705566
35	6	食品	11.357402801513672
35	7	的	2.3509929180145264
35	8	商店	11.682591438293457
35	9	。	2.9269328117370605
36	1	我	5.452167987823486
36	2	观察	13.769679069519043
36	3	着	6.870707988739014
36	4	经营	14.259716033935547
36	5	卖	12.991028785705566
36	6	食品	11.357402801513672
36	7	的	2.3509929180145264
36	8	商店	11.682591438293457
36	9	的	10.43946647644043
36	10	男人	13.642663955688477
36	11	。	2.9474332332611084
37	1	学生	12.893098831176758
37	2	们	16.36983299255371
37	3	读	12.457535743713379
37	4	着	5.56785774230957
37	5	描述	13.368648529052734
37	6	启发	13.58849811553955
37	7	读者	18.69582176208496
37	8	的	1.4895131587982178
37	9	故事	5.9629340171813965
37	10	。	1.4333512783050537
38	1	学生	12.893098831176758
38	2	们	16.36983299255371
38	3	读	12.457535743713379
38	4	着	5.56785774230957
38	5	描述	13.368648529052734
38	6	启发	13.58849811553955
38	7	读者	18.69582176208496
38	8	的	1.4895131587982178
38	9	故事	5.9629340171813965
38	10	的	10.205608367919922
38	11	书	7.647613048553467
38	12	。	1.8937270641326904
39	1	教练	17.82672882080078
39	2	创办	13.357751846313477
39	3	过	7.647030830383301
39	4	教	14.240118980407715
39	5	治疗	13.540385246276855
39	6	失眠	15.528858184814453
39	7	的	0.7303515076637268
39	8	动作	9.95438289642334
39	9	。	6.120822429656982
40	1	教练	17.82672882080078
40	2	创办	13.357751846313477
40	3	过	7.647030830383301
40	4	教	14.240118980407715
40	5	治疗	13.540385246276855
40	6	失眠	15.528858184814453
40	7	的	0.7303515076637268
40	8	动作	9.95438289642334
40	9	的	11.567005157470703
40	10	健身房	13.741666793823242
40	11	。	10.135737419128418
41	1	我	5.452167987823486
41	2	喜欢	8.00187873840332
41	3	过	5.818577289581299
41	4	给	11.014345169067383
41	5	我	1.8441557884216309
41	6	克服	16.48442840576172
41	7	困难	12.146361351013184
41	8	的	2.9329311847686768
41	9	信心	11.620607376098633
41	10	。	3.334786891937256
42	1	我	5.452167987823486
42	2	喜欢	8.00187873840332
42	3	过	5.818577289581299
42	4	给	11.014345169067383
42	5	我	1.8441557884216309
42	6	克服	16.48442840576172
42	7	困难	12.146361351013184
42	8	的	2.9329311847686768
42	9	信心	11.620607376098633
42	10	的	8.48171329498291
42	11	音乐	12.791576385498047
42	12	。	3.8281948566436768
43	1	她	8.375974655151367
43	2	开	13.467973709106445
43	3	过	5.156512260437012
43	4	容纳	17.990793228149414
43	5	很多	8.870226860046387
43	6	学习	15.039658546447754
43	7	舞蹈	13.1640043258667
43	8	的	2.3375461101531982
43	9	人	4.5051798820495605
43	10	。	4.0536580085754395
44	1	她	8.375974655151367
44	2	开	13.467973709106445
44	3	过	5.156512260437012
44	4	容纳	17.990793228149414
44	5	很多	8.870226860046387
44	6	学习	15.039658546447754
44	7	舞蹈	13.1640043258667
44	8	的	2.3375461101531982
44	9	人	4.5051798820495605
44	10	的	9.972261428833008
44	11	车	10.662034034729004
44	12	。	2.868394613265991
45	1	他	5.726855754852295
45	2	修理	15.970820426940918
45	3	过	7.823557376861572
45	4	丢失	17.147912979125977
45	5	了	1.81941556930542
45	6	处理	12.214325904846191
45	7	程序	10.974649429321289
45	8	的	4.707299709320068
45	9	芯片	14.90871810913086
45	10	。	2.388249158859253
46	1	他	5.726855754852295
46	2	修理	15.970820426940918
46	3	过	7.823557376861572
46	4	丢失	17.147912979125977
46	5	了	1.81941556930542
46	6	处理	12.214325904846191
46	7	程序	10.974649429321289
46	8	的	4.707299709320068
46	9	芯片	14.90871810913086
46	10	的	9.276607513427734
46	11	电脑	11.091073989868164
46	12	。	3.715805768966675
47	1	他	5.726855754852295
47	2	讲	11.394004821777344
47	3	过	4.6940598487854
47	4	介绍	16.520063400268555
47	5	写	13.185399055480957
47	6	诗	15.010963439941406
47	7	的	2.49324893951416
47	8	画家	14.99319839477539
47	9	。	5.513167381286621
48	1	他	5.726855754852295
48	2	讲	11.394004821777344
48	3	过	4.6940598487854
48	4	介绍	16.520063400268555
48	5	写	13.185399055480957
48	6	诗	15.010963439941406
48	7	的	2.49324893951416
48	8	画家	14.99319839477539
48	9	的	4.32908821105957
48	10	课	11.60662841796875
48	11	。	3.761823892593384
49	1	我	5.452167987823486
49	2	邀请	15.380782127380371
49	3	过	6.600531578063965
49	4	喜欢	14.619089126586914
49	5	唱	15.486473083496094
49	6	歌	11.058548927307129
49	7	的	1.8637278079986572
49	8	明星	12.606771469116211
49	9	。	6.60652494430542
50	1	我	5.452167987823486
50	2	邀请	15.380782127380371
50	3	过	6.600531578063965
50	4	喜欢	14.619089126586914
50	5	唱	15.486473083496094
50	6	歌	11.058548927307129
50	7	的	1.8637278079986572
50	8	明星	12.606771469116211
50	9	的	9.931575775146484
50	10	朋友	6.3066325187683105
50	11	。	4.872604846954346
51	1	她	8.375974655151367
51	2	申请	15.34066104888916
51	3	过	7.377040863037109
51	4	减轻	16.634931564331055
51	5	困扰	14.7918119430542
51	6	父母	16.6793270111084
51	7	的	1.8702011108398438
51	8	负担	14.062159538269043
51	9	。	4.5051960945129395
52	1	她	8.375974655151367
52	2	申请	15.34066104888916
52	3	过	7.377040863037109
52	4	减轻	16.634931564331055
52	5	困扰	14.7918119430542
52	6	父母	16.6793270111084
52	7	的	1.8702011108398438
52	8	负担	14.062159538269043
52	9	的	8.974528312683105
52	10	奖金	14.468599319458008
52	11	。	1.6353248357772827
53	1	她	8.375974655151367
53	2	去	10.949736595153809
53	3	卖	10.2571382522583
53	4	陪伴	16.51272201538086
53	5	孩子	10.364216804504395
53	6	的	2.9379961490631104
53	7	礼物	11.86047077178955
53	8	。	5.289825916290283
54	1	她	8.375974655151367
54	2	去	10.949736595153809
54	3	卖	10.2571382522583
54	4	陪伴	16.51272201538086
54	5	孩子	10.364216804504395
54	6	的	2.9379961490631104
54	7	礼物	11.86047077178955
54	8	的	10.609806060791016
54	9	商店	13.662275314331055
54	10	。	6.220409393310547
55	1	弟弟	15.203326225280762
55	2	需要	13.618481636047363
55	3	用于	13.343353271484375
55	4	锻炼	14.201741218566895
55	5	记忆力	19.547117233276367
55	6	的	5.313502311706543
55	7	游戏	11.107945442199707
55	8	。	4.189407825469971
56	1	弟弟	15.203326225280762
56	2	需要	13.618481636047363
56	3	用于	13.343353271484375
56	4	锻炼	14.201741218566895
56	5	记忆力	19.547117233276367
56	6	的	5.313502311706543
56	7	游戏	11.107945442199707
56	8	的	11.444772720336914
56	9	钱	7.87089729309082
56	10	。	4.306184768676758
57	1	他	5.726855754852295
57	2	很	7.842432975769043
57	3	欣赏	11.688210487365723
57	4	写	14.4749116897583
57	5	吸引	15.451109886169434
57	6	读者	10.400569915771484
57	7	的	0.8163626790046692
57	8	小说	7.694436073303223
57	9	。	4.1626667976379395
58	1	他	5.726855754852295
58	2	很	7.842432975769043
58	3	欣赏	11.688210487365723
58	4	写	14.4749116897583
58	5	吸引	15.451109886169434
58	6	读者	10.400569915771484
58	7	的	0.8163626790046692
58	8	小说	7.694436073303223
58	9	的	8.317262649536133
58	10	作家	8.373106002807617
58	11	。	4.659104824066162
59	1	我	5.452167987823486
59	2	经常	9.698762893676758
59	3	去	7.486459732055664
59	4	提供	11.92408275604248
59	5	帮助	9.316636085510254
59	6	残疾人	20.18099594116211
59	7	的	0.830126941204071
59	8	停车位	17.2687931060791
59	9	。	6.430805683135986
60	1	我	5.452167987823486
60	2	经常	9.698762893676758
60	3	去	7.486459732055664
60	4	提供	11.92408275604248
60	5	帮助	9.316636085510254
60	6	残疾人	20.18099594116211
60	7	的	0.830126941204071
60	8	停车位	17.2687931060791
60	9	的	8.00306224822998
60	10	医院	13.793121337890625
60	11	。	2.370702028274536
