sentence_id	token_id	token	surprisal
1	1	他	5.726855754852295
1	2	喜欢	11.833595275878906
1	3	那	8.184242248535156
1	4	家	6.5562825202941895
1	5	我	7.430316925048828
1	6	采访	12.530597686767578
1	7	过	4.04712438583374
1	8	的	4.791901588439941
1	9	老板	11.149958610534668
1	10	投资	17.920700073242188
1	11	的	5.125505447387695
1	12	饭店	13.236442565917969
1	13	。	3.8719730377197266
2	1	他	5.726855754852295
2	2	喜欢	11.833595275878906
2	3	那	8.184242248535156
2	4	个	5.137637138366699
2	5	我	8.210183143615723
2	6	采访	13.408843040466309
2	7	过	4.356523513793945
2	8	的	4.086655616760254
2	9	老板	11.895828247070312
2	10	投资	18.724653244018555
2	11	的	4.552755832672119
2	12	饭店	14.069767951965332
2	13	。	4.244311332702637
3	1	她	8.375974655151367
3	2	在	4.873105049133301
3	3	看	10.1476411819458
3	4	那	6.689178466796875
3	5	幅	9.858551979064941
3	6	我	10.456820487976074
3	7	介绍	12.536831855773926
3	8	的	2.94297194480896
3	9	朋友	8.167988777160645
3	10	喜欢	13.078347206115723
3	11	的	5.692832946777344
3	12	画	15.332001686096191
3	13	。	5.155997276306152
4	1	她	8.375974655151367
4	2	在	4.873105049133301
4	3	看	10.1476411819458
4	4	那	6.689178466796875
4	5	个	4.914025783538818
4	6	我	8.97838306427002
4	7	介绍	13.736967086791992
4	8	的	3.8847124576568604
4	9	朋友	7.769152641296387
4	10	喜欢	13.510953903198242
4	11	的	6.1539201736450195
4	12	画	15.772149085998535
4	13	。	4.730564117431641
5	1	我	5.452167987823486
5	2	欣赏	14.68117904663086
5	3	那	6.39137601852417
5	4	件	3.560744524002075
5	5	我	11.60252571105957
5	6	喜欢	9.944201469421387
5	7	的	3.1615848541259766
5	8	老师	12.945534706115723
5	9	收藏	18.69053840637207
5	10	的	4.003350734710693
5	11	艺术品	16.75944709777832
5	12	。	2.965933322906494
6	1	我	5.452167987823486
6	2	欣赏	14.68117904663086
6	3	那	6.39137601852417
6	4	个	5.3493828773498535
6	5	我	8.409391403198242
6	6	喜欢	10.126955032348633
6	7	的	3.5337934494018555
6	8	老师	12.1781587600708
6	9	收藏	17.904563903808594
6	10	的	3.455984354019165
6	11	艺术品	16.224956512451172
6	12	。	2.5293402671813965
7	1	他	5.726855754852295
7	2	打	12.129278182983398
7	3	了	2.074660301208496
7	4	那	7.514527320861816
7	5	只	8.310834884643555
7	6	我	12.291488647460938
7	7	认识	11.370144844055176
7	8	的	5.3284010887146
7	9	店长	19.827533721923828
7	10	喜欢	12.127835273742676
7	11	的	4.332291126251221
7	12	宠物	16.702749252319336
7	13	。	3.8537535667419434
8	1	他	5.726855754852295
8	2	打	12.129278182983398
8	3	了	2.074660301208496
8	4	那	7.514527320861816
8	5	个	3.962355136871338
8	6	我	9.624944686889648
8	7	认识	11.868821144104004
8	8	的	3.788134813308716
8	9	店长	19.916213989257812
8	10	喜欢	12.26745891571045
8	11	的	4.120378017425537
8	12	宠物	17.11241340637207
8	13	。	3.804084539413452
9	1	我	5.452167987823486
9	2	在	5.525373935699463
9	3	思念	18.688770294189453
9	4	那	12.529922485351562
9	5	首	9.996095657348633
9	6	我	13.476005554199219
9	7	见	10.66983413696289
9	8	过	0.4760434627532959
9	9	的	4.120567321777344
9	10	明星	12.467371940612793
9	11	唱	15.1285982131958
9	12	的	3.0334718227386475
9	13	歌	9.556280136108398
9	14	。	4.0062079429626465
10	1	我	5.452167987823486
10	2	在	5.525373935699463
10	3	思念	18.688770294189453
10	4	那	12.529922485351562
10	5	个	4.118635177612305
10	6	我	10.98921012878418
10	7	见	11.010799407958984
10	8	过	0.5897559523582458
10	9	的	3.8452396392822266
10	10	明星	12.378663063049316
10	11	唱	15.57889175415039
10	12	的	2.3698062896728516
10	13	歌	9.81713581085205
10	14	。	4.500850677490234
11	1	她	8.375974655151367
11	2	拜访	14.895407676696777
11	3	了	4.824275970458984
11	4	那	6.70194149017334
11	5	所	8.716314315795898
11	6	我	11.307624816894531
11	7	认识	12.479229927062988
11	8	的	0.1382661759853363
11	9	老人	11.967734336853027
11	10	去	10.426779747009277
11	11	的	5.266446113586426
11	12	学校	10.408679962158203
11	13	。	5.325682640075684
12	1	她	8.375974655151367
12	2	拜访	14.895407676696777
12	3	了	4.824275970458984
12	4	那	6.70194149017334
12	5	个	4.212595462799072
12	6	我	8.57385540008545
12	7	认识	11.491857528686523
12	8	的	1.743804693222046
12	9	老人	11.646710395812988
12	10	去	9.709990501403809
12	11	的	6.224667549133301
12	12	学校	10.36340045928955
12	13	。	4.6071953773498535
13	1	他	5.726855754852295
13	2	检查	16.69233512878418
13	3	了	3.818380117416382
13	4	那	7.83911657333374
13	5	件	3.9339311122894287
13	6	我	12.6854248046875
13	7	采访	13.385186195373535
13	8	过	5.232739448547363
13	9	的	3.286357879638672
13	10	司机	15.919353485107422
13	11	带	15.490565299987793
13	12	的	8.351602554321289
13	13	行李	15.158906936645508
13	14	。	4.193663597106934
14	1	他	5.726855754852295
14	2	检查	16.69233512878418
14	3	了	3.818380117416382
14	4	那	7.83911657333374
14	5	个	4.6761393547058105
14	6	我	9.822218894958496
14	7	采访	14.126081466674805
14	8	过	4.100684642791748
14	9	的	3.867820978164673
14	10	司机	15.094712257385254
14	11	带	14.089656829833984
14	12	的	8.625930786132812
14	13	行李	14.915227890014648
14	14	。	3.179978370666504
15	1	我	5.452167987823486
15	2	听说	11.154688835144043
15	3	过	0.5331401824951172
15	4	那	5.433099269866943
15	5	本	5.145886421203613
15	6	我	8.21910285949707
15	7	喜欢	9.335563659667969
15	8	的	3.4625837802886963
15	9	作家	10.915054321289062
15	10	写	10.977910041809082
15	11	的	2.9670777320861816
15	12	书	4.998145580291748
15	13	。	5.065403461456299
16	1	我	5.452167987823486
16	2	听说	11.154688835144043
16	3	过	0.5331401824951172
16	4	那	5.433099269866943
16	5	个	4.4147162437438965
16	6	我	8.526494026184082
16	7	喜欢	8.604132652282715
16	8	的	4.396594524383545
16	9	作家	11.219474792480469
16	10	写	11.392719268798828
16	11	的	3.9057650566101074
16	12	书	5.770909309387207
16	13	。	4.849560737609863
17	1	她	8.375974655151367
17	2	撞	18.07440757751465
17	3	了	2.409327268600464
17	4	那	7.645362854003906
17	5	辆	6.412354946136475
17	6	我	9.032609939575195
17	7	介绍	16.374055862426758
17	8	的	6.140722274780273
17	9	朋友	8.150359153747559
17	10	开	14.099693298339844
17	11	的	6.844393253326416
17	12	车	5.768531322479248
17	13	。	4.190805912017822
18	1	她	8.375974655151367
18	2	撞	18.07440757751465
18	3	了	2.409327268600464
18	4	那	7.645362854003906
18	5	个	3.8583486080169678
18	6	我	8.58713436126709
18	7	介绍	15.798088073730469
18	8	的	6.243650436401367
18	9	朋友	6.828813076019287
18	10	开	15.240312576293945
18	11	的	6.837705612182617
18	12	车	7.581779956817627
18	13	。	4.144708633422852
19	1	我们	6.797189235687256
19	2	认可	16.725679397583008
19	3	了	4.210546016693115
19	4	那	6.576947212219238
19	5	份	7.26579475402832
19	6	他	11.84469985961914
19	7	教	15.985529899597168
19	8	的	4.978540420532227
19	9	孩子	7.3455424308776855
19	10	做	9.25186824798584
19	11	的	2.9334449768066406
19	12	作业	13.700118064880371
19	13	。	4.62333345413208
20	1	我们	6.797189235687256
20	2	认可	16.725679397583008
20	3	了	4.210546016693115
20	4	那	6.576947212219238
20	5	个	3.971954345703125
20	6	他	11.087936401367188
20	7	教	15.382088661193848
20	8	的	4.613059043884277
20	9	孩子	5.280128002166748
20	10	做	9.053166389465332
20	11	的	2.6343188285827637
20	12	作业	13.841064453125
20	13	。	3.5197904109954834
21	1	他们	7.303771018981934
21	2	接受	10.88011360168457
21	3	了	2.7133078575134277
21	4	那	7.733354091644287
21	5	份	7.109487056732178
21	6	我	9.900537490844727
21	7	采访	10.628384590148926
21	8	过	5.8335161209106445
21	9	的	2.1864778995513916
21	10	老板	12.882858276367188
21	11	制定	17.59905433654785
21	12	的	4.6315813064575195
21	13	合同	15.366186141967773
21	14	。	4.372713088989258
22	1	他们	7.303771018981934
22	2	接受	10.88011360168457
22	3	了	2.7133078575134277
22	4	那	7.733354091644287
22	5	个	4.501807689666748
22	6	我	9.97411823272705
22	7	采访	12.73891544342041
22	8	过	5.907764434814453
22	9	的	2.6478641033172607
22	10	老板	12.698960304260254
22	11	制定	18.1468448638916
22	12	的	5.131070137023926
22	13	合同	15.66572093963623
22	14	。	3.7867867946624756
23	1	他	5.726855754852295
23	2	离开	11.675847053527832
23	3	了	1.3603911399841309
23	4	那	7.009030342102051
23	5	间	11.389973640441895
23	6	我	6.835845470428467
23	7	尊敬	17.261165618896484
23	8	的	1.8816019296646118
23	9	朋友	6.692266464233398
23	10	开	16.060474395751953
23	11	的	8.491372108459473
23	12	工厂	15.53715991973877
23	13	。	3.0689501762390137
24	1	他	5.726855754852295
24	2	离开	11.675847053527832
24	3	了	1.3603911399841309
24	4	那	7.009030342102051
24	5	个	4.182655334472656
24	6	我	9.338133811950684
24	7	尊敬	16.81204605102539
24	8	的	2.4174692630767822
24	9	朋友	5.997039794921875
24	10	开	16.626747131347656
24	11	的	8.092580795288086
24	12	工厂	15.373842239379883
24	13	。	2.9180822372436523
25	1	她	8.375974655151367
25	2	找	13.158355712890625
25	3	了	1.4901864528656006
25	4	那	6.139388561248779
25	5	张	6.024907112121582
25	6	我	8.499999046325684
25	7	教	13.173664093017578
25	8	的	5.868572235107422
25	9	孩子	4.58244514465332
25	10	照	15.978294372558594
25	11	的	6.366849899291992
25	12	照片	10.314300537109375
25	13	。	5.400913715362549
26	1	她	8.375974655151367
26	2	找	13.158355712890625
26	3	了	1.4901864528656006
26	4	那	6.139388561248779
26	5	个	4.166700839996338
26	6	我	9.304779052734375
26	7	教	13.018704414367676
26	8	的	5.816801071166992
26	9	孩子	4.049985885620117
26	10	照	15.679706573486328
26	11	的	6.10703706741333
26	12	照片	10.557969093322754
26	13	。	4.99839448928833
27	1	我	5.452167987823486
27	2	需要	8.4057035446167
27	3	那	10.41181468963623
27	4	台	14.68649959564209
27	5	我们	9.435569763183594
27	6	欣赏	14.412511825561523
27	7	的	3.560776948928833
27	8	老师	12.94991683959961
27	9	用	11.35361385345459
27	10	的	4.868948936462402
27	11	手机	11.476902961730957
27	12	。	5.261237621307373
28	1	我	5.452167987823486
28	2	需要	8.4057035446167
28	3	那	10.41181468963623
28	4	个	5.1002373695373535
28	5	我们	10.311851501464844
28	6	欣赏	14.8008394241333
28	7	的	2.2836244106292725
28	8	老师	13.516694068908691
28	9	用	10.936284065246582
28	10	的	4.644583225250244
28	11	手机	11.867267608642578
28	12	。	5.120676517486572
29	1	他	5.726855754852295
29	2	在	4.746715068817139
29	3	画	14.281174659729004
29	4	那	10.579777717590332
29	5	朵	16.605669021606445
29	6	我	11.444334030151367
29	7	关心	12.759747505187988
29	8	的	1.6997638940811157
29	9	邻居	11.516693115234375
29	10	种	17.97529411315918
29	11	的	13.461933135986328
29	12	花	14.392910957336426
29	13	。	9.033201217651367
30	1	他	5.726855754852295
30	2	在	4.746715068817139
30	3	画	14.281174659729004
30	4	那	10.579777717590332
30	5	个	3.4861392974853516
30	6	我	11.159811019897461
30	7	关心	11.901276588439941
30	8	的	0.9373183250427246
30	9	邻居	12.045860290527344
30	10	种	17.989057540893555
30	11	的	12.874495506286621
30	12	花	14.161552429199219
30	13	。	8.6736421585083
31	1	她	8.375974655151367
31	2	在	4.873105049133301
31	3	介绍	13.115299224853516
31	4	那	8.77132511138916
31	5	台	13.535534858703613
31	6	我	10.893966674804688
31	7	尊敬	16.627830505371094
31	8	的	1.1901029348373413
31	9	科学家	14.460094451904297
31	10	做	11.255086898803711
31	11	的	4.985555648803711
31	12	电视	11.256498336791992
31	13	。	5.882101535797119
32	1	她	8.375974655151367
32	2	在	4.873105049133301
32	3	介绍	13.115299224853516
32	4	那	8.77132511138916
32	5	个	4.667591571807861
32	6	我	10.11230754852295
32	7	尊敬	16.144001007080078
32	8	的	1.0721997022628784
32	9	科学家	14.202491760253906
32	10	做	11.217272758483887
32	11	的	3.9974842071533203
32	12	电视	11.487875938415527
32	13	。	5.8238444328308105
33	1	我	5.452167987823486
33	2	见	11.505616188049316
33	3	过	0.5803051590919495
33	4	那	6.22477388381958
33	5	栋	8.152058601379395
33	6	他	10.156889915466309
33	7	认识	12.454566955566406
33	8	的	4.004724025726318
33	9	男人	8.233119010925293
33	10	买	13.226314544677734
33	11	的	3.9693193435668945
33	12	房子	7.319443225860596
33	13	。	2.7213501930236816
34	1	我	5.452167987823486
34	2	见	11.505616188049316
34	3	过	0.5803051590919495
34	4	那	6.22477388381958
34	5	个	4.662230968475342
34	6	他	9.3832368850708
34	7	认识	11.907093048095703
34	8	的	3.972635507583618
34	9	男人	8.130911827087402
34	10	买	13.91280460357666
34	11	的	3.674522876739502
34	12	房子	7.671482563018799
34	13	。	2.821976661682129
35	1	我	5.452167987823486
35	2	拒绝	12.052135467529297
35	3	了	5.632664680480957
35	4	那	5.3064961433410645
35	5	条	6.4647040367126465
35	6	我	8.7538480758667
35	7	欣赏	15.483261108398438
35	8	的	2.791933059692383
35	9	朋友	7.427557945251465
35	10	给	11.538687705993652
35	11	的	8.764459609985352
35	12	建议	10.885972023010254
35	13	。	6.337215423583984
36	1	我	5.452167987823486
36	2	拒绝	12.052135467529297
36	3	了	5.632664680480957
36	4	那	5.3064961433410645
36	5	个	4.720273494720459
36	6	我	8.3616943359375
36	7	欣赏	15.137560844421387
36	8	的	2.6144957542419434
36	9	朋友	6.365121364593506
36	10	给	11.059961318969727
36	11	的	8.719998359680176
36	12	建议	10.993303298950195
36	13	。	5.871776580810547
37	1	他	5.726855754852295
37	2	在	4.746715068817139
37	3	看	10.764183044433594
37	4	那	7.583514213562012
37	5	支	9.831121444702148
37	6	我	7.955986022949219
37	7	关心	11.9535493850708
37	8	的	0.9432947039604187
37	9	老师	11.022797584533691
37	10	用	11.535547256469727
37	11	的	5.55410623550415
37	12	笔	14.726847648620605
37	13	。	10.088602066040039
38	1	他	5.726855754852295
38	2	在	4.746715068817139
38	3	看	10.764183044433594
38	4	那	7.583514213562012
38	5	个	4.98159646987915
38	6	我	9.24219799041748
38	7	关心	11.336113929748535
38	8	的	0.9056554436683655
38	9	老师	11.766772270202637
38	10	用	11.557161331176758
38	11	的	5.627318859100342
38	12	笔	13.949455261230469
38	13	。	9.387463569641113
39	1	她	8.375974655151367
39	2	在	4.873105049133301
39	3	找	12.578521728515625
39	4	那	7.382465362548828
39	5	只	9.1873779296875
39	6	我	11.763419151306152
39	7	帮助	12.28227424621582
39	8	过	6.644508361816406
39	9	的	4.764373302459717
39	10	女人	9.320087432861328
39	11	丢	16.925384521484375
39	12	的	5.294340133666992
39	13	鞋子	16.551488876342773
39	14	。	6.536484718322754
40	1	她	8.375974655151367
40	2	在	4.873105049133301
40	3	找	12.578521728515625
40	4	那	7.382465362548828
40	5	个	3.7889387607574463
40	6	我	9.845108032226562
40	7	帮助	12.587555885314941
40	8	过	6.986678123474121
40	9	的	3.5090363025665283
40	10	女人	8.765704154968262
40	11	丢	16.895797729492188
40	12	的	4.708335876464844
40	13	鞋子	16.709190368652344
40	14	。	6.433945178985596
41	1	我	5.452167987823486
41	2	讨厌	13.644159317016602
41	3	那	5.360300540924072
41	4	条	7.1825761795043945
41	5	我	8.790197372436523
41	6	关心	12.65793514251709
41	7	的	2.2360188961029053
41	8	邻居	12.306148529052734
41	9	养	18.979124069213867
41	10	的	5.394516944885254
41	11	狗	13.253403663635254
41	12	。	3.291109561920166
42	1	我	5.452167987823486
42	2	讨厌	13.644159317016602
42	3	那	5.360300540924072
42	4	个	5.128623962402344
42	5	我	8.364923477172852
42	6	关心	12.243918418884277
42	7	的	1.5521334409713745
42	8	邻居	12.423276901245117
42	9	养	18.702295303344727
42	10	的	5.594876766204834
42	11	狗	13.460061073303223
42	12	。	3.3945014476776123
43	1	他	5.726855754852295
43	2	发现	8.688857078552246
43	3	了	5.005725383758545
43	4	那	7.801142692565918
43	5	座	7.534421443939209
43	6	我	11.283472061157227
43	7	采访	13.473864555358887
43	8	过	4.476654529571533
43	9	的	3.6398470401763916
43	10	老人	12.1165189743042
43	11	修	18.593027114868164
43	12	的	4.530587196350098
43	13	桥	12.172989845275879
43	14	。	4.475876808166504
44	1	他	5.726855754852295
44	2	发现	8.688857078552246
44	3	了	5.005725383758545
44	4	那	7.801142692565918
44	5	个	3.900681257247925
44	6	我	9.770187377929688
44	7	采访	13.685885429382324
44	8	过	3.9778823852539062
44	9	的	3.9661059379577637
44	10	老人	12.274259567260742
44	11	修	19.07781982421875
44	12	的	4.6966233253479
44	13	桥	12.62294864654541
44	14	。	4.689483165740967
45	1	她	8.375974655151367
45	2	评价	14.444140434265137
45	3	了	0.8716686964035034
45	4	那	6.0960211753845215
45	5	篇	5.181433200836182
45	6	我	9.869805335998535
45	7	培养	16.394519805908203
45	8	的	4.5214996337890625
45	9	学生	10.989990234375
45	10	准备	13.131898880004883
45	11	的	5.504508018493652
45	12	报告	9.207887649536133
45	13	。	3.5244245529174805
46	1	她	8.375974655151367
46	2	评价	14.444140434265137
46	3	了	0.8716686964035034
46	4	那	6.0960211753845215
46	5	个	3.9491467475891113
46	6	我	8.596677780151367
46	7	培养	16.41330909729004
46	8	的	5.098263263702393
46	9	学生	10.471089363098145
46	10	准备	13.19649600982666
46	11	的	5.312121391296387
46	12	报告	10.521148681640625
46	13	。	3.4035658836364746
47	1	我	5.452167987823486
47	2	在	5.525373935699463
47	3	等	11.39061164855957
47	4	那	6.3982977867126465
47	5	封	11.817392349243164
47	6	我	4.596725940704346
47	7	依赖	15.496071815490723
47	8	的	6.789253234863281
47	9	朋友	7.4725661277771
47	10	写	9.743181228637695
47	11	的	4.378026008605957
47	12	信	11.943367004394531
47	13	。	3.817042112350464
48	1	我	5.452167987823486
48	2	在	5.525373935699463
48	3	等	11.39061164855957
48	4	那	6.3982977867126465
48	5	个	3.809332847595215
48	6	我	8.286907196044922
48	7	依赖	14.91321086883545
48	8	的	5.320587158203125
48	9	朋友	7.7447004318237305
48	10	写	10.012539863586426
48	11	的	4.122142314910889
48	12	信	12.375526428222656
48	13	。	4.140888690948486
49	1	他	5.726855754852295
49	2	提到	10.711677551269531
49	3	了	3.4825217723846436
49	4	那	6.708708763122559
49	5	堂	17.825607299804688
49	6	我	7.643664360046387
49	7	认识	12.721396446228027
49	8	的	2.6287992000579834
49	9	老师	10.561760902404785
49	10	教	15.425829887390137
49	11	的	7.806835651397705
49	12	课	10.296920776367188
49	13	。	4.705544471740723
50	1	他	5.726855754852295
50	2	提到	10.711677551269531
50	3	了	3.4825217723846436
50	4	那	6.708708763122559
50	5	个	4.134200572967529
50	6	我	8.738788604736328
50	7	认识	11.048470497131348
50	8	过	3.947376012802124
50	9	的	3.844623327255249
50	10	老师	11.393598556518555
50	11	教	18.12942123413086
50	12	的	7.839863300323486
50	13	课	10.273364067077637
50	14	。	5.752808570861816
51	1	她	8.375974655151367
51	2	推荐	15.627837181091309
51	3	了	5.319310665130615
51	4	那	6.7748494148254395
51	5	块	9.2746000289917
51	6	我	8.317954063415527
51	7	信任	15.868870735168457
51	8	的	3.008535146713257
51	9	医生	9.146231651306152
51	10	喜欢	18.458539962768555
51	11	的	5.413896083831787
51	12	手表	16.80563735961914
51	13	。	4.229736328125
52	1	她	8.375974655151367
52	2	推荐	15.627837181091309
52	3	了	5.319310665130615
52	4	那	6.7748494148254395
52	5	个	4.349993705749512
52	6	我	8.954547882080078
52	7	信任	15.148637771606445
52	8	的	2.734424591064453
52	9	医生	9.955755233764648
52	10	喜欢	18.961679458618164
52	11	的	4.842148780822754
52	12	手表	16.750091552734375
52	13	。	4.6261091232299805
53	1	我	5.452167987823486
53	2	选择	11.590357780456543
53	3	了	2.289210081100464
53	4	那	4.905947685241699
53	5	篇	5.8433098793029785
53	6	她	13.932941436767578
53	7	教	15.097895622253418
53	8	的	6.653481483459473
53	9	学生	10.814083099365234
53	10	写	9.664657592773438
53	11	的	3.7159507274627686
53	12	论文	11.595800399780273
53	13	。	6.520396709442139
54	1	我	5.452167987823486
54	2	选择	11.590357780456543
54	3	了	2.289210081100464
54	4	那	4.905947685241699
54	5	个	4.462197780609131
54	6	她	12.502270698547363
54	7	教	14.506946563720703
54	8	的	5.828536510467529
54	9	学生	9.807548522949219
54	10	写	10.540346145629883
54	11	的	3.603665351867676
54	12	论文	11.805246353149414
54	13	。	6.162683963775635
55	1	她	8.375974655151367
55	2	喜欢	10.823382377624512
55	3	那	7.756369113922119
55	4	场	6.81396484375
55	5	我	8.85756778717041
55	6	听说	12.832521438598633
55	7	过	0.5635176301002502
55	8	的	4.101579189300537
55	9	演员	11.271408081054688
55	10	准备	17.71860694885254
55	11	的	7.811963081359863
55	12	表演	11.233888626098633
55	13	。	6.012339115142822
56	1	她	8.375974655151367
56	2	喜欢	10.823382377624512
56	3	那	7.756369113922119
56	4	个	4.96630334854126
56	5	我	8.144585609436035
56	6	听说	12.557692527770996
56	7	过	0.595328152179718
56	8	的	4.09575080871582
56	9	演员	11.62553882598877
56	10	准备	17.75785255432129
56	11	的	7.739579200744629
56	12	表演	11.538443565368652
56	13	。	5.8609113693237305
57	1	他	5.726855754852295
57	2	称赞	17.296606063842773
57	3	了	8.625731468200684
57	4	那	10.01608943939209
57	5	间	11.70572280883789
57	6	我	6.116738319396973
57	7	采访	12.753701210021973
57	8	过	4.369999408721924
57	9	的	2.6475727558135986
57	10	警察	13.584004402160645
57	11	工作	12.379411697387695
57	12	的	7.491958141326904
57	13	办公室	10.87319564819336
57	14	。	3.259655475616455
58	1	他	5.726855754852295
58	2	称赞	17.296606063842773
58	3	了	8.625731468200684
58	4	那	10.01608943939209
58	5	个	3.4237518310546875
58	6	我	9.333669662475586
58	7	采访	12.742692947387695
58	8	过	4.956320285797119
58	9	的	3.075258255004883
58	10	警察	13.454264640808105
58	11	工作	12.83495044708252
58	12	的	6.94473934173584
58	13	办公室	10.657652854919434
58	14	。	3.6334078311920166
59	1	我	5.452167987823486
59	2	听说	11.154688835144043
59	3	过	0.5331401824951172
59	4	那	5.433099269866943
59	5	首	10.135062217712402
59	6	他	14.403402328491211
59	7	培养	15.615961074829102
59	8	的	7.64274787902832
59	9	孩子	6.541785717010498
59	10	写	9.91556167602539
59	11	的	4.670258045196533
59	12	诗	12.004555702209473
59	13	。	4.802896022796631
60	1	我	5.452167987823486
60	2	听说	11.154688835144043
60	3	过	0.5331401824951172
60	4	那	5.433099269866943
60	5	个	4.4147162437438965
60	6	他	9.40656852722168
60	7	培养	16.292118072509766
60	8	的	6.064417839050293
60	9	孩子	5.594780445098877
60	10	写	11.157883644104004
60	11	的	4.499941825866699
60	12	诗	12.158809661865234
60	13	。	5.195486545562744
61	1	我	5.452167987823486
61	2	选择	11.590357780456543
61	3	了	2.289210081100464
61	4	那	4.905947685241699
61	5	家	7.53497314453125
61	6	我	6.836043357849121
61	7	依赖	15.45962905883789
61	8	的	6.409867763519287
61	9	朋友	7.618310451507568
61	10	去	9.056528091430664
61	11	的	7.500984191894531
61	12	银行	11.4522066116333
61	13	。	2.29826283454895
62	1	我	5.452167987823486
62	2	选择	11.590357780456543
62	3	了	2.289210081100464
62	4	那	4.905947685241699
62	5	个	4.462197780609131
62	6	我	8.657232284545898
62	7	依赖	15.090987205505371
62	8	的	5.556980609893799
62	9	朋友	7.787685394287109
62	10	去	9.078357696533203
62	11	的	7.288721084594727
62	12	银行	12.344911575317383
62	13	。	2.876767635345459
