sentence_id	token_id	token	surprisal
1	1	那	7.21135950088501
1	2	位	7.113220691680908
1	3	教授	6.9805073738098145
1	4	写	12.652271270751953
1	5	了	3.2410295009613037
1	6	令	11.403226852416992
1	7	人	0.19589616358280182
1	8	感动	8.360065460205078
1	9	的	0.5820990204811096
1	10	书	7.137890815734863
1	11	的	7.482221603393555
1	12	内容	9.11755084991455
1	13	。	5.524255752563477
2	1	那	7.21135950088501
2	2	位	7.113220691680908
2	3	教授	6.9805073738098145
2	4	打	12.85759449005127
2	5	了	3.5440285205841064
2	6	令	11.421711921691895
2	7	人	0.15210144221782684
2	8	感动	8.517668724060059
2	9	的	0.9971875548362732
2	10	书	8.60103702545166
2	11	的	8.745328903198242
2	12	内容	10.26734733581543
2	13	。	5.880805015563965
3	1	弟弟	15.203326225280762
3	2	启动	15.116290092468262
3	3	了	1.7988442182540894
3	4	配备	16.235361099243164
3	5	音响	17.51218605041504
3	6	的	5.240567684173584
3	7	车	8.138222694396973
3	8	。	5.388676643371582
4	1	弟弟	15.203326225280762
4	2	认识	13.815982818603516
4	3	了	3.8308722972869873
4	4	配备	16.492033004760742
4	5	音响	17.34695053100586
4	6	的	4.129406452178955
4	7	车	8.9816312789917
4	8	。	6.204128265380859
5	1	他	5.726855754852295
5	2	拿	11.900155067443848
5	3	了	3.17732310295105
5	4	桌子	15.74548053741455
5	5	上	8.271746635437012
5	6	的	3.1564977169036865
5	7	吸引	16.525941848754883
5	8	他	5.672316551208496
5	9	目光	16.962635040283203
5	10	的	4.551278114318848
5	11	筷子	15.898089408874512
5	12	。	2.676265239715576
6	1	他	5.726855754852295
6	2	听	13.307312965393066
6	3	了	2.191175937652588
6	4	桌子	16.828168869018555
6	5	上	6.847336292266846
6	6	的	3.2825660705566406
6	7	吸引	15.65424633026123
6	8	他	5.445015907287598
6	9	目光	16.472993850708008
6	10	的	4.347258567810059
6	11	筷子	16.143878936767578
6	12	。	1.8332180976867676
7	1	她	8.375974655151367
7	2	终于	12.90540885925293
7	3	实现	11.55794906616211
7	4	了	0.22690677642822266
7	5	激励	15.999760627746582
7	6	她	7.306326389312744
7	7	学习	14.896278381347656
7	8	的	1.5862666368484497
7	9	理想	10.7185697555542
7	10	。	2.192012310028076
8	1	她	8.375974655151367
8	2	终于	12.90540885925293
8	3	购买	12.728826522827148
8	4	了	0.15438580513000488
8	5	激励	17.164852142333984
8	6	她	6.981784820556641
8	7	学习	14.573405265808105
8	8	的	1.7711572647094727
8	9	理想	10.99831485748291
8	10	。	2.1901843547821045
9	1	我	5.452167987823486
9	2	修理	16.392898559570312
9	3	了	0.47224161028862
9	4	这个	5.5496978759765625
9	5	计算	13.963500022888184
9	6	公式	18.29163360595703
9	7	的	1.2982158660888672
9	8	电脑	14.17004108428955
9	9	。	3.78559947013855
10	1	我	5.452167987823486
10	2	阅读	18.003250122070312
10	3	了	1.636854887008667
10	4	这个	5.221533298492432
10	5	计算	14.255027770996094
10	6	公式	16.82791519165039
10	7	的	0.7704969048500061
10	8	电脑	13.956460952758789
10	9	。	3.32711124420166
11	1	我	5.452167987823486
11	2	邀请	15.380782127380371
11	3	过	6.600531578063965
11	4	我	4.467754364013672
11	5	的	1.6511179208755493
11	6	认识	11.171801567077637
11	7	明星	15.842556953430176
11	8	的	6.384496688842773
11	9	朋友	5.076340675354004
11	10	。	6.358333587646484
12	1	我	5.452167987823486
12	2	打开	15.278614044189453
12	3	过	5.393377780914307
12	4	我	4.865705490112305
12	5	的	1.4300661087036133
12	6	认识	12.299205780029297
12	7	明星	15.45493221282959
12	8	的	7.278014183044434
12	9	朋友	5.495874881744385
12	10	。	4.752605438232422
13	1	记者	9.519596099853516
13	2	采访	7.503374099731445
13	3	了	4.249082565307617
13	4	获得	13.341120719909668
13	5	大奖	16.69841194152832
13	6	的	0.5370983481407166
13	7	艺术家	13.748416900634766
13	8	。	9.440851211547852
14	1	记者	9.519596099853516
14	2	制作	13.07983112335205
14	3	了	6.960750102996826
14	4	获得	12.564920425415039
14	5	大奖	16.111125946044922
14	6	的	0.6942122578620911
14	7	艺术家	13.007339477539062
14	8	。	9.770602226257324
15	1	他	5.726855754852295
15	2	参与	13.291790008544922
15	3	了	1.9869136810302734
15	4	伤害	15.729408264160156
15	5	了	6.353773593902588
15	6	很多	7.484194278717041
15	7	家庭	8.505059242248535
15	8	的	2.946500539779663
15	9	战争	11.2612886428833
15	10	。	2.319450616836548
16	1	他	5.726855754852295
16	2	建造	15.167719841003418
16	3	了	1.9820359945297241
16	4	伤害	16.14310073852539
16	5	了	5.250256538391113
16	6	很多	6.966353893280029
16	7	家庭	7.912272930145264
16	8	的	4.401003360748291
16	9	战争	12.34389591217041
16	10	。	3.3368217945098877
17	1	她	8.375974655151367
17	2	批评	12.665191650390625
17	3	了	6.059882164001465
17	4	打	12.038973808288574
17	5	游戏	16.385957717895508
17	6	的	4.240827560424805
17	7	儿子	8.53722858428955
17	8	。	6.939852237701416
18	1	她	8.375974655151367
18	2	改正	18.94637680053711
18	3	了	0.5256197452545166
18	4	打	14.941588401794434
18	5	游戏	14.632683753967285
18	6	的	5.868614673614502
18	7	儿子	9.5462064743042
18	8	。	6.628560543060303
19	1	我	5.452167987823486
19	2	结束	14.093683242797852
19	3	了	1.1307977437973022
19	4	令	13.486799240112305
19	5	人	0.2614685595035553
19	6	开心	9.387948036193848
19	7	的	1.4813357591629028
19	8	谈话	10.3716459274292
19	9	。	3.201697826385498
20	1	我	5.452167987823486
20	2	表扬	20.089855194091797
20	3	了	1.749321460723877
20	4	令	13.599318504333496
20	5	人	0.13028712570667267
20	6	开心	9.7993803024292
20	7	的	1.524049162864685
20	8	谈话	10.807672500610352
20	9	。	2.805680274963379
21	1	他	5.726855754852295
21	2	买	14.178263664245605
21	3	了	1.6028271913528442
21	4	这些	10.51490592956543
21	5	可以	11.154385566711426
21	6	带来	10.568584442138672
21	7	好运	16.001657485961914
21	8	的	4.297745704650879
21	9	笔	13.796074867248535
21	10	。	4.39698600769043
22	1	他	5.726855754852295
22	2	种	17.164997100830078
22	3	了	13.463210105895996
22	4	这些	9.551122665405273
22	5	可以	10.750388145446777
22	6	带来	9.749127388000488
22	7	好运	16.87863540649414
22	8	的	3.69052791595459
22	9	笔	14.5698881149292
22	10	。	4.391083240509033
23	1	他	5.726855754852295
23	2	提出	10.059148788452148
23	3	了	3.7206459045410156
23	4	很多	9.287343978881836
23	5	引	16.32328224182129
23	6	人	0.07146318256855011
23	7	思考	10.619126319885254
23	8	的	0.5845995545387268
23	9	问题	4.398675918579102
23	10	。	2.406704902648926
24	1	他	5.726855754852295
24	2	申请	14.538025856018066
24	3	了	3.0804200172424316
24	4	很多	8.516474723815918
24	5	引	16.448610305786133
24	6	人	0.05891509726643562
24	7	思考	10.225025177001953
24	8	的	0.5324814915657043
24	9	问题	4.669917106628418
24	10	。	2.3255672454833984
25	1	这	5.370099067687988
25	2	款	13.808335304260254
25	3	药	12.85308837890625
25	4	治疗	16.166961669921875
25	5	了	7.106170177459717
25	6	困扰	14.985015869140625
25	7	了	6.849871635437012
25	8	他	9.413990020751953
25	9	的	1.2780004739761353
25	10	疾病	10.357499122619629
25	11	。	3.93888521194458
26	1	这	5.370099067687988
26	2	款	13.808335304260254
26	3	药	12.85308837890625
26	4	缓解	14.821541786193848
26	5	了	2.6482717990875244
26	6	困扰	14.907855987548828
26	7	了	8.375332832336426
26	8	他	8.454843521118164
26	9	的	0.8549679517745972
26	10	疾病	10.549409866333008
26	11	。	3.1538126468658447
27	1	我	5.452167987823486
27	2	看	8.928369522094727
27	3	着	4.664973735809326
27	4	奶奶	14.588525772094727
27	5	的	4.267980098724365
27	6	令	13.601390838623047
27	7	我	4.408308982849121
27	8	熟悉	10.488509178161621
27	9	的	2.3383848667144775
27	10	面容	14.703360557556152
27	11	。	2.4839026927948
28	1	我	5.452167987823486
28	2	听	9.89362907409668
28	3	着	5.7703776359558105
28	4	奶奶	14.014449119567871
28	5	的	3.9908480644226074
28	6	令	13.563237190246582
28	7	我	3.999479293823242
28	8	熟悉	10.299193382263184
28	9	的	2.2916817665100098
28	10	面容	14.709224700927734
28	11	。	2.9349184036254883
29	1	学者	15.73912525177002
29	2	发现	10.125082969665527
29	3	了	6.7269206047058105
29	4	这个	12.0319242477417
29	5	解开	16.460712432861328
29	6	难题	15.578031539916992
29	7	的	1.7046961784362793
29	8	规律	13.181085586547852
29	9	。	3.5045197010040283
30	1	学者	15.73912525177002
30	2	发明	17.225784301757812
30	3	了	1.8589311838150024
30	4	这个	12.756814002990723
30	5	解开	15.944561958312988
30	6	难题	14.844432830810547
30	7	的	2.4721035957336426
30	8	规律	13.262008666992188
30	9	。	3.207486391067505
31	1	母亲	13.77480697631836
31	2	准备	11.349923133850098
31	3	了	6.775995254516602
31	4	符合	19.77231788635254
31	5	孩子	5.869498252868652
31	6	胃口	16.901430130004883
31	7	的	0.6531877517700195
31	8	晚饭	14.59015941619873
31	9	。	4.492650985717773
32	1	母亲	13.77480697631836
32	2	责备	16.84331512451172
32	3	了	2.3380014896392822
32	4	符合	19.055522918701172
32	5	孩子	6.097324371337891
32	6	胃口	17.982282638549805
32	7	的	0.2807224690914154
32	8	晚饭	14.788442611694336
32	9	。	3.0716300010681152
33	1	孩子	14.66657543182373
33	2	培养	14.14087963104248
33	3	了	1.976431131362915
33	4	这个	9.401500701904297
33	5	可以	12.753681182861328
33	6	锻炼	14.87389850616455
33	7	身体	13.962732315063477
33	8	的	3.530620813369751
33	9	特长	14.52026653289795
33	10	。	2.2729134559631348
34	1	孩子	14.66657543182373
34	2	改正	17.97532844543457
34	3	了	1.1270323991775513
34	4	这个	10.652106285095215
34	5	可以	12.758203506469727
34	6	锻炼	14.801496505737305
34	7	身体	13.802817344665527
34	8	的	3.922060251235962
34	9	特长	14.504570960998535
34	10	。	1.9624905586242676
35	1	政府	10.275731086730957
35	2	设立	12.652478218078613
35	3	了	2.068966865539551
35	4	帮助	13.980363845825195
35	5	老人	11.505044937133789
35	6	的	2.4226183891296387
35	7	项目	12.854211807250977
35	8	。	4.55018949508667
36	1	政府	10.275731086730957
36	2	引发	13.544836044311523
36	3	了	2.2776103019714355
36	4	帮助	12.328557968139648
36	5	老人	11.608905792236328
36	6	的	2.0913350582122803
36	7	项目	13.649563789367676
36	8	。	4.36087703704834
37	1	我	5.452167987823486
37	2	回忆	13.206427574157715
37	3	了	4.398725986480713
37	4	之前	13.73896312713623
37	5	的	4.100934982299805
37	6	令	12.22898006439209
37	7	我	5.32728385925293
37	8	难过	11.706616401672363
37	9	的	5.3826117515563965
37	10	经历	8.895660400390625
37	11	。	3.261998414993286
38	1	我	5.452167987823486
38	2	帮助	14.112403869628906
38	3	了	3.3121650218963623
38	4	之前	13.855929374694824
38	5	的	2.5013697147369385
38	6	令	12.780067443847656
38	7	我	5.985385417938232
38	8	难过	12.151289939880371
38	9	的	5.49094820022583
38	10	经历	9.094861030578613
38	11	。	4.440800666809082
39	1	花园	18.932226181030273
39	2	长满	16.19202995300293
39	3	了	5.026010990142822
39	4	影响	16.55727767944336
39	5	花朵	15.570966720581055
39	6	成长	20.033296585083008
39	7	的	2.032241106033325
39	8	草	15.134090423583984
39	9	。	5.166521072387695
40	1	花园	18.932226181030273
40	2	吸引	13.561786651611328
40	3	了	2.164435386657715
40	4	影响	16.17756462097168
40	5	花朵	15.538660049438477
40	6	成长	20.31988525390625
40	7	的	1.404348373413086
40	8	草	16.061141967773438
40	9	。	5.750152587890625
41	1	雨水	16.54033088684082
41	2	清洗	16.648164749145508
41	3	了	6.0118865966796875
41	4	位于	15.246665954589844
41	5	市中心	14.266186714172363
41	6	的	0.9234218597412109
41	7	大楼	10.800033569335938
41	8	。	4.399511814117432
42	1	雨水	16.54033088684082
42	2	灌溉	16.674461364746094
42	3	了	10.103093147277832
42	4	位于	14.937948226928711
42	5	市中心	14.889298439025879
42	6	的	0.8719668984413147
42	7	大楼	10.69672679901123
42	8	。	5.264734268188477
43	1	我	5.452167987823486
43	2	听从	19.444849014282227
43	3	了	4.621821403503418
43	4	老师	12.751181602478027
43	5	的	5.735597133636475
43	6	给	12.310757637023926
43	7	了	5.617593765258789
43	8	我	2.3651669025421143
43	9	信心	15.403509140014648
43	10	的	5.481703758239746
43	11	建议	10.495272636413574
43	12	。	1.8828527927398682
44	1	我	5.452167987823486
44	2	安装	16.444211959838867
44	3	了	0.8765543103218079
44	4	老师	15.11552906036377
44	5	的	5.264038562774658
44	6	给	13.716719627380371
44	7	了	6.463815689086914
44	8	我	2.2810747623443604
44	9	信心	15.690803527832031
44	10	的	5.118734836578369
44	11	建议	10.56229019165039
44	12	。	1.477454423904419
45	1	警官	18.743741989135742
45	2	疏散	16.282011032104492
45	3	了	4.420571327209473
45	4	破坏	14.187607765197754
45	5	了	1.5653733015060425
45	6	现场	8.28872013092041
45	7	的	1.7407313585281372
45	8	人群	9.693824768066406
45	9	。	1.20248544216156
46	1	警官	18.743741989135742
46	2	解除	15.1347017288208
46	3	了	0.5409315824508667
46	4	破坏	14.15302562713623
46	5	了	1.4406806230545044
46	6	现场	10.492742538452148
46	7	的	2.151021957397461
46	8	人群	9.990788459777832
46	9	。	2.159287452697754
47	1	他	5.726855754852295
47	2	卖	14.829573631286621
47	3	过	5.401113510131836
47	4	一些	10.020261764526367
47	5	帮助	11.710591316223145
47	6	蔬菜	17.02761459350586
47	7	成熟	16.13207244873047
47	8	的	1.5026518106460571
47	9	化肥	16.286075592041016
47	10	。	4.311209201812744
48	1	他	5.726855754852295
48	2	摘	18.65383529663086
48	3	过	7.655727863311768
48	4	一些	8.36948299407959
48	5	帮助	11.105456352233887
48	6	蔬菜	16.59639549255371
48	7	成熟	15.391555786132812
48	8	的	1.753622055053711
48	9	化肥	15.572477340698242
48	10	。	4.155418872833252
49	1	她	8.375974655151367
49	2	戴	15.666707038879395
49	3	过	7.039909362792969
49	4	导致	15.676692008972168
49	5	她	4.224564552307129
49	6	头痛	17.365726470947266
49	7	的	0.31336814165115356
49	8	耳机	17.055686950683594
49	9	。	3.794039011001587
50	1	她	8.375974655151367
50	2	穿	13.677488327026367
50	3	过	3.8428897857666016
50	4	导致	15.632933616638184
50	5	她	3.7846908569335938
50	6	头痛	17.4191837310791
50	7	的	0.5836712121963501
50	8	耳机	17.049928665161133
50	9	。	4.1632232666015625
51	1	他	5.726855754852295
51	2	在	4.746715068817139
51	3	学校	9.787184715270996
51	4	里	3.6472721099853516
51	5	吃	10.05795669555664
51	6	过	5.593249320983887
51	7	满足	19.90348243713379
51	8	他	5.028807163238525
51	9	要求	13.24337100982666
51	10	的	2.6176083087921143
51	11	饭	16.395214080810547
51	12	。	5.008403778076172
52	1	他	5.726855754852295
52	2	在	4.746715068817139
52	3	学校	9.787184715270996
52	4	里	3.6472721099853516
52	5	讲	9.06454086303711
52	6	过	3.6799726486206055
52	7	满足	19.583961486816406
52	8	他	4.577363967895508
52	9	要求	12.210508346557617
52	10	的	2.882004737854004
52	11	饭	18.136123657226562
52	12	。	4.306121349334717
53	1	他	5.726855754852295
53	2	见	12.866968154907227
53	3	过	0.717206597328186
53	4	经营	15.799934387207031
53	5	超市	14.849130630493164
53	6	的	3.347313404083252
53	7	店长	18.08879280090332
53	8	。	10.850064277648926
54	1	他	5.726855754852295
54	2	去	11.252741813659668
54	3	过	4.875965595245361
54	4	经营	16.142362594604492
54	5	超市	13.52824878692627
54	6	的	4.146258354187012
54	7	店长	18.770278930664062
54	8	。	10.133308410644531
55	1	我	5.452167987823486
55	2	听	9.89362907409668
55	3	过	0.786729097366333
55	4	这些	7.867156982421875
55	5	打扰	17.56083106994629
55	6	了	8.149675369262695
55	7	邻居	15.123212814331055
55	8	的	3.5063998699188232
55	9	声音	9.152131080627441
55	10	。	3.863713264465332
56	1	我	5.452167987823486
56	2	见	11.505616188049316
56	3	过	0.5803051590919495
56	4	这些	8.185850143432617
56	5	打扰	17.86150550842285
56	6	了	7.078232288360596
56	7	邻居	15.823974609375
56	8	的	3.932572841644287
56	9	声音	9.754132270812988
56	10	。	4.554358959197998
57	1	爷爷	17.64959716796875
57	2	安装	17.295021057128906
57	3	过	7.198604583740234
57	4	打印	18.064525604248047
57	5	文件	13.996553421020508
57	6	的	2.3614678382873535
57	7	机器	15.096770286560059
57	8	。	6.845074653625488
58	1	爷爷	17.64959716796875
58	2	种植	20.702877044677734
58	3	过	12.147577285766602
58	4	打印	18.084211349487305
58	5	文件	14.814607620239258
58	6	的	2.9824061393737793
58	7	机器	14.077360153198242
58	8	。	8.225970268249512
59	1	她	8.375974655151367
59	2	说	1.6505826711654663
59	3	过	6.663343906402588
59	4	这	5.221323013305664
59	5	些	13.107953071594238
59	6	伤害	13.649404525756836
59	7	彼此	17.116962432861328
59	8	感情	14.516878128051758
59	9	的	2.9227797985076904
59	10	话	7.052131175994873
59	11	。	4.310259819030762
60	1	她	8.375974655151367
60	2	吃	13.427657127380371
60	3	过	4.960057258605957
60	4	这	8.480384826660156
60	5	些	11.886865615844727
60	6	伤害	14.716530799865723
60	7	彼此	17.216201782226562
60	8	感情	13.8602876663208
60	9	的	3.066798448562622
60	10	话	7.439602851867676
60	11	。	4.284222602844238
61	1	母亲	13.77480697631836
61	2	买	11.021797180175781
61	3	了	1.574711799621582
61	4	包装	17.99287986755371
61	5	礼物	15.35116195678711
61	6	的	5.8782782554626465
61	7	纸	13.972982406616211
61	8	。	8.637076377868652
62	1	母亲	13.77480697631836
62	2	喝	11.628756523132324
62	3	了	2.8481414318084717
62	4	包装	17.75336456298828
62	5	礼物	15.890480995178223
62	6	的	7.116856575012207
62	7	纸	14.20033073425293
62	8	。	7.796459197998047
