sentence_id	token_id	token	surprisal
1	1	记者	9.519596099853516
1	2	采访	7.503374099731445
1	3	了	4.249082565307617
1	4	研发	15.684564590454102
1	5	产品	7.465338706970215
1	6	并且	13.180384635925293
1	7	获	11.799501419067383
1	8	了	6.205032825469971
1	9	奖	15.373534202575684
1	10	。	6.201252460479736
2	1	记者	9.519596099853516
2	2	采访	7.503374099731445
2	3	了	4.249082565307617
2	4	研发	15.684564590454102
2	5	产品	7.465338706970215
2	6	并且	13.180384635925293
2	7	获	11.799501419067383
2	8	了	6.205032825469971
2	9	奖	15.373534202575684
2	10	的	0.6291303038597107
2	11	科学家	14.067119598388672
2	12	。	4.830030918121338
3	1	他	5.726855754852295
3	2	认识	11.940350532531738
3	3	了	6.432525157928467
3	4	写	13.751165390014648
3	5	书	7.702370643615723
3	6	并且	13.676284790039062
3	7	教	11.576519012451172
3	8	课	12.670487403869629
3	9	。	6.924877166748047
4	1	他	5.726855754852295
4	2	认识	11.940350532531738
4	3	了	6.432525157928467
4	4	写	13.751165390014648
4	5	书	7.702370643615723
4	6	并且	13.676284790039062
4	7	教	11.576519012451172
4	8	课	12.670487403869629
4	9	的	4.355201721191406
4	10	老师	8.078661918640137
4	11	。	5.917932033538818
5	1	他	5.726855754852295
5	2	拍	14.92082691192627
5	3	下	9.695045471191406
5	4	了	5.586705207824707
5	5	获得	15.130697250366211
5	6	大奖	15.622993469238281
5	7	并且	14.802860260009766
5	8	吸引	12.41217041015625
5	9	游客	12.497621536254883
5	10	。	6.915856838226318
6	1	他	5.726855754852295
6	2	拍	14.92082691192627
6	3	下	9.695045471191406
6	4	了	5.586705207824707
6	5	获得	15.130697250366211
6	6	大奖	15.622993469238281
6	7	并且	14.802860260009766
6	8	吸引	12.41217041015625
6	9	游客	12.497621536254883
6	10	的	2.0724124908447266
6	11	艺术品	14.966933250427246
6	12	。	4.135127544403076
7	1	我们	6.797189235687256
7	2	参加	11.995938301086426
7	3	了	1.414264440536499
7	4	吸引	15.515270233154297
7	5	学生	12.954834938049316
7	6	并且	12.946601867675781
7	7	受到	9.375732421875
7	8	好评	15.081974029541016
7	9	。	1.3125555515289307
8	1	我们	6.797189235687256
8	2	参加	11.995938301086426
8	3	了	1.414264440536499
8	4	吸引	15.515270233154297
8	5	学生	12.954834938049316
8	6	并且	12.946601867675781
8	7	受到	9.375732421875
8	8	好评	15.081974029541016
8	9	的	4.837231159210205
8	10	活动	9.42957878112793
8	11	。	1.4689770936965942
9	1	他	5.726855754852295
9	2	想起	12.615818977355957
9	3	了	0.7346515655517578
9	4	写	14.569684982299805
9	5	过	3.072535276412964
9	6	歌	14.507586479187012
9	7	而且	16.036134719848633
9	8	写	9.461509704589844
9	9	过	2.344353199005127
9	10	书	5.330105781555176
9	11	。	5.347072124481201
10	1	他	5.726855754852295
10	2	想起	12.615818977355957
10	3	了	0.7346515655517578
10	4	写	14.569684982299805
10	5	过	3.072535276412964
10	6	歌	14.507586479187012
10	7	而且	16.036134719848633
10	8	写	9.461509704589844
10	9	过	2.344353199005127
10	10	书	5.330105781555176
10	11	的	2.448815107345581
10	12	同学	10.465973854064941
10	13	。	5.1280717849731445
11	1	司机	16.22199821472168
11	2	启动	16.613231658935547
11	3	了	1.9118499755859375
11	4	装有	15.622567176818848
11	5	音响	15.13001537322998
11	6	并且	13.509291648864746
11	7	配备	12.780057907104492
11	8	屏幕	15.171073913574219
11	9	。	4.958112716674805
12	1	司机	16.22199821472168
12	2	启动	16.613231658935547
12	3	了	1.9118499755859375
12	4	装有	15.622567176818848
12	5	音响	15.13001537322998
12	6	并且	13.509291648864746
12	7	配备	12.780057907104492
12	8	屏幕	15.171073913574219
12	9	的	3.692413806915283
12	10	车	7.514979839324951
12	11	。	3.4770891666412354
13	1	爸爸	11.283309936523438
13	2	买	7.9982476234436035
13	3	了	1.2790838479995728
13	4	带	10.642645835876465
13	5	家具	16.267189025878906
13	6	还	8.760884284973145
13	7	配	15.20488166809082
13	8	保险	18.9571533203125
13	9	。	5.658805847167969
14	1	爸爸	11.283309936523438
14	2	买	7.9982476234436035
14	3	了	1.2790838479995728
14	4	带	10.642645835876465
14	5	家具	16.267189025878906
14	6	还	8.760884284973145
14	7	配	15.20488166809082
14	8	保险	18.9571533203125
14	9	的	4.780576705932617
14	10	房子	8.195585250854492
14	11	。	5.722720146179199
15	1	他	5.726855754852295
15	2	损失	18.155963897705078
15	3	了	8.501519203186035
15	4	买	12.0582914352417
15	5	药	12.427093505859375
15	6	和	5.210951328277588
15	7	买	8.398954391479492
15	8	菜	9.160345077514648
15	9	。	2.852614164352417
16	1	他	5.726855754852295
16	2	损失	18.155963897705078
16	3	了	8.501519203186035
16	4	买	12.0582914352417
16	5	药	12.427093505859375
16	6	和	5.210951328277588
16	7	买	8.398954391479492
16	8	菜	9.160345077514648
16	9	的	5.138049125671387
16	10	现金	11.273897171020508
16	11	。	2.120471477508545
17	1	我	5.452167987823486
17	2	拜访	14.270448684692383
17	3	了	4.88808536529541
17	4	去	13.34766674041748
17	5	过	8.575316429138184
17	6	中国	8.393548965454102
17	7	并且	14.593497276306152
17	8	去	7.942728519439697
17	9	过	6.092735767364502
17	10	美国	6.240451812744141
17	11	。	5.990808010101318
18	1	我	5.452167987823486
18	2	拜访	14.270448684692383
18	3	了	4.88808536529541
18	4	去	13.34766674041748
18	5	过	8.575316429138184
18	6	中国	8.393548965454102
18	7	并且	14.593497276306152
18	8	去	7.942728519439697
18	9	过	6.092735767364502
18	10	美国	6.240451812744141
18	11	的	1.8154512643814087
18	12	邻居	11.641047477722168
18	13	。	2.9170334339141846
19	1	爷爷	17.64959716796875
19	2	中止	19.776844024658203
19	3	了	6.517858982086182
19	4	引发	15.880025863647461
19	5	争吵	15.988988876342773
19	6	并且	15.329568862915039
19	7	伤害	12.307090759277344
19	8	亲情	17.301774978637695
19	9	。	5.841176509857178
20	1	爷爷	17.64959716796875
20	2	中止	19.776844024658203
20	3	了	6.517858982086182
20	4	引发	15.880025863647461
20	5	争吵	15.988988876342773
20	6	并且	15.329568862915039
20	7	伤害	12.307090759277344
20	8	亲情	17.301774978637695
20	9	的	0.7709590196609497
20	10	谈话	11.969162940979004
20	11	。	3.5311875343322754
21	1	她	8.375974655151367
21	2	提到	9.7389554977417
21	3	了	3.7598912715911865
21	4	看	12.610003471374512
21	5	着	6.301558494567871
21	6	电视	9.617987632751465
21	7	和	8.086126327514648
21	8	听	9.955977439880371
21	9	着	7.419755458831787
21	10	歌	12.212632179260254
21	11	。	7.893173694610596
22	1	她	8.375974655151367
22	2	提到	9.7389554977417
22	3	了	3.7598912715911865
22	4	看	12.610003471374512
22	5	着	6.301558494567871
22	6	电视	9.617987632751465
22	7	和	8.086126327514648
22	8	听	9.955977439880371
22	9	着	7.419755458831787
22	10	歌	12.212632179260254
22	11	的	1.7425258159637451
22	12	女儿	8.87937068939209
22	13	。	5.91160774230957
23	1	医生	13.790946006774902
23	2	表扬	18.661436080932617
23	3	了	3.9118402004241943
23	4	帮助	11.57683277130127
23	5	老人	13.227471351623535
23	6	并且	11.071357727050781
23	7	关心	10.82068920135498
23	8	同学	15.323304176330566
23	9	。	8.030206680297852
24	1	医生	13.790946006774902
24	2	表扬	18.661436080932617
24	3	了	3.9118402004241943
24	4	帮助	11.57683277130127
24	5	老人	13.227471351623535
24	6	并且	11.071357727050781
24	7	关心	10.82068920135498
24	8	同学	15.323304176330566
24	9	的	3.4390194416046143
24	10	孩子	6.606295108795166
24	11	。	5.617945194244385
25	1	她	8.375974655151367
25	2	介绍	9.802379608154297
25	3	了	5.300452709197998
25	4	生产	16.05306625366211
25	5	电视	14.939337730407715
25	6	并且	14.053021430969238
25	7	安装	15.916047096252441
25	8	电视	10.358872413635254
25	9	。	4.211780071258545
26	1	她	8.375974655151367
26	2	介绍	9.802379608154297
26	3	了	5.300452709197998
26	4	生产	16.05306625366211
26	5	电视	14.939337730407715
26	6	并且	14.053021430969238
26	7	安装	15.916047096252441
26	8	电视	10.358872413635254
26	9	的	2.8463134765625
26	10	工厂	13.032113075256348
26	11	。	3.447873115539551
27	1	我	5.452167987823486
27	2	洗	16.5988826751709
27	3	了	2.4433939456939697
27	4	陪伴	17.112125396728516
27	5	过	6.943967342376709
27	6	母亲	9.719444274902344
27	7	也	8.044608116149902
27	8	陪伴	14.46477222442627
27	9	过	5.719536781311035
27	10	我	4.678907871246338
27	11	。	5.580246925354004
28	1	我	5.452167987823486
28	2	洗	16.5988826751709
28	3	了	2.4433939456939697
28	4	陪伴	17.112125396728516
28	5	过	6.943967342376709
28	6	母亲	9.719444274902344
28	7	也	8.044608116149902
28	8	陪伴	14.46477222442627
28	9	过	5.719536781311035
28	10	我	4.678907871246338
28	11	的	0.9495019316673279
28	12	衣服	11.865432739257812
28	13	。	4.651752471923828
29	1	学生	12.893098831176758
29	2	们	16.36983299255371
29	3	写	10.640530586242676
29	4	着	3.0676159858703613
29	5	困扰	15.552685737609863
29	6	他们	13.278464317321777
29	7	还	10.089836120605469
29	8	困扰	13.558151245117188
29	9	家长	16.414079666137695
29	10	。	3.988318920135498
30	1	学生	12.893098831176758
30	2	们	16.36983299255371
30	3	写	10.640530586242676
30	4	着	3.0676159858703613
30	5	困扰	15.552685737609863
30	6	他们	13.278464317321777
30	7	还	10.089836120605469
30	8	困扰	13.558151245117188
30	9	家长	16.414079666137695
30	10	的	3.6510932445526123
30	11	作业	14.24909496307373
30	12	。	0.9269821643829346
31	1	店长	19.747804641723633
31	2	拿	11.934521675109863
31	3	着	0.7982187867164612
31	4	开	10.95786190032959
31	5	大门	13.692543029785156
31	6	和	8.634357452392578
31	7	开	10.233238220214844
31	8	仓库	13.6211519241333
31	9	。	6.981318473815918
32	1	店长	19.747804641723633
32	2	拿	11.934521675109863
32	3	着	0.7982187867164612
32	4	开	10.95786190032959
32	5	大门	13.692543029785156
32	6	和	8.634357452392578
32	7	开	10.233238220214844
32	8	仓库	13.6211519241333
32	9	的	1.950655460357666
32	10	钥匙	14.411199569702148
32	11	。	2.5388989448547363
33	1	有人	17.213327407836914
33	2	听	14.783653259277344
33	3	着	4.114277362823486
33	4	打扰	17.27836799621582
33	5	了	10.395366668701172
33	6	邻居	13.505212783813477
33	7	而且	16.739038467407227
33	8	触发	17.760257720947266
33	9	了	3.24725604057312
33	10	警报	15.427968978881836
33	11	。	3.3740732669830322
34	1	有人	17.213327407836914
34	2	听	14.783653259277344
34	3	着	4.114277362823486
34	4	打扰	17.27836799621582
34	5	了	10.395366668701172
34	6	邻居	13.505212783813477
34	7	而且	16.739038467407227
34	8	触发	17.760257720947266
34	9	了	3.24725604057312
34	10	警报	15.427968978881836
34	11	的	8.975976943969727
34	12	音乐	10.760290145874023
34	13	。	2.7534356117248535
35	1	我	5.452167987823486
35	2	观察	13.769679069519043
35	3	着	6.870707988739014
35	4	经营	14.259716033935547
35	5	商店	10.937399864196777
35	6	还	10.409171104431152
35	7	经营	14.703023910522461
35	8	餐厅	14.45493221282959
35	9	。	4.773769378662109
36	1	我	5.452167987823486
36	2	观察	13.769679069519043
36	3	着	6.870707988739014
36	4	经营	14.259716033935547
36	5	商店	10.937399864196777
36	6	还	10.409171104431152
36	7	经营	14.703023910522461
36	8	餐厅	14.45493221282959
36	9	的	4.686025142669678
36	10	男人	12.548482894897461
36	11	。	2.363724946975708
37	1	学生	12.893098831176758
37	2	们	16.36983299255371
37	3	读	12.457535743713379
37	4	着	5.56785774230957
37	5	描述	13.368648529052734
37	6	故事	9.33197021484375
37	7	并且	16.920602798461914
37	8	带来	12.143983840942383
37	9	乐趣	12.354884147644043
37	10	。	0.5175708532333374
38	1	学生	12.893098831176758
38	2	们	16.36983299255371
38	3	读	12.457535743713379
38	4	着	5.56785774230957
38	5	描述	13.368648529052734
38	6	故事	9.33197021484375
38	7	并且	16.920602798461914
38	8	带来	12.143983840942383
38	9	乐趣	12.354884147644043
38	10	的	5.479493141174316
38	11	书	9.590104103088379
38	12	。	1.2174609899520874
39	1	教练	17.82672882080078
39	2	创办	13.357751846313477
39	3	过	7.647030830383301
39	4	教	14.240118980407715
39	5	动作	12.18154239654541
39	6	并且	11.35660457611084
39	7	辅导	13.847957611083984
39	8	孩子	10.900779724121094
39	9	。	7.3807759284973145
40	1	教练	17.82672882080078
40	2	创办	13.357751846313477
40	3	过	7.647030830383301
40	4	教	14.240118980407715
40	5	动作	12.18154239654541
40	6	并且	11.35660457611084
40	7	辅导	13.847957611083984
40	8	孩子	10.900779724121094
40	9	的	3.898970127105713
40	10	健身房	13.378698348999023
40	11	。	8.630568504333496
41	1	我	5.452167987823486
41	2	喜欢	8.00187873840332
41	3	过	5.818577289581299
41	4	给	11.014345169067383
41	5	我	1.8441557884216309
41	6	信心	16.153728485107422
41	7	并且	13.25811767578125
41	8	帮助	7.300912380218506
41	9	过	8.390180587768555
41	10	我	3.330216884613037
41	11	。	6.021734237670898
42	1	我	5.452167987823486
42	2	喜欢	8.00187873840332
42	3	过	5.818577289581299
42	4	给	11.014345169067383
42	5	我	1.8441557884216309
42	6	信心	16.153728485107422
42	7	并且	13.25811767578125
42	8	帮助	7.300912380218506
42	9	过	8.390180587768555
42	10	我	3.330216884613037
42	11	的	0.9325631260871887
42	12	音乐	11.369332313537598
42	13	。	4.058409214019775
43	1	她	8.375974655151367
43	2	开	13.467973709106445
43	3	过	5.156512260437012
43	4	容纳	17.990793228149414
43	5	很多	8.870226860046387
43	6	人	2.326756238937378
43	7	并且	12.140552520751953
43	8	通过	11.679795265197754
43	9	安全	11.31105899810791
43	10	测试	13.728970527648926
43	11	。	2.591176986694336
44	1	她	8.375974655151367
44	2	开	13.467973709106445
44	3	过	5.156512260437012
44	4	容纳	17.990793228149414
44	5	很多	8.870226860046387
44	6	人	2.326756238937378
44	7	并且	12.140552520751953
44	8	通过	11.679795265197754
44	9	安全	11.31105899810791
44	10	测试	13.728970527648926
44	11	的	4.011580944061279
44	12	车	9.290074348449707
44	13	。	1.8694252967834473
45	1	他	5.726855754852295
45	2	修理	15.970820426940918
45	3	过	7.823557376861572
45	4	丢失	17.147912979125977
45	5	了	1.81941556930542
45	6	芯片	16.588380813598633
45	7	还	12.958580017089844
45	8	丢失	16.673816680908203
45	9	了	0.4315639138221741
45	10	屏幕	13.688529968261719
45	11	。	2.446094512939453
46	1	他	5.726855754852295
46	2	修理	15.970820426940918
46	3	过	7.823557376861572
46	4	丢失	17.147912979125977
46	5	了	1.81941556930542
46	6	芯片	16.588380813598633
46	7	还	12.958580017089844
46	8	丢失	16.673816680908203
46	9	了	0.4315639138221741
46	10	屏幕	13.688529968261719
46	11	的	5.01273775100708
46	12	电脑	10.150282859802246
46	13	。	2.387207508087158
47	1	他	5.726855754852295
47	2	讲	11.394004821777344
47	3	过	4.6940598487854
47	4	介绍	16.520063400268555
47	5	画家	18.350923538208008
47	6	并且	15.125696182250977
47	7	介绍	10.279840469360352
47	8	博物馆	15.892459869384766
47	9	。	8.879097938537598
48	1	他	5.726855754852295
48	2	讲	11.394004821777344
48	3	过	4.6940598487854
48	4	介绍	16.520063400268555
48	5	画家	18.350923538208008
48	6	并且	15.125696182250977
48	7	介绍	10.279840469360352
48	8	博物馆	15.892459869384766
48	9	的	2.300945281982422
48	10	课	11.821555137634277
48	11	。	4.455442428588867
49	1	我	5.452167987823486
49	2	邀请	15.380782127380371
49	3	过	6.600531578063965
49	4	喜欢	14.619089126586914
49	5	明星	14.020931243896484
49	6	而且	15.62055492401123
49	7	喜欢	12.135648727416992
49	8	作家	12.992631912231445
49	9	。	6.088001251220703
50	1	我	5.452167987823486
50	2	邀请	15.380782127380371
50	3	过	6.600531578063965
50	4	喜欢	14.619089126586914
50	5	明星	14.020931243896484
50	6	而且	15.62055492401123
50	7	喜欢	12.135648727416992
50	8	作家	12.992631912231445
50	9	的	2.6333906650543213
50	10	朋友	5.075096607208252
50	11	。	4.746584415435791
51	1	她	8.375974655151367
51	2	申请	15.34066104888916
51	3	过	7.377040863037109
51	4	减轻	16.634931564331055
51	5	她	5.428091526031494
51	6	负担	14.320473670959473
51	7	同时	15.276323318481445
51	8	缓解	15.547486305236816
51	9	她	3.916853904724121
51	10	压力	13.35288143157959
51	11	。	2.644838333129883
52	1	她	8.375974655151367
52	2	申请	15.34066104888916
52	3	过	7.377040863037109
52	4	减轻	16.634931564331055
52	5	她	5.428091526031494
52	6	负担	14.320473670959473
52	7	同时	15.276323318481445
52	8	缓解	15.547486305236816
52	9	她	3.916853904724121
52	10	压力	13.35288143157959
52	11	的	2.1152031421661377
52	12	奖金	13.838431358337402
52	13	。	0.4241621792316437
53	1	她	8.375974655151367
53	2	去	10.949736595153809
53	3	卖	10.2571382522583
53	4	礼物	14.321228981018066
53	5	并且	12.600055694580078
53	6	回收	15.437093734741211
53	7	报纸	14.783199310302734
53	8	。	2.478748083114624
54	1	她	8.375974655151367
54	2	去	10.949736595153809
54	3	卖	10.2571382522583
54	4	礼物	14.321228981018066
54	5	并且	12.600055694580078
54	6	回收	15.437093734741211
54	7	报纸	14.783199310302734
54	8	的	5.095640659332275
54	9	商店	13.03470230102539
54	10	。	4.005206108093262
55	1	弟弟	15.203326225280762
55	2	需要	13.618481636047363
55	3	用于	13.343353271484375
55	4	游戏	12.72742748260498
55	5	和	3.3792660236358643
55	6	买	11.106318473815918
55	7	书	9.229147911071777
55	8	。	3.3978917598724365
56	1	弟弟	15.203326225280762
56	2	需要	13.618481636047363
56	3	用于	13.343353271484375
56	4	游戏	12.72742748260498
56	5	和	3.3792660236358643
56	6	买	11.106318473815918
56	7	书	9.229147911071777
56	8	的	4.257381439208984
56	9	钱	5.826209545135498
56	10	。	2.9309701919555664
57	1	他	5.726855754852295
57	2	很	7.842432975769043
57	3	欣赏	11.688210487365723
57	4	写	14.4749116897583
57	5	小说	9.934557914733887
57	6	并且	14.010762214660645
57	7	做	8.703886032104492
57	8	慈善	17.286399841308594
57	9	。	6.063659191131592
58	1	他	5.726855754852295
58	2	很	7.842432975769043
58	3	欣赏	11.688210487365723
58	4	写	14.4749116897583
58	5	小说	9.934557914733887
58	6	并且	14.010762214660645
58	7	做	8.703886032104492
58	8	慈善	17.286399841308594
58	9	的	2.9497954845428467
58	10	作家	8.393978118896484
58	11	。	3.6208436489105225
59	1	我	5.452167987823486
59	2	经常	9.698762893676758
59	3	去	7.486459732055664
59	4	提供	11.92408275604248
59	5	停车位	19.670719146728516
59	6	并且	13.901214599609375
59	7	帮助	8.11993408203125
59	8	残疾人	20.745664596557617
59	9	。	4.044444561004639
60	1	我	5.452167987823486
60	2	经常	9.698762893676758
60	3	去	7.486459732055664
60	4	提供	11.92408275604248
60	5	停车位	19.670719146728516
60	6	并且	13.901214599609375
60	7	帮助	8.11993408203125
60	8	残疾人	20.745664596557617
60	9	的	1.1486364603042603
60	10	医院	13.551117897033691
60	11	。	2.472489356994629
