sentence_id	token_id	token	surprisal
1	1	记者	9.519596099853516
1	2	采访	7.503374099731445
1	3	了	4.249082565307617
1	4	研发	15.684564590454102
1	5	产品	7.465338706970215
1	6	。	8.06229305267334
2	1	记者	9.519596099853516
2	2	采访	7.503374099731445
2	3	了	4.249082565307617
2	4	研发	15.684564590454102
2	5	产品	7.465338706970215
2	6	的	2.186002016067505
2	7	科学家	13.367110252380371
2	8	。	7.286860942840576
3	1	他	5.726855754852295
3	2	认识	11.940350532531738
3	3	了	6.432525157928467
3	4	写	13.751165390014648
3	5	书	7.702370643615723
3	6	。	6.016876220703125
4	1	他	5.726855754852295
4	2	认识	11.940350532531738
4	3	了	6.432525157928467
4	4	写	13.751165390014648
4	5	书	7.702370643615723
4	6	的	2.4161322116851807
4	7	老师	10.805781364440918
4	8	。	6.020388603210449
5	1	他	5.726855754852295
5	2	拍	14.92082691192627
5	3	下	9.695045471191406
5	4	了	5.586705207824707
5	5	获得	15.130697250366211
5	6	大奖	15.622993469238281
5	7	。	7.24796724319458
6	1	他	5.726855754852295
6	2	拍	14.92082691192627
6	3	下	9.695045471191406
6	4	了	5.586705207824707
6	5	获得	15.130697250366211
6	6	大奖	15.622993469238281
6	7	的	0.6904539465904236
6	8	艺术品	16.441150665283203
6	9	。	4.639713764190674
7	1	我们	6.797189235687256
7	2	参加	11.995938301086426
7	3	了	1.414264440536499
7	4	吸引	15.515270233154297
7	5	学生	12.954834938049316
7	6	。	8.784249305725098
8	1	我们	6.797189235687256
8	2	参加	11.995938301086426
8	3	了	1.414264440536499
8	4	吸引	15.515270233154297
8	5	学生	12.954834938049316
8	6	的	1.9757684469223022
8	7	活动	8.660246849060059
8	8	。	3.7919015884399414
9	1	他	5.726855754852295
9	2	想起	12.615818977355957
9	3	了	0.7346515655517578
9	4	写	14.569684982299805
9	5	过	3.072535276412964
9	6	歌	14.507586479187012
9	7	。	7.452097415924072
10	1	他	5.726855754852295
10	2	想起	12.615818977355957
10	3	了	0.7346515655517578
10	4	写	14.569684982299805
10	5	过	3.072535276412964
10	6	歌	14.507586479187012
10	7	的	1.8392980098724365
10	8	同学	10.542083740234375
10	9	。	6.160964488983154
11	1	司机	16.22199821472168
11	2	启动	16.613231658935547
11	3	了	1.9118499755859375
11	4	装有	15.622567176818848
11	5	音响	15.13001537322998
11	6	。	9.2907075881958
12	1	司机	16.22199821472168
12	2	启动	16.613231658935547
12	3	了	1.9118499755859375
12	4	装有	15.622567176818848
12	5	音响	15.13001537322998
12	6	的	3.1703901290893555
12	7	车	6.629782676696777
12	8	。	4.200879096984863
13	1	爸爸	11.283309936523438
13	2	买	7.9982476234436035
13	3	了	1.2790838479995728
13	4	带	10.642645835876465
13	5	家具	16.267189025878906
13	6	。	8.185067176818848
14	1	爸爸	11.283309936523438
14	2	买	7.9982476234436035
14	3	了	1.2790838479995728
14	4	带	10.642645835876465
14	5	家具	16.267189025878906
14	6	的	4.332053184509277
14	7	房子	7.546483516693115
14	8	。	6.881507396697998
15	1	他	5.726855754852295
15	2	损失	18.155963897705078
15	3	了	8.501519203186035
15	4	买	12.0582914352417
15	5	药	12.427093505859375
15	6	。	3.325359582901001
16	1	他	5.726855754852295
16	2	损失	18.155963897705078
16	3	了	8.501519203186035
16	4	买	12.0582914352417
16	5	药	12.427093505859375
16	6	的	6.189381122589111
16	7	现金	11.139030456542969
16	8	。	3.319594621658325
17	1	我	5.452167987823486
17	2	拜访	14.270448684692383
17	3	了	4.88808536529541
17	4	去	13.34766674041748
17	5	过	8.575316429138184
17	6	中国	8.393548965454102
17	7	。	6.014868259429932
18	1	我	5.452167987823486
18	2	拜访	14.270448684692383
18	3	了	4.88808536529541
18	4	去	13.34766674041748
18	5	过	8.575316429138184
18	6	中国	8.393548965454102
18	7	的	2.178551435470581
18	8	邻居	11.699060440063477
18	9	。	2.786677598953247
19	1	爷爷	17.64959716796875
19	2	中止	19.776844024658203
19	3	了	6.517858982086182
19	4	引发	15.880025863647461
19	5	争吵	15.988988876342773
19	6	。	8.82290267944336
20	1	爷爷	17.64959716796875
20	2	中止	19.776844024658203
20	3	了	6.517858982086182
20	4	引发	15.880025863647461
20	5	争吵	15.988988876342773
20	6	的	0.1548735648393631
20	7	谈话	10.953697204589844
20	8	。	5.417607307434082
21	1	她	8.375974655151367
21	2	提到	9.7389554977417
21	3	了	3.7598912715911865
21	4	看	12.610003471374512
21	5	着	6.301558494567871
21	6	电视	9.617987632751465
21	7	。	8.556598663330078
22	1	她	8.375974655151367
22	2	提到	9.7389554977417
22	3	了	3.7598912715911865
22	4	看	12.610003471374512
22	5	着	6.301558494567871
22	6	电视	9.617987632751465
22	7	的	5.194484233856201
22	8	女儿	8.937711715698242
22	9	。	5.560369968414307
23	1	医生	13.790946006774902
23	2	表扬	18.661436080932617
23	3	了	3.9118402004241943
23	4	帮助	11.57683277130127
23	5	老人	13.227471351623535
23	6	。	8.043177604675293
24	1	医生	13.790946006774902
24	2	表扬	18.661436080932617
24	3	了	3.9118402004241943
24	4	帮助	11.57683277130127
24	5	老人	13.227471351623535
24	6	的	1.9742182493209839
24	7	孩子	8.530413627624512
24	8	。	5.490466117858887
25	1	她	8.375974655151367
25	2	介绍	9.802379608154297
25	3	了	5.300452709197998
25	4	生产	16.05306625366211
25	5	电视	14.939337730407715
25	6	。	6.5640740394592285
26	1	她	8.375974655151367
26	2	介绍	9.802379608154297
26	3	了	5.300452709197998
26	4	生产	16.05306625366211
26	5	电视	14.939337730407715
26	6	的	4.872549533843994
26	7	工厂	13.160323143005371
26	8	。	5.476687431335449
27	1	我	5.452167987823486
27	2	洗	16.5988826751709
27	3	了	2.4433939456939697
27	4	陪伴	17.112125396728516
27	5	过	6.943967342376709
27	6	母亲	9.719444274902344
27	7	。	5.383288860321045
28	1	我	5.452167987823486
28	2	洗	16.5988826751709
28	3	了	2.4433939456939697
28	4	陪伴	17.112125396728516
28	5	过	6.943967342376709
28	6	母亲	9.719444274902344
28	7	的	2.835047721862793
28	8	衣服	11.122954368591309
28	9	。	6.410646915435791
29	1	学生	12.893098831176758
29	2	们	16.36983299255371
29	3	写	10.640530586242676
29	4	着	3.0676159858703613
29	5	困扰	15.552685737609863
29	6	他们	13.278464317321777
29	7	。	4.565375804901123
30	1	学生	12.893098831176758
30	2	们	16.36983299255371
30	3	写	10.640530586242676
30	4	着	3.0676159858703613
30	5	困扰	15.552685737609863
30	6	他们	13.278464317321777
30	7	的	2.0986320972442627
30	8	作业	15.103959083557129
30	9	。	1.301606297492981
31	1	店长	19.747804641723633
31	2	拿	11.934521675109863
31	3	着	0.7982187867164612
31	4	开	10.95786190032959
31	5	大门	13.692543029785156
31	6	。	6.003709316253662
32	1	店长	19.747804641723633
32	2	拿	11.934521675109863
32	3	着	0.7982187867164612
32	4	开	10.95786190032959
32	5	大门	13.692543029785156
32	6	的	3.310603618621826
32	7	钥匙	13.378950119018555
32	8	。	2.4787166118621826
33	1	有人	17.213327407836914
33	2	听	14.783653259277344
33	3	着	4.114277362823486
33	4	打扰	17.27836799621582
33	5	了	10.395366668701172
33	6	邻居	13.505212783813477
33	7	。	5.422314643859863
34	1	有人	17.213327407836914
34	2	听	14.783653259277344
34	3	着	4.114277362823486
34	4	打扰	17.27836799621582
34	5	了	10.395366668701172
34	6	邻居	13.505212783813477
34	7	的	3.095323324203491
34	8	音乐	9.526206016540527
34	9	。	5.106115341186523
35	1	我	5.452167987823486
35	2	观察	13.769679069519043
35	3	着	6.870707988739014
35	4	经营	14.259716033935547
35	5	商店	10.937399864196777
35	6	。	5.218453884124756
36	1	我	5.452167987823486
36	2	观察	13.769679069519043
36	3	着	6.870707988739014
36	4	经营	14.259716033935547
36	5	商店	10.937399864196777
36	6	的	2.2795326709747314
36	7	男人	12.668937683105469
36	8	。	4.280828475952148
37	1	学生	12.893098831176758
37	2	们	16.36983299255371
37	3	读	12.457535743713379
37	4	着	5.56785774230957
37	5	描述	13.368648529052734
37	6	故事	9.33197021484375
37	7	。	4.924769878387451
38	1	学生	12.893098831176758
38	2	们	16.36983299255371
38	3	读	12.457535743713379
38	4	着	5.56785774230957
38	5	描述	13.368648529052734
38	6	故事	9.33197021484375
38	7	的	0.7127524018287659
38	8	书	7.87217903137207
38	9	。	2.873028039932251
39	1	教练	17.82672882080078
39	2	创办	13.357751846313477
39	3	过	7.647030830383301
39	4	教	14.240118980407715
39	5	动作	12.18154239654541
39	6	。	9.036951065063477
40	1	教练	17.82672882080078
40	2	创办	13.357751846313477
40	3	过	7.647030830383301
40	4	教	14.240118980407715
40	5	动作	12.18154239654541
40	6	的	4.980533123016357
40	7	健身房	14.234533309936523
40	8	。	10.889451026916504
41	1	我	5.452167987823486
41	2	喜欢	8.00187873840332
41	3	过	5.818577289581299
41	4	给	11.014345169067383
41	5	我	1.8441557884216309
41	6	信心	16.153728485107422
41	7	。	4.360450744628906
42	1	我	5.452167987823486
42	2	喜欢	8.00187873840332
42	3	过	5.818577289581299
42	4	给	11.014345169067383
42	5	我	1.8441557884216309
42	6	信心	16.153728485107422
42	7	的	3.6445021629333496
42	8	音乐	11.093883514404297
42	9	。	4.638659477233887
43	1	她	8.375974655151367
43	2	开	13.467973709106445
43	3	过	5.156512260437012
43	4	容纳	17.990793228149414
43	5	很多	8.870226860046387
43	6	人	2.326756238937378
43	7	。	4.911050319671631
44	1	她	8.375974655151367
44	2	开	13.467973709106445
44	3	过	5.156512260437012
44	4	容纳	17.990793228149414
44	5	很多	8.870226860046387
44	6	人	2.326756238937378
44	7	的	2.1003618240356445
44	8	车	8.485090255737305
44	9	。	3.2276699542999268
45	1	他	5.726855754852295
45	2	修理	15.970820426940918
45	3	过	7.823557376861572
45	4	丢失	17.147912979125977
45	5	了	1.81941556930542
45	6	芯片	16.588380813598633
45	7	。	3.1337876319885254
46	1	他	5.726855754852295
46	2	修理	15.970820426940918
46	3	过	7.823557376861572
46	4	丢失	17.147912979125977
46	5	了	1.81941556930542
46	6	芯片	16.588380813598633
46	7	的	5.393857002258301
46	8	电脑	10.591374397277832
46	9	。	3.0803771018981934
47	1	他	5.726855754852295
47	2	讲	11.394004821777344
47	3	过	4.6940598487854
47	4	介绍	16.520063400268555
47	5	画家	18.350923538208008
47	6	。	8.824780464172363
48	1	他	5.726855754852295
48	2	讲	11.394004821777344
48	3	过	4.6940598487854
48	4	介绍	16.520063400268555
48	5	画家	18.350923538208008
48	6	的	0.741204559803009
48	7	课	12.024894714355469
48	8	。	5.574068546295166
49	1	我	5.452167987823486
49	2	邀请	15.380782127380371
49	3	过	6.600531578063965
49	4	喜欢	14.619089126586914
49	5	明星	14.020931243896484
49	6	。	6.81239652633667
50	1	我	5.452167987823486
50	2	邀请	15.380782127380371
50	3	过	6.600531578063965
50	4	喜欢	14.619089126586914
50	5	明星	14.020931243896484
50	6	的	2.071939468383789
50	7	朋友	5.621773719787598
50	8	。	5.6705803871154785
51	1	她	8.375974655151367
51	2	申请	15.34066104888916
51	3	过	7.377040863037109
51	4	减轻	16.634931564331055
51	5	负担	13.130329132080078
51	6	。	6.7366943359375
52	1	她	8.375974655151367
52	2	申请	15.34066104888916
52	3	过	7.377040863037109
52	4	减轻	16.634931564331055
52	5	负担	13.130329132080078
52	6	的	1.434685230255127
52	7	奖金	14.060383796691895
52	8	。	1.7745503187179565
53	1	她	8.375974655151367
53	2	去	10.949736595153809
53	3	买	6.731034755706787
53	4	带来	17.835002899169922
53	5	好运	15.616654396057129
53	6	。	2.5675432682037354
54	1	她	8.375974655151367
54	2	去	10.949736595153809
54	3	买	6.731034755706787
54	4	带来	17.835002899169922
54	5	好运	15.616654396057129
54	6	的	6.133459091186523
54	7	礼物	11.400453567504883
54	8	。	3.503164768218994
55	1	弟弟	15.203326225280762
55	2	需要	13.618481636047363
55	3	用于	13.343353271484375
55	4	游戏	12.72742748260498
55	5	。	3.9126338958740234
56	1	弟弟	15.203326225280762
56	2	需要	13.618481636047363
56	3	用于	13.343353271484375
56	4	游戏	12.72742748260498
56	5	的	4.586740970611572
56	6	钱	5.929046154022217
56	7	。	3.8351378440856934
57	1	他	5.726855754852295
57	2	很	7.842432975769043
57	3	欣赏	11.688210487365723
57	4	写	14.4749116897583
57	5	小说	9.934557914733887
57	6	。	4.930469989776611
58	1	他	5.726855754852295
58	2	很	7.842432975769043
58	3	欣赏	11.688210487365723
58	4	写	14.4749116897583
58	5	小说	9.934557914733887
58	6	的	2.133446216583252
58	7	作家	8.341837882995605
58	8	。	5.002002716064453
59	1	我	5.452167987823486
59	2	经常	9.698762893676758
59	3	去	7.486459732055664
59	4	提供	11.92408275604248
59	5	停车位	19.670719146728516
59	6	。	5.761458396911621
60	1	我	5.452167987823486
60	2	经常	9.698762893676758
60	3	去	7.486459732055664
60	4	提供	11.92408275604248
60	5	停车位	19.670719146728516
60	6	的	5.812304973602295
60	7	医院	14.242813110351562
60	8	。	2.6346733570098877
