sentence_id	token_id	token	surprisal
1	1	随着	9.197442054748535
1	2	政府	9.318305015563965
1	3	发展	7.469986438751221
1	4	，	2.396928548812866
1	5	经济	6.0084381103515625
1	6	变	12.873854637145996
1	7	好	10.592854499816895
1	8	了	6.667881965637207
1	9	。	4.714876651763916
2	1	随着	9.197442054748535
2	2	政府	9.318305015563965
2	3	发展	7.469986438751221
2	4	。	10.224122047424316
3	1	随着	9.197442054748535
3	2	互联网	12.102437973022461
3	3	的	2.2069015502929688
3	4	出现	11.480722427368164
3	5	，	0.17249327898025513
3	6	生活	10.082606315612793
3	7	质量	7.713109016418457
3	8	提高	8.300623893737793
3	9	了	3.453280448913574
3	10	。	6.82659387588501
4	1	随着	9.197442054748535
4	2	互联网	12.102437973022461
4	3	的	2.2069015502929688
4	4	出现	11.480722427368164
4	5	。	8.00464153289795
5	1	随着	9.197442054748535
5	2	一阵	18.664514541625977
5	3	铃声	17.378320693969727
5	4	，	7.11556339263916
5	5	火车	13.59416389465332
5	6	开	11.976236343383789
5	7	了	1.7393492460250854
5	8	。	9.715699195861816
6	1	随着	9.197442054748535
6	2	一阵	18.664514541625977
6	3	铃声	17.378320693969727
6	4	。	8.95969295501709
7	1	随着	9.197442054748535
7	2	他	10.122715950012207
7	3	的	1.4980673789978027
7	4	年龄	14.21808910369873
7	5	增长	12.42855453491211
7	6	，	0.10209296643733978
7	7	他	5.078403949737549
7	8	更	8.813494682312012
7	9	有	6.190144062042236
7	10	自信	12.905352592468262
7	11	了	10.54867935180664
7	12	。	2.1878514289855957
8	1	随着	9.197442054748535
8	2	他	10.122715950012207
8	3	的	1.4980673789978027
8	4	年龄	14.21808910369873
8	5	增长	12.42855453491211
8	6	。	8.560805320739746
9	1	随着	9.197442054748535
9	2	冬天	16.0456600189209
9	3	的	1.6826024055480957
9	4	到来	11.15930461883545
9	5	，	0.010771719738841057
9	6	树木	19.132610321044922
9	7	凋零	22.77519989013672
9	8	了	10.289958000183105
9	9	。	7.415036678314209
10	1	随着	9.197442054748535
10	2	冬天	16.0456600189209
10	3	的	1.6826024055480957
10	4	到来	11.15930461883545
10	5	。	12.302824020385742
11	1	随着	9.197442054748535
11	2	科技	6.145565986633301
11	3	发展	3.10160493850708
11	4	，	2.8237314224243164
11	5	电脑	11.851967811584473
11	6	功能	10.601579666137695
11	7	变得	11.006450653076172
11	8	更	6.266406536102295
11	9	多	1.9541301727294922
11	10	了	7.585759162902832
11	11	。	2.4745657444000244
12	1	随着	9.197442054748535
12	2	科技	6.145565986633301
12	3	发展	3.10160493850708
12	4	。	10.263801574707031
13	1	自从	10.58690357208252
13	2	见	16.609888076782227
13	3	了	2.815922737121582
13	4	他	8.378457069396973
13	5	，	4.423555374145508
13	6	她	4.751071453094482
13	7	一直	7.010385513305664
13	8	在	1.977238416671753
13	9	写信	17.406009674072266
13	10	。	5.461799144744873
14	1	自从	10.58690357208252
14	2	见	16.609888076782227
14	3	了	2.815922737121582
14	4	他	8.378457069396973
14	5	。	9.969403266906738
15	1	自从	10.58690357208252
15	2	修	16.763282775878906
15	3	了	5.99974250793457
15	4	公路	10.465678215026855
15	5	，	2.868251085281372
15	6	农村	11.875853538513184
15	7	经济	5.757846832275391
15	8	变	13.268877029418945
15	9	好	9.619519233703613
15	10	了	3.2565512657165527
15	11	。	3.8718082904815674
16	1	自从	10.58690357208252
16	2	修	16.763282775878906
16	3	了	5.99974250793457
16	4	公路	10.465678215026855
16	5	。	9.307549476623535
17	1	自从	10.58690357208252
17	2	离开	13.4229097366333
17	3	家乡	14.423896789550781
17	4	，	4.871952533721924
17	5	她	5.882694244384766
17	6	一直	6.871606826782227
17	7	想念	15.136494636535645
17	8	父母	9.894268035888672
17	9	。	5.325437068939209
18	1	自从	10.58690357208252
18	2	离开	13.4229097366333
18	3	家乡	14.423896789550781
18	4	。	11.563582420349121
19	1	自从	10.58690357208252
19	2	他	7.201326370239258
19	3	开始	6.741332054138184
19	4	读书	14.582876205444336
19	5	，	2.999471664428711
19	6	他	5.4295477867126465
19	7	的	3.357282876968384
19	8	成绩	12.447320938110352
19	9	提高	12.587154388427734
19	10	了	4.131462097167969
19	11	。	8.7980375289917
20	1	自从	10.58690357208252
20	2	他	7.201326370239258
20	3	开始	6.741332054138184
20	4	读书	14.582876205444336
20	5	。	10.22054386138916
21	1	自从	10.58690357208252
21	2	他	7.201326370239258
21	3	获得	10.222396850585938
21	4	大奖	16.046552658081055
21	5	，	5.480670928955078
21	6	他	3.5709431171417236
21	7	不	7.737672805786133
21	8	学习	15.538742065429688
21	9	了	7.365958213806152
21	10	。	8.638360023498535
22	1	自从	10.58690357208252
22	2	他	7.201326370239258
22	3	获得	10.222396850585938
22	4	大奖	16.046552658081055
22	5	。	11.162872314453125
23	1	自从	10.58690357208252
23	2	她	9.256659507751465
23	3	认识	11.888957023620605
23	4	了	6.4877214431762695
23	5	老师	10.718093872070312
23	6	，	1.9857847690582275
23	7	她	2.9573159217834473
23	8	努力	12.316632270812988
23	9	训练	15.512296676635742
23	10	。	8.167651176452637
24	1	自从	10.58690357208252
24	2	她	9.256659507751465
24	3	认识	11.888957023620605
24	4	了	6.4877214431762695
24	5	老师	10.718093872070312
24	6	。	9.708868026733398
25	1	自从	10.58690357208252
25	2	她	9.256659507751465
25	3	参与	12.978982925415039
25	4	了	3.561305284500122
25	5	活动	14.28377628326416
25	6	，	3.369206190109253
25	7	她	2.3965232372283936
25	8	认识	10.722722053527832
25	9	了	3.1511104106903076
25	10	很多	6.765433311462402
25	11	人	1.730122447013855
25	12	。	6.356391906738281
26	1	自从	10.58690357208252
26	2	她	9.256659507751465
26	3	参与	12.978982925415039
26	4	了	3.561305284500122
26	5	活动	14.28377628326416
26	6	。	9.19295597076416
27	1	自从	10.58690357208252
27	2	她	9.256659507751465
27	3	学习	15.69842529296875
27	4	了	6.997738838195801
27	5	外语	16.13985252380371
27	6	，	7.202310085296631
27	7	她	6.268346309661865
27	8	看	9.149547576904297
27	9	了	1.797971248626709
27	10	很多	6.411248207092285
27	11	电影	10.521374702453613
27	12	。	4.772799968719482
28	1	自从	10.58690357208252
28	2	她	9.256659507751465
28	3	学习	15.69842529296875
28	4	了	6.997738838195801
28	5	外语	16.13985252380371
28	6	。	11.949803352355957
29	1	因为	7.955348968505859
29	2	喝	15.210376739501953
29	3	了	2.2051970958709717
29	4	酒	9.12060546875
29	5	，	0.74008709192276
29	6	他	8.162896156311035
29	7	摔	10.865056037902832
29	8	了	0.9896050095558167
29	9	。	1.848678469657898
30	1	因为	7.955348968505859
30	2	喝	15.210376739501953
30	3	了	2.2051970958709717
30	4	酒	9.12060546875
30	5	。	7.637282848358154
31	1	因为	7.955348968505859
31	2	他	5.700676918029785
31	3	要	7.839701175689697
31	4	迟到	19.267824172973633
31	5	了	4.760435104370117
31	6	，	3.7865946292877197
31	7	他	3.9726011753082275
31	8	结束	12.947848320007324
31	9	了	0.731114387512207
31	10	谈话	13.284873962402344
31	11	。	2.430095911026001
32	1	因为	7.955348968505859
32	2	他	5.700676918029785
32	3	要	7.839701175689697
32	4	迟到	19.267824172973633
32	5	了	4.760435104370117
32	6	。	5.286905765533447
33	1	因为	7.955348968505859
33	2	他	5.700676918029785
33	3	没有	7.37548828125
33	4	练习	16.942880630493164
33	5	题目	20.8798770904541
33	6	，	2.2000319957733154
33	7	他	3.466451406478882
33	8	没有	6.237954616546631
33	9	成功	10.676678657531738
33	10	。	3.351268768310547
34	1	因为	7.955348968505859
34	2	他	5.700676918029785
34	3	没有	7.37548828125
34	4	练习	16.942880630493164
34	5	题目	20.8798770904541
34	6	。	5.8737263679504395
35	1	因为	7.955348968505859
35	2	疾病	14.260330200195312
35	3	，	5.541820526123047
35	4	她	10.247310638427734
35	5	拒绝	11.028267860412598
35	6	了	2.936671495437622
35	7	演出	16.85675621032715
35	8	。	8.7529878616333
36	1	因为	7.955348968505859
36	2	疾病	14.260330200195312
36	3	。	12.177371978759766
37	1	因为	7.955348968505859
37	2	听	15.092637062072754
37	3	着	5.2812981605529785
37	4	音乐	12.150970458984375
37	5	，	5.359760761260986
37	6	她	8.188942909240723
37	7	错过	15.704154014587402
37	8	了	2.486816167831421
37	9	广播	14.989872932434082
37	10	。	7.775793075561523
38	1	因为	7.955348968505859
38	2	听	15.092637062072754
38	3	着	5.2812981605529785
38	4	音乐	12.150970458984375
38	5	。	11.24454402923584
39	1	尽管	9.328567504882812
39	2	领导	13.985257148742676
39	3	已经	7.526812553405762
39	4	离去	16.371089935302734
39	5	，	0.13878050446510315
39	6	工人	13.512578964233398
39	7	还	5.0659565925598145
39	8	在	5.194541931152344
39	9	工作	9.275904655456543
39	10	。	10.590422630310059
40	1	尽管	9.328567504882812
40	2	领导	13.985257148742676
40	3	已经	7.526812553405762
40	4	离去	16.371089935302734
40	5	。	5.016861915588379
41	1	尽管	9.328567504882812
41	2	他	5.47819709777832
41	3	年纪	16.20339584350586
41	4	小	9.910696983337402
41	5	，	1.3001377582550049
41	6	他	3.6498851776123047
41	7	有	7.168323516845703
41	8	能力	8.601609230041504
41	9	。	7.88456916809082
42	1	尽管	9.328567504882812
42	2	他	5.47819709777832
42	3	年纪	16.20339584350586
42	4	小	9.910696983337402
42	5	。	9.27603816986084
43	1	尽管	9.328567504882812
43	2	她	7.361826419830322
43	3	会	7.498526096343994
43	4	开车	12.697386741638184
43	5	，	2.819021701812744
43	6	她	4.823526859283447
43	7	今天	9.694388389587402
43	8	没有	8.13567066192627
43	9	开车	13.606982231140137
43	10	。	5.1776862144470215
44	1	尽管	9.328567504882812
44	2	她	7.361826419830322
44	3	会	7.498526096343994
44	4	开车	12.697386741638184
44	5	。	7.044131278991699
45	1	尽管	9.328567504882812
45	2	作家	11.562533378601074
45	3	很	6.7796630859375
45	4	年轻	12.889972686767578
45	5	，	1.5859135389328003
45	6	他	4.387956142425537
45	7	写	12.065526962280273
45	8	了	0.5879145860671997
45	9	很多	5.972505569458008
45	10	作品	8.02662467956543
45	11	。	4.780621528625488
46	1	尽管	9.328567504882812
46	2	作家	11.562533378601074
46	3	很	6.7796630859375
46	4	年轻	12.889972686767578
46	5	。	7.747074127197266
47	1	尽管	9.328567504882812
47	2	父亲	12.39969539642334
47	3	不	7.4287567138671875
47	4	同意	8.648493766784668
47	5	他	3.2321879863739014
47	6	唱歌	16.786195755004883
47	7	，	0.43577033281326294
47	8	他	4.109293460845947
47	9	还是	7.1936750411987305
47	10	买	11.388871192932129
47	11	了	2.592010498046875
47	12	吉他	16.663087844848633
47	13	。	2.26945161819458
48	1	尽管	9.328567504882812
48	2	父亲	12.39969539642334
48	3	不	7.4287567138671875
48	4	同意	8.648493766784668
48	5	他	3.2321879863739014
48	6	唱歌	16.786195755004883
48	7	。	5.2079973220825195
49	1	尽管	9.328567504882812
49	2	经济	8.392728805541992
49	3	不	6.629507541656494
49	4	好	7.384599208831787
49	5	，	0.2239122986793518
49	6	他	8.227421760559082
49	7	还是	7.057962894439697
49	8	关心	12.299756050109863
49	9	慈善	15.583125114440918
49	10	。	7.536375045776367
50	1	尽管	9.328567504882812
50	2	经济	8.392728805541992
50	3	不	6.629507541656494
50	4	好	7.384599208831787
50	5	。	7.458993434906006
51	1	如果	7.433584690093994
51	2	她	8.757037162780762
51	3	做	9.102215766906738
51	4	完	10.437767028808594
51	5	作业	15.92729377746582
51	6	，	0.22418366372585297
51	7	她	6.136526107788086
51	8	去	8.244705200195312
51	9	健身房	13.91750431060791
51	10	。	9.68815803527832
52	1	如果	7.433584690093994
52	2	她	8.757037162780762
52	3	做	9.102215766906738
52	4	完	10.437767028808594
52	5	作业	15.92729377746582
52	6	。	8.025725364685059
53	1	如果	7.433584690093994
53	2	她们	11.292773246765137
53	3	照	15.087264060974121
53	4	了	3.063998222351074
53	5	相	17.91010856628418
53	6	，	7.284969806671143
53	7	她们	11.063529968261719
53	8	就	4.464505672454834
53	9	留下	13.824141502380371
53	10	了	1.016944408416748
53	11	回忆	15.1259183883667
53	12	。	3.6974527835845947
54	1	如果	7.433584690093994
54	2	她们	11.292773246765137
54	3	照	15.087264060974121
54	4	了	3.063998222351074
54	5	相	17.91010856628418
54	6	。	9.637313842773438
55	1	如果	7.433584690093994
55	2	培养	15.952669143676758
55	3	了	4.027726173400879
55	4	信心	14.373679161071777
55	5	，	0.2780977785587311
55	6	她	9.425736427307129
55	7	可以	5.957301616668701
55	8	实现	9.202927589416504
55	9	梦想	13.661847114562988
55	10	。	3.7110230922698975
56	1	如果	7.433584690093994
56	2	培养	15.952669143676758
56	3	了	4.027726173400879
56	4	信心	14.373679161071777
56	5	。	7.757523059844971
57	1	如果	7.433584690093994
57	2	他	5.593578338623047
57	3	不	4.028723239898682
57	4	尝试	12.818436622619629
57	5	，	3.5732381343841553
57	6	他	4.698263645172119
57	7	将	5.5442728996276855
57	8	失去	10.135885238647461
57	9	机会	8.425867080688477
57	10	。	5.875800132751465
58	1	如果	7.433584690093994
58	2	他	5.593578338623047
58	3	不	4.028723239898682
58	4	尝试	12.818436622619629
58	5	。	8.815905570983887
59	1	如果	7.433584690093994
59	2	她	8.757037162780762
59	3	来	10.165642738342285
59	4	，	4.472666263580322
59	5	母亲	10.552165985107422
59	6	会	3.0813827514648438
59	7	准备	9.870905876159668
59	8	水果	17.236419677734375
59	9	。	3.671781301498413
60	1	如果	7.433584690093994
60	2	她	8.757037162780762
60	3	来	10.165642738342285
60	4	。	9.91319751739502
