sentence_id	token_id	token	surprisal
1	1	我	5.452167987823486
1	2	很	6.325794219970703
1	3	喜欢	5.14235258102417
1	4	一	4.66038179397583
1	5	位	4.519150257110596
1	6	国内	13.6913423538208
1	7	的	1.8609322309494019
1	8	明星	11.0184965133667
1	9	。	5.128396034240723
2	1	我	5.452167987823486
2	2	很	6.325794219970703
2	3	喜欢	5.14235258102417
2	4	一	4.66038179397583
2	5	首	12.40388011932373
2	6	国内	16.526878356933594
2	7	的	1.2730668783187866
2	8	明星	10.914250373840332
2	9	。	3.8488059043884277
3	1	我	5.452167987823486
3	2	很	6.325794219970703
3	3	喜欢	5.14235258102417
3	4	一	4.66038179397583
3	5	首	12.40388011932373
3	6	国内	16.526878356933594
3	7	的	1.2730668783187866
3	8	歌曲	14.492270469665527
3	9	。	4.410065174102783
4	1	我	5.452167987823486
4	2	很	6.325794219970703
4	3	喜欢	5.14235258102417
4	4	一	4.66038179397583
4	5	位	4.519150257110596
4	6	国内	13.6913423538208
4	7	的	1.8609322309494019
4	8	歌曲	14.794745445251465
4	9	。	5.688134670257568
5	1	她	8.375974655151367
5	2	开车	14.4522123336792
5	3	去	8.133177757263184
5	4	了	3.1039721965789795
5	5	一	3.7563376426696777
5	6	家	5.532634735107422
5	7	郊外	17.54878807067871
5	8	的	7.391426086425781
5	9	店	13.20618724822998
5	10	。	6.005840301513672
6	1	她	8.375974655151367
6	2	开车	14.4522123336792
6	3	去	8.133177757263184
6	4	了	3.1039721965789795
6	5	一	3.7563376426696777
6	6	座	6.902921199798584
6	7	郊外	16.066640853881836
6	8	的	6.914858818054199
6	9	店	13.143795013427734
6	10	。	5.1381001472473145
7	1	她	8.375974655151367
7	2	开车	14.4522123336792
7	3	去	8.133177757263184
7	4	了	3.1039721965789795
7	5	一	3.7563376426696777
7	6	座	6.902921199798584
7	7	郊外	16.066640853881836
7	8	的	6.914858818054199
7	9	山	12.864012718200684
7	10	。	6.014473915100098
8	1	她	8.375974655151367
8	2	开车	14.4522123336792
8	3	去	8.133177757263184
8	4	了	3.1039721965789795
8	5	一	3.7563376426696777
8	6	家	5.532634735107422
8	7	郊外	17.54878807067871
8	8	的	7.391426086425781
8	9	山	13.315167427062988
8	10	。	6.16410493850708
9	1	他	5.726855754852295
9	2	有	9.4231595993042
9	3	一	2.0665266513824463
9	4	双	13.179593086242676
9	5	蓝色	16.141468048095703
9	6	的	2.34411883354187
9	7	手套	15.072102546691895
9	8	。	7.548262119293213
10	1	他	5.726855754852295
10	2	有	9.4231595993042
10	3	一	2.0665266513824463
10	4	枚	10.250731468200684
10	5	蓝色	15.39437198638916
10	6	的	1.927733063697815
10	7	手套	14.705977439880371
10	8	。	6.726126670837402
11	1	他	5.726855754852295
11	2	有	9.4231595993042
11	3	一	2.0665266513824463
11	4	枚	10.250731468200684
11	5	蓝色	15.39437198638916
11	6	的	1.927733063697815
11	7	纽扣	17.084054946899414
11	8	。	9.049544334411621
12	1	他	5.726855754852295
12	2	有	9.4231595993042
12	3	一	2.0665266513824463
12	4	双	13.179593086242676
12	5	蓝色	16.141468048095703
12	6	的	2.34411883354187
12	7	纽扣	17.621416091918945
12	8	。	9.655683517456055
13	1	店长	19.747804641723633
13	2	拿	11.934521675109863
13	3	着	0.7982187867164612
13	4	一	5.554663181304932
13	5	只	8.184873580932617
13	6	便宜	11.759562492370605
13	7	的	3.228893756866455
13	8	兔子	15.15863037109375
13	9	。	8.525734901428223
14	1	店长	19.747804641723633
14	2	拿	11.934521675109863
14	3	着	0.7982187867164612
14	4	一	5.554663181304932
14	5	根	7.956573486328125
14	6	便宜	11.456439971923828
14	7	的	3.3202006816864014
14	8	兔子	15.677141189575195
14	9	。	8.691779136657715
15	1	店长	19.747804641723633
15	2	拿	11.934521675109863
15	3	着	0.7982187867164612
15	4	一	5.554663181304932
15	5	根	7.956573486328125
15	6	便宜	11.456439971923828
15	7	的	3.3202006816864014
15	8	萝卜	16.553945541381836
15	9	。	8.405269622802734
16	1	店长	19.747804641723633
16	2	拿	11.934521675109863
16	3	着	0.7982187867164612
16	4	一	5.554663181304932
16	5	只	8.184873580932617
16	6	便宜	11.759562492370605
16	7	的	3.228893756866455
16	8	萝卜	16.941701889038086
16	9	。	8.60310173034668
17	1	他	5.726855754852295
17	2	认识	11.940350532531738
17	3	了	6.432525157928467
17	4	一	4.835940837860107
17	5	名	5.766757488250732
17	6	幸运	13.127289772033691
17	7	的	0.23210936784744263
17	8	男孩	10.4025297164917
17	9	。	2.9019477367401123
18	1	他	5.726855754852295
18	2	认识	11.940350532531738
18	3	了	6.432525157928467
18	4	一	4.835940837860107
18	5	本	6.445525646209717
18	6	幸运	14.544791221618652
18	7	的	0.09650782495737076
18	8	男孩	12.051795959472656
18	9	。	2.4891018867492676
19	1	他	5.726855754852295
19	2	认识	11.940350532531738
19	3	了	6.432525157928467
19	4	一	4.835940837860107
19	5	本	6.445525646209717
19	6	幸运	14.544791221618652
19	7	的	0.09650782495737076
19	8	小说	8.937738418579102
19	9	。	2.702840805053711
20	1	他	5.726855754852295
20	2	认识	11.940350532531738
20	3	了	6.432525157928467
20	4	一	4.835940837860107
20	5	名	5.766757488250732
20	6	幸运	13.127289772033691
20	7	的	0.23210936784744263
20	8	小说	9.221446990966797
20	9	。	3.4501380920410156
21	1	男人	17.067047119140625
21	2	在	4.334021091461182
21	3	扫描	17.6452579498291
21	4	一	4.597726345062256
21	5	篇	8.111886024475098
21	6	很	10.943599700927734
21	7	短	7.223083972930908
21	8	的	0.7796339988708496
21	9	文章	6.842339992523193
21	10	。	10.216774940490723
22	1	男人	17.067047119140625
22	2	在	4.334021091461182
22	3	扫描	17.6452579498291
22	4	一	4.597726345062256
22	5	张	7.2077317237854
22	6	很	9.990675926208496
22	7	短	7.173629283905029
22	8	的	0.435139536857605
22	9	文章	12.216261863708496
22	10	。	10.443974494934082
23	1	男人	17.067047119140625
23	2	在	4.334021091461182
23	3	扫描	17.6452579498291
23	4	一	4.597726345062256
23	5	张	7.2077317237854
23	6	很	9.990675926208496
23	7	短	7.173629283905029
23	8	的	0.435139536857605
23	9	图片	12.981621742248535
23	10	。	9.060099601745605
24	1	男人	17.067047119140625
24	2	在	4.334021091461182
24	3	扫描	17.6452579498291
24	4	一	4.597726345062256
24	5	篇	8.111886024475098
24	6	很	10.943599700927734
24	7	短	7.223083972930908
24	8	的	0.7796339988708496
24	9	图片	11.955638885498047
24	10	。	8.940364837646484
25	1	演员	15.806883811950684
25	2	在	4.729403972625732
25	3	看	12.198137283325195
25	4	一	3.425243616104126
25	5	张	6.048300266265869
25	6	干净	14.212830543518066
25	7	的	0.3709518313407898
25	8	旧	12.056809425354004
25	9	照片	10.349811553955078
25	10	。	8.322684288024902
26	1	演员	15.806883811950684
26	2	在	4.729403972625732
26	3	看	12.198137283325195
26	4	一	3.425243616104126
26	5	位	4.898995399475098
26	6	干净	14.987638473510742
26	7	的	0.56706303358078
26	8	旧	11.688972473144531
26	9	照片	10.68620777130127
26	10	。	8.185400009155273
27	1	演员	15.806883811950684
27	2	在	4.729403972625732
27	3	看	12.198137283325195
27	4	一	3.425243616104126
27	5	位	4.898995399475098
27	6	干净	14.987638473510742
27	7	的	0.56706303358078
27	8	老师	8.50655746459961
27	9	。	9.874893188476562
28	1	演员	15.806883811950684
28	2	在	4.729403972625732
28	3	看	12.198137283325195
28	4	一	3.425243616104126
28	5	张	6.048300266265869
28	6	干净	14.212830543518066
28	7	的	0.3709518313407898
28	8	老师	8.832375526428223
28	9	。	9.8287353515625
29	1	他	5.726855754852295
29	2	在	4.746715068817139
29	3	修理	14.811756134033203
29	4	一	7.573158264160156
29	5	辆	6.506272315979004
29	6	倒霉	15.432888984680176
29	7	的	0.46270260214805603
29	8	汽车	8.481792449951172
29	9	。	8.335283279418945
30	1	他	5.726855754852295
30	2	在	4.746715068817139
30	3	修理	14.811756134033203
30	4	一	7.573158264160156
30	5	套	6.888967037200928
30	6	倒霉	15.345340728759766
30	7	的	0.17479877173900604
30	8	汽车	9.756758689880371
30	9	。	7.46938943862915
31	1	他	5.726855754852295
31	2	在	4.746715068817139
31	3	修理	14.811756134033203
31	4	一	7.573158264160156
31	5	套	6.888967037200928
31	6	倒霉	15.345340728759766
31	7	的	0.17479877173900604
31	8	系统	12.445446014404297
31	9	。	6.179869174957275
32	1	他	5.726855754852295
32	2	在	4.746715068817139
32	3	修理	14.811756134033203
32	4	一	7.573158264160156
32	5	辆	6.506272315979004
32	6	倒霉	15.432888984680176
32	7	的	0.46270260214805603
32	8	系统	13.460205078125
32	9	。	7.905599117279053
33	1	学生	12.893098831176758
33	2	们	16.36983299255371
33	3	在	4.038539409637451
33	4	写	10.405735969543457
33	5	一	3.917905330657959
33	6	部	3.85608172416687
33	7	精彩	12.689474105834961
33	8	的	2.5757789611816406
33	9	电影	7.374838829040527
33	10	。	6.766379356384277
34	1	学生	12.893098831176758
34	2	们	16.36983299255371
34	3	在	4.038539409637451
34	4	写	10.405735969543457
34	5	一	3.917905330657959
34	6	首	9.435198783874512
34	7	精彩	14.120938301086426
34	8	的	2.0214014053344727
34	9	电影	9.224421501159668
34	10	。	6.800203323364258
35	1	学生	12.893098831176758
35	2	们	16.36983299255371
35	3	在	4.038539409637451
35	4	写	10.405735969543457
35	5	一	3.917905330657959
35	6	首	9.435198783874512
35	7	精彩	14.120938301086426
35	8	的	2.0214014053344727
35	9	戏曲	20.008445739746094
35	10	。	8.961344718933105
36	1	学生	12.893098831176758
36	2	们	16.36983299255371
36	3	在	4.038539409637451
36	4	写	10.405735969543457
36	5	一	3.917905330657959
36	6	部	3.85608172416687
36	7	精彩	12.689474105834961
36	8	的	2.5757789611816406
36	9	戏曲	19.997243881225586
36	10	。	9.000859260559082
37	1	我们	6.797189235687256
37	2	在	5.135374546051025
37	3	看	8.094159126281738
37	4	一	3.163027763366699
37	5	场	4.628207206726074
37	6	神奇	12.827471733093262
37	7	的	0.5335381627082825
37	8	他	13.378235816955566
37	9	的	3.093147039413452
37	10	表演	10.633990287780762
37	11	。	6.590983867645264
38	1	我们	6.797189235687256
38	2	在	5.135374546051025
38	3	看	8.094159126281738
38	4	一	3.163027763366699
38	5	块	8.72535514831543
38	6	神奇	14.9581937789917
38	7	的	0.7488370537757874
38	8	他	12.775498390197754
38	9	的	4.073582172393799
38	10	表演	10.83093547821045
38	11	。	5.1365203857421875
39	1	我们	6.797189235687256
39	2	在	5.135374546051025
39	3	看	8.094159126281738
39	4	一	3.163027763366699
39	5	块	8.72535514831543
39	6	神奇	14.9581937789917
39	7	的	0.7488370537757874
39	8	他	12.775498390197754
39	9	的	4.073582172393799
39	10	场地	14.794855117797852
39	11	。	4.642252445220947
40	1	我们	6.797189235687256
40	2	在	5.135374546051025
40	3	看	8.094159126281738
40	4	一	3.163027763366699
40	5	场	4.628207206726074
40	6	神奇	12.827471733093262
40	7	的	0.5335381627082825
40	8	他	13.378235816955566
40	9	的	3.093147039413452
40	10	场地	15.390966415405273
40	11	。	5.271296977996826
41	1	他	5.726855754852295
41	2	最	10.34171199798584
41	3	喜欢	6.3916730880737305
41	4	一	5.024843692779541
41	5	道	9.760882377624512
41	6	美味	19.51028060913086
41	7	的	7.918267726898193
41	8	菜	13.03366756439209
41	9	。	3.2016685009002686
42	1	他	5.726855754852295
42	2	最	10.34171199798584
42	3	喜欢	6.3916730880737305
42	4	一	5.024843692779541
42	5	瓶	11.255319595336914
42	6	美味	19.265933990478516
42	7	的	6.638288974761963
42	8	菜	12.765106201171875
42	9	。	3.789337635040283
43	1	他	5.726855754852295
43	2	最	10.34171199798584
43	3	喜欢	6.3916730880737305
43	4	一	5.024843692779541
43	5	瓶	11.255319595336914
43	6	美味	19.265933990478516
43	7	的	6.638288974761963
43	8	醋	15.99756908416748
43	9	。	4.757880687713623
44	1	他	5.726855754852295
44	2	最	10.34171199798584
44	3	喜欢	6.3916730880737305
44	4	一	5.024843692779541
44	5	道	9.760882377624512
44	6	美味	19.51028060913086
44	7	的	7.918267726898193
44	8	醋	17.05696678161621
44	9	。	3.6720521450042725
45	1	她	8.375974655151367
45	2	拿	11.692319869995117
45	3	了	2.4550070762634277
45	4	一	1.7388054132461548
45	5	份	6.312049865722656
45	6	今天	12.117047309875488
45	7	的	1.6121357679367065
45	8	饭	14.631237030029297
45	9	。	5.66517448425293
46	1	她	8.375974655151367
46	2	拿	11.692319869995117
46	3	了	2.4550070762634277
46	4	一	1.7388054132461548
46	5	卷	15.15202808380127
46	6	今天	14.129476547241211
46	7	的	2.3464813232421875
46	8	饭	12.945093154907227
46	9	。	5.604440212249756
47	1	她	8.375974655151367
47	2	拿	11.692319869995117
47	3	了	2.4550070762634277
47	4	一	1.7388054132461548
47	5	卷	15.15202808380127
47	6	今天	14.129476547241211
47	7	的	2.3464813232421875
47	8	纸	12.868132591247559
47	9	。	8.940229415893555
48	1	她	8.375974655151367
48	2	拿	11.692319869995117
48	3	了	2.4550070762634277
48	4	一	1.7388054132461548
48	5	份	6.312049865722656
48	6	今天	12.117047309875488
48	7	的	1.6121357679367065
48	8	纸	14.906972885131836
48	9	。	9.575179100036621
49	1	学生	12.893098831176758
49	2	们	16.36983299255371
49	3	在	4.038539409637451
49	4	写	10.405735969543457
49	5	一	3.917905330657959
49	6	部	3.85608172416687
49	7	复杂	14.401100158691406
49	8	的	1.0726670026779175
49	9	戏剧	12.05655574798584
49	10	。	6.5781450271606445
50	1	学生	12.893098831176758
50	2	们	16.36983299255371
50	3	在	4.038539409637451
50	4	写	10.405735969543457
50	5	一	3.917905330657959
50	6	篇	3.8492727279663086
50	7	复杂	16.141149520874023
50	8	的	0.9189004302024841
50	9	戏剧	13.744311332702637
50	10	。	7.02573823928833
51	1	学生	12.893098831176758
51	2	们	16.36983299255371
51	3	在	4.038539409637451
51	4	写	10.405735969543457
51	5	一	3.917905330657959
51	6	篇	3.8492727279663086
51	7	复杂	16.141149520874023
51	8	的	0.9189004302024841
51	9	文章	2.2354719638824463
51	10	。	5.9180073738098145
52	1	学生	12.893098831176758
52	2	们	16.36983299255371
52	3	在	4.038539409637451
52	4	写	10.405735969543457
52	5	一	3.917905330657959
52	6	部	3.85608172416687
52	7	复杂	14.401100158691406
52	8	的	1.0726670026779175
52	9	文章	7.226669788360596
52	10	。	5.697522163391113
53	1	这	5.370099067687988
53	2	是	2.1984996795654297
53	3	一	3.2808070182800293
53	4	架	11.123111724853516
53	5	红色	14.298996925354004
53	6	的	2.913384437561035
53	7	火车	11.202078819274902
53	8	。	5.940688610076904
54	1	这	5.370099067687988
54	2	是	2.1984996795654297
54	3	一	3.2808070182800293
54	4	扇	17.411556243896484
54	5	红色	12.844193458557129
54	6	的	1.9885516166687012
54	7	火车	11.727724075317383
54	8	。	5.585637092590332
55	1	这	5.370099067687988
55	2	是	2.1984996795654297
55	3	一	3.2808070182800293
55	4	扇	17.411556243896484
55	5	红色	12.844193458557129
55	6	的	1.9885516166687012
55	7	窗户	11.451476097106934
55	8	。	5.694080352783203
56	1	这	5.370099067687988
56	2	是	2.1984996795654297
56	3	一	3.2808070182800293
56	4	架	11.123111724853516
56	5	红色	14.298996925354004
56	6	的	2.913384437561035
56	7	窗户	11.290253639221191
56	8	。	6.866714000701904
57	1	老师	13.23183822631836
57	2	在	3.985440492630005
57	3	责备	16.697128295898438
57	4	三	9.90521240234375
57	5	名	5.3082966804504395
57	6	淘气	17.37777328491211
57	7	的	0.6642501950263977
57	8	学生	6.272871971130371
57	9	。	8.681780815124512
58	1	老师	13.23183822631836
58	2	在	3.985440492630005
58	3	责备	16.697128295898438
58	4	三	9.90521240234375
58	5	只	7.991911888122559
58	6	淘气	18.61233139038086
58	7	的	0.8872811794281006
58	8	学生	8.057816505432129
58	9	。	8.120820045471191
59	1	老师	13.23183822631836
59	2	在	3.985440492630005
59	3	责备	16.697128295898438
59	4	三	9.90521240234375
59	5	只	7.991911888122559
59	6	淘气	18.61233139038086
59	7	的	0.8872811794281006
59	8	宠物	15.473108291625977
59	9	。	4.103011608123779
60	1	老师	13.23183822631836
60	2	在	3.985440492630005
60	3	责备	16.697128295898438
60	4	三	9.90521240234375
60	5	名	5.3082966804504395
60	6	淘气	17.37777328491211
60	7	的	0.6642501950263977
60	8	宠物	16.195438385009766
60	9	。	4.692652225494385
61	1	她	8.375974655151367
61	2	买	14.134442329406738
61	3	过	6.739109992980957
61	4	两	5.23233699798584
61	5	杯	10.37463092803955
61	6	热	14.063458442687988
61	7	的	2.9065346717834473
61	8	咖啡	12.19631290435791
61	9	。	3.655068874359131
62	1	她	8.375974655151367
62	2	买	14.134442329406738
62	3	过	6.739109992980957
62	4	两	5.23233699798584
62	5	个	2.158574104309082
62	6	热	15.21993350982666
62	7	的	2.4761037826538086
62	8	咖啡	12.591028213500977
62	9	。	3.444228172302246
63	1	她	8.375974655151367
63	2	买	14.134442329406738
63	3	过	6.739109992980957
63	4	两	5.23233699798584
63	5	个	2.158574104309082
63	6	热	15.21993350982666
63	7	的	2.4761037826538086
63	8	杯子	15.500691413879395
63	9	。	4.943995952606201
64	1	她	8.375974655151367
64	2	买	14.134442329406738
64	3	过	6.739109992980957
64	4	两	5.23233699798584
64	5	杯	10.37463092803955
64	6	热	14.063458442687988
64	7	的	2.9065346717834473
64	8	杯子	15.5120849609375
64	9	。	5.106357574462891
65	1	孩子	14.66657543182373
65	2	在	2.6375129222869873
65	3	卖	11.308852195739746
65	4	五	10.86050033569336
65	5	台	8.357400894165039
65	6	贵	14.110166549682617
65	7	的	4.536401748657227
65	8	桌子	14.033269882202148
65	9	。	8.059268951416016
66	1	孩子	14.66657543182373
66	2	在	2.6375129222869873
66	3	卖	11.308852195739746
66	4	五	10.86050033569336
66	5	块	8.348075866699219
66	6	贵	12.820338249206543
66	7	的	4.320480823516846
66	8	桌子	13.821148872375488
66	9	。	7.805034160614014
67	1	孩子	14.66657543182373
67	2	在	2.6375129222869873
67	3	卖	11.308852195739746
67	4	五	10.86050033569336
67	5	块	8.348075866699219
67	6	贵	12.820338249206543
67	7	的	4.320480823516846
67	8	蛋糕	13.018962860107422
67	9	。	7.1469550132751465
68	1	孩子	14.66657543182373
68	2	在	2.6375129222869873
68	3	卖	11.308852195739746
68	4	五	10.86050033569336
68	5	台	8.357400894165039
68	6	贵	14.110166549682617
68	7	的	4.536401748657227
68	8	蛋糕	12.747194290161133
68	9	。	7.351260185241699
69	1	妈妈	12.533506393432617
69	2	在	5.325717449188232
69	3	做	9.134553909301758
69	4	一	4.262784481048584
69	5	张	5.921583652496338
69	6	好看	14.092610359191895
69	7	的	0.36457470059394836
69	8	地图	13.977560997009277
69	9	。	6.615530490875244
70	1	妈妈	12.533506393432617
70	2	在	5.325717449188232
70	3	做	9.134553909301758
70	4	一	4.262784481048584
70	5	面	8.5917387008667
70	6	好看	15.658574104309082
70	7	的	1.157468557357788
70	8	地图	13.69922924041748
70	9	。	6.201200485229492
71	1	妈妈	12.533506393432617
71	2	在	5.325717449188232
71	3	做	9.134553909301758
71	4	一	4.262784481048584
71	5	面	8.5917387008667
71	6	好看	15.658574104309082
71	7	的	1.157468557357788
71	8	镜子	16.45760726928711
71	9	。	3.731978178024292
72	1	妈妈	12.533506393432617
72	2	在	5.325717449188232
72	3	做	9.134553909301758
72	4	一	4.262784481048584
72	5	张	5.921583652496338
72	6	好看	14.092610359191895
72	7	的	0.36457470059394836
72	8	镜子	16.324634552001953
72	9	。	4.263063907623291
73	1	爸爸	11.283309936523438
73	2	买	7.9982476234436035
73	3	了	1.2790838479995728
73	4	一	4.033754825592041
73	5	栋	7.262763500213623
73	6	很	10.968881607055664
73	7	大	3.2553482055664062
73	8	的	0.7218896150588989
73	9	房子	6.589033126831055
73	10	。	5.265803813934326
74	1	爸爸	11.283309936523438
74	2	买	7.9982476234436035
74	3	了	1.2790838479995728
74	4	一	4.033754825592041
74	5	条	6.162371635437012
74	6	很	9.832242965698242
74	7	大	3.2080724239349365
74	8	的	0.8998849391937256
74	9	房子	6.693448543548584
74	10	。	4.766433238983154
75	1	爸爸	11.283309936523438
75	2	买	7.9982476234436035
75	3	了	1.2790838479995728
75	4	一	4.033754825592041
75	5	条	6.162371635437012
75	6	很	9.832242965698242
75	7	大	3.2080724239349365
75	8	的	0.8998849391937256
75	9	沙发	15.908947944641113
75	10	。	3.838165044784546
76	1	爸爸	11.283309936523438
76	2	买	7.9982476234436035
76	3	了	1.2790838479995728
76	4	一	4.033754825592041
76	5	栋	7.262763500213623
76	6	很	10.968881607055664
76	7	大	3.2553482055664062
76	8	的	0.7218896150588989
76	9	沙发	16.092527389526367
76	10	。	4.564363956451416
77	1	我	5.452167987823486
77	2	想	4.013494968414307
77	3	种	15.369853973388672
77	4	一	8.399942398071289
77	5	朵	18.6713809967041
77	6	红色	16.02419662475586
77	7	的	0.957403838634491
77	8	玫瑰	16.733154296875
77	9	。	10.175141334533691
78	1	我	5.452167987823486
78	2	想	4.013494968414307
78	3	种	15.369853973388672
78	4	一	8.399942398071289
78	5	颗	11.628150939941406
78	6	红色	13.711974143981934
78	7	的	0.4266972839832306
78	8	玫瑰	16.214025497436523
78	9	。	10.199338912963867
79	1	我	5.452167987823486
79	2	想	4.013494968414307
79	3	种	15.369853973388672
79	4	一	8.399942398071289
79	5	颗	11.628150939941406
79	6	红色	13.711974143981934
79	7	的	0.4266972839832306
79	8	种子	12.636651992797852
79	9	。	7.881252288818359
80	1	我	5.452167987823486
80	2	想	4.013494968414307
80	3	种	15.369853973388672
80	4	一	8.399942398071289
80	5	朵	18.6713809967041
80	6	红色	16.02419662475586
80	7	的	0.957403838634491
80	8	种子	12.672796249389648
80	9	。	7.518662929534912
81	1	我	5.452167987823486
81	2	经常	9.698762893676758
81	3	去	7.486459732055664
81	4	一	5.410495758056641
81	5	家	6.121997356414795
81	6	有名	14.334505081176758
81	7	的	0.34380394220352173
81	8	医院	11.653718948364258
81	9	。	4.54973030090332
82	1	我	5.452167987823486
82	2	经常	9.698762893676758
82	3	去	7.486459732055664
82	4	一	5.410495758056641
82	5	座	8.517914772033691
82	6	有名	13.306785583496094
82	7	的	0.0444498173892498
82	8	医院	11.5189790725708
82	9	。	4.474792003631592
83	1	我	5.452167987823486
83	2	经常	9.698762893676758
83	3	去	7.486459732055664
83	4	一	5.410495758056641
83	5	座	8.517914772033691
83	6	有名	13.306785583496094
83	7	的	0.0444498173892498
83	8	城市	9.146705627441406
83	9	。	4.907909870147705
84	1	我	5.452167987823486
84	2	经常	9.698762893676758
84	3	去	7.486459732055664
84	4	一	5.410495758056641
84	5	家	6.121997356414795
84	6	有名	14.334505081176758
84	7	的	0.34380394220352173
84	8	城市	10.69472599029541
84	9	。	4.788014888763428
85	1	我	5.452167987823486
85	2	拜访	14.270448684692383
85	3	了	4.88808536529541
85	4	这	3.951969623565674
85	5	一	3.7460594177246094
85	6	所	9.32498550415039
85	7	重要	8.526774406433105
85	8	的	0.00861070491373539
85	9	美丽	15.558302879333496
85	10	的	4.333008766174316
85	11	高中	14.422776222229004
85	12	。	7.319604873657227
86	1	我	5.452167987823486
86	2	拜访	14.270448684692383
86	3	了	4.88808536529541
86	4	这	3.951969623565674
86	5	一	3.7460594177246094
86	6	位	5.26969575881958
86	7	重要	9.429295539855957
86	8	的	0.9755614399909973
86	9	美丽	14.744708061218262
86	10	的	5.371615409851074
86	11	高中	14.548831939697266
86	12	。	7.371370792388916
87	1	我	5.452167987823486
87	2	拜访	14.270448684692383
87	3	了	4.88808536529541
87	4	这	3.951969623565674
87	5	一	3.7460594177246094
87	6	位	5.26969575881958
87	7	重要	9.429295539855957
87	8	的	0.9755614399909973
87	9	美丽	14.744708061218262
87	10	的	5.371615409851074
87	11	老师	12.874510765075684
87	12	。	3.9386467933654785
88	1	我	5.452167987823486
88	2	拜访	14.270448684692383
88	3	了	4.88808536529541
88	4	这	3.951969623565674
88	5	一	3.7460594177246094
88	6	所	9.32498550415039
88	7	重要	8.526774406433105
88	8	的	0.00861070491373539
88	9	美丽	15.558302879333496
88	10	的	4.333008766174316
88	11	老师	13.4542875289917
88	12	。	3.464812755584717
89	1	他	5.726855754852295
89	2	在	4.746715068817139
89	3	读	12.237470626831055
89	4	一	3.9679276943206787
89	5	条	7.41169548034668
89	6	很	8.608238220214844
89	7	长	5.561765193939209
89	8	的	0.521596372127533
89	9	评论	9.988692283630371
89	10	。	4.524526596069336
90	1	他	5.726855754852295
90	2	在	4.746715068817139
90	3	读	12.237470626831055
90	4	一	3.9679276943206787
90	5	首	10.993597030639648
90	6	很	14.624549865722656
90	7	长	5.33548641204834
90	8	的	0.6477853655815125
90	9	评论	9.276503562927246
90	10	。	4.193719863891602
91	1	他	5.726855754852295
91	2	在	4.746715068817139
91	3	读	12.237470626831055
91	4	一	3.9679276943206787
91	5	首	10.993597030639648
91	6	很	14.624549865722656
91	7	长	5.33548641204834
91	8	的	0.6477853655815125
91	9	诗歌	17.119754791259766
91	10	。	3.0530858039855957
92	1	他	5.726855754852295
92	2	在	4.746715068817139
92	3	读	12.237470626831055
92	4	一	3.9679276943206787
92	5	条	7.41169548034668
92	6	很	8.608238220214844
92	7	长	5.561765193939209
92	8	的	0.521596372127533
92	9	诗歌	17.19169044494629
92	10	。	3.275625467300415
93	1	她	8.375974655151367
93	2	从来	11.204693794250488
93	3	没	6.0416154861450195
93	4	见	9.130682945251465
93	5	过	0.2866723835468292
93	6	一	4.093231201171875
93	7	头	8.639634132385254
93	8	黄色	17.417919158935547
93	9	的	1.997285008430481
93	10	老虎	17.109285354614258
93	11	。	3.7158589363098145
94	1	她	8.375974655151367
94	2	从来	11.204693794250488
94	3	没	6.0416154861450195
94	4	见	9.130682945251465
94	5	过	0.2866723835468292
94	6	一	4.093231201171875
94	7	双	12.007367134094238
94	8	黄色	15.847989082336426
94	9	的	2.3594412803649902
94	10	老虎	17.14769172668457
94	11	。	4.3121657371521
95	1	她	8.375974655151367
95	2	从来	11.204693794250488
95	3	没	6.0416154861450195
95	4	见	9.130682945251465
95	5	过	0.2866723835468292
95	6	一	4.093231201171875
95	7	双	12.007367134094238
95	8	黄色	15.847989082336426
95	9	的	2.3594412803649902
95	10	眼睛	9.657648086547852
95	11	。	2.995745897293091
96	1	她	8.375974655151367
96	2	从来	11.204693794250488
96	3	没	6.0416154861450195
96	4	见	9.130682945251465
96	5	过	0.2866723835468292
96	6	一	4.093231201171875
96	7	头	8.639634132385254
96	8	黄色	17.417919158935547
96	9	的	1.997285008430481
96	10	眼睛	9.874004364013672
96	11	。	2.5825998783111572
97	1	我	5.452167987823486
97	2	还	7.384297847747803
97	3	没有	4.378834247589111
97	4	检查	12.361721992492676
97	5	一	5.7071614265441895
97	6	份	5.238455772399902
97	7	很	9.87604808807373
97	8	难	5.379647731781006
97	9	的	4.400831699371338
97	10	作业	14.197327613830566
97	11	。	1.810070276260376
98	1	我	5.452167987823486
98	2	还	7.384297847747803
98	3	没有	4.378834247589111
98	4	检查	12.361721992492676
98	5	一	5.7071614265441895
98	6	行	11.670659065246582
98	7	很	9.63548469543457
98	8	难	5.585400581359863
98	9	的	4.796323299407959
98	10	作业	14.349105834960938
98	11	。	1.0688360929489136
99	1	我	5.452167987823486
99	2	还	7.384297847747803
99	3	没有	4.378834247589111
99	4	检查	12.361721992492676
99	5	一	5.7071614265441895
99	6	行	11.670659065246582
99	7	很	9.63548469543457
99	8	难	5.585400581359863
99	9	的	4.796323299407959
99	10	公式	15.540034294128418
99	11	。	1.2590985298156738
100	1	我	5.452167987823486
100	2	还	7.384297847747803
100	3	没有	4.378834247589111
100	4	检查	12.361721992492676
100	5	一	5.7071614265441895
100	6	份	5.238455772399902
100	7	很	9.87604808807373
100	8	难	5.379647731781006
100	9	的	4.400831699371338
100	10	公式	15.009642601013184
100	11	。	1.8696873188018799
101	1	孩子	14.66657543182373
101	2	听到	11.481125831604004
101	3	了	2.3712472915649414
101	4	一	6.826855182647705
101	5	首	11.853330612182617
101	6	熟悉	15.703116416931152
101	7	的	2.550220251083374
101	8	歌曲	11.932694435119629
101	9	。	5.224583148956299
102	1	孩子	14.66657543182373
102	2	听到	11.481125831604004
102	3	了	2.3712472915649414
102	4	一	6.826855182647705
102	5	张	5.77311897277832
102	6	熟悉	13.10290241241455
102	7	的	2.225485324859619
102	8	歌曲	11.714869499206543
102	9	。	6.037600994110107
103	1	孩子	14.66657543182373
103	2	听到	11.481125831604004
103	3	了	2.3712472915649414
103	4	一	6.826855182647705
103	5	张	5.77311897277832
103	6	熟悉	13.10290241241455
103	7	的	2.225485324859619
103	8	专辑	11.70334529876709
103	9	。	6.818575382232666
104	1	孩子	14.66657543182373
104	2	听到	11.481125831604004
104	3	了	2.3712472915649414
104	4	一	6.826855182647705
104	5	首	11.853330612182617
104	6	熟悉	15.703116416931152
104	7	的	2.550220251083374
104	8	专辑	12.1401948928833
104	9	。	6.452069282531738
105	1	护士	17.79519271850586
105	2	做	12.846774101257324
105	3	了	2.2112860679626465
105	4	一	2.3210105895996094
105	5	次	7.6367506980896
105	6	必需	18.845582962036133
105	7	的	0.9911764860153198
105	8	检查	12.564016342163086
105	9	。	4.143293380737305
106	1	护士	17.79519271850586
106	2	做	12.846774101257324
106	3	了	2.2112860679626465
106	4	一	2.3210105895996094
106	5	篇	5.182769775390625
106	6	必需	19.2911376953125
106	7	的	0.7153600454330444
106	8	检查	13.525063514709473
106	9	。	4.749675273895264
107	1	护士	17.79519271850586
107	2	做	12.846774101257324
107	3	了	2.2112860679626465
107	4	一	2.3210105895996094
107	5	篇	5.182769775390625
107	6	必需	19.2911376953125
107	7	的	0.7153600454330444
107	8	报告	9.157743453979492
107	9	。	4.010479927062988
108	1	护士	17.79519271850586
108	2	做	12.846774101257324
108	3	了	2.2112860679626465
108	4	一	2.3210105895996094
108	5	次	7.6367506980896
108	6	必需	18.845582962036133
108	7	的	0.9911764860153198
108	8	报告	10.558690071105957
108	9	。	4.107145309448242
109	1	这里	9.823874473571777
109	2	是	1.1308013200759888
109	3	两	8.029142379760742
109	4	台	9.443316459655762
109	5	最新	12.33351993560791
109	6	的	1.487264633178711
109	7	电视	11.621274948120117
109	8	。	6.7778754234313965
110	1	这里	9.823874473571777
110	2	是	1.1308013200759888
110	3	两	8.029142379760742
110	4	份	9.192306518554688
110	5	最新	9.199707984924316
110	6	的	2.1529839038848877
110	7	电视	11.804469108581543
110	8	。	7.591111183166504
111	1	这里	9.823874473571777
111	2	是	1.1308013200759888
111	3	两	8.029142379760742
111	4	份	9.192306518554688
111	5	最新	9.199707984924316
111	6	的	2.1529839038848877
111	7	订单	15.108355522155762
111	8	。	3.1704540252685547
112	1	这里	9.823874473571777
112	2	是	1.1308013200759888
112	3	两	8.029142379760742
112	4	台	9.443316459655762
112	5	最新	12.33351993560791
112	6	的	1.487264633178711
112	7	订单	14.478775024414062
112	8	。	2.5411877632141113
113	1	他	5.726855754852295
113	2	很	7.842432975769043
113	3	欣赏	11.688210487365723
113	4	一	5.150653839111328
113	5	处	8.746874809265137
113	6	环保	15.9594144821167
113	7	的	2.0777573585510254
113	8	景点	11.808354377746582
113	9	。	3.154524326324463
114	1	他	5.726855754852295
114	2	很	7.842432975769043
114	3	欣赏	11.688210487365723
114	4	一	5.150653839111328
114	5	位	3.8371849060058594
114	6	环保	15.806102752685547
114	7	的	2.038248300552368
114	8	景点	12.29718017578125
114	9	。	3.5147550106048584
115	1	他	5.726855754852295
115	2	很	7.842432975769043
115	3	欣赏	11.688210487365723
115	4	一	5.150653839111328
115	5	位	3.8371849060058594
115	6	环保	15.806102752685547
115	7	的	2.038248300552368
115	8	领导	10.960301399230957
115	9	。	5.07452392578125
116	1	他	5.726855754852295
116	2	很	7.842432975769043
116	3	欣赏	11.688210487365723
116	4	一	5.150653839111328
116	5	处	8.746874809265137
116	6	环保	15.9594144821167
116	7	的	2.0777573585510254
116	8	领导	12.244867324829102
116	9	。	4.615406036376953
117	1	那里	13.168111801147461
117	2	有	3.434528350830078
117	3	一	1.2080252170562744
117	4	支	7.124909400939941
117	5	海上	14.6699800491333
117	6	的	4.8183722496032715
117	7	舰队	14.46374797821045
117	8	。	8.075459480285645
118	1	那里	13.168111801147461
118	2	有	3.434528350830078
118	3	一	1.2080252170562744
118	4	艘	8.229514122009277
118	5	海上	13.664556503295898
118	6	的	5.7803730964660645
118	7	舰队	13.971728324890137
118	8	。	7.728495121002197
119	1	那里	13.168111801147461
119	2	有	3.434528350830078
119	3	一	1.2080252170562744
119	4	艘	8.229514122009277
119	5	海上	13.664556503295898
119	6	的	5.7803730964660645
119	7	渔船	10.806281089782715
119	8	。	11.765800476074219
120	1	那里	13.168111801147461
120	2	有	3.434528350830078
120	3	一	1.2080252170562744
120	4	支	7.124909400939941
120	5	海上	14.6699800491333
120	6	的	4.8183722496032715
120	7	渔船	11.446427345275879
120	8	。	10.945161819458008
