sentence_id	token_id	token	surprisal
1	1	我	5.452167987823486
1	2	很	6.325794219970703
1	3	喜欢	5.14235258102417
1	4	一	4.66038179397583
1	5	位	4.519150257110596
1	6	明星	12.355825424194336
1	7	。	5.22409725189209
2	1	我	5.452167987823486
2	2	很	6.325794219970703
2	3	喜欢	5.14235258102417
2	4	一	4.66038179397583
2	5	首	12.40388011932373
2	6	明星	16.72381591796875
2	7	。	4.098216533660889
3	1	我	5.452167987823486
3	2	很	6.325794219970703
3	3	喜欢	5.14235258102417
3	4	一	4.66038179397583
3	5	首	12.40388011932373
3	6	歌曲	15.633342742919922
3	7	。	4.847384452819824
4	1	我	5.452167987823486
4	2	很	6.325794219970703
4	3	喜欢	5.14235258102417
4	4	一	4.66038179397583
4	5	位	4.519150257110596
4	6	歌曲	16.4180908203125
4	7	。	6.3842010498046875
5	1	她	8.375974655151367
5	2	开车	14.4522123336792
5	3	去	8.133177757263184
5	4	了	3.1039721965789795
5	5	一	3.7563376426696777
5	6	家	5.532634735107422
5	7	店	9.288802146911621
5	8	。	4.8743062019348145
6	1	她	8.375974655151367
6	2	开车	14.4522123336792
6	3	去	8.133177757263184
6	4	了	3.1039721965789795
6	5	一	3.7563376426696777
6	6	座	6.902921199798584
6	7	店	10.492262840270996
6	8	。	3.844254493713379
7	1	她	8.375974655151367
7	2	开车	14.4522123336792
7	3	去	8.133177757263184
7	4	了	3.1039721965789795
7	5	一	3.7563376426696777
7	6	座	6.902921199798584
7	7	山	11.124856948852539
7	8	。	5.9382100105285645
8	1	她	8.375974655151367
8	2	开车	14.4522123336792
8	3	去	8.133177757263184
8	4	了	3.1039721965789795
8	5	一	3.7563376426696777
8	6	家	5.532634735107422
8	7	山	13.480694770812988
8	8	。	5.486708164215088
9	1	他	5.726855754852295
9	2	有	9.4231595993042
9	3	一	2.0665266513824463
9	4	双	13.179593086242676
9	5	手套	16.38060760498047
9	6	。	7.618307113647461
10	1	他	5.726855754852295
10	2	有	9.4231595993042
10	3	一	2.0665266513824463
10	4	枚	10.250731468200684
10	5	手套	16.495450973510742
10	6	。	7.0147271156311035
11	1	他	5.726855754852295
11	2	有	9.4231595993042
11	3	一	2.0665266513824463
11	4	枚	10.250731468200684
11	5	纽扣	16.413381576538086
11	6	。	8.283763885498047
12	1	他	5.726855754852295
12	2	有	9.4231595993042
12	3	一	2.0665266513824463
12	4	双	13.179593086242676
12	5	纽扣	16.55826759338379
12	6	。	9.165413856506348
13	1	店长	19.747804641723633
13	2	拿	11.934521675109863
13	3	着	0.7982187867164612
13	4	一	5.554663181304932
13	5	只	8.184873580932617
13	6	兔子	16.933639526367188
13	7	。	12.548600196838379
14	1	店长	19.747804641723633
14	2	拿	11.934521675109863
14	3	着	0.7982187867164612
14	4	一	5.554663181304932
14	5	根	7.956573486328125
14	6	兔子	16.35061264038086
14	7	。	10.539857864379883
15	1	店长	19.747804641723633
15	2	拿	11.934521675109863
15	3	着	0.7982187867164612
15	4	一	5.554663181304932
15	5	根	7.956573486328125
15	6	萝卜	16.5221004486084
15	7	。	7.848067760467529
16	1	店长	19.747804641723633
16	2	拿	11.934521675109863
16	3	着	0.7982187867164612
16	4	一	5.554663181304932
16	5	只	8.184873580932617
16	6	萝卜	18.233386993408203
16	7	。	9.993599891662598
17	1	他	5.726855754852295
17	2	认识	11.940350532531738
17	3	了	6.432525157928467
17	4	一	4.835940837860107
17	5	名	5.766757488250732
17	6	男孩	12.05728816986084
17	7	。	5.4614176750183105
18	1	他	5.726855754852295
18	2	认识	11.940350532531738
18	3	了	6.432525157928467
18	4	一	4.835940837860107
18	5	本	6.445525646209717
18	6	男孩	15.507905006408691
18	7	。	5.642164707183838
19	1	他	5.726855754852295
19	2	认识	11.940350532531738
19	3	了	6.432525157928467
19	4	一	4.835940837860107
19	5	本	6.445525646209717
19	6	小说	12.162886619567871
19	7	。	5.490767002105713
20	1	他	5.726855754852295
20	2	认识	11.940350532531738
20	3	了	6.432525157928467
20	4	一	4.835940837860107
20	5	名	5.766757488250732
20	6	小说	12.420554161071777
20	7	。	5.871821880340576
21	1	男人	17.067047119140625
21	2	在	4.334021091461182
21	3	扫描	17.6452579498291
21	4	一	4.597726345062256
21	5	篇	8.111886024475098
21	6	文章	1.8217740058898926
21	7	。	9.235405921936035
22	1	男人	17.067047119140625
22	2	在	4.334021091461182
22	3	扫描	17.6452579498291
22	4	一	4.597726345062256
22	5	张	7.2077317237854
22	6	文章	13.257061004638672
22	7	。	8.684076309204102
23	1	男人	17.067047119140625
23	2	在	4.334021091461182
23	3	扫描	17.6452579498291
23	4	一	4.597726345062256
23	5	张	7.2077317237854
23	6	图片	12.131020545959473
23	7	。	10.202826499938965
24	1	男人	17.067047119140625
24	2	在	4.334021091461182
24	3	扫描	17.6452579498291
24	4	一	4.597726345062256
24	5	篇	8.111886024475098
24	6	图片	12.375102043151855
24	7	。	9.822001457214355
25	1	演员	15.806883811950684
25	2	在	4.729403972625732
25	3	看	12.198137283325195
25	4	一	3.425243616104126
25	5	张	6.048300266265869
25	6	照片	10.987566947937012
25	7	。	8.651548385620117
26	1	演员	15.806883811950684
26	2	在	4.729403972625732
26	3	看	12.198137283325195
26	4	一	3.425243616104126
26	5	位	4.898995399475098
26	6	照片	11.837301254272461
26	7	。	8.137308120727539
27	1	演员	15.806883811950684
27	2	在	4.729403972625732
27	3	看	12.198137283325195
27	4	一	3.425243616104126
27	5	位	4.898995399475098
27	6	老师	6.919638633728027
27	7	。	9.849153518676758
28	1	演员	15.806883811950684
28	2	在	4.729403972625732
28	3	看	12.198137283325195
28	4	一	3.425243616104126
28	5	张	6.048300266265869
28	6	老师	6.614328861236572
28	7	。	9.495014190673828
29	1	他	5.726855754852295
29	2	在	4.746715068817139
29	3	修理	14.811756134033203
29	4	一	7.573158264160156
29	5	辆	6.506272315979004
29	6	汽车	7.360788345336914
29	7	。	8.408308982849121
30	1	他	5.726855754852295
30	2	在	4.746715068817139
30	3	修理	14.811756134033203
30	4	一	7.573158264160156
30	5	套	6.888967037200928
30	6	汽车	9.13838005065918
30	7	。	7.6626715660095215
31	1	他	5.726855754852295
31	2	在	4.746715068817139
31	3	修理	14.811756134033203
31	4	一	7.573158264160156
31	5	套	6.888967037200928
31	6	系统	10.27953815460205
31	7	。	6.974947452545166
32	1	他	5.726855754852295
32	2	在	4.746715068817139
32	3	修理	14.811756134033203
32	4	一	7.573158264160156
32	5	辆	6.506272315979004
32	6	系统	12.08801555633545
32	7	。	8.48884105682373
33	1	学生	12.893098831176758
33	2	们	16.36983299255371
33	3	在	4.038539409637451
33	4	写	10.405735969543457
33	5	一	3.917905330657959
33	6	部	3.85608172416687
33	7	电影	4.999063014984131
33	8	。	6.504549026489258
34	1	学生	12.893098831176758
34	2	们	16.36983299255371
34	3	在	4.038539409637451
34	4	写	10.405735969543457
34	5	一	3.917905330657959
34	6	首	9.435198783874512
34	7	电影	13.238006591796875
34	8	。	6.314466953277588
35	1	学生	12.893098831176758
35	2	们	16.36983299255371
35	3	在	4.038539409637451
35	4	写	10.405735969543457
35	5	一	3.917905330657959
35	6	首	9.435198783874512
35	7	歌曲	13.542264938354492
35	8	。	6.671839714050293
36	1	学生	12.893098831176758
36	2	们	16.36983299255371
36	3	在	4.038539409637451
36	4	写	10.405735969543457
36	5	一	3.917905330657959
36	6	部	3.85608172416687
36	7	歌曲	12.756489753723145
36	8	。	7.727459907531738
37	1	我们	6.797189235687256
37	2	在	5.135374546051025
37	3	看	8.094159126281738
37	4	一	3.163027763366699
37	5	场	4.628207206726074
37	6	表演	11.593782424926758
37	7	。	6.281261920928955
38	1	我们	6.797189235687256
38	2	在	5.135374546051025
38	3	看	8.094159126281738
38	4	一	3.163027763366699
38	5	块	8.72535514831543
38	6	表演	12.082124710083008
38	7	。	4.8314127922058105
39	1	我们	6.797189235687256
39	2	在	5.135374546051025
39	3	看	8.094159126281738
39	4	一	3.163027763366699
39	5	块	8.72535514831543
39	6	地面	14.11070728302002
39	7	。	8.746005058288574
40	1	我们	6.797189235687256
40	2	在	5.135374546051025
40	3	看	8.094159126281738
40	4	一	3.163027763366699
40	5	场	4.628207206726074
40	6	地面	11.811650276184082
40	7	。	9.583327293395996
41	1	他	5.726855754852295
41	2	最	10.34171199798584
41	3	喜欢	6.3916730880737305
41	4	一	5.024843692779541
41	5	道	9.760882377624512
41	6	菜	12.26435375213623
41	7	。	3.1116607189178467
42	1	他	5.726855754852295
42	2	最	10.34171199798584
42	3	喜欢	6.3916730880737305
42	4	一	5.024843692779541
42	5	瓶	11.255319595336914
42	6	菜	11.34244441986084
42	7	。	4.126922607421875
43	1	他	5.726855754852295
43	2	最	10.34171199798584
43	3	喜欢	6.3916730880737305
43	4	一	5.024843692779541
43	5	瓶	11.255319595336914
43	6	油	12.482563018798828
43	7	。	6.9633049964904785
44	1	他	5.726855754852295
44	2	最	10.34171199798584
44	3	喜欢	6.3916730880737305
44	4	一	5.024843692779541
44	5	道	9.760882377624512
44	6	油	15.050936698913574
44	7	。	6.667549133300781
45	1	她	8.375974655151367
45	2	拿	11.692319869995117
45	3	了	2.4550070762634277
45	4	一	1.7388054132461548
45	5	份	6.312049865722656
45	6	饭	13.645532608032227
45	7	。	5.534552097320557
46	1	她	8.375974655151367
46	2	拿	11.692319869995117
46	3	了	2.4550070762634277
46	4	一	1.7388054132461548
46	5	卷	15.15202808380127
46	6	饭	12.832600593566895
46	7	。	5.338441371917725
47	1	她	8.375974655151367
47	2	拿	11.692319869995117
47	3	了	2.4550070762634277
47	4	一	1.7388054132461548
47	5	卷	15.15202808380127
47	6	纸	13.506901741027832
47	7	。	7.586472511291504
48	1	她	8.375974655151367
48	2	拿	11.692319869995117
48	3	了	2.4550070762634277
48	4	一	1.7388054132461548
48	5	份	6.312049865722656
48	6	纸	15.444562911987305
48	7	。	7.9759202003479
49	1	学生	12.893098831176758
49	2	们	16.36983299255371
49	3	在	4.038539409637451
49	4	写	10.405735969543457
49	5	一	3.917905330657959
49	6	部	3.85608172416687
49	7	戏剧	12.444799423217773
49	8	。	6.661075115203857
50	1	学生	12.893098831176758
50	2	们	16.36983299255371
50	3	在	4.038539409637451
50	4	写	10.405735969543457
50	5	一	3.917905330657959
50	6	篇	3.8492727279663086
50	7	戏剧	15.45124340057373
50	8	。	6.758627891540527
51	1	学生	12.893098831176758
51	2	们	16.36983299255371
51	3	在	4.038539409637451
51	4	写	10.405735969543457
51	5	一	3.917905330657959
51	6	篇	3.8492727279663086
51	7	文章	0.8590950965881348
51	8	。	5.123465538024902
52	1	学生	12.893098831176758
52	2	们	16.36983299255371
52	3	在	4.038539409637451
52	4	写	10.405735969543457
52	5	一	3.917905330657959
52	6	部	3.85608172416687
52	7	文章	5.858850479125977
52	8	。	5.898808002471924
53	1	这	5.370099067687988
53	2	是	2.1984996795654297
53	3	一	3.2808070182800293
53	4	辆	8.963398933410645
53	5	火车	10.776667594909668
53	6	。	6.451338768005371
54	1	这	5.370099067687988
54	2	是	2.1984996795654297
54	3	一	3.2808070182800293
54	4	扇	17.411556243896484
54	5	火车	12.241653442382812
54	6	。	7.217114448547363
55	1	这	5.370099067687988
55	2	是	2.1984996795654297
55	3	一	3.2808070182800293
55	4	扇	17.411556243896484
55	5	窗户	12.193449974060059
55	6	。	6.476501941680908
56	1	这	5.370099067687988
56	2	是	2.1984996795654297
56	3	一	3.2808070182800293
56	4	辆	8.963398933410645
56	5	窗户	11.480911254882812
56	6	。	6.436238765716553
57	1	老师	13.23183822631836
57	2	在	3.985440492630005
57	3	责备	16.697128295898438
57	4	三	9.90521240234375
57	5	名	5.3082966804504395
57	6	学生	3.440617561340332
57	7	。	8.375139236450195
58	1	老师	13.23183822631836
58	2	在	3.985440492630005
58	3	责备	16.697128295898438
58	4	三	9.90521240234375
58	5	只	7.991911888122559
58	6	学生	14.511446952819824
58	7	。	7.829779148101807
59	1	老师	13.23183822631836
59	2	在	3.985440492630005
59	3	责备	16.697128295898438
59	4	三	9.90521240234375
59	5	只	7.991911888122559
59	6	宠物	17.584487915039062
59	7	。	6.095329284667969
60	1	老师	13.23183822631836
60	2	在	3.985440492630005
60	3	责备	16.697128295898438
60	4	三	9.90521240234375
60	5	名	5.3082966804504395
60	6	宠物	17.315296173095703
60	7	。	6.598237991333008
61	1	她	8.375974655151367
61	2	买	14.134442329406738
61	3	过	6.739109992980957
61	4	两	5.23233699798584
61	5	杯	10.37463092803955
61	6	咖啡	11.142234802246094
61	7	。	5.577633380889893
62	1	她	8.375974655151367
62	2	买	14.134442329406738
62	3	过	6.739109992980957
62	4	两	5.23233699798584
62	5	个	2.158574104309082
62	6	咖啡	13.562134742736816
62	7	。	5.176810264587402
63	1	她	8.375974655151367
63	2	买	14.134442329406738
63	3	过	6.739109992980957
63	4	两	5.23233699798584
63	5	个	2.158574104309082
63	6	杯子	16.53546905517578
63	7	。	7.9300537109375
64	1	她	8.375974655151367
64	2	买	14.134442329406738
64	3	过	6.739109992980957
64	4	两	5.23233699798584
64	5	杯	10.37463092803955
64	6	杯子	15.759857177734375
64	7	。	7.696976184844971
65	1	孩子	14.66657543182373
65	2	在	2.6375129222869873
65	3	卖	11.308852195739746
65	4	五	10.86050033569336
65	5	台	8.357400894165039
65	6	桌子	15.99799919128418
65	7	。	9.408038139343262
66	1	孩子	14.66657543182373
66	2	在	2.6375129222869873
66	3	卖	11.308852195739746
66	4	五	10.86050033569336
66	5	块	8.348075866699219
66	6	桌子	13.930118560791016
66	7	。	8.817181587219238
67	1	孩子	14.66657543182373
67	2	在	2.6375129222869873
67	3	卖	11.308852195739746
67	4	五	10.86050033569336
67	5	块	8.348075866699219
67	6	蛋糕	13.689833641052246
67	7	。	8.032781600952148
68	1	孩子	14.66657543182373
68	2	在	2.6375129222869873
68	3	卖	11.308852195739746
68	4	五	10.86050033569336
68	5	台	8.357400894165039
68	6	蛋糕	15.418487548828125
68	7	。	8.252095222473145
69	1	妈妈	12.533506393432617
69	2	在	5.325717449188232
69	3	做	9.134553909301758
69	4	一	4.262784481048584
69	5	张	5.921583652496338
69	6	地图	13.615510940551758
69	7	。	7.947502613067627
70	1	妈妈	12.533506393432617
70	2	在	5.325717449188232
70	3	做	9.134553909301758
70	4	一	4.262784481048584
70	5	面	8.5917387008667
70	6	地图	14.569952011108398
70	7	。	8.059728622436523
71	1	妈妈	12.533506393432617
71	2	在	5.325717449188232
71	3	做	9.134553909301758
71	4	一	4.262784481048584
71	5	面	8.5917387008667
71	6	镜子	16.029918670654297
71	7	。	4.349371910095215
72	1	妈妈	12.533506393432617
72	2	在	5.325717449188232
72	3	做	9.134553909301758
72	4	一	4.262784481048584
72	5	张	5.921583652496338
72	6	镜子	14.70634651184082
72	7	。	4.953920841217041
73	1	爸爸	11.283309936523438
73	2	买	7.9982476234436035
73	3	了	1.2790838479995728
73	4	一	4.033754825592041
73	5	栋	7.262763500213623
73	6	房子	8.580343246459961
73	7	。	6.596242904663086
74	1	爸爸	11.283309936523438
74	2	买	7.9982476234436035
74	3	了	1.2790838479995728
74	4	一	4.033754825592041
74	5	条	6.162371635437012
74	6	房子	8.009783744812012
74	7	。	5.9288740158081055
75	1	爸爸	11.283309936523438
75	2	买	7.9982476234436035
75	3	了	1.2790838479995728
75	4	一	4.033754825592041
75	5	条	6.162371635437012
75	6	香烟	13.900735855102539
75	7	。	6.01138162612915
76	1	爸爸	11.283309936523438
76	2	买	7.9982476234436035
76	3	了	1.2790838479995728
76	4	一	4.033754825592041
76	5	栋	7.262763500213623
76	6	香烟	12.960251808166504
76	7	。	6.801443099975586
77	1	我	5.452167987823486
77	2	想	4.013494968414307
77	3	采	18.0534610748291
77	4	一	3.655287265777588
77	5	朵	15.48782730102539
77	6	鲜花	13.090723037719727
77	7	。	9.178443908691406
78	1	我	5.452167987823486
78	2	想	4.013494968414307
78	3	采	18.0534610748291
78	4	一	3.655287265777588
78	5	颗	8.395459175109863
78	6	鲜花	15.426356315612793
78	7	。	6.779439926147461
79	1	我	5.452167987823486
79	2	想	4.013494968414307
79	3	采	18.0534610748291
79	4	一	3.655287265777588
79	5	颗	8.395459175109863
79	6	苹果	14.880409240722656
79	7	。	6.760739803314209
80	1	我	5.452167987823486
80	2	想	4.013494968414307
80	3	采	18.0534610748291
80	4	一	3.655287265777588
80	5	朵	15.48782730102539
80	6	苹果	14.884795188903809
80	7	。	7.292885780334473
81	1	我	5.452167987823486
81	2	经常	9.698762893676758
81	3	去	7.486459732055664
81	4	一	5.410495758056641
81	5	家	6.121997356414795
81	6	医院	9.833459854125977
81	7	。	4.596621513366699
82	1	我	5.452167987823486
82	2	经常	9.698762893676758
82	3	去	7.486459732055664
82	4	一	5.410495758056641
82	5	座	8.517914772033691
82	6	医院	10.356435775756836
82	7	。	4.113128662109375
83	1	我	5.452167987823486
83	2	经常	9.698762893676758
83	3	去	7.486459732055664
83	4	一	5.410495758056641
83	5	座	8.517914772033691
83	6	城市	6.975561141967773
83	7	。	4.4151129722595215
84	1	我	5.452167987823486
84	2	经常	9.698762893676758
84	3	去	7.486459732055664
84	4	一	5.410495758056641
84	5	家	6.121997356414795
84	6	城市	10.411946296691895
84	7	。	4.789718151092529
85	1	我	5.452167987823486
85	2	拜访	14.270448684692383
85	3	了	4.88808536529541
85	4	这	3.951969623565674
85	5	一	3.7460594177246094
85	6	所	9.32498550415039
85	7	高中	13.795352935791016
85	8	。	11.831212043762207
86	1	我	5.452167987823486
86	2	拜访	14.270448684692383
86	3	了	4.88808536529541
86	4	这	3.951969623565674
86	5	一	3.7460594177246094
86	6	位	5.26969575881958
86	7	高中	14.024898529052734
86	8	。	10.519327163696289
87	1	我	5.452167987823486
87	2	拜访	14.270448684692383
87	3	了	4.88808536529541
87	4	这	3.951969623565674
87	5	一	3.7460594177246094
87	6	位	5.26969575881958
87	7	老师	10.58545207977295
87	8	。	6.422451019287109
88	1	我	5.452167987823486
88	2	拜访	14.270448684692383
88	3	了	4.88808536529541
88	4	这	3.951969623565674
88	5	一	3.7460594177246094
88	6	所	9.32498550415039
88	7	老师	14.133400917053223
88	8	。	6.642744541168213
89	1	他	5.726855754852295
89	2	在	4.746715068817139
89	3	读	12.237470626831055
89	4	一	3.9679276943206787
89	5	条	7.41169548034668
89	6	评论	10.061601638793945
89	7	。	6.116652488708496
90	1	他	5.726855754852295
90	2	在	4.746715068817139
90	3	读	12.237470626831055
90	4	一	3.9679276943206787
90	5	首	10.993597030639648
90	6	评论	13.763381958007812
90	7	。	5.969662189483643
91	1	他	5.726855754852295
91	2	在	4.746715068817139
91	3	读	12.237470626831055
91	4	一	3.9679276943206787
91	5	首	10.993597030639648
91	6	歌曲	15.40198040008545
91	7	。	10.145684242248535
92	1	他	5.726855754852295
92	2	在	4.746715068817139
92	3	读	12.237470626831055
92	4	一	3.9679276943206787
92	5	条	7.41169548034668
92	6	歌曲	13.331069946289062
92	7	。	10.951321601867676
93	1	她	8.375974655151367
93	2	从来	11.204693794250488
93	3	没	6.0416154861450195
93	4	见	9.130682945251465
93	5	过	0.2866723835468292
93	6	一	4.093231201171875
93	7	头	8.639634132385254
93	8	大象	14.201691627502441
93	9	。	4.354526519775391
94	1	她	8.375974655151367
94	2	从来	11.204693794250488
94	3	没	6.0416154861450195
94	4	见	9.130682945251465
94	5	过	0.2866723835468292
94	6	一	4.093231201171875
94	7	双	12.007367134094238
94	8	大象	14.825878143310547
94	9	。	4.693221092224121
95	1	她	8.375974655151367
95	2	从来	11.204693794250488
95	3	没	6.0416154861450195
95	4	见	9.130682945251465
95	5	过	0.2866723835468292
95	6	一	4.093231201171875
95	7	双	12.007367134094238
95	8	眼睛	10.768278121948242
95	9	。	4.517057418823242
96	1	她	8.375974655151367
96	2	从来	11.204693794250488
96	3	没	6.0416154861450195
96	4	见	9.130682945251465
96	5	过	0.2866723835468292
96	6	一	4.093231201171875
96	7	头	8.639634132385254
96	8	眼睛	11.744482040405273
96	9	。	4.237182140350342
97	1	我	5.452167987823486
97	2	还	7.384297847747803
97	3	没有	4.378834247589111
97	4	检查	12.361721992492676
97	5	一	5.7071614265441895
97	6	份	5.238455772399902
97	7	作业	14.122315406799316
97	8	。	2.728996515274048
98	1	我	5.452167987823486
98	2	还	7.384297847747803
98	3	没有	4.378834247589111
98	4	检查	12.361721992492676
98	5	一	5.7071614265441895
98	6	行	11.670659065246582
98	7	作业	16.713027954101562
98	8	。	1.913172960281372
99	1	我	5.452167987823486
99	2	还	7.384297847747803
99	3	没有	4.378834247589111
99	4	检查	12.361721992492676
99	5	一	5.7071614265441895
99	6	行	11.670659065246582
99	7	文字	16.435256958007812
99	8	。	3.34950590133667
100	1	我	5.452167987823486
100	2	还	7.384297847747803
100	3	没有	4.378834247589111
100	4	检查	12.361721992492676
100	5	一	5.7071614265441895
100	6	份	5.238455772399902
100	7	文字	13.68207836151123
100	8	。	4.533998966217041
101	1	孩子	14.66657543182373
101	2	听到	11.481125831604004
101	3	了	2.3712472915649414
101	4	一	6.826855182647705
101	5	首	11.853330612182617
101	6	歌曲	14.351112365722656
101	7	。	7.718633651733398
102	1	孩子	14.66657543182373
102	2	听到	11.481125831604004
102	3	了	2.3712472915649414
102	4	一	6.826855182647705
102	5	张	5.77311897277832
102	6	歌曲	13.659467697143555
102	7	。	7.434692859649658
103	1	孩子	14.66657543182373
103	2	听到	11.481125831604004
103	3	了	2.3712472915649414
103	4	一	6.826855182647705
103	5	张	5.77311897277832
103	6	专辑	9.859357833862305
103	7	。	6.72266960144043
104	1	孩子	14.66657543182373
104	2	听到	11.481125831604004
104	3	了	2.3712472915649414
104	4	一	6.826855182647705
104	5	首	11.853330612182617
104	6	专辑	14.014906883239746
104	7	。	7.2700300216674805
105	1	护士	17.79519271850586
105	2	做	12.846774101257324
105	3	了	2.2112860679626465
105	4	一	2.3210105895996094
105	5	次	7.6367506980896
105	6	检查	12.261087417602539
105	7	。	5.2754974365234375
106	1	护士	17.79519271850586
106	2	做	12.846774101257324
106	3	了	2.2112860679626465
106	4	一	2.3210105895996094
106	5	篇	5.182769775390625
106	6	检查	13.779289245605469
106	7	。	5.853937149047852
107	1	护士	17.79519271850586
107	2	做	12.846774101257324
107	3	了	2.2112860679626465
107	4	一	2.3210105895996094
107	5	篇	5.182769775390625
107	6	报告	10.146615028381348
107	7	。	5.410467147827148
108	1	护士	17.79519271850586
108	2	做	12.846774101257324
108	3	了	2.2112860679626465
108	4	一	2.3210105895996094
108	5	次	7.6367506980896
108	6	报告	11.091681480407715
108	7	。	4.949690341949463
109	1	这里	9.823874473571777
109	2	是	1.1308013200759888
109	3	两	8.029142379760742
109	4	台	9.443316459655762
109	5	电视	10.821650505065918
109	6	。	6.52815055847168
110	1	这里	9.823874473571777
110	2	是	1.1308013200759888
110	3	两	8.029142379760742
110	4	份	9.192306518554688
110	5	电视	11.293766021728516
110	6	。	7.311111927032471
111	1	这里	9.823874473571777
111	2	是	1.1308013200759888
111	3	两	8.029142379760742
111	4	份	9.192306518554688
111	5	合同	14.522961616516113
111	6	。	4.998124122619629
112	1	这里	9.823874473571777
112	2	是	1.1308013200759888
112	3	两	8.029142379760742
112	4	台	9.443316459655762
112	5	合同	14.72276496887207
112	6	。	6.377867221832275
113	1	他	5.726855754852295
113	2	很	7.842432975769043
113	3	欣赏	11.688210487365723
113	4	一	5.150653839111328
113	5	件	5.302335262298584
113	6	作品	11.309258460998535
113	7	。	4.572749137878418
114	1	他	5.726855754852295
114	2	很	7.842432975769043
114	3	欣赏	11.688210487365723
114	4	一	5.150653839111328
114	5	位	3.8371849060058594
114	6	作品	8.997018814086914
114	7	。	5.64278507232666
115	1	他	5.726855754852295
115	2	很	7.842432975769043
115	3	欣赏	11.688210487365723
115	4	一	5.150653839111328
115	5	位	3.8371849060058594
115	6	领导	11.319307327270508
115	7	。	6.919214725494385
116	1	他	5.726855754852295
116	2	很	7.842432975769043
116	3	欣赏	11.688210487365723
116	4	一	5.150653839111328
116	5	件	5.302335262298584
116	6	领导	13.343457221984863
116	7	。	6.765888214111328
117	1	那里	13.168111801147461
117	2	有	3.434528350830078
117	3	一	1.2080252170562744
117	4	支	7.124909400939941
117	5	舰队	14.673055648803711
117	6	。	9.349258422851562
118	1	那里	13.168111801147461
118	2	有	3.434528350830078
118	3	一	1.2080252170562744
118	4	艘	8.229514122009277
118	5	舰队	13.696852684020996
118	6	。	6.859969615936279
119	1	那里	13.168111801147461
119	2	有	3.434528350830078
119	3	一	1.2080252170562744
119	4	艘	8.229514122009277
119	5	渔船	11.11841106414795
119	6	。	12.06041431427002
120	1	那里	13.168111801147461
120	2	有	3.434528350830078
120	3	一	1.2080252170562744
120	4	支	7.124909400939941
120	5	渔船	13.313337326049805
120	6	。	10.81554889678955
