sentence_id	token_id	token	surprisal
1	1	他	5.726855754852295
1	2	喜欢	11.833595275878906
1	3	那	8.184242248535156
1	4	家	6.5562825202941895
1	5	认识	14.863709449768066
1	6	我	6.187244892120361
1	7	的	1.5998016595840454
1	8	老板	10.33546257019043
1	9	投资	16.625974655151367
1	10	的	5.432642459869385
1	11	饭店	13.688835144042969
1	12	。	5.160687446594238
2	1	他	5.726855754852295
2	2	喜欢	11.833595275878906
2	3	那	8.184242248535156
2	4	个	5.137637138366699
2	5	认识	12.932522773742676
2	6	我	5.322051048278809
2	7	的	1.5267343521118164
2	8	老板	11.33005142211914
2	9	投资	17.594770431518555
2	10	的	4.642798900604248
2	11	饭店	14.59952449798584
2	12	。	5.115413188934326
3	1	她	8.375974655151367
3	2	在	4.873105049133301
3	3	看	10.1476411819458
3	4	那	6.689178466796875
3	5	幅	9.858551979064941
3	6	帮助	13.14136791229248
3	7	过	8.00517463684082
3	8	我	4.393381118774414
3	9	的	1.4758464097976685
3	10	朋友	6.810111045837402
3	11	喜欢	13.62368392944336
3	12	的	5.775173187255859
3	13	画	15.183456420898438
3	14	。	5.25130558013916
4	1	她	8.375974655151367
4	2	在	4.873105049133301
4	3	看	10.1476411819458
4	4	那	6.689178466796875
4	5	个	4.914025783538818
4	6	帮助	13.667527198791504
4	7	过	8.634928703308105
4	8	我	3.888733148574829
4	9	的	1.5190818309783936
4	10	朋友	6.556886672973633
4	11	喜欢	14.390003204345703
4	12	的	6.127179145812988
4	13	画	15.496865272521973
4	14	。	4.728094577789307
5	1	我	5.452167987823486
5	2	欣赏	14.68117904663086
5	3	那	6.39137601852417
5	4	件	3.560744524002075
5	5	教	16.111377716064453
5	6	过	9.942022323608398
5	7	我	4.415715217590332
5	8	的	0.8966841697692871
5	9	老师	12.171217918395996
5	10	收藏	19.0333309173584
5	11	的	3.445389986038208
5	12	艺术品	16.563095092773438
5	13	。	3.296374797821045
6	1	我	5.452167987823486
6	2	欣赏	14.68117904663086
6	3	那	6.39137601852417
6	4	个	5.3493828773498535
6	5	教	15.13707447052002
6	6	过	10.167009353637695
6	7	我	4.077756881713867
6	8	的	0.7636787295341492
6	9	老师	11.031083106994629
6	10	收藏	18.52495765686035
6	11	的	2.769040107727051
6	12	艺术品	16.14461898803711
6	13	。	2.846043348312378
7	1	他	5.726855754852295
7	2	打	12.129278182983398
7	3	了	2.074660301208496
7	4	那	7.514527320861816
7	5	只	8.310834884643555
7	6	认识	11.763659477233887
7	7	我	7.395963668823242
7	8	的	2.5559985637664795
7	9	店长	19.19718360900879
7	10	喜欢	11.820384979248047
7	11	的	4.222878932952881
7	12	宠物	16.763442993164062
7	13	。	3.8644495010375977
8	1	他	5.726855754852295
8	2	打	12.129278182983398
8	3	了	2.074660301208496
8	4	那	7.514527320861816
8	5	个	3.962355136871338
8	6	认识	13.725088119506836
8	7	我	6.2938947677612305
8	8	的	2.3918521404266357
8	9	店长	19.433671951293945
8	10	喜欢	11.943588256835938
8	11	的	4.074588775634766
8	12	宠物	17.153024673461914
8	13	。	3.7728147506713867
9	1	我	5.452167987823486
9	2	在	5.525373935699463
9	3	思念	18.688770294189453
9	4	那	12.529922485351562
9	5	首	9.996095657348633
9	6	热爱	18.820358276367188
9	7	艺术	10.244044303894043
9	8	的	2.5286786556243896
9	9	明星	10.066924095153809
9	10	唱	15.32364559173584
9	11	的	3.4991304874420166
9	12	歌	8.956704139709473
9	13	。	3.953299045562744
10	1	我	5.452167987823486
10	2	在	5.525373935699463
10	3	思念	18.688770294189453
10	4	那	12.529922485351562
10	5	个	4.118635177612305
10	6	热爱	13.604300498962402
10	7	艺术	9.17438793182373
10	8	的	2.125465154647827
10	9	明星	10.191466331481934
10	10	唱	15.759981155395508
10	11	的	2.515122652053833
10	12	歌	9.161869049072266
10	13	。	4.524608612060547
11	1	她	8.375974655151367
11	2	拜访	14.895407676696777
11	3	了	4.824275970458984
11	4	那	6.70194149017334
11	5	所	8.716314315795898
11	6	学习	12.110315322875977
11	7	历史	11.320134162902832
11	8	的	0.7051035165786743
11	9	老人	12.667208671569824
11	10	去	10.659284591674805
11	11	的	5.40018367767334
11	12	学校	10.829978942871094
11	13	。	3.56813645362854
12	1	她	8.375974655151367
12	2	拜访	14.895407676696777
12	3	了	4.824275970458984
12	4	那	6.70194149017334
12	5	个	4.212595462799072
12	6	学习	16.31847381591797
12	7	历史	10.440449714660645
12	8	的	1.182851791381836
12	9	老人	12.678531646728516
12	10	去	10.138277053833008
12	11	的	6.093683242797852
12	12	学校	10.900753021240234
12	13	。	3.3667213916778564
13	1	他	5.726855754852295
13	2	检查	16.69233512878418
13	3	了	3.818380117416382
13	4	那	7.83911657333374
13	5	件	3.9339311122894287
13	6	帮助	13.260293960571289
13	7	过	9.846794128417969
13	8	我	5.103634834289551
13	9	的	1.6854536533355713
13	10	司机	15.410162925720215
13	11	带	15.307950019836426
13	12	的	8.164912223815918
13	13	行李	14.878801345825195
13	14	。	3.7121336460113525
14	1	他	5.726855754852295
14	2	检查	16.69233512878418
14	3	了	3.818380117416382
14	4	那	7.83911657333374
14	5	个	4.6761393547058105
14	6	帮助	12.565796852111816
14	7	过	9.773402214050293
14	8	我	4.753077983856201
14	9	的	1.636296272277832
14	10	司机	14.629980087280273
14	11	带	13.488003730773926
14	12	的	8.388650894165039
14	13	行李	14.702253341674805
14	14	。	2.781083345413208
15	1	我	5.452167987823486
15	2	听说	11.154688835144043
15	3	过	0.5331401824951172
15	4	那	5.433099269866943
15	5	本	5.145886421203613
15	6	学习	14.36426067352295
15	7	文学	13.86323356628418
15	8	的	1.7933365106582642
15	9	作家	9.713687896728516
15	10	写	9.56367015838623
15	11	的	3.293365240097046
15	12	书	5.262515068054199
15	13	。	5.760776042938232
16	1	我	5.452167987823486
16	2	听说	11.154688835144043
16	3	过	0.5331401824951172
16	4	那	5.433099269866943
16	5	个	4.4147162437438965
16	6	学习	15.886886596679688
16	7	文学	14.936002731323242
16	8	的	1.6389446258544922
16	9	作家	9.899468421936035
16	10	写	10.107267379760742
16	11	的	4.09359884262085
16	12	书	6.208892822265625
16	13	。	5.519372940063477
17	1	她	8.375974655151367
17	2	撞	18.07440757751465
17	3	了	2.409327268600464
17	4	那	7.645362854003906
17	5	辆	6.412354946136475
17	6	支持	16.481353759765625
17	7	环保	16.84615707397461
17	8	的	3.270965576171875
17	9	朋友	10.327009201049805
17	10	开	15.982654571533203
17	11	的	7.51248836517334
17	12	车	6.185273170471191
17	13	。	4.686871528625488
18	1	她	8.375974655151367
18	2	撞	18.07440757751465
18	3	了	2.409327268600464
18	4	那	7.645362854003906
18	5	个	3.8583486080169678
18	6	支持	14.510027885437012
18	7	环保	16.780864715576172
18	8	的	2.630730628967285
18	9	朋友	9.325279235839844
18	10	开	17.44440460205078
18	11	的	7.704104423522949
18	12	车	8.672991752624512
18	13	。	4.537023544311523
19	1	我们	6.797189235687256
19	2	认可	16.725679397583008
19	3	了	4.210546016693115
19	4	那	6.576947212219238
19	5	份	7.26579475402832
19	6	喜欢	17.002206802368164
19	7	书	12.59263801574707
19	8	的	3.4001524448394775
19	9	孩子	7.546580791473389
19	10	做	11.755276679992676
19	11	的	3.5665671825408936
19	12	作业	13.76988697052002
19	13	。	3.9926204681396484
20	1	我们	6.797189235687256
20	2	认可	16.725679397583008
20	3	了	4.210546016693115
20	4	那	6.576947212219238
20	5	个	3.971954345703125
20	6	喜欢	15.167559623718262
20	7	书	12.827384948730469
20	8	的	3.3610963821411133
20	9	孩子	5.790826320648193
20	10	做	11.544907569885254
20	11	的	3.3536148071289062
20	12	作业	13.799509048461914
20	13	。	3.002607822418213
21	1	他们	7.303771018981934
21	2	接受	10.88011360168457
21	3	了	2.7133078575134277
21	4	那	7.733354091644287
21	5	份	7.109487056732178
21	6	认识	13.563464164733887
21	7	我	7.427461624145508
21	8	的	1.0567214488983154
21	9	老板	12.402531623840332
21	10	制定	15.471693992614746
21	11	的	3.9497783184051514
21	12	合同	14.884429931640625
21	13	。	3.573929786682129
22	1	他们	7.303771018981934
22	2	接受	10.88011360168457
22	3	了	2.7133078575134277
22	4	那	7.733354091644287
22	5	个	4.501807689666748
22	6	认识	12.328536033630371
22	7	我	6.714867115020752
22	8	的	1.0667928457260132
22	9	老板	12.16782283782959
22	10	制定	15.751875877380371
22	11	的	3.7893567085266113
22	12	合同	15.122802734375
22	13	。	2.8396248817443848
23	1	他	5.726855754852295
23	2	离开	11.675847053527832
23	3	了	1.3603911399841309
23	4	那	7.009030342102051
23	5	间	11.389973640441895
23	6	帮助	12.556249618530273
23	7	过	9.85729694366455
23	8	我	4.451629638671875
23	9	的	1.5350977182388306
23	10	朋友	6.805080890655518
23	11	开	17.0025634765625
23	12	的	7.780309200286865
23	13	工厂	15.183806419372559
23	14	。	4.237537384033203
24	1	他	5.726855754852295
24	2	离开	11.675847053527832
24	3	了	1.3603911399841309
24	4	那	7.009030342102051
24	5	个	4.182655334472656
24	6	帮助	13.084000587463379
24	7	过	11.337450981140137
24	8	我	4.201572418212891
24	9	的	1.523410439491272
24	10	朋友	6.018545150756836
24	11	开	17.359094619750977
24	12	的	7.496638298034668
24	13	工厂	14.984966278076172
24	14	。	4.085416793823242
25	1	她	8.375974655151367
25	2	找	13.158355712890625
25	3	了	1.4901864528656006
25	4	那	6.139388561248779
25	5	张	6.024907112121582
25	6	喜欢	13.007124900817871
25	7	艺术	14.61263370513916
25	8	的	3.0025219917297363
25	9	孩子	6.315669059753418
25	10	照	17.566160202026367
25	11	的	5.369419574737549
25	12	照片	10.124829292297363
25	13	。	3.749882459640503
26	1	她	8.375974655151367
26	2	找	13.158355712890625
26	3	了	1.4901864528656006
26	4	那	6.139388561248779
26	5	个	4.166700839996338
26	6	喜欢	13.843330383300781
26	7	艺术	13.965885162353516
26	8	的	2.748875141143799
26	9	孩子	5.836211681365967
26	10	照	17.466054916381836
26	11	的	5.0697832107543945
26	12	照片	10.422968864440918
26	13	。	3.513697624206543
27	1	我	5.452167987823486
27	2	需要	8.4057035446167
27	3	那	10.41181468963623
27	4	台	14.68649959564209
27	5	教	13.632211685180664
27	6	过	8.503849983215332
27	7	我	4.477566719055176
27	8	的	1.206874132156372
27	9	老师	11.444207191467285
27	10	用	12.3275785446167
27	11	的	5.035403728485107
27	12	手机	11.794968605041504
27	13	。	5.3154215812683105
28	1	我	5.452167987823486
28	2	需要	8.4057035446167
28	3	那	10.41181468963623
28	4	个	5.1002373695373535
28	5	教	14.597305297851562
28	6	过	10.321914672851562
28	7	我	4.451958656311035
28	8	的	1.0286555290222168
28	9	老师	11.594452857971191
28	10	用	11.679903984069824
28	11	的	4.388679504394531
28	12	手机	12.19615650177002
28	13	。	5.173362731933594
29	1	他	5.726855754852295
29	2	在	4.746715068817139
29	3	画	14.281174659729004
29	4	那	10.579777717590332
29	5	朵	16.605669021606445
29	6	关心	16.490840911865234
29	7	他	6.345162391662598
29	8	的	0.6676498651504517
29	9	邻居	11.027937889099121
29	10	种	17.45591163635254
29	11	的	13.607377052307129
29	12	花	14.27262020111084
29	13	。	9.177999496459961
30	1	他	5.726855754852295
30	2	在	4.746715068817139
30	3	画	14.281174659729004
30	4	那	10.579777717590332
30	5	个	3.4861392974853516
30	6	关心	13.846303939819336
30	7	他	8.816174507141113
30	8	的	1.0976157188415527
30	9	邻居	11.453539848327637
30	10	种	17.303394317626953
30	11	的	12.940637588500977
30	12	花	14.104498863220215
30	13	。	8.936357498168945
31	1	她	8.375974655151367
31	2	在	4.873105049133301
31	3	介绍	13.115299224853516
31	4	那	8.77132511138916
31	5	台	13.535534858703613
31	6	鼓励	16.015792846679688
31	7	她	5.781435966491699
31	8	的	1.9618868827819824
31	9	科学家	13.614691734313965
31	10	做	9.164112091064453
31	11	的	4.044978618621826
31	12	电视	9.727712631225586
31	13	。	5.49735164642334
32	1	她	8.375974655151367
32	2	在	4.873105049133301
32	3	介绍	13.115299224853516
32	4	那	8.77132511138916
32	5	个	4.667591571807861
32	6	鼓励	15.119057655334473
32	7	她	4.696741104125977
32	8	的	1.7578498125076294
32	9	科学家	13.300103187561035
32	10	做	8.322098731994629
32	11	的	2.858065605163574
32	12	电视	10.056757926940918
32	13	。	5.526862144470215
33	1	我	5.452167987823486
33	2	见	11.505616188049316
33	3	过	0.5803051590919495
33	4	那	6.22477388381958
33	5	栋	8.152058601379395
33	6	认识	15.093832969665527
33	7	父亲	12.318618774414062
33	8	的	1.8074915409088135
33	9	男人	8.122969627380371
33	10	买	12.890898704528809
33	11	的	4.605255603790283
33	12	房子	7.342142105102539
33	13	。	2.844067096710205
34	1	我	5.452167987823486
34	2	见	11.505616188049316
34	3	过	0.5803051590919495
34	4	那	6.22477388381958
34	5	个	4.662230968475342
34	6	认识	12.118512153625488
34	7	父亲	11.637907981872559
34	8	的	1.7345471382141113
34	9	男人	7.7322998046875
34	10	买	13.515533447265625
34	11	的	4.228973388671875
34	12	房子	7.645736217498779
34	13	。	2.9225025177001953
35	1	我	5.452167987823486
35	2	拒绝	12.052135467529297
35	3	了	5.632664680480957
35	4	那	5.3064961433410645
35	5	条	6.4647040367126465
35	6	关心	13.414551734924316
35	7	我	6.203060626983643
35	8	的	0.8876990079879761
35	9	朋友	7.101490497589111
35	10	给	11.906218528747559
35	11	的	9.237699508666992
35	12	建议	10.498794555664062
35	13	。	6.319831371307373
36	1	我	5.452167987823486
36	2	拒绝	12.052135467529297
36	3	了	5.632664680480957
36	4	那	5.3064961433410645
36	5	个	4.720273494720459
36	6	关心	11.597311019897461
36	7	我	7.012508392333984
36	8	的	0.973889946937561
36	9	朋友	5.97016716003418
36	10	给	11.508323669433594
36	11	的	9.281790733337402
36	12	建议	10.614140510559082
36	13	。	5.889645576477051
37	1	他	5.726855754852295
37	2	在	4.746715068817139
37	3	看	10.764183044433594
37	4	那	7.583514213562012
37	5	支	9.831121444702148
37	6	我	7.955986022949219
37	7	教	13.057438850402832
37	8	数学	16.151094436645508
37	9	的	1.9498478174209595
37	10	老师	10.014986038208008
37	11	用	10.168089866638184
37	12	的	5.673388481140137
37	13	笔	13.842451095581055
37	14	。	9.225269317626953
38	1	他	5.726855754852295
38	2	在	4.746715068817139
38	3	看	10.764183044433594
38	4	那	7.583514213562012
38	5	个	4.98159646987915
38	6	我	9.24219799041748
38	7	教	13.275128364562988
38	8	数学	16.165538787841797
38	9	的	2.1904566287994385
38	10	老师	10.720670700073242
38	11	用	9.866716384887695
38	12	的	5.661378860473633
38	13	笔	13.262328147888184
38	14	。	8.735738754272461
39	1	她	8.375974655151367
39	2	在	4.873105049133301
39	3	找	12.578521728515625
39	4	那	7.382465362548828
39	5	只	9.1873779296875
39	6	撞	15.398382186889648
39	7	了	3.710814952850342
39	8	我	6.104990005493164
39	9	的	1.45375657081604
39	10	女人	8.328750610351562
39	11	丢	14.950350761413574
39	12	的	5.651834487915039
39	13	鞋子	15.710450172424316
39	14	。	4.107220649719238
40	1	她	8.375974655151367
40	2	在	4.873105049133301
40	3	找	12.578521728515625
40	4	那	7.382465362548828
40	5	个	3.7889387607574463
40	6	撞	16.70859718322754
40	7	了	4.372695446014404
40	8	我	6.553793907165527
40	9	的	1.4337142705917358
40	10	女人	7.7347822189331055
40	11	丢	15.351892471313477
40	12	的	5.237122058868408
40	13	鞋子	15.709177017211914
40	14	。	4.367005348205566
41	1	我	5.452167987823486
41	2	讨厌	13.644159317016602
41	3	那	5.360300540924072
41	4	条	7.1825761795043945
41	5	打扰	17.434553146362305
41	6	了	4.825343132019043
41	7	我	5.164887428283691
41	8	的	1.477936863899231
41	9	邻居	10.435863494873047
41	10	养	17.84546661376953
41	11	的	5.503828048706055
41	12	狗	11.938380241394043
41	13	。	3.1412394046783447
42	1	我	5.452167987823486
42	2	讨厌	13.644159317016602
42	3	那	5.360300540924072
42	4	个	5.128623962402344
42	5	打扰	17.241025924682617
42	6	了	5.396060943603516
42	7	我	5.548568248748779
42	8	的	1.749342441558838
42	9	邻居	10.592819213867188
42	10	养	17.275728225708008
42	11	的	5.808229446411133
42	12	狗	12.111456871032715
42	13	。	3.1811411380767822
43	1	他	5.726855754852295
43	2	发现	8.688857078552246
43	3	了	5.005725383758545
43	4	那	7.801142692565918
43	5	座	7.534421443939209
43	6	写	15.805801391601562
43	7	过	5.387619495391846
43	8	书	9.428789138793945
43	9	的	2.831348180770874
43	10	老人	11.852096557617188
43	11	修	17.81125831604004
43	12	的	5.118414402008057
43	13	桥	12.163003921508789
43	14	。	4.370637893676758
44	1	他	5.726855754852295
44	2	发现	8.688857078552246
44	3	了	5.005725383758545
44	4	那	7.801142692565918
44	5	个	3.900681257247925
44	6	写	14.495747566223145
44	7	过	4.596417427062988
44	8	书	8.034131050109863
44	9	的	3.216003179550171
44	10	老人	12.004476547241211
44	11	修	17.84998321533203
44	12	的	5.113671779632568
44	13	桥	12.595682144165039
44	14	。	4.5146613121032715
45	1	她	8.375974655151367
45	2	评价	14.444140434265137
45	3	了	0.8716686964035034
45	4	那	6.0960211753845215
45	5	篇	5.181433200836182
45	6	获	17.926376342773438
45	7	奖	15.414972305297852
45	8	的	0.8061286807060242
45	9	学生	10.910733222961426
45	10	准备	12.09994125366211
45	11	的	5.558965682983398
45	12	报告	8.187383651733398
45	13	。	3.839679718017578
46	1	她	8.375974655151367
46	2	评价	14.444140434265137
46	3	了	0.8716686964035034
46	4	那	6.0960211753845215
46	5	个	3.9491467475891113
46	6	获	17.354755401611328
46	7	奖	14.826956748962402
46	8	的	0.42737051844596863
46	9	学生	9.597380638122559
46	10	准备	11.863445281982422
46	11	的	5.051305770874023
46	12	报告	8.836955070495605
46	13	。	3.39971923828125
47	1	我	5.452167987823486
47	2	在	5.525373935699463
47	3	等	11.39061164855957
47	4	那	6.3982977867126465
47	5	封	11.817392349243164
47	6	依赖	17.38496971130371
47	7	我	4.1003289222717285
47	8	的	1.0504162311553955
47	9	朋友	7.021358013153076
47	10	写	9.527688980102539
47	11	的	4.665867805480957
47	12	信	11.945599555969238
47	13	。	3.7773258686065674
48	1	我	5.452167987823486
48	2	在	5.525373935699463
48	3	等	11.39061164855957
48	4	那	6.3982977867126465
48	5	个	3.809332847595215
48	6	依赖	17.558380126953125
48	7	我	4.977823734283447
48	8	的	1.0355206727981567
48	9	朋友	6.9421000480651855
48	10	写	9.77320384979248
48	11	的	4.464533805847168
48	12	信	12.316632270812988
48	13	。	4.08842658996582
49	1	他	5.726855754852295
49	2	提到	10.711677551269531
49	3	了	3.4825217723846436
49	4	那	6.708708763122559
49	5	堂	17.825607299804688
49	6	教	15.227346420288086
49	7	过	10.083904266357422
49	8	我	5.095553398132324
49	9	的	1.4459283351898193
49	10	老师	8.854090690612793
49	11	教	14.457794189453125
49	12	的	8.437803268432617
49	13	课	9.656764030456543
49	14	。	4.601980209350586
50	1	他	5.726855754852295
50	2	提到	10.711677551269531
50	3	了	3.4825217723846436
50	4	那	6.708708763122559
50	5	个	4.134200572967529
50	6	教	15.566243171691895
50	7	过	11.681222915649414
50	8	我	4.124139308929443
50	9	的	1.4783390760421753
50	10	老师	9.93932819366455
50	11	教	15.105484962463379
50	12	的	7.9374284744262695
50	13	课	9.702471733093262
50	14	。	5.708714485168457
51	1	她	8.375974655151367
51	2	推荐	15.627837181091309
51	3	了	5.319310665130615
51	4	那	6.7748494148254395
51	5	块	9.2746000289917
51	6	喜欢	13.744681358337402
51	7	音乐	11.98758316040039
51	8	的	1.2102129459381104
51	9	医生	9.262176513671875
51	10	喜欢	16.669076919555664
51	11	的	4.979907989501953
51	12	手表	16.391826629638672
51	13	。	3.5212037563323975
52	1	她	8.375974655151367
52	2	推荐	15.627837181091309
52	3	了	5.319310665130615
52	4	那	6.7748494148254395
52	5	个	4.349993705749512
52	6	喜欢	13.554194450378418
52	7	音乐	12.853261947631836
52	8	的	0.8002070784568787
52	9	医生	9.380013465881348
52	10	喜欢	16.62685203552246
52	11	的	4.45435094833374
52	12	手表	16.364269256591797
52	13	。	4.055181503295898
53	1	我	5.452167987823486
53	2	选择	11.590357780456543
53	3	了	2.289210081100464
53	4	那	4.905947685241699
53	5	篇	5.8433098793029785
53	6	获	18.287534713745117
53	7	奖	14.805869102478027
53	8	的	0.9366530776023865
53	9	学生	11.080377578735352
53	10	写	9.554874420166016
53	11	的	4.176348686218262
53	12	论文	12.519070625305176
53	13	。	5.9991326332092285
54	1	我	5.452167987823486
54	2	选择	11.590357780456543
54	3	了	2.289210081100464
54	4	那	4.905947685241699
54	5	个	4.462197780609131
54	6	获	17.42070770263672
54	7	奖	14.727560997009277
54	8	的	0.3980591595172882
54	9	学生	10.30231761932373
54	10	写	10.678383827209473
54	11	的	3.723609447479248
54	12	论文	12.373510360717773
54	13	。	5.6516571044921875
55	1	她	8.375974655151367
55	2	喜欢	10.823382377624512
55	3	那	7.756369113922119
55	4	场	6.81396484375
55	5	参加	13.221808433532715
55	6	过	5.876376628875732
55	7	比赛	13.480154991149902
55	8	的	1.4048278331756592
55	9	演员	11.842009544372559
55	10	准备	14.60938835144043
55	11	的	6.50879430770874
55	12	表演	10.284346580505371
55	13	。	4.592836380004883
56	1	她	8.375974655151367
56	2	喜欢	10.823382377624512
56	3	那	7.756369113922119
56	4	个	4.96630334854126
56	5	参加	14.408577919006348
56	6	过	5.758825302124023
56	7	比赛	14.156730651855469
56	8	的	1.320818543434143
56	9	演员	11.576719284057617
56	10	准备	14.747047424316406
56	11	的	6.6369781494140625
56	12	表演	10.450456619262695
56	13	。	4.414018630981445
57	1	他	5.726855754852295
57	2	称赞	17.296606063842773
57	3	了	8.625731468200684
57	4	那	10.01608943939209
57	5	间	11.70572280883789
57	6	救	16.29401969909668
57	7	过	8.695566177368164
57	8	我	5.895534992218018
57	9	的	1.0910823345184326
57	10	警察	13.063962936401367
57	11	工作	11.753138542175293
57	12	的	6.759037017822266
57	13	办公室	10.83786678314209
57	14	。	2.452953577041626
58	1	他	5.726855754852295
58	2	称赞	17.296606063842773
58	3	了	8.625731468200684
58	4	那	10.01608943939209
58	5	个	3.4237518310546875
58	6	救	16.124391555786133
58	7	过	8.911901473999023
58	8	我	5.514300346374512
58	9	的	0.908731997013092
58	10	警察	13.119660377502441
58	11	工作	12.26878833770752
58	12	的	6.151787757873535
58	13	办公室	10.592373847961426
58	14	。	2.682274341583252
59	1	我	5.452167987823486
59	2	听说	11.154688835144043
59	3	过	0.5331401824951172
59	4	那	5.433099269866943
59	5	首	10.135062217712402
59	6	打	15.72861099243164
59	7	游戏	14.060378074645996
59	8	的	4.962340354919434
59	9	孩子	6.148165225982666
59	10	写	9.828899383544922
59	11	的	5.3739423751831055
59	12	诗	12.634712219238281
59	13	。	5.521678447723389
60	1	我	5.452167987823486
60	2	听说	11.154688835144043
60	3	过	0.5331401824951172
60	4	那	5.433099269866943
60	5	个	4.4147162437438965
60	6	打	11.904894828796387
60	7	游戏	13.680270195007324
60	8	的	4.905067443847656
60	9	孩子	5.1738762855529785
60	10	写	11.38302230834961
60	11	的	5.251479625701904
60	12	诗	12.73365306854248
60	13	。	5.699810981750488
61	1	我	5.452167987823486
61	2	选择	11.590357780456543
61	3	了	2.289210081100464
61	4	那	4.905947685241699
61	5	家	7.53497314453125
61	6	依赖	15.960653305053711
61	7	我	3.991210699081421
61	8	的	0.796744167804718
61	9	朋友	6.643043518066406
61	10	去	9.624581336975098
61	11	的	7.396018981933594
61	12	银行	11.4609375
61	13	。	2.1263744831085205
62	1	我	5.452167987823486
62	2	选择	11.590357780456543
62	3	了	2.289210081100464
62	4	那	4.905947685241699
62	5	个	4.462197780609131
62	6	依赖	16.491939544677734
62	7	我	4.892324924468994
62	8	的	0.8001231551170349
62	9	朋友	7.058423042297363
62	10	去	9.281022071838379
62	11	的	7.114559173583984
62	12	银行	12.461215019226074
62	13	。	2.683490753173828
